/*--------------------------------*- C++ -*----------------------------------*\
| =========                 |                                                 |
| \\      /  F ield         | OpenFOAM: The Open Source CFD Toolbox           |
|  \\    /   O peration     | Version:  v1706                                 |
|   \\  /    A nd           | Web:      www.OpenFOAM.com                      |
|    \\/     M anipulation  |                                                 |
\*---------------------------------------------------------------------------*/
FoamFile
{
    version     2.0;
    format      ascii;
    class       volVectorField;
    location    "0.0014";
    object      wallShearStress;
}
// * * * * * * * * * * * * * * * * * * * * * * * * * * * * * * * * * * * * * //

dimensions      [1 -1 -2 0 0 0 0];


internalField   uniform (0 0 0);

boundaryField
{
    inlet
    {
        type            calculated;
        value           uniform (0 0 0);
    }
    object
    {
        type            calculated;
        value           nonuniform List<vector> 
400
(
(-0.3834456263 -0.1896861967 -8.761044048e-15)
(-0.363562514 -0.3104418052 -2.512862614e-14)
(-0.3660262065 -0.4807470567 -3.603874976e-14)
(-0.3679506082 -0.6589613913 -2.121454158e-14)
(-0.3704030854 -0.8396821927 -1.828837686e-14)
(-0.3734644168 -1.02146324 3.819935161e-15)
(-0.3771394131 -1.203740544 1.202005656e-14)
(-0.381424105 -1.386236022 9.474002949e-15)
(-0.3863140207 -1.568787082 1.691248846e-14)
(-0.3918054326 -1.751285179 1.161780001e-14)
(-0.3978954368 -1.933650126 9.349135816e-15)
(-0.40458182 -2.115818145 2.787796111e-15)
(-0.4118629115 -2.297735916 -6.946162696e-16)
(-0.4197374545 -2.479357407 9.645678977e-17)
(-0.4282045035 -2.660642137 -6.86149908e-16)
(-0.4372633421 -2.841554168 -9.562962395e-16)
(-0.4469134225 -3.022061537 -5.768543909e-15)
(-0.4571543114 -3.202135831 -1.62227494e-14)
(-0.4679856543 -3.381752009 -2.05855171e-14)
(-0.4794071405 -3.560888155 -2.056170537e-14)
(-0.4914184813 -3.739525389 -2.570166156e-14)
(-0.5040193888 -3.917647702 -2.473237341e-14)
(-0.5172095624 -4.095241844 -1.460757956e-14)
(-0.5309886778 -4.272297208 -7.17592121e-15)
(-0.5453563774 -4.448805684 -2.59545778e-15)
(-0.560312265 -4.62476152 -3.408994294e-16)
(-0.5758559021 -4.800161201 3.781967298e-17)
(-0.5919868074 -4.975003301 -5.700587367e-18)
(-0.6087044484 -5.149288279 1.849909052e-16)
(-0.6260082521 -5.323018405 -1.098106207e-15)
(-0.6438975961 -5.496197544 7.851140018e-17)
(-0.6623718121 -5.668831005 1.188615672e-15)
(-0.6814301896 -5.84092541 6.06395917e-16)
(-0.7010719711 -6.012488496 -4.108719297e-16)
(-0.7212963584 -6.183529002 -1.188170546e-15)
(-0.7421025089 -6.35405648 -3.751363345e-16)
(-0.7634895381 -6.524081177 -1.042681623e-17)
(-0.7854565163 -6.69361385 1.682177585e-16)
(-0.8080024747 -6.862665704 3.417399843e-16)
(-0.8311263945 -7.031248146 1.737169499e-15)
(-0.8548272107 -7.199372741 2.830406627e-17)
(-0.8791038132 -7.367051095 1.13782678e-16)
(-0.903955037 -7.534294679 5.208799744e-17)
(-0.9293796622 -7.701114732 5.096403113e-17)
(-0.9553764174 -7.867522234 1.385426924e-15)
(-0.9819439614 -8.033527676 6.889567044e-16)
(-1.009080899 -8.199141122 3.112107035e-16)
(-1.03678576 -8.364371986 5.303306339e-16)
(-1.06505701 -8.529229084 -4.347441632e-16)
(-1.093893038 -8.693720479 4.052510776e-17)
(-1.123292159 -8.857853432 4.214649784e-17)
(-1.153252615 -9.021634478 3.615789769e-16)
(-1.183772565 -9.185069174 5.491530211e-16)
(-1.214850067 -9.348162059 5.390375768e-16)
(-1.246483172 -9.510917319 2.534601838e-15)
(-1.278669745 -9.673337333 3.145581685e-16)
(-1.311407673 -9.835424342 -2.21726148e-17)
(-1.344694689 -9.997179127 -1.364113551e-15)
(-1.37852853 -10.15860207 -1.150553782e-15)
(-1.412906749 -10.31969187 -1.143899633e-16)
(-1.447827001 -10.48044748 2.320930232e-17)
(-1.483286715 -10.64086588 6.353053885e-17)
(-1.519283364 -10.80094397 1.20661093e-16)
(-1.555814339 -10.96067772 -2.483318663e-16)
(-1.592876971 -11.12006245 1.229652236e-17)
(-1.6304686 -11.27909303 -2.776232057e-16)
(-1.668586481 -11.43776346 -8.956269279e-16)
(-1.707227929 -11.59606779 -3.095266872e-16)
(-1.746390143 -11.75399894 8.963451426e-18)
(-1.786070321 -11.91154975 -2.458450021e-18)
(-1.826265785 -12.06871363 -2.433270247e-16)
(-1.866973688 -12.22548253 -1.964635181e-16)
(-1.908191282 -12.38184908 -4.742725564e-17)
(-1.949915855 -12.5378058 -2.554467992e-16)
(-1.992144639 -12.69334487 1.035460743e-16)
(-2.034874934 -12.84845876 -2.704668368e-16)
(-2.078104095 -13.00314026 5.272541131e-16)
(-2.121829382 -13.15738166 -9.38971393e-17)
(-2.166048268 -13.31117657 2.043211346e-16)
(-2.210758141 -13.46451804 7.388193448e-17)
(-2.25595641 -13.61739943 7.504380883e-16)
(-2.301640655 -13.76981504 3.651069904e-16)
(-2.347808298 -13.92175864 4.043936768e-16)
(-2.394456974 -14.07322523 2.443207689e-17)
(-2.441584245 -14.22420954 8.442717694e-17)
(-2.489187761 -14.37470705 6.149531176e-16)
(-2.537265152 -14.52471334 1.150127329e-16)
(-2.585814177 -14.67422479 -5.968976575e-17)
(-2.634832531 -14.82323791 -1.418464805e-16)
(-2.684317914 -14.97174913 -5.826084869e-17)
(-2.734268209 -15.11975629 1.831012539e-16)
(-2.784681069 -15.26725616 -1.45793703e-16)
(-2.835554462 -15.41424737 6.280629661e-17)
(-2.886886047 -15.56072718 -3.34624661e-17)
(-2.938673693 -15.70669418 -6.64071392e-16)
(-2.99091528 -15.85214718 1.286902509e-16)
(-3.043608605 -15.9970848 -2.657832769e-16)
(-3.096751391 -16.14150541 1.331398245e-16)
(-3.150341582 -16.28540873 2.135073811e-16)
(-3.204376754 -16.42879284 -2.807373948e-16)
(-3.258854858 -16.57165775 9.675623505e-18)
(-3.313773564 -16.71400238 -1.128588102e-16)
(-3.369130536 -16.85582563 3.491862793e-17)
(-3.424923382 -16.99712632 2.281131162e-17)
(-3.481149832 -17.1379042 -3.428407716e-16)
(-3.537807458 -17.27815801 -4.867646762e-17)
(-3.594893639 -17.41788607 -3.804583848e-17)
(-3.652406017 -17.55708773 -1.67969597e-16)
(-3.710341831 -17.69576102 4.620708768e-16)
(-3.768698641 -17.83390501 3.541445379e-16)
(-3.827473556 -17.97151727 4.54557025e-16)
(-3.886663777 -18.10859561 8.553005999e-16)
(-3.946266705 -18.24513892 1.973607118e-16)
(-4.006279114 -18.38114347 -3.739161068e-16)
(-4.066697996 -18.51660657 -4.272674067e-16)
(-4.127520434 -18.65152603 -6.974868068e-16)
(-4.18874321 -18.78589847 -1.51718134e-15)
(-4.250363017 -18.91972007 -3.45443429e-16)
(-4.312376583 -19.0529873 9.136414923e-16)
(-4.374780342 -19.1856957 2.20367283e-16)
(-4.437570917 -19.31784137 1.452478519e-16)
(-4.50074463 -19.44941965 8.480438982e-17)
(-4.564297763 -19.58042548 1.663733269e-16)
(-4.628226401 -19.71085325 1.799856163e-16)
(-4.692526857 -19.84069844 3.611101814e-16)
(-4.757195033 -19.96995492 6.489773741e-17)
(-4.822226851 -20.09861681 -9.055445313e-17)
(-4.887618003 -20.22667725 -1.034690043e-15)
(-4.953364388 -20.35413067 -6.7942726e-16)
(-5.01946132 -20.48096911 5.017211849e-17)
(-5.085904548 -20.60718661 -2.555992035e-17)
(-5.152689301 -20.7327752 6.358462301e-17)
(-5.21981087 -20.85772744 2.259032005e-16)
(-5.287264427 -20.98203543 1.257652519e-16)
(-5.355044964 -21.10569114 -1.570203386e-17)
(-5.423147464 -21.2286863 1.991021861e-16)
(-5.491566806 -21.3510126 -2.02482824e-17)
(-5.560297539 -21.47266069 -1.661329269e-16)
(-5.629334167 -21.59362137 3.577219628e-17)
(-5.698671448 -21.71388638 -1.8582009e-16)
(-5.768303311 -21.833445 2.192916341e-16)
(-5.838224075 -21.95228786 2.066268163e-16)
(-5.908427847 -22.07040522 -4.905848392e-17)
(-5.978908446 -22.18778668 1.631858529e-17)
(-6.049659896 -22.30442228 -2.36768502e-16)
(-6.120675234 -22.42029976 -4.663616013e-17)
(-6.191948454 -22.53540962 5.398728071e-17)
(-6.263472738 -22.64974049 8.869187481e-17)
(-6.335241106 -22.76328043 8.708895084e-17)
(-6.40724664 -22.87601796 -5.648422802e-17)
(-6.479482058 -22.98794085 1.199950234e-16)
(-6.551940122 -23.09903718 -3.140010692e-17)
(-6.624613144 -23.20929421 -2.672358972e-16)
(-6.697493263 -23.31869861 -1.441035078e-16)
(-6.770572817 -23.42723817 -3.838992833e-16)
(-6.843843374 -23.53489875 -6.890096141e-17)
(-6.917296597 -23.64166641 -3.548427471e-17)
(-6.990923593 -23.74752645 -3.880372944e-16)
(-7.064715854 -23.85246532 -9.230167494e-17)
(-7.138663972 -23.9564673 4.708296364e-19)
(-7.212758567 -24.05951698 9.717444649e-17)
(-7.286989502 -24.16159729 3.878282822e-16)
(-7.361347015 -24.2626927 1.535359921e-16)
(-7.435820672 -24.36278607 3.772980869e-18)
(-7.510399384 -24.46185885 4.354758875e-16)
(-7.585072274 -24.55989336 1.28536225e-16)
(-7.659827382 -24.65686987 2.071375251e-16)
(-7.734652499 -24.75276781 5.353082919e-16)
(-7.809535452 -24.84756791 6.6658193e-16)
(-7.884462723 -24.94124727 8.687550551e-16)
(-7.959420526 -25.03378287 8.24448653e-16)
(-8.03439409 -25.12515007 5.712298226e-16)
(-8.109369056 -25.21532586 5.052096919e-16)
(-8.184329108 -25.30428259 1.397398229e-16)
(-8.259257295 -25.39199187 1.035988433e-16)
(-8.334136157 -25.47842441 -5.890896111e-17)
(-8.408946577 -25.56354823 -2.862695978e-16)
(-8.483668504 -25.64732943 -2.554109074e-16)
(-8.558280761 -25.72973273 -5.220167226e-17)
(-8.632760202 -25.81071887 3.350978268e-17)
(-8.707081949 -25.89024571 7.793831555e-17)
(-8.781218971 -25.96826739 1.325425193e-17)
(-8.855142874 -26.04473665 -7.120341283e-17)
(-8.928821211 -26.11959831 8.725351867e-17)
(-9.002218874 -26.19279323 1.350169049e-16)
(-9.075296689 -26.2642554 4.203362616e-16)
(-9.14801097 -26.33391206 2.554831843e-16)
(-9.220312137 -26.40168069 1.5026247e-16)
(-9.292143109 -26.46746715 6.197939197e-17)
(-9.363438667 -26.53116578 -1.435459304e-16)
(-9.434121003 -26.59265168 -4.327398742e-16)
(-9.504097561 -26.65177975 -1.220373388e-16)
(-9.57325494 -26.70837642 -1.752840435e-17)
(-9.641451641 -26.76223319 -2.523178602e-16)
(-9.708503061 -26.81309042 -6.839913907e-17)
(-9.77415689 -26.86062322 -3.394824068e-17)
(-9.838031736 -26.90442633 -1.026806016e-16)
(-9.899422878 -26.94402053 7.893522692e-17)
(-9.956601002 -26.97899089 1.638154955e-16)
(-10.00495895 -27.00897945 3.605998321e-16)
(-10.04592065 -27.04221771 -1.053137907e-16)
(-10.08206213 -27.08846422 -4.814161126e-17)
(-10.11516828 -27.14892704 2.513419804e-17)
(-10.14666413 -27.21845686 9.582533506e-17)
(-10.17789077 -27.29374365 -5.422104426e-17)
(-10.20946573 -27.37311973 1.542843424e-17)
(-10.24163175 -27.45571302 6.027879518e-16)
(-10.2744675 -27.54103348 1.262056747e-15)
(-10.30798597 -27.6287776 1.643057056e-15)
(-10.34217919 -27.71874445 1.155691499e-15)
(-10.3770333 -27.81079011 5.795401484e-16)
(-10.41253532 -27.90480899 3.141558254e-16)
(-10.44867415 -28.00072062 7.853825175e-17)
(-10.48544238 -28.09846644 3.969584305e-17)
(-10.52283431 -28.19800081 1.569593696e-16)
(-10.56084645 -28.29929041 1.732406457e-16)
(-10.59947756 -28.40231189 3.238713362e-17)
(-10.63872784 -28.50704934 1.437936945e-16)
(-10.67859861 -28.61349248 3.04227137e-16)
(-10.71909273 -28.72163748 3.455281743e-16)
(-10.76021472 -28.83148617 1.065344318e-16)
(-10.80196941 -28.94304268 1.361138015e-16)
(-10.84436334 -29.05631661 7.142737703e-17)
(-10.88740282 -29.17131825 1.318081183e-16)
(-10.93109664 -29.28806467 3.053683367e-16)
(-10.97545353 -29.40657341 2.416986031e-16)
(-11.02048292 -29.52686445 -8.539623241e-17)
(-11.06619502 -29.64896033 -3.463969723e-16)
(-11.11260169 -29.77288806 -1.11856749e-16)
(-11.15971446 -29.89867387 -2.738461573e-17)
(-11.20754606 -30.02634788 5.228519402e-17)
(-11.2561104 -30.15594297 -3.503988037e-17)
(-11.30542147 -30.28749239 -3.941334274e-17)
(-11.35549471 -30.42103342 -3.076482055e-16)
(-11.40634531 -30.55660289 -1.310219002e-16)
(-11.4579907 -30.69424325 -2.639169179e-17)
(-11.51044826 -30.83399687 1.911211999e-16)
(-11.56373651 -30.97590904 5.793089612e-17)
(-11.61787414 -31.12002581 2.177498367e-16)
(-11.67288212 -31.26639879 -1.915818718e-16)
(-11.7287821 -31.41508107 -6.859653002e-17)
(-11.78559534 -31.56612538 5.450894731e-17)
(-11.8433458 -31.71959065 3.07671245e-18)
(-11.90205806 -31.87553746 3.246472701e-16)
(-11.96175797 -32.0340296 2.167318493e-16)
(-12.02247224 -32.19513275 -7.617628791e-17)
(-12.08422849 -32.35891554 -3.482139513e-17)
(-12.14705781 -32.52545394 -1.283991446e-16)
(-12.21099098 -32.69482434 -7.243904181e-17)
(-12.27606029 -32.86710597 6.742802229e-17)
(-12.34230166 -33.04238648 -1.615543327e-17)
(-12.40975003 -33.22075217 1.172068766e-16)
(-12.47844356 -33.40229616 5.89406718e-17)
(-12.54842307 -33.5871188 2.529355335e-16)
(-12.61973164 -33.77532485 2.180581392e-16)
(-12.69241384 -33.96702319 1.587637208e-16)
(-12.7665174 -34.16233008 1.773044658e-18)
(-12.84209268 -34.36136804 6.432372185e-17)
(-12.91919295 -34.56426583 1.22492468e-16)
(-12.99787621 -34.77116304 -1.146944497e-17)
(-13.07820029 -34.98220023 -4.191222532e-17)
(-13.1602311 -35.19753566 1.024714087e-16)
(-13.24403572 -35.41732997 3.890926855e-16)
(-13.32968758 -35.64175912 3.01716089e-16)
(-13.41726491 -35.87101026 3.143532955e-16)
(-13.50685072 -36.10528085 2.750203397e-16)
(-13.59853564 -36.34478432 1.907681601e-16)
(-13.69241363 -36.58974402 1.215429782e-16)
(-13.78858978 -36.84040699 1.154331829e-16)
(-13.88717664 -37.09703713 1.988920191e-16)
(-13.9882946 -37.35991545 6.621148947e-17)
(-14.09207447 -37.62934596 1.141676924e-16)
(-14.19866065 -37.90566356 4.338031319e-16)
(-14.30820843 -38.18922489 5.862264733e-16)
(-14.42088886 -38.48042244 3.729103345e-16)
(-14.53689068 -38.77968516 2.360718345e-16)
(-14.6564186 -39.08747732 1.549245668e-16)
(-14.77970375 -39.40431872 2.651185688e-16)
(-14.90699829 -39.73077206 8.957615006e-16)
(-15.03858758 -40.06747126 5.242259556e-16)
(-15.17479005 -40.4151154 3.258107541e-16)
(-15.31596576 -40.77449063 4.926532688e-16)
(-15.46252089 -41.14647285 2.542634611e-16)
(-15.61492317 -41.53206365 4.821154151e-17)
(-15.77371023 -41.93239647 -1.509359366e-16)
(-15.93950147 -42.34876361 -4.871392385e-16)
(-16.1130268 -42.7826666 -5.520051482e-16)
(-16.29515032 -43.23585474 -3.886526799e-16)
(-16.48690667 -43.71038633 -7.242969483e-16)
(-16.68955202 -44.20870889 -9.039419229e-16)
(-16.90463308 -44.7337671 -3.095996145e-16)
(-17.1341024 -45.28918038 -1.301093758e-16)
(-17.38046404 -45.87944407 5.557020487e-17)
(-17.6470283 -46.51027875 3.55824792e-16)
(-17.93832448 -47.18915596 3.545898473e-16)
(-18.26081218 -47.92611227 2.372563529e-16)
(-18.62426912 -48.73511698 3.952285453e-16)
(-19.0449298 -49.63612757 3.774704112e-16)
(-19.5552417 -50.65603535 4.04376455e-16)
(-20.25735621 -51.80671318 3.812080561e-16)
(-21.24952253 -52.92426756 3.173109573e-16)
(-22.16865887 -53.94983683 1.703545193e-16)
(-23.07433425 -54.82930437 1.209811119e-16)
(-23.9913924 -55.55737246 1.692798636e-16)
(-24.91735572 -56.16194086 9.432963308e-17)
(-25.84922379 -56.66621112 3.270423593e-17)
(-26.78435133 -57.08791888 1.467927118e-16)
(-27.72064815 -57.44025481 2.002216431e-16)
(-28.65652793 -57.7329583 -7.707699449e-17)
(-29.59079242 -57.97324409 1.795572297e-16)
(-30.52250568 -58.16650387 1.118909298e-16)
(-31.45089518 -58.31681923 2.142378467e-16)
(-32.37529793 -58.42734654 2.849990797e-16)
(-33.2951138 -58.50057242 2.374069994e-16)
(-34.20978546 -58.53851282 1.779395441e-16)
(-35.11878647 -58.54283919 1.003358347e-16)
(-36.02161875 -58.51496615 1.701691567e-16)
(-36.91792893 -58.45612784 1.839344801e-16)
(-37.8085872 -58.36605288 2.103281054e-16)
(-38.70926807 -58.24875215 1.842388701e-16)
(-39.64191223 -58.13910896 1.781522689e-16)
(-40.52501993 -57.99526374 1.729560732e-16)
(-41.39409543 -57.81779505 1.741187242e-16)
(-42.25131408 -57.6118136 2.365042989e-16)
(-43.09739245 -57.37850678 1.91598354e-16)
(-43.93232702 -57.1187679 9.797729562e-17)
(-44.75591769 -56.83348498 7.962160291e-17)
(-45.56787278 -56.52352842 3.239401078e-17)
(-46.36790049 -56.18977548 5.563211199e-17)
(-47.15570442 -55.83306759 3.074159056e-17)
(-47.93100493 -55.45422022 1.337507362e-16)
(-48.69353843 -55.05402031 3.189040192e-16)
(-49.44305993 -54.633228 2.765808593e-16)
(-50.17933243 -54.19256967 4.199539747e-16)
(-50.90213938 -53.73275204 1.97896035e-16)
(-51.61128862 -53.2544696 1.963417068e-16)
(-52.30660119 -52.75839946 5.328028355e-17)
(-52.98791433 -52.24520345 1.300533465e-16)
(-53.6550846 -51.71553323 1.96605277e-16)
(-54.30797902 -51.17002181 2.194132907e-16)
(-54.94648607 -50.6092952 3.606661179e-16)
(-55.57051286 -50.03397293 3.485496114e-16)
(-56.17992273 -49.44467795 3.247205962e-16)
(-56.77466361 -48.84198932 2.036067288e-16)
(-57.35469121 -48.22648465 1.768910287e-16)
(-57.91997518 -47.59873396 2.375151424e-16)
(-58.47048865 -46.9592898 3.200095283e-16)
(-59.00622004 -46.30869843 2.88961801e-16)
(-59.52717278 -45.64749846 2.726089092e-16)
(-60.03336454 -44.97622003 2.265070825e-16)
(-60.52481593 -44.29537735 1.750613636e-16)
(-61.0015712 -43.60548158 1.560030053e-16)
(-61.4636821 -42.90703095 2.676595674e-16)
(-61.91120197 -42.20050986 4.17577759e-16)
(-62.34421167 -41.48639648 4.082650479e-16)
(-62.76278704 -40.76515784 3.256680913e-16)
(-63.16702328 -40.03724898 4.168257571e-16)
(-63.5570238 -39.30311665 3.354352414e-16)
(-63.93289599 -38.56319301 2.552335026e-16)
(-64.29475951 -37.81790227 3.546287955e-16)
(-64.6427429 -37.06765742 3.368567932e-16)
(-64.97697864 -36.31285696 2.958754139e-16)
(-65.29760875 -35.55389494 2.683740855e-16)
(-65.604781 -34.79114851 1.824146992e-16)
(-65.89864591 -34.02498418 1.766331974e-16)
(-66.17936351 -33.25575924 2.276479794e-16)
(-66.44709962 -32.48382002 2.552923347e-16)
(-66.70202168 -31.70950296 2.308192483e-16)
(-66.94430603 -30.93312887 1.975896741e-16)
(-67.17412841 -30.15501577 2.28901228e-16)
(-67.39166797 -29.37546158 2.088434074e-16)
(-67.59711295 -28.59476065 2.01952168e-16)
(-67.79064546 -27.81319417 2.507775306e-16)
(-67.97245801 -27.03103161 2.134619115e-16)
(-68.14273956 -26.24853588 1.647576135e-16)
(-68.30168668 -25.46595512 1.806030922e-16)
(-68.44949531 -24.68353526 1.902120801e-16)
(-68.58636228 -23.90150609 1.828558713e-16)
(-68.71247908 -23.12008638 1.62389243e-16)
(-68.82805124 -22.33949038 1.444937328e-16)
(-68.93327476 -21.55992448 1.553980964e-16)
(-69.02834848 -20.78158053 1.529783348e-16)
(-69.11347441 -20.00464539 1.514592599e-16)
(-69.1888517 -19.22929836 7.775005825e-17)
(-69.25468072 -18.45570649 -1.408185726e-17)
(-69.31116418 -17.684033 -3.805036278e-18)
(-69.3584971 -16.91443312 2.637903749e-17)
(-69.39687636 -16.14705075 6.918905012e-17)
(-69.42650354 -15.38202331 3.147856446e-17)
(-69.44757503 -14.61948447 6.527675412e-17)
(-69.46028875 -13.85956112 8.059175578e-17)
(-69.46483848 -13.10236605 7.113112025e-17)
(-69.46141721 -12.348014 5.521428509e-17)
(-69.45022225 -11.59660744 3.477291351e-17)
(-69.43144457 -10.8482497 3.582557341e-17)
(-69.40527559 -10.1030273 5.078630541e-17)
(-69.37190648 -9.361031283 8.192742647e-17)
(-69.33152807 -8.622355742 7.538278716e-17)
(-69.28503317 -7.887215647 8.904742358e-17)
(-69.47097702 -7.224749052 7.077466134e-17)
)
;
    }
    outlet
    {
        type            calculated;
        value           uniform (0 0 0);
    }
    front
    {
        type            wedge;
    }
    back
    {
        type            wedge;
    }
}


// ************************************************************************* //
