 75
 200
 330
 442
 570
 668
 783
 894
 1004
 1123
 1216
 1320
 1414
 1499
 1574
 1662
 1741
 1812
 1884
 1973
 2000
 2000
 1999
 1994
 2000
 1998
 1999
 1999
 2000
 2000
 2000
 2000
 2000
 1998
 2000
 2000
 2000
 2000
 1999
 2000
 2000
 1999
 1999
 2000
 2000
 2000
 2000
 2000
 1999
 2000
 2000
 1999
 1999
 2000
 2000
 2000
 1999
 1999
 1999
 2000
 2000
 1999
 1999
 2000
 1997
 1999
 2000
 1998
 2000
 2000
 1999
 1998
 1999
 2000
 2000
 1999
 1999
 2000
 2000
 2000
 2000
 2000
 1997
 1999
 1998
 2000
 2000
 1999
 2000
 2000
 2000
 2000
 1999
 2000
 1999
 1999
 1998
 1999
 1998
 2000
 2000
 2000
 2000
 2000
 2000
 2000
 2000
 1998
 2000
 1999
 2000
 2000
 2000
 1999
 1999
 2000
 1999
 2000
 1999
 2000
 2000
 2000
 2000
 2000
 1999
 2000
 1998
 2000
 1997
 2000
 1999
 2000
 2000
 1997
 1998
 1999
 1997
 1999
 2000
 2000
 1999
 2000
 1999
 2000
 1998
 1998
 1999
 2000
 1999
 2000
 1998
 2000
 1997
 2000
 2000
 1999
 2000
 2000
 2000
 2000
 1999
 2000
 1998
 2000
 2000
 2000
 1997
 2000
 1999
 2000
 2000
 2000
 1999
 2000
 1999
 1997
 2000
 2000
 2000
 2000
 2000
 1998
 2000
 2000
 2000
 2000
 2000
 1999
 1999
 2000
 2000
 2000
 2000
 2000
 1998
 2000
 2000
 2000
 1999
 1999
 1997
 1999
 2000
 2000
 2000
 1999
 1999
 1999
 2000
 2000
 2000
 2000
 2000
 1999
 2000
 2000
 2000
 2000
 1999
 1999
 2000
 2000
 2000
 2000
 1999
 2000
 2000
 1998
 1999
 2000
 1999
 1999
 2000
 2000
 1999
 1998
 2000
 2000
 2000
 1998
 2000
 2000
 1998
 1999
 2000
 2000
 2000
 2000
 2000
 1999
 2000
 1999
 2000
 2000
 1999
 2000
 2000
 1999
 1999
 2000
 1998
 1995
 2000
 2000
 1998
 2000
 1999
 2000
 2000
 2000
 1999
 2000
 2000
 2000
 2000
 1999
 2000
 2000
 1998
 1999
 2000
 2000
 2000
 2000
 2000
 2000
 2000
 2000
 2000
 2000
 2000
 2000
 1999
 2000
 1999
 1997
 1996
 1999
 2000
 2000
 2000
 1999
 2000
 1999
 1998
 2000
 1999
 2000
 2000
 2000
 2000
 1994
 2000
 1997
 2000
 2000
 2000
 2000
 2000
 2000
 2000
 2000
 1998
 1999
 2000
 1999
 1998
 1998
 1999
 2000
 1999
 2000
 2000
 2000
 1999
 1999
 2000
 1999
 2000
 1998
 2000
 1999
 2000
 2000
 2000
 2000
 1999
 1999
 2000
 2000
 1999
 1997
 1999
 2000
 2000
 2000
 2000
 1997
 1999
 1999
 2000
 2000
 2000
 2000
 1999
 2000
 1998
 2000
 2000
 2000
 2000
 2000
 2000
 2000
 1999
 1999
 2000
 2000
 2000
 1999
 2000
 2000
 2000
 1998
 1998
 1999
 2000
 2000
 2000
 2000
 1999
 1999
 1999
 2000
 2000
 2000
 2000
 1999
 2000
 2000
 2000
 1999
 1998
 2000
 2000
 2000
 2000
 1998
 2000
 1998
 2000
 1996
 1997
 1999
 2000
 2000
 2000
 2000
 2000
 2000
 2000
 2000
 2000
 2000
 1999
 2000
 2000
 1999
 2000
 2000
 1999
 1998
 1998
 2000
 2000
 2000
 2000
 1999
 1999
 1996
 1998
 2000
 2000
 2000
 2000
 2000
 1996
 1999
 2000
 2000
 2000
 1997
 2000
 2000
 1998
 2000
 1998
 1999
 2000
 1999
 2000
 2000
 2000
 2000
 1997
 2000
 2000
 2000
 1998
 2000
 2000
 2000
 1999
 2000
 2000
 2000
 1999
 1999
 1999
 2000
 2000
 1999
 2000
 1999
 2000
 2000
 1999
 2000
 2000
 2000
 2000
 1996
 1999
 2000
 2000
 1998
 1999
 2000
 2000
 1998
 2000
 2000
 1999
 1999
 2000
 2000
 2000
 2000
 1999
 1999
 1999
 2000
 2000
 2000
 2000
 2000
 1998
 2000
 1999
 1998
 2000
 1998
 1999
 2000
 1999
 2000
 1999
 2000
 2000
 2000
 1998
 1999
 2000
 2000
 1997
 1999
 2000
 1998
 1999
 1997
 1999
 2000
 1999
 1999
 2000
 2000
 2000
 2000
 2000
 2000
 2000
 1999
 2000
 2000
 2000
 1999
 2000
 2000
 1999
 1999
 1998
 1999
 1998
 1999
 1999
 1999
 1999
 1999
 1998
 2000
 2000
 2000
 2000
 2000
 2000
 2000
 2000
 2000
 2000
 2000
 2000
 2000
 2000
 2000
 1999
 2000
 2000
 2000
 2000
 2000
 1999
 1997
 1999
 1998
 2000
 2000
 1999
 1999
 2000
 1999
 1999
 1998
 1999
 1997
 2000
 2000
 2000
 2000
 2000
 2000
 1998
 2000
 1999
 1998
 2000
 2000
 1999
 1999
 1998
 1999
 2000
 2000
 2000
 2000
 1999
 2000
 2000
 2000
 2000
 2000
 2000
 2000
 2000
 2000
 1997
 2000
 2000
 2000
 1999
 2000
 2000
 1999
 1992
 1999
 2000
 1999
 2000
 1998
 2000
 1999
 2000
 2000
 2000
 2000
 1998
 2000
 2000
 2000
 2000
 2000
 1998
 2000
 2000
 1998
 2000
 2000
 1999
 2000
 2000
 2000
 2000
 2000
 2000
 1999
 2000
 2000
 1999
 2000
 2000
 1999
 2000
 1998
 2000
 1999
 1998
 2000
 2000
 1999
 2000
 2000
 1999
 1998
 1999
 1999
 2000
 2000
 1998
 1999
 2000
 1999
 1998
 2000
 1996
 2000
 2000
 2000
 2000
 1999
 2000
 1999
 2000
 1999
 1997
 2000
 1999
 1999
 2000
 1999
 2000
 2000
 1999
 2000
 1999
 2000
 1999
 1998
 2000
 2000
 2000
 2000
 1999
 1997
 1998
 2000
 1998
 2000
 2000
 1999
 1999
 2000
 2000
 1999
 2000
 2000
 2000
 1999
 2000
 2000
 2000
 2000
 1999
 2000
 2000
 2000
 2000
 2000
 2000
 2000
 1999
 2000
 1999
 2000
 2000
 2000
 1998
 1999
 2000
 1998
 2000
 2000
 1999
 2000
 1999
 1999
 2000
 2000
 1999
 2000
 2000
 2000
 2000
 1999
 1996
 1997
 1998
 2000
 2000
 1999
 2000
 2000
 2000
 2000
 1996
 1997
 1999
 2000
 1999
 1999
 1994
 2000
 2000
 2000
 1999
 2000
 2000
 2000
 2000
 1999
 2000
 2000
 1999
 1999
 2000
 2000
 2000
 1999
 1999
 1997
 2000
 2000
 1997
 2000
 1999
 2000
 2000
 2000
 2000
 2000
 2000
 1999
 1999
 1997
 2000
 2000
 2000
 1997
 1999
 2000
 1999
 2000
 2000
 2000
 1999
 2000
 1998
 1999
 1999
 2000
 2000
 1999
 1999
 2000
 1999
 1998
 2000
 1999
 2000
 2000
 2000
 2000
 1999
 2000
 1999
 1999
 1999
 1997
 2000
 2000
 2000
 2000
 2000
 1998
 1998
 2000
 1999
 2000
 1999
 2000
 2000
 2000
 2000
 2000
 2000
 2000
 2000
 2000
 2000
 2000
 1999
 2000
 2000
 2000
 2000
 1997
 2000
 2000
 1999
 1998
 1999
 2000
 2000
 2000
 2000
 1999
 2000
 2000
 2000
 2000
 2000
 2000
 2000
 1998
 2000
 2000
 2000
 1999
 2000
 1999
 2000
 1997
 1998
 2000
 1998
 1999
 2000
 2000
 2000
 1999
 1999
 2000
 1999
 1999
 2000
 1997
 1998
 2000
 1999
 2000
 1999
 2000
 1999
 1999
 2000
 1999
 2000
 2000
 1999
 1999
 2000
 2000
 2000
 2000
 2000
 2000
 2000
 2000
 1999
 1999
 2000
 1997
 1998
 1998
 2000
 1998
 1994
 1999
 2000
 1997
 2000
 1998
 1999
 2000
 2000
 1997
 2000
 1999
 2000
 1998
 1999
 2000
 2000
 1999
 2000
 1999
 2000
 2000
 1999
 1996
 1999
 1999
 2000
 2000
 1999
 2000
 1999
 1994
 2000
 2000
 1999
 2000
