/*--------------------------------*- C++ -*----------------------------------*\
| =========                 |                                                 |
| \\      /  F ield         | OpenFOAM: The Open Source CFD Toolbox           |
|  \\    /   O peration     | Version:  v1612+                                |
|   \\  /    A nd           | Web:      www.OpenFOAM.com                      |
|    \\/     M anipulation  |                                                 |
\*---------------------------------------------------------------------------*/
FoamFile
{
    version     2.0;
    format      ascii;
    class       volScalarField;
    location    "0.2";
    object      dsmcRhoNMean_Ar1;
}
// * * * * * * * * * * * * * * * * * * * * * * * * * * * * * * * * * * * * * //

dimensions      [0 -3 0 0 0 0 0];

internalField   nonuniform List<scalar> 
1000
(
96.195
96.825
96.885
98.015
98.05
96.195
96.63
94.945
95.415
96.235
96.605
96.445
96.335
95.98
98.99
97.54
97.16
95.58
96.255
96.55
95.23
97.795
97.85
96.47
97.73
95.045
96.485
98.895
98.07
97.38
96.44
96.35
95.645
96.265
98.59
96.36
97.94
97.265
98.255
100.095
99.25
97.35
98.21
98.235
99.395
99.475
97.345
96.94
96.635
95.695
96.9
97.225
98.49
97.415
95.78
96.65
97.85
97.34
96.735
96.84
98.42
99.73
98.225
99.6
96.99
98.045
97.475
97.425
97.205
97.575
97.705
96.13
97.74
96.515
96
95.955
96.59
96.05
98.625
97.035
99.435
100.295
97.46
96.01
96.44
96.85
97.335
95.07
97.12
97.625
96.89
96.705
95.655
98.925
95.115
94.545
93.97
93.82
96.455
96.62
96.295
97.98
96.37
93.625
95.11
96.615
95.555
95.97
96.715
96.27
97.03
97.555
96.885
97.105
96.55
95.905
98.625
97.915
96.825
99.3
98.425
96.765
96.435
95.555
96.045
95.825
97.51
96.765
96.52
99.265
98.37
96.975
97.11
95.815
96.93
96.315
98.285
98.875
99.085
98.94
97.935
96.89
97.575
96.32
96.27
97.7
96.345
97.105
95.67
95.855
96.925
98.485
96.5
95.12
96.505
94.83
94.795
94.335
95.9
95.39
97.57
97.575
94.985
95.6
95.985
95.91
95.6
95.875
96.03
97.285
96.86
98.63
99.415
96.2
96.765
96.275
97.395
99.01
95.88
95.27
96.9
96.73
96.735
98.105
97.96
98.09
98.29
98.195
98.64
96.325
95.765
96.38
96.775
95.5
94.04
94.035
96.195
96.25
96.075
97.91
96.625
97.295
98.075
96.895
96.225
97.195
97.54
97.975
96.445
96.41
98.11
96.635
95.12
96.77
98.235
97.295
94.62
95.69
98.675
97.115
96.085
96.325
97.235
97.01
95.2
96.725
96.82
96.695
97.67
98.505
99.475
97.165
97.595
96.52
96.775
97.205
97.48
98.155
97.425
98.83
98.35
97.495
98.73
99.4
100.935
100.045
97.94
97.43
98.655
97.61
96.195
97.245
96.765
96.87
98.025
97.445
97.635
96.08
98.71
97.985
98.475
98.07
97.92
98.865
97.86
99.245
97.475
97.49
98.335
97.085
98.65
98.68
97.255
98.69
97.24
96.515
96.38
98.3
97.5
96.94
97.37
96.96
97.98
98.17
97.955
96.69
98.55
96.465
97.25
97.715
95.885
98.09
96.94
98.15
96.445
95.625
96.34
95.34
98.485
98.345
96.88
97.91
96.87
96.865
96
98.82
96.93
97.025
96.5
97.455
98.215
95.815
97.54
94.995
97.035
96.94
97.205
97.92
98.16
98.275
97.97
96.3
97.095
95.78
97.495
96.505
97.155
97.205
99.02
97.9
97.22
96.29
97.925
96.24
99.12
98.195
96.725
99.05
97.845
98.93
98.28
98.64
97.57
97.885
96.21
97.27
96.75
96.485
96.885
97.1
97.85
97.04
97.44
95.575
96.245
95.065
95.63
95.3
94.73
95.245
95.11
95.02
93.34
94.215
94.375
96.37
95.63
94.925
96.255
98.01
97.025
97.985
96.96
95.81
96.11
96.835
96.565
95.69
93.51
95.875
97.225
98.73
97.835
100.215
98.45
97.36
98.12
96.77
97.655
97.285
97.68
97.295
97.63
96.625
96.35
95.79
96.795
96.73
97.155
96.27
99.255
98.555
98.45
98.815
96.81
97.29
97.515
97.85
97.75
97.42
96.745
97.075
95.605
97.28
97.59
97.795
95.875
97.82
94.515
98.055
97.525
98.275
96.575
96.05
96.3
95.205
97.175
98.615
97.175
97.85
97.395
98.17
98.16
96.11
96.53
95.655
95.89
98.76
99.44
100.58
99.195
99.01
100.325
97.63
98.305
99.835
99.88
99.35
98.555
97.905
97.415
98.49
98.21
98.555
99.525
99.935
99.005
96.65
98.09
97.975
97.87
99.3
99.255
98.175
98.015
97.145
98.805
99.285
97.005
97.76
99.53
100.24
99.35
98.26
96.845
97.315
99.19
97.79
97.02
97.02
98.035
99.03
99.885
98.995
96.69
97.405
96.15
96.255
95.89
96.77
96.655
97.55
97.195
96.375
95.835
96.53
97.375
93.76
95.045
97.595
95.165
96.255
96.265
96.68
97.22
97.41
96.535
95.1
96.77
95.86
95.015
94.505
96.81
96.665
95.605
96.835
97.94
97.01
97.295
97.21
97.245
96.695
94.835
95.695
97.635
97.175
98.695
95.025
98.09
98.69
99.095
97.11
96.155
98.94
96.96
97.95
97.83
96.71
98.105
94.575
96.75
96.315
96.45
98.05
96.175
96.55
97.46
97.3
97.735
95.93
94.72
97.365
97.26
96.095
94.695
94.725
95.12
95.715
93.83
94.69
95.405
95.83
96.77
95.235
95.95
96.15
94.295
95.47
95.525
96.525
95.125
95.13
96.2
96.99
97.11
96.87
95.305
96.15
95.205
95.955
97.42
97.775
97.145
96.665
97.885
97.175
96.775
97.89
99.22
96.69
97.65
96.93
97.52
98.305
96.245
97.1
97.85
98.045
98.755
97.74
99.275
98.585
99.585
96.895
95.95
96.775
96.73
96.035
97.77
98.035
96.53
97.4
99.25
98.01
97.73
97.405
98
98.085
96.46
96.545
96.595
98.805
96.69
96.47
97.475
95.25
96.415
96.68
95.745
98.04
98.13
96.725
97.3
97.715
95.09
97.66
97.09
99.505
97.435
98.5
98.705
100.06
99.215
100.075
97.635
100.23
99.635
97.71
99.43
96.985
98.105
98.07
99.05
97.485
99.1
99.89
97.035
98.165
98.575
98.06
97.255
97.06
99.345
98.4
97.24
97.96
97.6
98.24
98.02
98.55
97.8
98.565
100.335
98.35
97.28
100.005
98.92
97.805
97.995
97.05
98.21
100.115
99.845
99.355
96.115
96.63
96.18
95.54
98.07
97.31
96.14
96.185
94.67
95.785
96.01
96.38
95.98
94.975
96.075
95.14
95.75
93.78
97.225
94.97
96.505
95.65
94.425
94.615
97.04
96.595
97.01
95.565
97.405
96.36
95.26
96.665
96.66
97.74
98.53
97.985
98.06
97.48
97.585
97.785
95.8
96.075
98.715
97.605
97.815
95.46
96
97.92
98.52
97.665
98.765
97.01
99.725
96.94
97.985
97.39
98.145
98.015
97.53
95.915
97.03
97.935
98.53
99.19
96.3
94.31
95.55
96.47
96.435
96.205
95.33
95.52
95.015
95.985
96.725
96.495
96.145
96.025
96.82
95.9
95.185
94.605
94.08
93.315
95.78
96.57
95.08
95.62
97.03
96.05
97.51
95.185
95.935
98.495
98.585
97.52
98.28
97.295
95.83
95.545
99.06
97.955
97.855
99.155
97.435
97.565
98.26
98.025
98.905
97.915
98.96
98.355
97.795
97.765
97.645
98.67
95.92
98.67
98.3
98.41
96.95
96.6
96.735
94.6
95.675
96.515
98.315
98.535
98.625
96.745
96.77
98.06
98.265
96.17
94.965
96.46
96.695
96.81
96.795
97.985
97.365
96.925
98.185
98.34
96.5
97.175
97.585
97.665
97.58
98.925
96.985
96.065
98.04
98.185
97.535
97.88
98.685
98.255
100.8
99.245
97.68
100.02
99.695
98.255
96.545
96.94
99.74
99.055
97.16
99.32
98.19
98.025
100.18
97.57
98.5
98.945
98.735
97.605
100.45
98.01
99.31
99.135
97.425
98.41
98.05
98.23
97.035
99.62
99.99
98.505
98.77
97.21
97.99
97.655
96.715
96.805
98.92
98.67
99.935
96.97
96.81
95.91
95.45
95.395
98.82
97.67
98.13
95.935
93.81
95.165
95.645
96.275
96.45
95.545
96.295
95.92
95.665
95.185
94.655
95.02
96.365
95.9
97
96.89
95.7
97.845
94.935
97.175
95.5
96.235
97.405
98.515
96.465
96.76
97.82
97.12
95.935
97.415
96.425
96.81
95.885
96.61
96.065
97.35
97.405
96.175
98.08
98.99
98.17
96.45
100.56
99.625
98.475
97.78
96.33
98.15
98.435
100.03
96.345
98.14
99.66
99.765
96.385
95.52
96.21
95.775
96.165
94.63
96.08
94.48
94.325
94.53
96.17
96.695
95.775
97.01
98.11
96.12
96.415
96.255
95.085
94.17
95.28
94.05
93.265
93.59
95.06
96.03
97.1
97.01
97.515
97.46
96.01
98.07
98.655
98.95
99.34
97.43
97.305
97.97
99.54
98.98
99.385
100.11
101.61
98.665
97.115
99.49
99.2
98.595
98.935
98.635
97.97
97.97
97.53
98.355
)
;

boundaryField
{
    bottom
    {
        type            calculated;
        value           nonuniform List<scalar> 
200
(
96.195
96.825
96.885
98.015
98.05
96.195
96.63
94.945
95.415
96.235
96.605
96.445
96.335
95.98
98.99
97.54
97.16
95.58
96.255
96.55
95.23
97.795
97.85
96.47
97.73
95.045
96.485
98.895
98.07
97.38
96.44
96.35
95.645
96.265
98.59
96.36
97.94
97.265
98.255
100.095
99.25
97.35
98.21
98.235
99.395
99.475
97.345
96.94
96.635
95.695
96.9
97.225
98.49
97.415
95.78
96.65
97.85
97.34
96.735
96.84
98.42
99.73
98.225
99.6
96.99
98.045
97.475
97.425
97.205
97.575
97.705
96.13
97.74
96.515
96
95.955
96.59
96.05
98.625
97.035
99.435
100.295
97.46
96.01
96.44
96.85
97.335
95.07
97.12
97.625
96.89
96.705
95.655
98.925
95.115
94.545
93.97
93.82
96.455
96.62
96.295
97.98
96.37
93.625
95.11
96.615
95.555
95.97
96.715
96.27
97.03
97.555
96.885
97.105
96.55
95.905
98.625
97.915
96.825
99.3
98.425
96.765
96.435
95.555
96.045
95.825
97.51
96.765
96.52
99.265
98.37
96.975
97.11
95.815
96.93
96.315
98.285
98.875
99.085
98.94
97.935
96.89
97.575
96.32
96.27
97.7
96.345
97.105
95.67
95.855
96.925
98.485
96.5
95.12
96.505
94.83
94.795
94.335
95.9
95.39
97.57
97.575
94.985
95.6
95.985
95.91
95.6
95.875
96.03
97.285
96.86
98.63
99.415
96.2
96.765
96.275
97.395
99.01
95.88
95.27
96.9
96.73
96.735
98.105
97.96
98.09
98.29
98.195
98.64
96.325
95.765
96.38
96.775
95.5
94.04
94.035
96.195
96.25
96.075
97.91
)
;
    }
    top
    {
        type            calculated;
        value           nonuniform List<scalar> 
200
(
95.92
98.67
98.3
98.41
96.95
96.6
96.735
94.6
95.675
96.515
98.315
98.535
98.625
96.745
96.77
98.06
98.265
96.17
94.965
96.46
96.695
96.81
96.795
97.985
97.365
96.925
98.185
98.34
96.5
97.175
97.585
97.665
97.58
98.925
96.985
96.065
98.04
98.185
97.535
97.88
98.685
98.255
100.8
99.245
97.68
100.02
99.695
98.255
96.545
96.94
99.74
99.055
97.16
99.32
98.19
98.025
100.18
97.57
98.5
98.945
98.735
97.605
100.45
98.01
99.31
99.135
97.425
98.41
98.05
98.23
97.035
99.62
99.99
98.505
98.77
97.21
97.99
97.655
96.715
96.805
98.92
98.67
99.935
96.97
96.81
95.91
95.45
95.395
98.82
97.67
98.13
95.935
93.81
95.165
95.645
96.275
96.45
95.545
96.295
95.92
95.665
95.185
94.655
95.02
96.365
95.9
97
96.89
95.7
97.845
94.935
97.175
95.5
96.235
97.405
98.515
96.465
96.76
97.82
97.12
95.935
97.415
96.425
96.81
95.885
96.61
96.065
97.35
97.405
96.175
98.08
98.99
98.17
96.45
100.56
99.625
98.475
97.78
96.33
98.15
98.435
100.03
96.345
98.14
99.66
99.765
96.385
95.52
96.21
95.775
96.165
94.63
96.08
94.48
94.325
94.53
96.17
96.695
95.775
97.01
98.11
96.12
96.415
96.255
95.085
94.17
95.28
94.05
93.265
93.59
95.06
96.03
97.1
97.01
97.515
97.46
96.01
98.07
98.655
98.95
99.34
97.43
97.305
97.97
99.54
98.98
99.385
100.11
101.61
98.665
97.115
99.49
99.2
98.595
98.935
98.635
97.97
97.97
97.53
98.355
)
;
    }
    inlet
    {
        type            cyclic;
    }
    outlet
    {
        type            cyclic;
    }
    back
    {
        type            symmetry;
    }
    front
    {
        type            symmetry;
    }
}


// ************************************************************************* //
