/*--------------------------------*- C++ -*----------------------------------*\
| =========                 |                                                 |
| \\      /  F ield         | OpenFOAM: The Open Source CFD Toolbox           |
|  \\    /   O peration     | Version:  v1612+                                |
|   \\  /    A nd           | Web:      www.OpenFOAM.com                      |
|    \\/     M anipulation  |                                                 |
\*---------------------------------------------------------------------------*/
FoamFile
{
    version     2.0;
    format      ascii;
    class       volScalarField;
    location    "0.2";
    object      meanCollisionRate_Ar1;
}
// * * * * * * * * * * * * * * * * * * * * * * * * * * * * * * * * * * * * * //

dimensions      [0 0 -1 0 0 0 0];

internalField   nonuniform List<scalar> 
1000
(
40645.88926
40909.21278
40919.9796
41388.81845
41558.29746
40726.40573
40942.1942
40348.1803
40394.13175
40768.24555
40967.3406
40981.89693
40865.09544
40705.71158
41915.44993
41181.29623
41045.86998
40477.1771
40732.84582
40819.97106
40498.89886
41405.914
41369.80206
40837.6161
41454.29296
40281.16277
40905.34146
41880.21339
41425.42088
41202.01207
40824.33039
40815.68806
40560.98414
40761.43491
41715.03571
40707.53696
41390.69692
41153.49807
41496.53985
42129.77033
41857.01763
41220.16596
41541.97999
41424.83953
41798.99009
41881.56425
41082.05121
40938.31402
40876.3465
40631.36217
41010.81884
41088.28333
41547.84871
41055.00323
40590.37596
40892.54601
41482.29074
41159.79119
41057.52579
40983.84237
41568.4478
42187.62839
41585.49468
42019.61249
41130.11783
41433.14512
41277.26998
41201.74811
41079.66396
41287.02954
41355.02994
40825.33008
41455.41368
40864.95649
40725.79692
40668.31876
40873.43062
40639.78271
41719.51185
41028.06589
41999.42288
42329.38337
41143.65734
40623.88812
40903.77549
41001.47853
41318.62811
40472.11236
41277.89831
41474.31127
41177.88371
41037.16226
40687.01163
41976.84153
40484.48862
40196.81739
39996.05191
39863.56998
40871.78729
40917.18604
40943.54474
41455.61117
40839.66236
39743.35974
40394.14357
40971.41021
40524.50066
40796.16726
41056.3539
40839.38364
41281.69929
41360.47811
41103.3483
41211.05673
40907.79676
40630.97386
41667.09426
41442.18628
40947.9159
42042.11184
41499.3773
40954.86889
41003.51622
40567.51465
40696.61469
40656.74579
41237.60935
40997.42038
40906.86752
41950.13825
41589.78608
40879.01661
41089.95099
40619.13624
40979.90662
40770.68745
41581.29342
41659.84775
41836.71799
41915.29758
41384.96334
41042.93863
41296.70806
40813.97868
40768.01107
41321.32962
40884.8874
41235.76583
40677.21033
40733.75807
41122.70406
41690.0821
41096.54969
40402.44259
40878.87587
40275.02943
40166.14506
40068.71493
40682.0709
40544.88462
41394.91933
41418.69808
40387.62151
40511.12308
40703.19262
40630.93316
40459.85603
40700.71182
40704.59757
41172.75448
41085.39163
41728.66866
42086.28547
40886.49615
40902.67873
40681.6121
41246.46612
41913.68311
40766.69338
40481.44966
41087.07144
41046.2413
41006.78872
41525.16716
41363.33697
41537.32243
41447.69045
41360.29586
41746.21857
40728.22478
40583.63813
40760.16823
40981.09088
40550.54253
39781.52529
39784.8611
40719.98188
40775.53252
40675.29101
41356.49314
40794.81913
41077.44532
41356.04437
41049.24391
40707.91851
41094.39444
41245.7635
41371.09305
40851.52001
40780.88785
41601.11901
40974.40949
40408.93749
41032.20341
41629.40475
41040.33306
40012.26578
40539.62325
41757.75157
41117.17129
40759.37285
40866.48698
41122.14066
41146.33595
40270.43514
40930.24746
41026.00767
40901.44325
41261.56918
41557.7069
41975.23248
41078.52248
41319.75301
40925.1457
40909.51386
41052.69994
41222.14232
41479.84544
41224.06653
41665.6429
41543.71856
41113.81885
41624.32161
41918.11039
42622.47335
42202.83154
41443.59437
41188.62176
41593.6942
41333.55763
40727.79373
41029.28469
40806.81375
40969.81255
41490.98217
41178.87718
41345.70527
40755.30213
41758.69391
41645.22342
41656.44539
41475.74615
41433.41094
41873.78961
41421.61496
41926.35212
41261.94764
41226.13323
41563.73549
41069.54193
41683.07683
41731.22698
41161.91019
41744.86139
41168.5396
40877.42088
40865.82439
41517.16987
41190.26699
40928.44361
41184.81912
40978.16844
41394.05227
41583.8627
41423.96333
40886.9296
41706.20082
40911.66507
41192.73212
41356.99686
40731.47404
41629.84383
41119.91429
41584.03536
40936.92467
40641.10761
40924.03881
40479.87752
41639.81434
41630.01684
41004.17301
41441.63456
41145.3598
41097.71594
40707.81662
41824.05255
41084.69134
41037.89677
40904.85024
41364.87736
41629.13707
40741.85086
41361.69572
40292.42803
41104.56032
41104.58847
41245.27867
41455.27634
41566.8903
41489.52895
41460.75327
40738.10785
41042.18532
40571.25059
41311.94481
40841.79175
41155.68899
41097.45528
41913.04549
41331.77318
41019.5267
40713.16891
41384.58024
40702.46239
41973.93669
41441.01569
40791.67299
41804.79082
41360.3866
41874.20553
41596.26187
41748.19752
41285.2938
41418.87582
40765.66014
41211.96821
41039.78677
40983.22927
41109.40582
41242.13288
41418.46052
41095.97809
41278.42747
40602.78693
40872.23508
40307.88636
40506.9401
40431.36198
40294.97716
40454.20186
40419.72778
40258.68477
39684.09116
40057.76593
39998.97435
40905.53095
40584.60752
40398.30992
40795.61132
41477.43328
41019.47966
41381.9017
41076.20647
40581.09143
40700.015
40957.60243
40915.1087
40570.8813
39706.77449
40654.65155
41244.0976
41768.17842
41459.4813
42345.61751
41547.32446
41149.10466
41391.18793
40907.38033
41315.55444
41217.63495
41242.60143
41236.8934
41335.42839
40968.84903
40712.18645
40654.45811
40851.35653
40812.7807
41103.51962
40711.41382
41846.34836
41524.40606
41514.01427
41732.63297
41062.81468
41113.0118
41103.41896
41405.82098
41362.95507
41263.23643
40881.59803
41147.79348
40606.13036
41247.20621
41272.61995
41423.3616
40543.29357
41399.02775
40051.45428
41529.47366
41269.88523
41656.82193
40885.34241
40688.28236
40777.25565
40304.88128
40992.86546
41600.16894
41110.59642
41277.30448
41113.99104
41526.69051
41543.17148
40705.9803
40909.3554
40516.29969
40471.02504
41668.2586
41903.09133
42409.31293
41918.37992
41861.29243
42249.57243
41256.40799
41550.2593
42050.85185
42148.74978
41953.91199
41695.44312
41301.60375
41136.67718
41544.24011
41505.73014
41654.17438
41938.89692
42071.35655
41878.62108
41003.64444
41406.47774
41342.89286
41396.45779
41904.37893
41798.62767
41424.24174
41363.2678
41015.36313
41658.34354
41969.74736
41102.55124
41323.69563
42023.61135
42415.33462
42027.27492
41510.30787
40909.23547
41116.46023
41864.99468
41296.72929
40988.83976
40897.95078
41360.59527
41890.83586
42148.15505
41773.81014
40786.75342
41139.77691
40810.36177
40829.78876
40594.74757
41032.35283
41047.855
41372.20791
41171.37952
40847.03838
40714.73309
40842.05991
41284.25444
39861.07385
40303.14983
41324.10234
40297.19927
40685.5712
40781.59104
41104.74221
41134.92067
41234.75092
40951.71338
40314.39041
41154.04938
40691.64926
40321.36669
40183.9778
41034.32394
40995.32574
40571.71229
41038.68576
41434.36814
41092.45959
41062.08196
41249.45557
41145.40938
41024.65006
40252.83253
40584.46745
41307.30007
41165.79885
41786.72392
40288.3686
41481.04506
41709.21658
41880.34952
40997.82773
40658.90014
41775.60382
40899.62999
41287.77534
41291.09508
40931.43234
41428.75656
40160.22607
40965.69264
40793.39297
40840.42443
41525.32254
40784.11652
40937.52414
41295.30409
41206.77493
41480.69535
40649.22248
40207.05229
41171.75531
41186.35046
40837.9803
40227.57993
40157.10976
40307.81608
40615.09203
39864.72508
40120.88121
40476.79474
40646.63514
40965.76063
40475.42565
40681.64815
40790.66965
40023.72798
40481.85135
40519.17303
40863.58737
40341.06553
40242.21838
40799.09936
41114.63852
41036.87018
41039.73431
40374.98497
40707.52799
40354.85775
40720.74608
41425.60853
41334.72369
41128.0326
40943.36038
41303.17025
41018.76353
40914.16139
41374.80989
41889.3922
40967.74722
41329.6491
40910.39256
41238.04933
41688.91561
40784.46524
41103.63897
41329.95594
41390.77822
41654.80556
41227.59907
41805.19192
41520.469
41875.99605
41033.69284
40647.73033
41094.91459
40883.58088
40608.85687
41365.99514
41430.5149
40797.31366
41185.51015
41921.14534
41468.80582
41355.61037
41293.29783
41480.39719
41514.98516
40811.23146
40889.29645
40911.50804
41797.7216
40960.61622
40868.50723
41164.98762
40228.56973
40837.04158
40878.37302
40607.73227
41437.50015
41388.31295
40918.05403
41194.05713
41405.35335
40359.06157
41406.99222
41121.30269
42085.54584
41138.76708
41576.27447
41619.38246
42165.3392
41800.79189
42217.78688
41254.40274
42148.64272
42039.26914
41291.13106
41958.23562
40962.66962
41432.1081
41471.46803
41826.90412
41170.07111
41885.55354
42187.8445
41127.23908
41489.00257
41631.50865
41454.86636
41143.39583
41004.76625
41852.01548
41492.23896
41264.81733
41400.39455
41312.68295
41551.51873
41455.10609
41737.12238
41313.33438
41649.35309
42349.21386
41471.00572
41067.87512
42347.82837
41809.91109
41382.01354
41491.51704
40939.2902
41456.55149
42260.76349
42143.61203
42007.1903
40720.3346
40941.23476
40873.39784
40477.80332
41628.69813
41330.0388
40806.91621
40762.22566
40142.1564
40674.12201
40893.52405
40933.85523
40752.12175
40193.88537
40661.60741
40477.90892
40527.47186
39790.80759
41134.69822
40329.81865
40902.13147
40715.34216
40115.68251
40195.97717
41145.64761
40929.92564
41140.71097
40517.66662
41232.69627
40870.5568
40299.28789
40961.88265
41018.63824
41455.27829
41738.40407
41456.53972
41511.79604
41234.56618
41290.17738
41369.76516
40573.36391
40655.42115
41758.76307
41342.54155
41379.83455
40482.31495
40616.73183
41294.77788
41636.84567
41320.88079
41647.27216
40961.59085
42184.65142
41125.99734
41493.96689
41280.20969
41419.95033
41440.51829
41258.46004
40646.79117
41124.13998
41508.96653
41690.71003
42018.8019
40858.92471
40042.91517
40604.18667
40933.88888
40946.89551
40909.48963
40487.31781
40562.61503
40239.18551
40764.62796
40937.28468
40903.43651
40786.57601
40691.28497
41092.3613
40692.54525
40404.36929
40213.5706
39917.70744
39618.47978
40651.25646
41000.15623
40352.30809
40653.02883
41098.89294
40787.34406
41355.75032
40334.41522
40570.6587
41742.10748
41766.97535
41238.23382
41598.01244
41060.10678
40561.24018
40514.81973
41718.51719
41312.37373
41320.61116
41874.12723
41257.01386
41312.90617
41525.07593
41364.38946
41824.66322
41376.38623
41879.92895
41507.74671
41297.08678
41339.32248
41205.50612
41603.66344
40354.3579
41673.98527
41552.08654
41517.25421
41102.26429
40873.84754
40829.59788
39967.94599
40529.74324
40865.87455
41575.71876
41592.66097
41653.19985
40975.50285
40892.25091
41436.53693
41519.15309
40702.36201
40206.35983
40843.46054
40793.76893
40944.75062
40853.70937
41418.87305
41125.04836
41012.66138
41490.77617
41508.18829
40899.77369
41193.56371
41305.63337
41276.38969
41231.16403
41760.78954
41168.09942
40564.50048
41453.71964
41457.80829
41146.59779
41369.06781
41655.11035
41389.15199
42396.76515
41933.69747
41256.62656
42220.18002
42081.7129
41631.63704
40934.79493
41055.33836
42176.30502
41832.52832
41000.29862
42008.24177
41577.36526
41437.91616
42347.45356
41317.16598
41579.57453
41710.15818
41616.77854
41201.93272
42217.27579
41435.3408
42054.9984
41902.91677
41247.62841
41627.07108
41490.01379
41480.38844
40998.21483
42111.73399
42225.02911
41581.64698
41794.3225
41237.63419
41337.54472
41366.07863
40870.8256
41026.33478
41834.87988
41853.24026
42219.03153
41031.07417
40936.10413
40562.75767
40377.42797
40440.63881
41843.65228
41393.87938
41723.30965
40769.03196
39875.84469
40424.36124
40592.14269
40880.50546
40929.94053
40520.97954
40835.81526
40732.21422
40667.59843
40496.2025
40182.07836
40371.38843
40884.69488
40656.58444
41025.51571
41084.10715
40600.8325
41538.12631
40303.65775
41297.3759
40479.27133
40796.08081
41345.52981
41815.11551
41000.04243
41128.2597
41385.05709
41121.5323
40695.8683
41258.18308
40835.10739
40898.15116
40589.73856
40965.89981
40634.04226
41132.11241
41261.07423
40684.79356
41422.25313
41754.48668
41310.23499
40736.4052
42391.27843
42083.15808
41607.7683
41408.10088
40774.02786
41471.16008
41640.19455
42247.0576
40837.32629
41542.85103
42185.29217
42130.01698
40879.90442
40623.35455
40793.21839
40557.11327
40928.3238
40095.77644
40656.98852
40183.96333
40176.06053
40241.86424
40793.59834
40986.1839
40690.95722
41150.31276
41601.17519
40714.06194
40749.71121
40898.87201
40240.06366
39925.10248
40452.03683
39864.80366
39521.17418
39817.99989
40328.64106
40753.45697
41147.05369
41133.90025
41313.88163
41282.80992
40763.06392
41560.34667
41812.18298
41902.53213
42102.43242
41133.46441
41180.37895
41389.33742
41876.38201
41635.64283
42011.94155
42219.53698
42826.30346
41788.60029
41122.1376
42037.17555
41924.33357
41698.22155
41799.25923
41700.10049
41466.21666
41385.2025
41202.12141
41560.68329
)
;

boundaryField
{
    bottom
    {
        type            calculated;
        value           nonuniform List<scalar> 
200
(
40645.88926
40909.21278
40919.9796
41388.81845
41558.29746
40726.40573
40942.1942
40348.1803
40394.13175
40768.24555
40967.3406
40981.89693
40865.09544
40705.71158
41915.44993
41181.29623
41045.86998
40477.1771
40732.84582
40819.97106
40498.89886
41405.914
41369.80206
40837.6161
41454.29296
40281.16277
40905.34146
41880.21339
41425.42088
41202.01207
40824.33039
40815.68806
40560.98414
40761.43491
41715.03571
40707.53696
41390.69692
41153.49807
41496.53985
42129.77033
41857.01763
41220.16596
41541.97999
41424.83953
41798.99009
41881.56425
41082.05121
40938.31402
40876.3465
40631.36217
41010.81884
41088.28333
41547.84871
41055.00323
40590.37596
40892.54601
41482.29074
41159.79119
41057.52579
40983.84237
41568.4478
42187.62839
41585.49468
42019.61249
41130.11783
41433.14512
41277.26998
41201.74811
41079.66396
41287.02954
41355.02994
40825.33008
41455.41368
40864.95649
40725.79692
40668.31876
40873.43062
40639.78271
41719.51185
41028.06589
41999.42288
42329.38337
41143.65734
40623.88812
40903.77549
41001.47853
41318.62811
40472.11236
41277.89831
41474.31127
41177.88371
41037.16226
40687.01163
41976.84153
40484.48862
40196.81739
39996.05191
39863.56998
40871.78729
40917.18604
40943.54474
41455.61117
40839.66236
39743.35974
40394.14357
40971.41021
40524.50066
40796.16726
41056.3539
40839.38364
41281.69929
41360.47811
41103.3483
41211.05673
40907.79676
40630.97386
41667.09426
41442.18628
40947.9159
42042.11184
41499.3773
40954.86889
41003.51622
40567.51465
40696.61469
40656.74579
41237.60935
40997.42038
40906.86752
41950.13825
41589.78608
40879.01661
41089.95099
40619.13624
40979.90662
40770.68745
41581.29342
41659.84775
41836.71799
41915.29758
41384.96334
41042.93863
41296.70806
40813.97868
40768.01107
41321.32962
40884.8874
41235.76583
40677.21033
40733.75807
41122.70406
41690.0821
41096.54969
40402.44259
40878.87587
40275.02943
40166.14506
40068.71493
40682.0709
40544.88462
41394.91933
41418.69808
40387.62151
40511.12308
40703.19262
40630.93316
40459.85603
40700.71182
40704.59757
41172.75448
41085.39163
41728.66866
42086.28547
40886.49615
40902.67873
40681.6121
41246.46612
41913.68311
40766.69338
40481.44966
41087.07144
41046.2413
41006.78872
41525.16716
41363.33697
41537.32243
41447.69045
41360.29586
41746.21857
40728.22478
40583.63813
40760.16823
40981.09088
40550.54253
39781.52529
39784.8611
40719.98188
40775.53252
40675.29101
41356.49314
)
;
    }
    top
    {
        type            calculated;
        value           nonuniform List<scalar> 
200
(
40354.3579
41673.98527
41552.08654
41517.25421
41102.26429
40873.84754
40829.59788
39967.94599
40529.74324
40865.87455
41575.71876
41592.66097
41653.19985
40975.50285
40892.25091
41436.53693
41519.15309
40702.36201
40206.35983
40843.46054
40793.76893
40944.75062
40853.70937
41418.87305
41125.04836
41012.66138
41490.77617
41508.18829
40899.77369
41193.56371
41305.63337
41276.38969
41231.16403
41760.78954
41168.09942
40564.50048
41453.71964
41457.80829
41146.59779
41369.06781
41655.11035
41389.15199
42396.76515
41933.69747
41256.62656
42220.18002
42081.7129
41631.63704
40934.79493
41055.33836
42176.30502
41832.52832
41000.29862
42008.24177
41577.36526
41437.91616
42347.45356
41317.16598
41579.57453
41710.15818
41616.77854
41201.93272
42217.27579
41435.3408
42054.9984
41902.91677
41247.62841
41627.07108
41490.01379
41480.38844
40998.21483
42111.73399
42225.02911
41581.64698
41794.3225
41237.63419
41337.54472
41366.07863
40870.8256
41026.33478
41834.87988
41853.24026
42219.03153
41031.07417
40936.10413
40562.75767
40377.42797
40440.63881
41843.65228
41393.87938
41723.30965
40769.03196
39875.84469
40424.36124
40592.14269
40880.50546
40929.94053
40520.97954
40835.81526
40732.21422
40667.59843
40496.2025
40182.07836
40371.38843
40884.69488
40656.58444
41025.51571
41084.10715
40600.8325
41538.12631
40303.65775
41297.3759
40479.27133
40796.08081
41345.52981
41815.11551
41000.04243
41128.2597
41385.05709
41121.5323
40695.8683
41258.18308
40835.10739
40898.15116
40589.73856
40965.89981
40634.04226
41132.11241
41261.07423
40684.79356
41422.25313
41754.48668
41310.23499
40736.4052
42391.27843
42083.15808
41607.7683
41408.10088
40774.02786
41471.16008
41640.19455
42247.0576
40837.32629
41542.85103
42185.29217
42130.01698
40879.90442
40623.35455
40793.21839
40557.11327
40928.3238
40095.77644
40656.98852
40183.96333
40176.06053
40241.86424
40793.59834
40986.1839
40690.95722
41150.31276
41601.17519
40714.06194
40749.71121
40898.87201
40240.06366
39925.10248
40452.03683
39864.80366
39521.17418
39817.99989
40328.64106
40753.45697
41147.05369
41133.90025
41313.88163
41282.80992
40763.06392
41560.34667
41812.18298
41902.53213
42102.43242
41133.46441
41180.37895
41389.33742
41876.38201
41635.64283
42011.94155
42219.53698
42826.30346
41788.60029
41122.1376
42037.17555
41924.33357
41698.22155
41799.25923
41700.10049
41466.21666
41385.2025
41202.12141
41560.68329
)
;
    }
    inlet
    {
        type            cyclic;
    }
    outlet
    {
        type            cyclic;
    }
    back
    {
        type            symmetry;
    }
    front
    {
        type            symmetry;
    }
}


// ************************************************************************* //
