/*--------------------------------*- C++ -*----------------------------------*\
| =========                 |                                                 |
| \\      /  F ield         | OpenFOAM: The Open Source CFD Toolbox           |
|  \\    /   O peration     | Version:  v1612+                                |
|   \\  /    A nd           | Web:      www.OpenFOAM.com                      |
|    \\/     M anipulation  |                                                 |
\*---------------------------------------------------------------------------*/
FoamFile
{
    version     2.0;
    format      ascii;
    class       volScalarField;
    location    "0.2";
    object      meanCollisionTime_Ar1;
}
// * * * * * * * * * * * * * * * * * * * * * * * * * * * * * * * * * * * * * //

dimensions      [0 0 1 0 0 0 0];

internalField   nonuniform List<scalar> 
1000
(
2.460273396e-05
2.444437162e-05
2.443793984e-05
2.416111494e-05
2.406258343e-05
2.455409413e-05
2.44246802e-05
2.478426518e-05
2.475607116e-05
2.452889465e-05
2.440968794e-05
2.440101789e-05
2.44707614e-05
2.456657705e-05
2.385755138e-05
2.428286847e-05
2.436298708e-05
2.470528015e-05
2.455021199e-05
2.449781256e-05
2.469202937e-05
2.415113938e-05
2.417222105e-05
2.44872276e-05
2.412295395e-05
2.482549984e-05
2.444668506e-05
2.387762428e-05
2.413976681e-05
2.427065936e-05
2.449519663e-05
2.450038325e-05
2.465423414e-05
2.453299307e-05
2.397217173e-05
2.456547545e-05
2.416001842e-05
2.429927095e-05
2.40983948e-05
2.373618447e-05
2.389085646e-05
2.425997025e-05
2.407203509e-05
2.414010558e-05
2.3924023e-05
2.387685412e-05
2.434153044e-05
2.44269952e-05
2.446402591e-05
2.461153027e-05
2.438380964e-05
2.433783841e-05
2.406863486e-05
2.43575672e-05
2.463638181e-05
2.445433453e-05
2.410667256e-05
2.429555571e-05
2.435607068e-05
2.439985961e-05
2.405670774e-05
2.370363157e-05
2.404684633e-05
2.379841081e-05
2.431308376e-05
2.413526652e-05
2.42264084e-05
2.427081485e-05
2.434294499e-05
2.422068168e-05
2.418085542e-05
2.449459681e-05
2.41223018e-05
2.44708446e-05
2.455446119e-05
2.4589165e-05
2.446577116e-05
2.460643078e-05
2.396959973e-05
2.437355938e-05
2.380985098e-05
2.362425154e-05
2.430508284e-05
2.461605834e-05
2.444762099e-05
2.438936438e-05
2.420215883e-05
2.47083718e-05
2.422603962e-05
2.411131058e-05
2.428488086e-05
2.436815669e-05
2.457786797e-05
2.382265943e-05
2.470081836e-05
2.487759144e-05
2.50024678e-05
2.508556059e-05
2.446675485e-05
2.443960831e-05
2.442387454e-05
2.412218689e-05
2.448600067e-05
2.516143594e-05
2.475606392e-05
2.440726338e-05
2.467642991e-05
2.451210658e-05
2.435676589e-05
2.448616778e-05
2.422380903e-05
2.417767022e-05
2.432891823e-05
2.426533264e-05
2.444521776e-05
2.461176548e-05
2.399975371e-05
2.413000109e-05
2.442126731e-05
2.37856748e-05
2.409674711e-05
2.441712126e-05
2.438815234e-05
2.465026533e-05
2.457206841e-05
2.459616432e-05
2.424970836e-05
2.439177857e-05
2.444577306e-05
2.383782371e-05
2.404436507e-05
2.446242799e-05
2.433685064e-05
2.461893808e-05
2.440220299e-05
2.452742552e-05
2.404927596e-05
2.400392834e-05
2.390244857e-05
2.385763809e-05
2.416336561e-05
2.436472712e-05
2.421500519e-05
2.450140938e-05
2.452903572e-05
2.420057653e-05
2.445891535e-05
2.425079248e-05
2.458379009e-05
2.454966218e-05
2.431746702e-05
2.398652029e-05
2.433294297e-05
2.47509788e-05
2.446251221e-05
2.482928043e-05
2.489658887e-05
2.495712682e-05
2.458085289e-05
2.466402382e-05
2.415755402e-05
2.414368501e-05
2.476006169e-05
2.468457856e-05
2.456809738e-05
2.461179014e-05
2.471585661e-05
2.456959486e-05
2.45672494e-05
2.428790623e-05
2.433955137e-05
2.396433991e-05
2.376070943e-05
2.445795297e-05
2.444827652e-05
2.458113011e-05
2.424450126e-05
2.385855706e-05
2.452982857e-05
2.470267266e-05
2.433855627e-05
2.436276668e-05
2.438620607e-05
2.408178145e-05
2.417599916e-05
2.407473428e-05
2.412679667e-05
2.417777676e-05
2.395426542e-05
2.455299747e-05
2.464047202e-05
2.453375547e-05
2.440149783e-05
2.466058251e-05
2.513729659e-05
2.513518892e-05
2.45579677e-05
2.45245111e-05
2.45849501e-05
2.41799999e-05
2.451291662e-05
2.434425978e-05
2.418026229e-05
2.436098463e-05
2.45652452e-05
2.433421915e-05
2.424491427e-05
2.417146675e-05
2.447889332e-05
2.452129056e-05
2.403781494e-05
2.440547679e-05
2.474700059e-05
2.437110165e-05
2.402148208e-05
2.436627399e-05
2.499233624e-05
2.46672248e-05
2.394764953e-05
2.432073921e-05
2.453423421e-05
2.446992815e-05
2.431780019e-05
2.430350059e-05
2.48321131e-05
2.443180929e-05
2.437478216e-05
2.444901501e-05
2.4235627e-05
2.406292538e-05
2.382357264e-05
2.434362143e-05
2.420149994e-05
2.443485497e-05
2.444419172e-05
2.435893379e-05
2.425880713e-05
2.410809369e-05
2.425767481e-05
2.400058971e-05
2.407102769e-05
2.432272233e-05
2.402441557e-05
2.385603718e-05
2.346180128e-05
2.369509257e-05
2.412918124e-05
2.427854969e-05
2.404210588e-05
2.41934171e-05
2.455325733e-05
2.437283534e-05
2.450571138e-05
2.440821516e-05
2.410162275e-05
2.428429497e-05
2.418630892e-05
2.453668474e-05
2.394710913e-05
2.401235767e-05
2.40058889e-05
2.411047643e-05
2.413511167e-05
2.38812873e-05
2.414198483e-05
2.385134765e-05
2.423540471e-05
2.425645875e-05
2.405943519e-05
2.434894457e-05
2.399055147e-05
2.396287079e-05
2.429430499e-05
2.395504421e-05
2.429039285e-05
2.446338293e-05
2.44703249e-05
2.408642023e-05
2.427757995e-05
2.443288607e-05
2.428079135e-05
2.440323807e-05
2.415806004e-05
2.404779006e-05
2.41406162e-05
2.445769369e-05
2.397724992e-05
2.44429064e-05
2.427612709e-05
2.417970539e-05
2.455103881e-05
2.402122871e-05
2.431911684e-05
2.404769021e-05
2.442782422e-05
2.460562861e-05
2.443551587e-05
2.470363206e-05
2.401547691e-05
2.402112888e-05
2.43877617e-05
2.413032234e-05
2.430407717e-05
2.433225247e-05
2.456530669e-05
2.390968687e-05
2.433996624e-05
2.436772054e-05
2.444697864e-05
2.417509887e-05
2.402163654e-05
2.454478574e-05
2.417695848e-05
2.481855894e-05
2.432820086e-05
2.432818421e-05
2.424519926e-05
2.412238172e-05
2.405760914e-05
2.410246694e-05
2.411919517e-05
2.454704091e-05
2.436517432e-05
2.464799545e-05
2.420607417e-05
2.448472403e-05
2.429797737e-05
2.433240679e-05
2.385892002e-05
2.419446162e-05
2.437863331e-05
2.456207725e-05
2.416358929e-05
2.456853815e-05
2.38243081e-05
2.413068269e-05
2.451480723e-05
2.392070335e-05
2.417772372e-05
2.38810501e-05
2.40406218e-05
2.395312994e-05
2.422169998e-05
2.41435814e-05
2.45304503e-05
2.426479597e-05
2.436659833e-05
2.440022462e-05
2.432533334e-05
2.424704859e-05
2.414382349e-05
2.433328142e-05
2.422572906e-05
2.462885126e-05
2.44664868e-05
2.480904087e-05
2.468712763e-05
2.473327514e-05
2.481698888e-05
2.471931108e-05
2.474039423e-05
2.483936089e-05
2.519901479e-05
2.496394836e-05
2.500064105e-05
2.444657182e-05
2.463988347e-05
2.475351078e-05
2.451244062e-05
2.410949572e-05
2.437866127e-05
2.416515334e-05
2.4344994e-05
2.464201836e-05
2.457001551e-05
2.441549165e-05
2.444084916e-05
2.464821981e-05
2.518461932e-05
2.459743133e-05
2.424589355e-05
2.394167133e-05
2.411993514e-05
2.361519465e-05
2.406893857e-05
2.430186533e-05
2.415973182e-05
2.444546661e-05
2.420395935e-05
2.426145996e-05
2.424677313e-05
2.425012937e-05
2.419232215e-05
2.440878921e-05
2.456266998e-05
2.459754838e-05
2.447899128e-05
2.450212857e-05
2.432881683e-05
2.456313614e-05
2.389694774e-05
2.408222284e-05
2.40882511e-05
2.396206347e-05
2.435293362e-05
2.432319979e-05
2.432887641e-05
2.415119363e-05
2.417622238e-05
2.423464775e-05
2.446088334e-05
2.430263972e-05
2.462682337e-05
2.424406625e-05
2.422913789e-05
2.414096687e-05
2.466499172e-05
2.415515664e-05
2.496788239e-05
2.407928422e-05
2.423074342e-05
2.400567191e-05
2.445864315e-05
2.457710038e-05
2.452347477e-05
2.48108906e-05
2.439448887e-05
2.403836392e-05
2.432462886e-05
2.422638815e-05
2.432262047e-05
2.408089804e-05
2.407134469e-05
2.456641488e-05
2.44442864e-05
2.46814247e-05
2.470903564e-05
2.399908308e-05
2.386458775e-05
2.35797265e-05
2.385588379e-05
2.388841677e-05
2.366887858e-05
2.423865888e-05
2.406723849e-05
2.378073109e-05
2.372549613e-05
2.38356795e-05
2.39834362e-05
2.421213486e-05
2.430920698e-05
2.407072551e-05
2.409305888e-05
2.400719771e-05
2.384421321e-05
2.376914086e-05
2.387853216e-05
2.438807608e-05
2.415081056e-05
2.418795422e-05
2.415665623e-05
2.386385446e-05
2.392423043e-05
2.414045395e-05
2.417603959e-05
2.438110805e-05
2.400479508e-05
2.38266862e-05
2.432939002e-05
2.419919092e-05
2.379614621e-05
2.35763789e-05
2.379407187e-05
2.409040191e-05
2.444435807e-05
2.432115981e-05
2.388630424e-05
2.421499274e-05
2.439688476e-05
2.445110283e-05
2.417760174e-05
2.387156951e-05
2.372583091e-05
2.393844365e-05
2.451776413e-05
2.430737537e-05
2.450358087e-05
2.449192196e-05
2.463372874e-05
2.43710129e-05
2.436180892e-05
2.41708154e-05
2.428871735e-05
2.448157907e-05
2.456113363e-05
2.448456327e-05
2.422230978e-05
2.508713146e-05
2.481195649e-05
2.419895275e-05
2.481562039e-05
2.457873813e-05
2.452086773e-05
2.432809321e-05
2.431024501e-05
2.425138937e-05
2.441900271e-05
2.480503834e-05
2.429894542e-05
2.457506683e-05
2.480074665e-05
2.488554032e-05
2.436984222e-05
2.439302486e-05
2.464771496e-05
2.436725205e-05
2.413455412e-05
2.433536493e-05
2.435336818e-05
2.42427442e-05
2.430404789e-05
2.437558878e-05
2.484297221e-05
2.463996851e-05
2.420879598e-05
2.429201006e-05
2.393104571e-05
2.482105965e-05
2.410739649e-05
2.397551625e-05
2.387754667e-05
2.439153622e-05
2.459486107e-05
2.393741582e-05
2.445009894e-05
2.422024417e-05
2.42182969e-05
2.443110203e-05
2.413782317e-05
2.490025823e-05
2.441066989e-05
2.451377361e-05
2.448554377e-05
2.408169134e-05
2.451934933e-05
2.442746651e-05
2.421582846e-05
2.426785405e-05
2.410759973e-05
2.460071654e-05
2.487125872e-05
2.428849566e-05
2.427988858e-05
2.448700922e-05
2.485856723e-05
2.490219057e-05
2.480908412e-05
2.462138949e-05
2.508483372e-05
2.492467687e-05
2.470551353e-05
2.460228249e-05
2.441062938e-05
2.47063492e-05
2.458110832e-05
2.451541023e-05
2.498517881e-05
2.470242755e-05
2.467967447e-05
2.447166449e-05
2.478863627e-05
2.484952471e-05
2.451034498e-05
2.432223743e-05
2.436833013e-05
2.436662948e-05
2.476781108e-05
2.456548086e-05
2.478016417e-05
2.455750683e-05
2.413965746e-05
2.41927346e-05
2.431431646e-05
2.442398452e-05
2.421121657e-05
2.437908689e-05
2.444141505e-05
2.416929534e-05
2.387239221e-05
2.440944567e-05
2.419570507e-05
2.444366669e-05
2.424944963e-05
2.398719145e-05
2.451913968e-05
2.432874619e-05
2.419552543e-05
2.415997097e-05
2.400683394e-05
2.425559631e-05
2.392047385e-05
2.408450637e-05
2.3880029e-05
2.437021703e-05
2.460161962e-05
2.433391114e-05
2.445969699e-05
2.46251699e-05
2.417444562e-05
2.413679874e-05
2.451141779e-05
2.428038396e-05
2.385431008e-05
2.411451162e-05
2.418051604e-05
2.4217005e-05
2.410777302e-05
2.408768776e-05
2.45030587e-05
2.445627797e-05
2.444300022e-05
2.392474905e-05
2.441369521e-05
2.446871852e-05
2.429248878e-05
2.48579556e-05
2.44875721e-05
2.446281313e-05
2.462585188e-05
2.413272993e-05
2.416141004e-05
2.443908987e-05
2.427534624e-05
2.415146639e-05
2.477758305e-05
2.415051049e-05
2.431829574e-05
2.376112701e-05
2.430797204e-05
2.40521791e-05
2.402726665e-05
2.371616164e-05
2.392299176e-05
2.368669876e-05
2.423983705e-05
2.37255564e-05
2.378728319e-05
2.42182758e-05
2.383322333e-05
2.441247139e-05
2.413587061e-05
2.411296362e-05
2.390805681e-05
2.428948926e-05
2.387458003e-05
2.370351014e-05
2.431478559e-05
2.410277274e-05
2.402026812e-05
2.412262028e-05
2.430523732e-05
2.438740887e-05
2.389371189e-05
2.410089272e-05
2.42337193e-05
2.415435918e-05
2.420564167e-05
2.406650901e-05
2.412248078e-05
2.395948601e-05
2.420525999e-05
2.400997676e-05
2.361318921e-05
2.411323243e-05
2.434993281e-05
2.361396176e-05
2.391777389e-05
2.416508803e-05
2.410131206e-05
2.442641275e-05
2.412163974e-05
2.366261083e-05
2.372838852e-05
2.380544838e-05
2.455775498e-05
2.442525258e-05
2.446579078e-05
2.470489795e-05
2.402188982e-05
2.419547692e-05
2.450564985e-05
2.453251715e-05
2.491146689e-05
2.45856567e-05
2.445374966e-05
2.442965595e-05
2.453859964e-05
2.487940618e-05
2.459322353e-05
2.470483349e-05
2.46746208e-05
2.513143262e-05
2.431037648e-05
2.479554914e-05
2.444860363e-05
2.456076621e-05
2.492790693e-05
2.487811145e-05
2.430390717e-05
2.443200139e-05
2.430682349e-05
2.468059204e-05
2.425259783e-05
2.446749148e-05
2.481433426e-05
2.44129404e-05
2.437916135e-05
2.412238058e-05
2.395875027e-05
2.412164659e-05
2.408953828e-05
2.425149802e-05
2.421883517e-05
2.417224261e-05
2.464671163e-05
2.459696571e-05
2.394706947e-05
2.418815976e-05
2.416636052e-05
2.470214466e-05
2.462039546e-05
2.421613704e-05
2.40171892e-05
2.420083941e-05
2.401117644e-05
2.441311432e-05
2.370530433e-05
2.431551974e-05
2.409988909e-05
2.422468315e-05
2.414295508e-05
2.413097232e-05
2.423745334e-05
2.460218805e-05
2.431661794e-05
2.409118038e-05
2.398615901e-05
2.379886991e-05
2.44744571e-05
2.497320676e-05
2.462800223e-05
2.442963587e-05
2.442187588e-05
2.44442062e-05
2.469909231e-05
2.465324288e-05
2.485139764e-05
2.453107142e-05
2.44276094e-05
2.444782359e-05
2.451787078e-05
2.457528684e-05
2.433542314e-05
2.457452573e-05
2.474979854e-05
2.486722728e-05
2.505153888e-05
2.524074638e-05
2.459948565e-05
2.439015097e-05
2.47817299e-05
2.459841318e-05
2.433155563e-05
2.451740909e-05
2.418043421e-05
2.47927234e-05
2.464835505e-05
2.395662462e-05
2.394236096e-05
2.424934114e-05
2.40396101e-05
2.435453969e-05
2.465407851e-05
2.468232629e-05
2.397017122e-05
2.420582285e-05
2.420099732e-05
2.388109475e-05
2.423830293e-05
2.420551089e-05
2.408183435e-05
2.417538402e-05
2.390933777e-05
2.416837455e-05
2.387778645e-05
2.409188837e-05
2.421478313e-05
2.419004328e-05
2.426860131e-05
2.403634481e-05
2.478047111e-05
2.399578523e-05
2.406618015e-05
2.408637129e-05
2.432955987e-05
2.446552161e-05
2.449203646e-05
2.502004982e-05
2.467323797e-05
2.447029486e-05
2.405250059e-05
2.404270313e-05
2.400775939e-05
2.440482557e-05
2.445451101e-05
2.413329091e-05
2.408526971e-05
2.456859874e-05
2.487168707e-05
2.448372363e-05
2.451354769e-05
2.442315522e-05
2.447758148e-05
2.414358302e-05
2.431608083e-05
2.438271417e-05
2.410174242e-05
2.409163207e-05
2.445001304e-05
2.427563701e-05
2.420977282e-05
2.422692506e-05
2.425349911e-05
2.394590742e-05
2.429065257e-05
2.465209698e-05
2.412328757e-05
2.412090849e-05
2.430334593e-05
2.417265007e-05
2.400665829e-05
2.416092024e-05
2.358670518e-05
2.384716971e-05
2.423853047e-05
2.368535614e-05
2.376329125e-05
2.402019404e-05
2.442909515e-05
2.435736837e-05
2.370999545e-05
2.390484248e-05
2.439006626e-05
2.380485252e-05
2.405154809e-05
2.413248765e-05
2.361417077e-05
2.420301529e-05
2.405027014e-05
2.397497501e-05
2.402877001e-05
2.42707061e-05
2.368698551e-05
2.413398757e-05
2.377838635e-05
2.386468716e-05
2.42438181e-05
2.402282875e-05
2.410218529e-05
2.41077781e-05
2.439130592e-05
2.374635061e-05
2.368263613e-05
2.404907147e-05
2.392669483e-05
2.424969375e-05
2.419108359e-05
2.417439683e-05
2.446733055e-05
2.437458782e-05
2.390349878e-05
2.389301267e-05
2.368600046e-05
2.437177238e-05
2.442831386e-05
2.465315618e-05
2.476631252e-05
2.472760148e-05
2.389848748e-05
2.415816094e-05
2.396741794e-05
2.45284215e-05
2.507783867e-05
2.473755848e-05
2.463530954e-05
2.446153707e-05
2.44319925e-05
2.467857419e-05
2.448830747e-05
2.455059267e-05
2.458960053e-05
2.469367344e-05
2.488671668e-05
2.477001755e-05
2.445903052e-05
2.459626193e-05
2.437507446e-05
2.434031233e-05
2.463003684e-05
2.407426836e-05
2.48116438e-05
2.42146136e-05
2.4704002e-05
2.451215852e-05
2.418641156e-05
2.391479703e-05
2.439021866e-05
2.43141822e-05
2.416331088e-05
2.431815995e-05
2.457251907e-05
2.423761604e-05
2.448873197e-05
2.445098303e-05
2.463676869e-05
2.441054645e-05
2.460990697e-05
2.431190477e-05
2.423591772e-05
2.457920792e-05
2.414161289e-05
2.394952206e-05
2.420707605e-05
2.45480669e-05
2.358975801e-05
2.376247519e-05
2.403397348e-05
2.414986388e-05
2.452541612e-05
2.411314268e-05
2.401525763e-05
2.367028751e-05
2.448740137e-05
2.407153036e-05
2.370494427e-05
2.37360455e-05
2.446189673e-05
2.461638166e-05
2.451387852e-05
2.46565872e-05
2.44329576e-05
2.494028271e-05
2.459601747e-05
2.488554929e-05
2.489044438e-05
2.484974339e-05
2.45136502e-05
2.439846565e-05
2.457548478e-05
2.430115187e-05
2.403778248e-05
2.45615385e-05
2.454005121e-05
2.445055208e-05
2.485085532e-05
2.504689877e-05
2.472063407e-05
2.508478427e-05
2.530289195e-05
2.511427e-05
2.479627316e-05
2.453779567e-05
2.430307666e-05
2.431084808e-05
2.420493937e-05
2.422315734e-05
2.453201266e-05
2.406139698e-05
2.391647431e-05
2.386490623e-05
2.375159682e-05
2.431110567e-05
2.428340937e-05
2.416081199e-05
2.38798089e-05
2.401788305e-05
2.380275615e-05
2.368571689e-05
2.335013576e-05
2.392997116e-05
2.4317802e-05
2.378846787e-05
2.385249603e-05
2.398183814e-05
2.392386895e-05
2.398075756e-05
2.411601734e-05
2.416322597e-05
2.427059495e-05
2.40612021e-05
)
;

boundaryField
{
    bottom
    {
        type            calculated;
        value           nonuniform List<scalar> 
200
(
2.460273396e-05
2.444437162e-05
2.443793984e-05
2.416111494e-05
2.406258343e-05
2.455409413e-05
2.44246802e-05
2.478426518e-05
2.475607116e-05
2.452889465e-05
2.440968794e-05
2.440101789e-05
2.44707614e-05
2.456657705e-05
2.385755138e-05
2.428286847e-05
2.436298708e-05
2.470528015e-05
2.455021199e-05
2.449781256e-05
2.469202937e-05
2.415113938e-05
2.417222105e-05
2.44872276e-05
2.412295395e-05
2.482549984e-05
2.444668506e-05
2.387762428e-05
2.413976681e-05
2.427065936e-05
2.449519663e-05
2.450038325e-05
2.465423414e-05
2.453299307e-05
2.397217173e-05
2.456547545e-05
2.416001842e-05
2.429927095e-05
2.40983948e-05
2.373618447e-05
2.389085646e-05
2.425997025e-05
2.407203509e-05
2.414010558e-05
2.3924023e-05
2.387685412e-05
2.434153044e-05
2.44269952e-05
2.446402591e-05
2.461153027e-05
2.438380964e-05
2.433783841e-05
2.406863486e-05
2.43575672e-05
2.463638181e-05
2.445433453e-05
2.410667256e-05
2.429555571e-05
2.435607068e-05
2.439985961e-05
2.405670774e-05
2.370363157e-05
2.404684633e-05
2.379841081e-05
2.431308376e-05
2.413526652e-05
2.42264084e-05
2.427081485e-05
2.434294499e-05
2.422068168e-05
2.418085542e-05
2.449459681e-05
2.41223018e-05
2.44708446e-05
2.455446119e-05
2.4589165e-05
2.446577116e-05
2.460643078e-05
2.396959973e-05
2.437355938e-05
2.380985098e-05
2.362425154e-05
2.430508284e-05
2.461605834e-05
2.444762099e-05
2.438936438e-05
2.420215883e-05
2.47083718e-05
2.422603962e-05
2.411131058e-05
2.428488086e-05
2.436815669e-05
2.457786797e-05
2.382265943e-05
2.470081836e-05
2.487759144e-05
2.50024678e-05
2.508556059e-05
2.446675485e-05
2.443960831e-05
2.442387454e-05
2.412218689e-05
2.448600067e-05
2.516143594e-05
2.475606392e-05
2.440726338e-05
2.467642991e-05
2.451210658e-05
2.435676589e-05
2.448616778e-05
2.422380903e-05
2.417767022e-05
2.432891823e-05
2.426533264e-05
2.444521776e-05
2.461176548e-05
2.399975371e-05
2.413000109e-05
2.442126731e-05
2.37856748e-05
2.409674711e-05
2.441712126e-05
2.438815234e-05
2.465026533e-05
2.457206841e-05
2.459616432e-05
2.424970836e-05
2.439177857e-05
2.444577306e-05
2.383782371e-05
2.404436507e-05
2.446242799e-05
2.433685064e-05
2.461893808e-05
2.440220299e-05
2.452742552e-05
2.404927596e-05
2.400392834e-05
2.390244857e-05
2.385763809e-05
2.416336561e-05
2.436472712e-05
2.421500519e-05
2.450140938e-05
2.452903572e-05
2.420057653e-05
2.445891535e-05
2.425079248e-05
2.458379009e-05
2.454966218e-05
2.431746702e-05
2.398652029e-05
2.433294297e-05
2.47509788e-05
2.446251221e-05
2.482928043e-05
2.489658887e-05
2.495712682e-05
2.458085289e-05
2.466402382e-05
2.415755402e-05
2.414368501e-05
2.476006169e-05
2.468457856e-05
2.456809738e-05
2.461179014e-05
2.471585661e-05
2.456959486e-05
2.45672494e-05
2.428790623e-05
2.433955137e-05
2.396433991e-05
2.376070943e-05
2.445795297e-05
2.444827652e-05
2.458113011e-05
2.424450126e-05
2.385855706e-05
2.452982857e-05
2.470267266e-05
2.433855627e-05
2.436276668e-05
2.438620607e-05
2.408178145e-05
2.417599916e-05
2.407473428e-05
2.412679667e-05
2.417777676e-05
2.395426542e-05
2.455299747e-05
2.464047202e-05
2.453375547e-05
2.440149783e-05
2.466058251e-05
2.513729659e-05
2.513518892e-05
2.45579677e-05
2.45245111e-05
2.45849501e-05
2.41799999e-05
)
;
    }
    top
    {
        type            calculated;
        value           nonuniform List<scalar> 
200
(
2.478047111e-05
2.399578523e-05
2.406618015e-05
2.408637129e-05
2.432955987e-05
2.446552161e-05
2.449203646e-05
2.502004982e-05
2.467323797e-05
2.447029486e-05
2.405250059e-05
2.404270313e-05
2.400775939e-05
2.440482557e-05
2.445451101e-05
2.413329091e-05
2.408526971e-05
2.456859874e-05
2.487168707e-05
2.448372363e-05
2.451354769e-05
2.442315522e-05
2.447758148e-05
2.414358302e-05
2.431608083e-05
2.438271417e-05
2.410174242e-05
2.409163207e-05
2.445001304e-05
2.427563701e-05
2.420977282e-05
2.422692506e-05
2.425349911e-05
2.394590742e-05
2.429065257e-05
2.465209698e-05
2.412328757e-05
2.412090849e-05
2.430334593e-05
2.417265007e-05
2.400665829e-05
2.416092024e-05
2.358670518e-05
2.384716971e-05
2.423853047e-05
2.368535614e-05
2.376329125e-05
2.402019404e-05
2.442909515e-05
2.435736837e-05
2.370999545e-05
2.390484248e-05
2.439006626e-05
2.380485252e-05
2.405154809e-05
2.413248765e-05
2.361417077e-05
2.420301529e-05
2.405027014e-05
2.397497501e-05
2.402877001e-05
2.42707061e-05
2.368698551e-05
2.413398757e-05
2.377838635e-05
2.386468716e-05
2.42438181e-05
2.402282875e-05
2.410218529e-05
2.41077781e-05
2.439130592e-05
2.374635061e-05
2.368263613e-05
2.404907147e-05
2.392669483e-05
2.424969375e-05
2.419108359e-05
2.417439683e-05
2.446733055e-05
2.437458782e-05
2.390349878e-05
2.389301267e-05
2.368600046e-05
2.437177238e-05
2.442831386e-05
2.465315618e-05
2.476631252e-05
2.472760148e-05
2.389848748e-05
2.415816094e-05
2.396741794e-05
2.45284215e-05
2.507783867e-05
2.473755848e-05
2.463530954e-05
2.446153707e-05
2.44319925e-05
2.467857419e-05
2.448830747e-05
2.455059267e-05
2.458960053e-05
2.469367344e-05
2.488671668e-05
2.477001755e-05
2.445903052e-05
2.459626193e-05
2.437507446e-05
2.434031233e-05
2.463003684e-05
2.407426836e-05
2.48116438e-05
2.42146136e-05
2.4704002e-05
2.451215852e-05
2.418641156e-05
2.391479703e-05
2.439021866e-05
2.43141822e-05
2.416331088e-05
2.431815995e-05
2.457251907e-05
2.423761604e-05
2.448873197e-05
2.445098303e-05
2.463676869e-05
2.441054645e-05
2.460990697e-05
2.431190477e-05
2.423591772e-05
2.457920792e-05
2.414161289e-05
2.394952206e-05
2.420707605e-05
2.45480669e-05
2.358975801e-05
2.376247519e-05
2.403397348e-05
2.414986388e-05
2.452541612e-05
2.411314268e-05
2.401525763e-05
2.367028751e-05
2.448740137e-05
2.407153036e-05
2.370494427e-05
2.37360455e-05
2.446189673e-05
2.461638166e-05
2.451387852e-05
2.46565872e-05
2.44329576e-05
2.494028271e-05
2.459601747e-05
2.488554929e-05
2.489044438e-05
2.484974339e-05
2.45136502e-05
2.439846565e-05
2.457548478e-05
2.430115187e-05
2.403778248e-05
2.45615385e-05
2.454005121e-05
2.445055208e-05
2.485085532e-05
2.504689877e-05
2.472063407e-05
2.508478427e-05
2.530289195e-05
2.511427e-05
2.479627316e-05
2.453779567e-05
2.430307666e-05
2.431084808e-05
2.420493937e-05
2.422315734e-05
2.453201266e-05
2.406139698e-05
2.391647431e-05
2.386490623e-05
2.375159682e-05
2.431110567e-05
2.428340937e-05
2.416081199e-05
2.38798089e-05
2.401788305e-05
2.380275615e-05
2.368571689e-05
2.335013576e-05
2.392997116e-05
2.4317802e-05
2.378846787e-05
2.385249603e-05
2.398183814e-05
2.392386895e-05
2.398075756e-05
2.411601734e-05
2.416322597e-05
2.427059495e-05
2.40612021e-05
)
;
    }
    inlet
    {
        type            cyclic;
    }
    outlet
    {
        type            cyclic;
    }
    back
    {
        type            symmetry;
    }
    front
    {
        type            symmetry;
    }
}


// ************************************************************************* //
