/*--------------------------------*- C++ -*----------------------------------*\
| =========                 |                                                 |
| \\      /  F ield         | OpenFOAM: The Open Source CFD Toolbox           |
|  \\    /   O peration     | Version:  v1706                                 |
|   \\  /    A nd           | Web:      www.OpenFOAM.com                      |
|    \\/     M anipulation  |                                                 |
\*---------------------------------------------------------------------------*/
FoamFile
{
    version     2.0;
    format      ascii;
    class       volScalarField;
    location    "0.02";
    object      meanCollisionTime_N2;
}
// * * * * * * * * * * * * * * * * * * * * * * * * * * * * * * * * * * * * * //

dimensions      [0 0 1 0 0 0 0];


internalField   nonuniform List<scalar> 
5120
(
3.543667685e-05
3.546081422e-05
3.547851004e-05
3.546455832e-05
3.548844796e-05
3.543244367e-05
3.545416329e-05
3.54593323e-05
3.558411117e-05
3.557505982e-05
3.559023307e-05
3.560735387e-05
3.562792693e-05
3.56337537e-05
3.556291951e-05
3.559371997e-05
3.568282468e-05
3.556404449e-05
3.558130387e-05
3.554776376e-05
3.572824887e-05
3.576128254e-05
3.566624635e-05
3.560973088e-05
3.56757952e-05
3.58390003e-05
3.582431438e-05
3.577540447e-05
3.565121224e-05
3.575289326e-05
3.555724971e-05
3.555069194e-05
3.57201212e-05
3.568884127e-05
3.573463418e-05
3.561502134e-05
3.571974877e-05
3.55912412e-05
3.570092593e-05
3.565147595e-05
3.576224455e-05
3.573067729e-05
3.578355293e-05
3.571806669e-05
3.561897324e-05
3.560490494e-05
3.570976441e-05
3.564679989e-05
3.564748138e-05
3.561209863e-05
3.564281749e-05
3.557898395e-05
3.557323494e-05
3.559972556e-05
3.551093704e-05
3.560860478e-05
3.558811926e-05
3.57179242e-05
3.570524038e-05
3.573883423e-05
3.56823684e-05
3.576501424e-05
3.569040388e-05
3.564756773e-05
3.570707634e-05
3.574755955e-05
3.571084988e-05
3.570132298e-05
3.570732309e-05
3.572061992e-05
3.572497862e-05
3.576175712e-05
3.581284524e-05
3.592599572e-05
3.587692071e-05
3.589894899e-05
3.58629533e-05
3.567162508e-05
3.572611519e-05
3.579469582e-05
3.572352176e-05
3.567969593e-05
3.560627594e-05
3.573799224e-05
3.572622659e-05
3.579563336e-05
3.585358588e-05
3.586891035e-05
3.587800444e-05
3.586214381e-05
3.582823201e-05
3.565640748e-05
3.57775053e-05
3.566562551e-05
3.566362702e-05
3.578708056e-05
3.577946739e-05
3.578777916e-05
3.578870965e-05
3.572064902e-05
3.585227398e-05
3.580648352e-05
3.573810938e-05
3.584166743e-05
3.55727083e-05
3.562976662e-05
3.579932877e-05
3.592017858e-05
3.600643091e-05
3.58956425e-05
3.592129921e-05
3.57836325e-05
3.582724215e-05
3.568612709e-05
3.579257065e-05
3.577764629e-05
3.583427979e-05
3.583324469e-05
3.585525313e-05
3.583124439e-05
3.589683483e-05
3.600908365e-05
3.594780479e-05
3.580806961e-05
3.586811945e-05
3.585207193e-05
3.58780858e-05
3.582965701e-05
3.583480078e-05
3.592885303e-05
3.598210457e-05
3.579613844e-05
3.573863987e-05
3.575319254e-05
3.580307505e-05
3.575957395e-05
3.581377557e-05
3.584782915e-05
3.579856951e-05
3.597238499e-05
3.585388498e-05
3.584084461e-05
3.589416958e-05
3.592419615e-05
3.597102787e-05
3.600969036e-05
3.60771822e-05
3.603894963e-05
3.606422645e-05
3.595999157e-05
3.595546693e-05
3.603408226e-05
3.594580611e-05
3.574191276e-05
3.566335654e-05
3.567737359e-05
3.566789476e-05
3.571351031e-05
3.576360284e-05
3.576329062e-05
3.571880035e-05
3.580460824e-05
3.575181527e-05
3.588805765e-05
3.590095119e-05
3.575337356e-05
3.577713001e-05
3.587837562e-05
3.581592306e-05
3.589781717e-05
3.578835018e-05
3.579243982e-05
3.581930436e-05
3.584367912e-05
3.585399503e-05
3.576763425e-05
3.563184143e-05
3.568414002e-05
3.570075756e-05
3.5616568e-05
3.581538076e-05
3.578930202e-05
3.580796249e-05
3.590389899e-05
3.582203821e-05
3.589997576e-05
3.563598658e-05
3.559637357e-05
3.565186004e-05
3.587889352e-05
3.607865142e-05
3.594066128e-05
3.586773186e-05
3.582664891e-05
3.576037977e-05
3.593112003e-05
3.601716824e-05
3.600609864e-05
3.582224116e-05
3.575410608e-05
3.560898121e-05
3.547495038e-05
3.552198334e-05
3.544644865e-05
3.5600592e-05
3.569092468e-05
3.579851669e-05
3.586259326e-05
3.593839677e-05
3.590499277e-05
3.573976569e-05
3.564145482e-05
3.565258873e-05
3.560839697e-05
3.574232282e-05
3.579503666e-05
3.56574616e-05
3.570101742e-05
3.577284824e-05
3.575360634e-05
3.582445494e-05
3.589290801e-05
3.581939773e-05
3.581584704e-05
3.573955443e-05
3.568256644e-05
3.560033735e-05
3.567827556e-05
3.573715241e-05
3.574786447e-05
3.576583787e-05
3.567634924e-05
3.574476375e-05
3.573423034e-05
3.565705435e-05
3.571208728e-05
3.571199332e-05
3.571370493e-05
3.580015985e-05
3.587289537e-05
3.568272265e-05
3.567704328e-05
3.564306951e-05
3.571550727e-05
3.576392317e-05
3.576770282e-05
3.575169845e-05
3.585345039e-05
3.580025796e-05
3.582773378e-05
3.579764688e-05
3.568325654e-05
3.569571908e-05
3.560014651e-05
3.556348682e-05
3.564747489e-05
3.560033397e-05
3.564656421e-05
3.561136237e-05
3.560536361e-05
3.548884682e-05
3.554337373e-05
3.561127693e-05
3.558127319e-05
3.564438752e-05
3.575350889e-05
3.581072541e-05
3.569518854e-05
3.570353592e-05
3.563254696e-05
3.553585615e-05
3.555007626e-05
3.546702729e-05
3.548601545e-05
3.556405431e-05
3.558971426e-05
3.56806378e-05
3.565239526e-05
3.563418052e-05
3.57665718e-05
3.579011755e-05
3.580553976e-05
3.587161462e-05
3.588695702e-05
3.578919878e-05
3.576459917e-05
3.58431541e-05
3.584640748e-05
3.563472274e-05
3.563762362e-05
3.550586403e-05
3.563757722e-05
3.559257014e-05
3.568356949e-05
3.570557161e-05
3.594041627e-05
3.583845894e-05
3.567059606e-05
3.556158266e-05
3.562571586e-05
3.563273549e-05
3.560992826e-05
3.566571255e-05
3.567797797e-05
3.577442935e-05
3.572789166e-05
3.560974043e-05
3.552524614e-05
3.548384961e-05
3.555210837e-05
3.578169539e-05
3.577532171e-05
3.579734078e-05
3.579569755e-05
3.582713286e-05
3.568470848e-05
3.558201019e-05
3.560378465e-05
3.567087368e-05
3.567025818e-05
3.564407064e-05
3.557882869e-05
3.567600454e-05
3.567394671e-05
3.558467511e-05
3.550700827e-05
3.560412218e-05
3.568646006e-05
3.569269358e-05
3.554546786e-05
3.541654185e-05
3.559627113e-05
3.574786755e-05
3.576725094e-05
3.560559088e-05
3.565277284e-05
3.574934893e-05
3.566525475e-05
3.571112054e-05
3.573707792e-05
3.56973558e-05
3.576432912e-05
3.572644186e-05
3.57184818e-05
3.569211254e-05
3.558016391e-05
3.572849831e-05
3.571895593e-05
3.577602011e-05
3.571437971e-05
3.580864306e-05
3.568987405e-05
3.556678703e-05
3.561455122e-05
3.577898284e-05
3.579178508e-05
3.572642566e-05
3.581240655e-05
3.583114928e-05
3.577896862e-05
3.570050473e-05
3.554188624e-05
3.560950789e-05
3.562527924e-05
3.562939923e-05
3.567926761e-05
3.565925166e-05
3.567624269e-05
3.567014703e-05
3.580608065e-05
3.581823938e-05
3.576698271e-05
3.565253432e-05
3.567098131e-05
3.56635999e-05
3.555783351e-05
3.551951202e-05
3.554391483e-05
3.561443888e-05
3.559893339e-05
3.585753133e-05
3.582485604e-05
3.578754858e-05
3.582660342e-05
3.585592494e-05
3.567666851e-05
3.563868628e-05
3.562736736e-05
3.566405399e-05
3.568366259e-05
3.57494676e-05
3.58613612e-05
3.581369604e-05
3.582447416e-05
3.579760992e-05
3.57508193e-05
3.570671927e-05
3.590338146e-05
3.58213208e-05
3.587748846e-05
3.56412896e-05
3.563966499e-05
3.570259992e-05
3.572741625e-05
3.569421553e-05
3.558099751e-05
3.553083927e-05
3.543159582e-05
3.556053538e-05
3.555524493e-05
3.563914531e-05
3.56205564e-05
3.566963154e-05
3.572932368e-05
3.590870551e-05
3.581984199e-05
3.589239254e-05
3.59077988e-05
3.583369944e-05
3.569031737e-05
3.572642624e-05
3.570786964e-05
3.568008509e-05
3.568513985e-05
3.574989566e-05
3.570692039e-05
3.560071606e-05
3.554552239e-05
3.560464777e-05
3.565936124e-05
3.559483777e-05
3.583046568e-05
3.579123833e-05
3.572974586e-05
3.576577245e-05
3.580967179e-05
3.577402917e-05
3.582004873e-05
3.577353208e-05
3.579185421e-05
3.578182829e-05
3.583668082e-05
3.576322941e-05
3.582659205e-05
3.574655907e-05
3.568970121e-05
3.563989149e-05
3.566977387e-05
3.557969382e-05
3.561622286e-05
3.560231425e-05
3.573055699e-05
3.581164426e-05
3.573757934e-05
3.575907796e-05
3.569855893e-05
3.568763677e-05
3.571722095e-05
3.570736695e-05
3.575602804e-05
3.558522725e-05
3.561297048e-05
3.560195994e-05
3.556447054e-05
3.561424701e-05
3.566884994e-05
3.570414969e-05
3.582397166e-05
3.5866151e-05
3.578883949e-05
3.570702611e-05
3.574068354e-05
3.561113863e-05
3.566620409e-05
3.568766299e-05
3.560100876e-05
3.569871202e-05
3.574391656e-05
3.579163155e-05
3.558842204e-05
3.575563958e-05
3.570984641e-05
3.580752033e-05
3.578449661e-05
3.587142826e-05
3.588271252e-05
3.583104651e-05
3.575439515e-05
3.586792643e-05
3.583024288e-05
3.588977754e-05
3.586831706e-05
3.579647396e-05
3.574540513e-05
3.561996042e-05
3.559756045e-05
3.563057313e-05
3.560434015e-05
3.559567095e-05
3.564534931e-05
3.596925059e-05
3.593005839e-05
3.591562371e-05
3.583180587e-05
3.571434831e-05
3.56918628e-05
3.581691752e-05
3.575818477e-05
3.570709059e-05
3.571236741e-05
3.563222332e-05
3.568063457e-05
3.578241329e-05
3.586027144e-05
3.600884751e-05
3.595282625e-05
3.589995582e-05
3.586480167e-05
3.584084918e-05
3.594260545e-05
3.571662563e-05
3.578840076e-05
3.57709379e-05
3.565131318e-05
3.567979006e-05
3.569203656e-05
3.577265546e-05
3.562099818e-05
3.567524294e-05
3.567056676e-05
3.58388436e-05
3.604047838e-05
3.594319321e-05
3.592832335e-05
3.583376988e-05
3.57987047e-05
3.576388364e-05
3.573557105e-05
3.56887825e-05
3.568453973e-05
3.564021005e-05
3.569807991e-05
3.558457667e-05
3.562383008e-05
3.567264421e-05
3.563255723e-05
3.55664302e-05
3.557455711e-05
3.566344029e-05
3.565093303e-05
3.564901996e-05
3.555738356e-05
3.573065053e-05
3.580939706e-05
3.584652624e-05
3.575868176e-05
3.572865871e-05
3.568609865e-05
3.559914207e-05
3.563261044e-05
3.558630109e-05
3.560804952e-05
3.554345383e-05
3.559579189e-05
3.560685123e-05
3.568001628e-05
3.579452852e-05
3.565456514e-05
3.549397246e-05
3.544337475e-05
3.554494457e-05
3.562158529e-05
3.563248798e-05
3.562703281e-05
3.559318467e-05
3.56883336e-05
3.568841967e-05
3.56129843e-05
3.568153756e-05
3.565940263e-05
3.587443351e-05
3.57793334e-05
3.579427377e-05
3.570157342e-05
3.56558621e-05
3.571422602e-05
3.570514681e-05
3.576512306e-05
3.579999577e-05
3.568071337e-05
3.569360655e-05
3.566519355e-05
3.57148163e-05
3.569213469e-05
3.561908377e-05
3.567077238e-05
3.563677096e-05
3.566286029e-05
3.577908843e-05
3.572873283e-05
3.562580764e-05
3.560837421e-05
3.554812853e-05
3.553780187e-05
3.550368112e-05
3.546445589e-05
3.555240417e-05
3.553961433e-05
3.567534099e-05
3.572846162e-05
3.573624627e-05
3.561116745e-05
3.549289141e-05
3.565239273e-05
3.570039931e-05
3.557891409e-05
3.563400249e-05
3.558242889e-05
3.56266718e-05
3.568482941e-05
3.552675866e-05
3.565429976e-05
3.568676804e-05
3.569921197e-05
3.568632868e-05
3.572465805e-05
3.572398235e-05
3.555628397e-05
3.563685828e-05
3.574393758e-05
3.566931424e-05
3.564731473e-05
3.571944983e-05
3.56563884e-05
3.562425727e-05
3.569707884e-05
3.567681128e-05
3.568084976e-05
3.557596421e-05
3.548609752e-05
3.582700103e-05
3.584558047e-05
3.576444557e-05
3.57855533e-05
3.574838304e-05
3.562676351e-05
3.561591881e-05
3.572303099e-05
3.574835217e-05
3.564234287e-05
3.561192519e-05
3.563500261e-05
3.54908917e-05
3.552457332e-05
3.550999803e-05
3.567901367e-05
3.565778419e-05
3.567788091e-05
3.577252335e-05
3.575109958e-05
3.582138898e-05
3.58520988e-05
3.582645386e-05
3.582275465e-05
3.584904152e-05
3.58886499e-05
3.582776025e-05
3.587394369e-05
3.588473341e-05
3.581983424e-05
3.570579432e-05
3.561732458e-05
3.56932267e-05
3.566562416e-05
3.561772042e-05
3.569367556e-05
3.577740801e-05
3.573290238e-05
3.574062591e-05
3.570194745e-05
3.567277782e-05
3.563671304e-05
3.564029423e-05
3.558843478e-05
3.55913715e-05
3.566151747e-05
3.562298033e-05
3.584287447e-05
3.587905104e-05
3.587569308e-05
3.597741112e-05
3.596724869e-05
3.601101748e-05
3.591127486e-05
3.607075946e-05
3.58779038e-05
3.576683762e-05
3.572036211e-05
3.567441549e-05
3.568679837e-05
3.587083827e-05
3.569481357e-05
3.570826626e-05
3.569421224e-05
3.562315935e-05
3.569078739e-05
3.572796654e-05
3.569940591e-05
3.571681199e-05
3.578431685e-05
3.569436891e-05
3.577510554e-05
3.591390358e-05
3.572615477e-05
3.566191527e-05
3.570232262e-05
3.576862176e-05
3.579755537e-05
3.585662531e-05
3.589175654e-05
3.572708794e-05
3.570192757e-05
3.574595894e-05
3.572043147e-05
3.57795079e-05
3.567214573e-05
3.575644605e-05
3.573152748e-05
3.563236803e-05
3.551570011e-05
3.549158907e-05
3.556756619e-05
3.565737593e-05
3.569588846e-05
3.582637182e-05
3.595545758e-05
3.58600117e-05
3.580911354e-05
3.573636033e-05
3.565336377e-05
3.576030553e-05
3.567786298e-05
3.560188676e-05
3.573152189e-05
3.567468078e-05
3.569955373e-05
3.576094817e-05
3.580372899e-05
3.577371391e-05
3.579957218e-05
3.583242169e-05
3.574660895e-05
3.574076875e-05
3.571950207e-05
3.571502807e-05
3.569753913e-05
3.57339699e-05
3.5648854e-05
3.580682552e-05
3.584727134e-05
3.584478392e-05
3.590140359e-05
3.594527701e-05
3.58044112e-05
3.567724683e-05
3.580925643e-05
3.583584641e-05
3.565493206e-05
3.557106537e-05
3.553726047e-05
3.554025487e-05
3.559056607e-05
3.566251778e-05
3.579345158e-05
3.58946525e-05
3.580192441e-05
3.572512926e-05
3.56809504e-05
3.575656095e-05
3.581993555e-05
3.583394069e-05
3.566837597e-05
3.573184095e-05
3.578240499e-05
3.587826332e-05
3.583524322e-05
3.559259197e-05
3.569082719e-05
3.574854557e-05
3.570742946e-05
3.569601904e-05
3.571815837e-05
3.584521121e-05
3.594344851e-05
3.580893577e-05
3.584192791e-05
3.587832166e-05
3.603797878e-05
3.597119904e-05
3.596407397e-05
3.570123985e-05
3.571957346e-05
3.577727537e-05
3.579227161e-05
3.575353373e-05
3.576193015e-05
3.580819118e-05
3.586540448e-05
3.576961511e-05
3.575248621e-05
3.572831428e-05
3.567953249e-05
3.572362039e-05
3.570676738e-05
3.587732036e-05
3.580942054e-05
3.57394925e-05
3.570266067e-05
3.565676925e-05
3.569513076e-05
3.601302212e-05
3.60440528e-05
3.588150603e-05
3.587273426e-05
3.58635076e-05
3.586559149e-05
3.588225863e-05
3.594048342e-05
3.589380009e-05
3.578374952e-05
3.576779669e-05
3.576425834e-05
3.57478524e-05
3.575176508e-05
3.569189594e-05
3.575518272e-05
3.583420244e-05
3.580192279e-05
3.583985918e-05
3.592874457e-05
3.567637934e-05
3.550539761e-05
3.567666096e-05
3.580570012e-05
3.578895248e-05
3.565237246e-05
3.559001736e-05
3.56108041e-05
3.560779353e-05
3.571258819e-05
3.566348841e-05
3.572296784e-05
3.571947816e-05
3.575093868e-05
3.573343444e-05
3.567046569e-05
3.566484468e-05
3.576013858e-05
3.577143459e-05
3.570476032e-05
3.571874331e-05
3.565278819e-05
3.562495372e-05
3.551225895e-05
3.554455423e-05
3.565071183e-05
3.57071241e-05
3.566694053e-05
3.567174647e-05
3.559590863e-05
3.556338944e-05
3.563398558e-05
3.568336617e-05
3.551947819e-05
3.557764518e-05
3.567924629e-05
3.572512295e-05
3.573286128e-05
3.572102519e-05
3.568967244e-05
3.570473826e-05
3.568326855e-05
3.57508998e-05
3.5763001e-05
3.560878704e-05
3.550417147e-05
3.55824448e-05
3.548402722e-05
3.556513518e-05
3.565401299e-05
3.561226754e-05
3.546227521e-05
3.550867143e-05
3.561904822e-05
3.564891692e-05
3.57120138e-05
3.569493989e-05
3.567204345e-05
3.575773748e-05
3.574733553e-05
3.566879723e-05
3.573466574e-05
3.573598781e-05
3.589442207e-05
3.577973448e-05
3.576753555e-05
3.574528939e-05
3.567131214e-05
3.564112794e-05
3.558736584e-05
3.562688365e-05
3.56125443e-05
3.55521769e-05
3.550183765e-05
3.548621314e-05
3.537636077e-05
3.538347687e-05
3.544220477e-05
3.55334412e-05
3.568938164e-05
3.560147156e-05
3.569106764e-05
3.554250628e-05
3.564195265e-05
3.562273987e-05
3.553633584e-05
3.536470782e-05
3.550513553e-05
3.568525941e-05
3.557138367e-05
3.566550189e-05
3.567385195e-05
3.577548965e-05
3.561158962e-05
3.548133749e-05
3.556445123e-05
3.548289353e-05
3.557276804e-05
3.549657218e-05
3.554566571e-05
3.568833461e-05
3.555345585e-05
3.562695937e-05
3.54800645e-05
3.561265027e-05
3.567880581e-05
3.573151314e-05
3.566094363e-05
3.555301258e-05
3.560755625e-05
3.568180623e-05
3.561565062e-05
3.561365793e-05
3.565435625e-05
3.576714452e-05
3.568586983e-05
3.567883701e-05
3.567056765e-05
3.569244479e-05
3.572146504e-05
3.573834652e-05
3.574424262e-05
3.58108826e-05
3.589918968e-05
3.5768519e-05
3.585073251e-05
3.577780657e-05
3.564786516e-05
3.557374198e-05
3.556514689e-05
3.545306216e-05
3.537970726e-05
3.533102193e-05
3.538761706e-05
3.543861778e-05
3.543186663e-05
3.552832291e-05
3.559202258e-05
3.56488168e-05
3.575120986e-05
3.580743158e-05
3.584989586e-05
3.579289981e-05
3.583103873e-05
3.57472064e-05
3.578102171e-05
3.568279194e-05
3.566897382e-05
3.567549474e-05
3.577432695e-05
3.576713291e-05
3.582233807e-05
3.584645693e-05
3.565136509e-05
3.567609618e-05
3.563222911e-05
3.557461753e-05
3.546327712e-05
3.554383483e-05
3.567206225e-05
3.55870228e-05
3.568924186e-05
3.564483873e-05
3.573795344e-05
3.577292877e-05
3.579904419e-05
3.588261874e-05
3.583473133e-05
3.588635036e-05
3.587720366e-05
3.5876515e-05
3.592766709e-05
3.589322448e-05
3.595570351e-05
3.587006594e-05
3.576908519e-05
3.583267145e-05
3.579784542e-05
3.568063105e-05
3.546224557e-05
3.56118037e-05
3.561535693e-05
3.559058021e-05
3.569262257e-05
3.575475557e-05
3.579782129e-05
3.592214932e-05
3.597555643e-05
3.582835421e-05
3.584239313e-05
3.576472013e-05
3.580934668e-05
3.585909933e-05
3.585570375e-05
3.596240103e-05
3.606772155e-05
3.592526167e-05
3.582952111e-05
3.587536991e-05
3.581096867e-05
3.578344354e-05
3.573530052e-05
3.578058999e-05
3.576405204e-05
3.575227302e-05
3.584691159e-05
3.575263027e-05
3.588214157e-05
3.592233307e-05
3.590157406e-05
3.597188527e-05
3.583302897e-05
3.569186786e-05
3.567461594e-05
3.557271975e-05
3.554299218e-05
3.566427695e-05
3.571437387e-05
3.561531045e-05
3.567305078e-05
3.576671834e-05
3.592796018e-05
3.583941069e-05
3.577384048e-05
3.584510974e-05
3.59407469e-05
3.598627573e-05
3.587087191e-05
3.593708073e-05
3.591950172e-05
3.592048345e-05
3.587639711e-05
3.573827414e-05
3.562629467e-05
3.566000401e-05
3.572835747e-05
3.568774177e-05
3.570230549e-05
3.579776877e-05
3.57613009e-05
3.575547027e-05
3.578452583e-05
3.591300441e-05
3.596923044e-05
3.588664938e-05
3.578858504e-05
3.564193199e-05
3.567595347e-05
3.576820029e-05
3.577741844e-05
3.572121569e-05
3.572344896e-05
3.578137595e-05
3.578408675e-05
3.569560952e-05
3.574641676e-05
3.587507844e-05
3.586413063e-05
3.576844786e-05
3.574764498e-05
3.581692792e-05
3.584847992e-05
3.577955576e-05
3.572573876e-05
3.573757742e-05
3.577440639e-05
3.5839746e-05
3.574326446e-05
3.582091685e-05
3.592467271e-05
3.582681799e-05
3.580500321e-05
3.582696317e-05
3.581173098e-05
3.583161896e-05
3.57600665e-05
3.588015661e-05
3.583447765e-05
3.577267779e-05
3.578273057e-05
3.564288121e-05
3.569381968e-05
3.563720503e-05
3.559070175e-05
3.554075328e-05
3.562212709e-05
3.570576081e-05
3.579197282e-05
3.580031553e-05
3.571708829e-05
3.581621225e-05
3.57256149e-05
3.573365667e-05
3.579048159e-05
3.569729653e-05
3.573600733e-05
3.578878357e-05
3.561955842e-05
3.559865661e-05
3.546839742e-05
3.565721558e-05
3.552204629e-05
3.558933992e-05
3.568751651e-05
3.575819902e-05
3.595728617e-05
3.590571702e-05
3.577178392e-05
3.583117532e-05
3.577852674e-05
3.588552436e-05
3.597052637e-05
3.593690768e-05
3.58606015e-05
3.576356767e-05
3.563918914e-05
3.550150316e-05
3.550201299e-05
3.55078849e-05
3.558967074e-05
3.588134993e-05
3.593915113e-05
3.598565304e-05
3.596567336e-05
3.586025135e-05
3.569124539e-05
3.566299171e-05
3.572060905e-05
3.564080618e-05
3.563710476e-05
3.569591706e-05
3.563803921e-05
3.553188733e-05
3.555143298e-05
3.561664565e-05
3.573485138e-05
3.581792393e-05
3.572995777e-05
3.587593469e-05
3.589084875e-05
3.573685728e-05
3.583451596e-05
3.58398015e-05
3.572565007e-05
3.57834359e-05
3.589080456e-05
3.579145328e-05
3.574015221e-05
3.581595327e-05
3.578535665e-05
3.570922123e-05
3.558891185e-05
3.565194663e-05
3.574319245e-05
3.577144904e-05
3.577721431e-05
3.58023795e-05
3.566788656e-05
3.567826087e-05
3.565508204e-05
3.559469621e-05
3.566418943e-05
3.564313459e-05
3.568305915e-05
3.582249994e-05
3.590578887e-05
3.579882058e-05
3.568426673e-05
3.56778039e-05
3.552370381e-05
3.565948178e-05
3.591953641e-05
3.582907227e-05
3.580687236e-05
3.570782085e-05
3.581184097e-05
3.584052963e-05
3.575548715e-05
3.561860697e-05
3.56157988e-05
3.559439186e-05
3.55699971e-05
3.555941882e-05
3.541141897e-05
3.558339211e-05
3.559903009e-05
3.575692529e-05
3.586067299e-05
3.575029611e-05
3.588245879e-05
3.590023254e-05
3.578519762e-05
3.575592653e-05
3.577970012e-05
3.578978093e-05
3.565971654e-05
3.564978476e-05
3.56905845e-05
3.572804398e-05
3.563192041e-05
3.566200897e-05
3.550245022e-05
3.56052131e-05
3.568219691e-05
3.566808927e-05
3.56577521e-05
3.576734631e-05
3.569357555e-05
3.572949889e-05
3.56593914e-05
3.560161159e-05
3.558794016e-05
3.558776789e-05
3.557179767e-05
3.564194383e-05
3.572342517e-05
3.57952814e-05
3.569426099e-05
3.560274169e-05
3.550471757e-05
3.56954239e-05
3.591200195e-05
3.590072175e-05
3.591660051e-05
3.576657789e-05
3.57111005e-05
3.578075122e-05
3.564898164e-05
3.56955421e-05
3.569652905e-05
3.569217579e-05
3.569398636e-05
3.567691786e-05
3.564185961e-05
3.561565614e-05
3.554525653e-05
3.555400155e-05
3.562811586e-05
3.566344011e-05
3.56735487e-05
3.556255592e-05
3.539835174e-05
3.553437827e-05
3.557919209e-05
3.564253136e-05
3.567669419e-05
3.558103423e-05
3.555296569e-05
3.5613313e-05
3.572250879e-05
3.581450041e-05
3.593874775e-05
3.590862033e-05
3.57657688e-05
3.576903307e-05
3.561556223e-05
3.566650361e-05
3.567772396e-05
3.572119379e-05
3.568404329e-05
3.557217294e-05
3.562577091e-05
3.562190981e-05
3.564762658e-05
3.580580568e-05
3.59212256e-05
3.593209929e-05
3.581741808e-05
3.580821288e-05
3.568896542e-05
3.571780926e-05
3.564572025e-05
3.563713542e-05
3.563216134e-05
3.566637187e-05
3.577449938e-05
3.580769622e-05
3.56870919e-05
3.562722306e-05
3.557212762e-05
3.584541287e-05
3.58499788e-05
3.597305888e-05
3.58671851e-05
3.581982201e-05
3.572783158e-05
3.572720034e-05
3.582310576e-05
3.585185736e-05
3.588887479e-05
3.580656967e-05
3.579833115e-05
3.580471717e-05
3.563958558e-05
3.555919078e-05
3.560241598e-05
3.575339381e-05
3.588528177e-05
3.593495509e-05
3.590256723e-05
3.593141484e-05
3.587088129e-05
3.58519304e-05
3.590253613e-05
3.578412902e-05
3.579067599e-05
3.577548341e-05
3.578238801e-05
3.585844867e-05
3.584836811e-05
3.579361695e-05
3.581821641e-05
3.568331342e-05
3.581299908e-05
3.583631675e-05
3.588561564e-05
3.59383688e-05
3.589523094e-05
3.58835085e-05
3.585562737e-05
3.577321383e-05
3.583668961e-05
3.588978044e-05
3.588781629e-05
3.572413521e-05
3.572402706e-05
3.574304504e-05
3.58096528e-05
3.577049267e-05
3.577857724e-05
3.573806412e-05
3.578653746e-05
3.590887636e-05
3.596371944e-05
3.606890423e-05
3.59288832e-05
3.577043858e-05
3.581800136e-05
3.57129774e-05
3.579452911e-05
3.576200129e-05
3.575435203e-05
3.583626164e-05
3.581274099e-05
3.597045793e-05
3.592686078e-05
3.587425334e-05
3.59126121e-05
3.593301865e-05
3.59109326e-05
3.586600919e-05
3.577788904e-05
3.573157531e-05
3.579152855e-05
3.570883196e-05
3.578886564e-05
3.583395207e-05
3.585596897e-05
3.583093459e-05
3.583805353e-05
3.584798288e-05
3.583203209e-05
3.56998703e-05
3.565229895e-05
3.57587397e-05
3.572758886e-05
3.582028887e-05
3.576836802e-05
3.56454199e-05
3.578524686e-05
3.587672133e-05
3.584548577e-05
3.588099286e-05
3.594460377e-05
3.592090736e-05
3.589239124e-05
3.573453358e-05
3.565864374e-05
3.579279359e-05
3.580728584e-05
3.567025863e-05
3.565571785e-05
3.574242183e-05
3.563871877e-05
3.56457879e-05
3.568347042e-05
3.5726614e-05
3.572849912e-05
3.576744309e-05
3.571795996e-05
3.56893177e-05
3.574832574e-05
3.579784984e-05
3.581674272e-05
3.587541071e-05
3.575913821e-05
3.570133395e-05
3.577597591e-05
3.574285014e-05
3.568060922e-05
3.577731844e-05
3.568830306e-05
3.569610186e-05
3.58640627e-05
3.578339768e-05
3.581040588e-05
3.584144358e-05
3.582694632e-05
3.577787622e-05
3.591278009e-05
3.59484564e-05
3.586559605e-05
3.568281167e-05
3.570670509e-05
3.565167357e-05
3.565823045e-05
3.56992313e-05
3.575161438e-05
3.575241263e-05
3.585401653e-05
3.569369959e-05
3.576859412e-05
3.577791492e-05
3.591186281e-05
3.588491789e-05
3.58434512e-05
3.586187368e-05
3.591596402e-05
3.577149082e-05
3.588844177e-05
3.566621019e-05
3.569287213e-05
3.580487055e-05
3.573872624e-05
3.580469942e-05
3.569465271e-05
3.567696532e-05
3.572084674e-05
3.573334407e-05
3.569936852e-05
3.559347508e-05
3.558480107e-05
3.562857865e-05
3.557101169e-05
3.565821478e-05
3.572276999e-05
3.562662459e-05
3.551776606e-05
3.553976561e-05
3.561085682e-05
3.585037146e-05
3.593344055e-05
3.603382779e-05
3.600495898e-05
3.587677206e-05
3.571651112e-05
3.563536244e-05
3.568626975e-05
3.56778469e-05
3.561771256e-05
3.596142621e-05
3.595568276e-05
3.594168672e-05
3.587935034e-05
3.57371325e-05
3.57869363e-05
3.577058039e-05
3.588344126e-05
3.590055836e-05
3.578356105e-05
3.579293228e-05
3.585836064e-05
3.58335978e-05
3.574504819e-05
3.567093972e-05
3.574965135e-05
3.589277187e-05
3.60939479e-05
3.597339046e-05
3.591688757e-05
3.589381437e-05
3.578361807e-05
3.580383512e-05
3.584351912e-05
3.581025653e-05
3.560219996e-05
3.565876478e-05
3.557927017e-05
3.571021657e-05
3.578695608e-05
3.580515216e-05
3.569403003e-05
3.570815432e-05
3.574773864e-05
3.585399477e-05
3.589649403e-05
3.576634958e-05
3.56843437e-05
3.583137259e-05
3.592793041e-05
3.549464257e-05
3.567405062e-05
3.563216826e-05
3.573185786e-05
3.58032306e-05
3.57865546e-05
3.586025173e-05
3.588427299e-05
3.602160555e-05
3.598575114e-05
3.590644637e-05
3.594330106e-05
3.588177632e-05
3.581137669e-05
3.579590455e-05
3.575708753e-05
3.575375622e-05
3.562696735e-05
3.562723505e-05
3.566400653e-05
3.577598643e-05
3.568157684e-05
3.566607108e-05
3.571313864e-05
3.572885025e-05
3.583086847e-05
3.586425121e-05
3.586440702e-05
3.579796147e-05
3.580154735e-05
3.591662475e-05
3.594714746e-05
3.594698393e-05
3.585878247e-05
3.582376037e-05
3.572212819e-05
3.570493292e-05
3.578889891e-05
3.571940315e-05
3.573152841e-05
3.570713942e-05
3.562383429e-05
3.557910684e-05
3.554458251e-05
3.560321406e-05
3.557264214e-05
3.563983988e-05
3.559775158e-05
3.559201277e-05
3.557292323e-05
3.554393029e-05
3.551771079e-05
3.56455527e-05
3.56345715e-05
3.568917604e-05
3.583428523e-05
3.585448163e-05
3.578125888e-05
3.575361363e-05
3.570808398e-05
3.558535721e-05
3.566316752e-05
3.557643288e-05
3.544356567e-05
3.537937776e-05
3.54271307e-05
3.548049848e-05
3.552502169e-05
3.546628979e-05
3.556531395e-05
3.557024152e-05
3.547260285e-05
3.542567187e-05
3.558373838e-05
3.566090174e-05
3.567608415e-05
3.552393213e-05
3.547053923e-05
3.553488293e-05
3.554506266e-05
3.583526828e-05
3.58335553e-05
3.56861827e-05
3.5769861e-05
3.571359862e-05
3.571588858e-05
3.57362839e-05
3.57755794e-05
3.570263276e-05
3.571035684e-05
3.562793642e-05
3.558162602e-05
3.56188013e-05
3.577420793e-05
3.575098105e-05
3.567333914e-05
3.579121352e-05
3.564656095e-05
3.573704388e-05
3.566846143e-05
3.578309294e-05
3.580190121e-05
3.586196174e-05
3.584951537e-05
3.586549926e-05
3.585114751e-05
3.592974844e-05
3.588952392e-05
3.581898702e-05
3.570446996e-05
3.567802631e-05
3.571888844e-05
3.580151666e-05
3.574320767e-05
3.580226901e-05
3.581965942e-05
3.584026354e-05
3.588457246e-05
3.581055691e-05
3.5813832e-05
3.588458596e-05
3.585066077e-05
3.578151351e-05
3.566978909e-05
3.579181117e-05
3.596144612e-05
3.586274176e-05
3.589369365e-05
3.582911427e-05
3.588059714e-05
3.596374457e-05
3.589191419e-05
3.580050508e-05
3.58128597e-05
3.576270857e-05
3.58352335e-05
3.576613705e-05
3.581044482e-05
3.582666022e-05
3.584879702e-05
3.580117145e-05
3.580726297e-05
3.580035527e-05
3.588566576e-05
3.583200134e-05
3.571509685e-05
3.577630775e-05
3.575506217e-05
3.566888842e-05
3.567182962e-05
3.583098735e-05
3.597864989e-05
3.596829354e-05
3.598372799e-05
3.585917388e-05
3.582105481e-05
3.581508699e-05
3.583047947e-05
3.581463069e-05
3.582251453e-05
3.599416779e-05
3.594087842e-05
3.585974175e-05
3.593569902e-05
3.577953264e-05
3.577062519e-05
3.571053698e-05
3.573453211e-05
3.575773764e-05
3.566094785e-05
3.561425918e-05
3.57019861e-05
3.575663886e-05
3.577977537e-05
3.57093593e-05
3.571286386e-05
3.572817151e-05
3.592500433e-05
3.597090701e-05
3.592694451e-05
3.577436409e-05
3.582908409e-05
3.579749944e-05
3.572301822e-05
3.574525606e-05
3.57911698e-05
3.568648147e-05
3.568266139e-05
3.559004108e-05
3.558294076e-05
3.55749769e-05
3.57821933e-05
3.575677455e-05
3.575746683e-05
3.576712436e-05
3.591877463e-05
3.594913916e-05
3.608084641e-05
3.603777366e-05
3.592471131e-05
3.569915908e-05
3.573572413e-05
3.568377823e-05
3.571925021e-05
3.57337786e-05
3.574096137e-05
3.56453218e-05
3.56554834e-05
3.580473786e-05
3.576956631e-05
3.587478793e-05
3.577638408e-05
3.583741333e-05
3.574127698e-05
3.574963753e-05
3.582273903e-05
3.568474173e-05
3.570523598e-05
3.57679438e-05
3.572183651e-05
3.581030761e-05
3.575005417e-05
3.573655578e-05
3.572311917e-05
3.57465552e-05
3.564283672e-05
3.575983105e-05
3.5844464e-05
3.5820721e-05
3.585342657e-05
3.577058585e-05
3.578142275e-05
3.583504796e-05
3.585624573e-05
3.592392427e-05
3.579225188e-05
3.57835008e-05
3.578690825e-05
3.570300056e-05
3.571774254e-05
3.584741451e-05
3.579160065e-05
3.577382345e-05
3.571077744e-05
3.565842401e-05
3.589307435e-05
3.586395149e-05
3.584901258e-05
3.582507668e-05
3.581832142e-05
3.566698441e-05
3.574096587e-05
3.572096919e-05
3.571084717e-05
3.581469945e-05
3.591261277e-05
3.60416532e-05
3.599449008e-05
3.60850919e-05
3.595013327e-05
3.584345745e-05
3.580564106e-05
3.581120854e-05
3.588550565e-05
3.590232418e-05
3.586819449e-05
3.593318744e-05
3.610998185e-05
3.607187775e-05
3.600369724e-05
3.590303812e-05
3.58953794e-05
3.58254434e-05
3.582168146e-05
3.581979986e-05
3.584107143e-05
3.575522441e-05
3.583240714e-05
3.580511258e-05
3.579306366e-05
3.58672617e-05
3.587626602e-05
3.578679369e-05
3.569303985e-05
3.567972622e-05
3.573745121e-05
3.582074219e-05
3.583841603e-05
3.584039854e-05
3.581840478e-05
3.583641485e-05
3.576227723e-05
3.570676211e-05
3.580579984e-05
3.575974481e-05
3.581918538e-05
3.572761279e-05
3.568076373e-05
3.574569608e-05
3.582565422e-05
3.576558751e-05
3.582282113e-05
3.587418901e-05
3.580544653e-05
3.580526164e-05
3.57463823e-05
3.57841473e-05
3.577614094e-05
3.575958313e-05
3.581660072e-05
3.581884986e-05
3.584137785e-05
3.579202151e-05
3.574198113e-05
3.579829571e-05
3.577740705e-05
3.586127311e-05
3.598372592e-05
3.597401523e-05
3.575805062e-05
3.597930272e-05
3.598491735e-05
3.580284849e-05
3.57388569e-05
3.57506886e-05
3.581943506e-05
3.585567562e-05
3.577788451e-05
3.575716927e-05
3.577269055e-05
3.583828646e-05
3.587822144e-05
3.578713784e-05
3.588616316e-05
3.583502545e-05
3.586856153e-05
3.584867739e-05
3.592915621e-05
3.59834013e-05
3.594008472e-05
3.588846856e-05
3.5919628e-05
3.590730783e-05
3.592367865e-05
3.583610946e-05
3.565351622e-05
3.561982221e-05
3.575172985e-05
3.575816392e-05
3.565387234e-05
3.563150882e-05
3.561461648e-05
3.554687399e-05
3.559629143e-05
3.564483982e-05
3.577871727e-05
3.584325344e-05
3.588090053e-05
3.581066868e-05
3.590387781e-05
3.559081861e-05
3.554333507e-05
3.559469964e-05
3.559772629e-05
3.556140805e-05
3.555142373e-05
3.548308399e-05
3.547321678e-05
3.543723033e-05
3.554853262e-05
3.570025041e-05
3.576836796e-05
3.586856448e-05
3.57940484e-05
3.583809385e-05
3.581259461e-05
3.584846677e-05
3.577705509e-05
3.574052682e-05
3.571428515e-05
3.572200521e-05
3.561988062e-05
3.573064846e-05
3.574082989e-05
3.574399056e-05
3.573608608e-05
3.561277801e-05
3.566643812e-05
3.579942432e-05
3.576999737e-05
3.589033391e-05
3.59337436e-05
3.591624638e-05
3.570927851e-05
3.58032658e-05
3.570615488e-05
3.574268782e-05
3.561269149e-05
3.570814924e-05
3.575398328e-05
3.587785121e-05
3.587386092e-05
3.595917385e-05
3.588500269e-05
3.589852212e-05
3.58343295e-05
3.580843881e-05
3.569992572e-05
3.568338103e-05
3.566849707e-05
3.572287748e-05
3.578206328e-05
3.583834678e-05
3.587470446e-05
3.569159073e-05
3.571048289e-05
3.584321019e-05
3.592695571e-05
3.595758049e-05
3.591581084e-05
3.586040629e-05
3.599221333e-05
3.599895252e-05
3.604104319e-05
3.582976665e-05
3.58807594e-05
3.567964937e-05
3.570529911e-05
3.574332697e-05
3.586561495e-05
3.58395298e-05
3.575370776e-05
3.569647106e-05
3.577343137e-05
3.583337955e-05
3.591165463e-05
3.587255947e-05
3.583183203e-05
3.5809809e-05
3.585783304e-05
3.57134228e-05
3.571969431e-05
3.574028352e-05
3.581209912e-05
3.584954199e-05
3.584209089e-05
3.584979474e-05
3.582256157e-05
3.581137353e-05
3.582251081e-05
3.580415531e-05
3.582419414e-05
3.583043915e-05
3.579538156e-05
3.58301789e-05
3.583207783e-05
3.580882251e-05
3.581299394e-05
3.572882286e-05
3.565251799e-05
3.590484588e-05
3.595349983e-05
3.583169105e-05
3.567958744e-05
3.577942901e-05
3.577072054e-05
3.571645704e-05
3.575648182e-05
3.577910279e-05
3.584941607e-05
3.577695262e-05
3.578065458e-05
3.585884901e-05
3.582813515e-05
3.584449967e-05
3.578867729e-05
3.582935989e-05
3.579237188e-05
3.589696221e-05
3.59209016e-05
3.570576627e-05
3.581865553e-05
3.583854993e-05
3.590142989e-05
3.586922285e-05
3.586032598e-05
3.576658569e-05
3.563474737e-05
3.563127353e-05
3.574416584e-05
3.576064951e-05
3.569711216e-05
3.575607631e-05
3.581255592e-05
3.586899398e-05
3.585518864e-05
3.565066468e-05
3.5685327e-05
3.574655917e-05
3.567969934e-05
3.571768216e-05
3.568738477e-05
3.582601911e-05
3.575870488e-05
3.570476585e-05
3.560822374e-05
3.562924924e-05
3.560290101e-05
3.569469625e-05
3.585960876e-05
3.584489491e-05
3.591945476e-05
3.58735564e-05
3.58410387e-05
3.577801794e-05
3.586542326e-05
3.582102678e-05
3.575226036e-05
3.566461313e-05
3.571211638e-05
3.567272697e-05
3.562172731e-05
3.571113729e-05
3.566092486e-05
3.566278275e-05
3.567022781e-05
3.572708864e-05
3.58834534e-05
3.599018574e-05
3.600827515e-05
3.591988774e-05
3.580252163e-05
3.579131185e-05
3.576156951e-05
3.575156816e-05
3.57868156e-05
3.575484257e-05
3.561249156e-05
3.571808843e-05
3.567626201e-05
3.582383105e-05
3.581912406e-05
3.574166049e-05
3.570682828e-05
3.566286672e-05
3.567373276e-05
3.571118823e-05
3.5753151e-05
3.579716277e-05
3.574819026e-05
3.578199662e-05
3.584321846e-05
3.579619133e-05
3.573370843e-05
3.571155655e-05
3.591085366e-05
3.591191604e-05
3.585778331e-05
3.577570397e-05
3.582860055e-05
3.583089857e-05
3.579717232e-05
3.584937391e-05
3.577691449e-05
3.584670507e-05
3.579511804e-05
3.568488928e-05
3.574401617e-05
3.576676959e-05
3.576190967e-05
3.572546102e-05
3.571112727e-05
3.570002249e-05
3.584963966e-05
3.580562299e-05
3.560891276e-05
3.563445107e-05
3.564847778e-05
3.56853604e-05
3.58292487e-05
3.587177533e-05
3.599427004e-05
3.596217973e-05
3.591763015e-05
3.589810894e-05
3.59570406e-05
3.594641853e-05
3.576262509e-05
3.573169313e-05
3.57189538e-05
3.58546163e-05
3.57771181e-05
3.581802178e-05
3.576506859e-05
3.575491735e-05
3.585317875e-05
3.576088315e-05
3.565142996e-05
3.576726293e-05
3.574083938e-05
3.562192638e-05
3.565015483e-05
3.571300773e-05
3.585229888e-05
3.573940803e-05
3.567429928e-05
3.564097552e-05
3.560293417e-05
3.567025482e-05
3.57144728e-05
3.558801272e-05
3.56682016e-05
3.564325584e-05
3.550696125e-05
3.547425409e-05
3.537301812e-05
3.544795289e-05
3.562501026e-05
3.559460835e-05
3.574739122e-05
3.563536498e-05
3.56365275e-05
3.550684483e-05
3.560881934e-05
3.569303095e-05
3.574526135e-05
3.583855038e-05
3.583523725e-05
3.583977985e-05
3.574282169e-05
3.573988977e-05
3.56883535e-05
3.579134503e-05
3.580403861e-05
3.571722109e-05
3.574146737e-05
3.553503062e-05
3.551115565e-05
3.560262628e-05
3.56127022e-05
3.59111405e-05
3.571882811e-05
3.589692534e-05
3.595913863e-05
3.597954496e-05
3.590848138e-05
3.574974835e-05
3.557719743e-05
3.554941173e-05
3.561668747e-05
3.567578673e-05
3.562698416e-05
3.563293943e-05
3.562688943e-05
3.565723608e-05
3.57509403e-05
3.582234824e-05
3.588292707e-05
3.575346781e-05
3.588224501e-05
3.567324617e-05
3.574125776e-05
3.577652335e-05
3.570330099e-05
3.565857132e-05
3.566129841e-05
3.568234157e-05
3.577046562e-05
3.583073691e-05
3.58794331e-05
3.587354114e-05
3.58142155e-05
3.583307446e-05
3.575900552e-05
3.57375299e-05
3.577161354e-05
3.581903597e-05
3.574096491e-05
3.579986839e-05
3.572123421e-05
3.572073875e-05
3.565587275e-05
3.559340775e-05
3.559081687e-05
3.572726513e-05
3.579970987e-05
3.586394386e-05
3.585325973e-05
3.581068736e-05
3.575765221e-05
3.571253357e-05
3.567483904e-05
3.587013066e-05
3.590649456e-05
3.578946551e-05
3.579502553e-05
3.569974966e-05
3.578800998e-05
3.588526622e-05
3.576157838e-05
3.579947458e-05
3.583506864e-05
3.573265306e-05
3.578260388e-05
3.577308263e-05
3.580026713e-05
3.585027288e-05
3.577779535e-05
3.588677751e-05
3.591451982e-05
3.576707757e-05
3.573126984e-05
3.579542524e-05
3.588325297e-05
3.588189797e-05
3.587369353e-05
3.578112967e-05
3.584116543e-05
3.594886477e-05
3.588767788e-05
3.589539792e-05
3.590269357e-05
3.596678786e-05
3.594843976e-05
3.585507583e-05
3.589503686e-05
3.594431024e-05
3.592746868e-05
3.590942698e-05
3.586569688e-05
3.587254861e-05
3.589955619e-05
3.575400712e-05
3.581879949e-05
3.580401671e-05
3.593370862e-05
3.584764224e-05
3.586718393e-05
3.580041257e-05
3.582897757e-05
3.58869488e-05
3.583416626e-05
3.578300648e-05
3.594679326e-05
3.591826169e-05
3.588452325e-05
3.585514737e-05
3.584641667e-05
3.577730913e-05
3.571263701e-05
3.571627976e-05
3.570630198e-05
3.582878258e-05
3.582142845e-05
3.57525122e-05
3.565188061e-05
3.580540662e-05
3.577171374e-05
3.59139695e-05
3.593553652e-05
3.56553022e-05
3.558231608e-05
3.558690458e-05
3.562379121e-05
3.567494421e-05
3.570752759e-05
3.571675137e-05
3.570719039e-05
3.569274764e-05
3.563768443e-05
3.56021559e-05
3.564758196e-05
3.560089534e-05
3.558729776e-05
3.55931183e-05
3.555137674e-05
3.555114531e-05
3.562141666e-05
3.559512275e-05
3.562255209e-05
3.559047185e-05
3.563916077e-05
3.55877984e-05
3.560329093e-05
3.569778975e-05
3.572376155e-05
3.56750711e-05
3.568006673e-05
3.57059663e-05
3.569165765e-05
3.569731832e-05
3.567736586e-05
3.57004122e-05
3.564013445e-05
3.550842942e-05
3.554702277e-05
3.565616603e-05
3.562552431e-05
3.571662839e-05
3.567807102e-05
3.586925591e-05
3.570928094e-05
3.574287204e-05
3.578551797e-05
3.576923915e-05
3.571313104e-05
3.572048902e-05
3.565031838e-05
3.547806602e-05
3.558080234e-05
3.552499035e-05
3.551791228e-05
3.558178386e-05
3.569710788e-05
3.572860499e-05
3.571754025e-05
3.575492274e-05
3.57530989e-05
3.571476361e-05
3.586070402e-05
3.593521529e-05
3.582953991e-05
3.573616947e-05
3.579589555e-05
3.59252658e-05
3.583213235e-05
3.583164633e-05
3.584639791e-05
3.592749532e-05
3.574362005e-05
3.570258021e-05
3.569749241e-05
3.570150973e-05
3.586188255e-05
3.581914617e-05
3.576068606e-05
3.582498272e-05
3.590197441e-05
3.59313207e-05
3.592821092e-05
3.587408571e-05
3.586578582e-05
3.584730215e-05
3.580669358e-05
3.584348172e-05
3.611546694e-05
3.610114226e-05
3.599556513e-05
3.588579369e-05
3.585393644e-05
3.587196476e-05
3.586306991e-05
3.577792188e-05
3.577676776e-05
3.583829357e-05
3.581983992e-05
3.580899949e-05
3.579787425e-05
3.582444765e-05
3.589427782e-05
3.573772962e-05
3.568720982e-05
3.569273996e-05
3.576445962e-05
3.588566865e-05
3.587678611e-05
3.570798882e-05
3.572117663e-05
3.564932156e-05
3.557358414e-05
3.549111786e-05
3.568499565e-05
3.573497195e-05
3.589941739e-05
3.582884694e-05
3.582939693e-05
3.581897117e-05
3.573191184e-05
3.572717609e-05
3.576074389e-05
3.568352489e-05
3.561430818e-05
3.570266467e-05
3.575182493e-05
3.575437718e-05
3.573023894e-05
3.577561939e-05
3.580171296e-05
3.560010046e-05
3.572415489e-05
3.575636593e-05
3.588042216e-05
3.595249709e-05
3.583391293e-05
3.586181942e-05
3.58642533e-05
3.578933516e-05
3.581584261e-05
3.5722276e-05
3.569560324e-05
3.573348161e-05
3.559571561e-05
3.566957102e-05
3.571093444e-05
3.574694094e-05
3.582476594e-05
3.570324612e-05
3.566910286e-05
3.577243516e-05
3.576745257e-05
3.575139182e-05
3.581635612e-05
3.578378642e-05
3.57278181e-05
3.579273787e-05
3.575138054e-05
3.583747993e-05
3.589252005e-05
3.588457286e-05
3.577136762e-05
3.572366874e-05
3.580681805e-05
3.581271275e-05
3.580850448e-05
3.570775973e-05
3.564065095e-05
3.573597716e-05
3.576548293e-05
3.567708763e-05
3.568032485e-05
3.574536507e-05
3.557819162e-05
3.547431042e-05
3.553489135e-05
3.561584676e-05
3.571590407e-05
3.584230307e-05
3.573591546e-05
3.572767887e-05
3.567055556e-05
3.571762335e-05
3.558902806e-05
3.548968391e-05
3.557605292e-05
3.553604415e-05
3.562040493e-05
3.560113014e-05
3.558898024e-05
3.563717273e-05
3.567700578e-05
3.560453221e-05
3.568111946e-05
3.566175279e-05
3.57503412e-05
3.569103564e-05
3.565406163e-05
3.573701627e-05
3.594130911e-05
3.584868745e-05
3.586003437e-05
3.592972669e-05
3.601593406e-05
3.594613729e-05
3.584088593e-05
3.570612414e-05
3.55648815e-05
3.552018818e-05
3.5642569e-05
3.564801437e-05
3.558201857e-05
3.557016855e-05
3.560918547e-05
3.561639303e-05
3.568014266e-05
3.570616753e-05
3.563869864e-05
3.548609411e-05
3.5382434e-05
3.559563544e-05
3.581354156e-05
3.553421866e-05
3.545214879e-05
3.553407225e-05
3.556336323e-05
3.560111845e-05
3.573189123e-05
3.568558001e-05
3.56886189e-05
3.566014328e-05
3.55741529e-05
3.555317407e-05
3.545003792e-05
3.557136422e-05
3.574692247e-05
3.580889333e-05
3.56202304e-05
3.562333038e-05
3.553266962e-05
3.546254178e-05
3.546044918e-05
3.572945311e-05
3.574984785e-05
3.580197469e-05
3.585651747e-05
3.58838138e-05
3.580976492e-05
3.576863282e-05
3.573545185e-05
3.570669167e-05
3.578382815e-05
3.590007426e-05
3.58690293e-05
3.5807436e-05
3.579127751e-05
3.579520969e-05
3.590917906e-05
3.583467187e-05
3.587764453e-05
3.570235617e-05
3.570843101e-05
3.574731775e-05
3.58529007e-05
3.582007043e-05
3.589851009e-05
3.594097062e-05
3.592763973e-05
3.5900621e-05
3.59594128e-05
3.598392789e-05
3.591961083e-05
3.593729477e-05
3.598883544e-05
3.597756114e-05
3.589160574e-05
3.592560266e-05
3.596257102e-05
3.596055705e-05
3.591773898e-05
3.581548701e-05
3.576540424e-05
3.599801647e-05
3.593951196e-05
3.58977659e-05
3.58337885e-05
3.575888834e-05
3.579291899e-05
3.584600047e-05
3.589684204e-05
3.59661183e-05
3.588549363e-05
3.590500451e-05
3.58696606e-05
3.582722948e-05
3.585406015e-05
3.5905156e-05
3.585518445e-05
3.583251921e-05
3.586723808e-05
3.585138308e-05
3.591766398e-05
3.564677618e-05
3.548271524e-05
3.546111402e-05
3.546398259e-05
3.55144584e-05
3.568080127e-05
3.57728426e-05
3.573653427e-05
3.576056481e-05
3.578437274e-05
3.582606295e-05
3.577472766e-05
3.566687602e-05
3.563034411e-05
3.57171106e-05
3.57405541e-05
3.574950138e-05
3.577871995e-05
3.564818722e-05
3.559343171e-05
3.574266343e-05
3.56090758e-05
3.556261228e-05
3.558319298e-05
3.569714156e-05
3.573980948e-05
3.568148435e-05
3.564885453e-05
3.558344044e-05
3.564645127e-05
3.559555398e-05
3.562583824e-05
3.57002107e-05
3.572783029e-05
3.569038956e-05
3.57839849e-05
3.566617489e-05
3.555073027e-05
3.562914958e-05
3.574967188e-05
3.553398291e-05
3.567469033e-05
3.577377896e-05
3.57568188e-05
3.560137336e-05
3.565237126e-05
3.567940979e-05
3.578022753e-05
3.572228589e-05
3.580436105e-05
3.562684501e-05
3.563973761e-05
3.558302718e-05
3.568576733e-05
3.57815547e-05
3.583072898e-05
3.572077503e-05
3.570251216e-05
3.55759089e-05
3.546871907e-05
3.589409288e-05
3.582599173e-05
3.573054563e-05
3.573608926e-05
3.576015972e-05
3.57064701e-05
3.566938264e-05
3.57602195e-05
3.589416993e-05
3.583340682e-05
3.578692461e-05
3.59346999e-05
3.58543121e-05
3.575128179e-05
3.566105699e-05
3.563886139e-05
3.559464685e-05
3.559948976e-05
3.577716067e-05
3.572040079e-05
3.55570011e-05
3.56654294e-05
3.578332079e-05
3.584131985e-05
3.575361136e-05
3.575567749e-05
3.579961322e-05
3.566413554e-05
3.563794063e-05
3.559294988e-05
3.568853448e-05
3.576288191e-05
3.575494859e-05
3.577766961e-05
3.569506887e-05
3.575983064e-05
3.589218268e-05
3.588469055e-05
3.574744271e-05
3.568594571e-05
3.571550237e-05
3.580723805e-05
3.583151244e-05
3.590725996e-05
3.589230377e-05
3.589389514e-05
3.584188778e-05
3.577917196e-05
3.583104877e-05
3.577714033e-05
3.588112988e-05
3.567082869e-05
3.571905781e-05
3.559393468e-05
3.553046481e-05
3.567704169e-05
3.556728608e-05
3.568563257e-05
3.566755537e-05
3.576496389e-05
3.56370621e-05
3.572740253e-05
3.574795415e-05
3.57781646e-05
3.576844005e-05
3.575286564e-05
3.586960899e-05
3.58498422e-05
3.581359644e-05
3.584244227e-05
3.58006264e-05
3.567625636e-05
3.577784033e-05
3.585369952e-05
3.564245094e-05
3.545240389e-05
3.561101409e-05
3.562338081e-05
3.564878783e-05
3.558300546e-05
3.575584578e-05
3.598199693e-05
3.592235963e-05
3.579566924e-05
3.560927937e-05
3.562348133e-05
3.572465575e-05
3.581895654e-05
3.585718724e-05
3.577408239e-05
3.571294752e-05
3.566686328e-05
3.555852985e-05
3.550139054e-05
3.560555989e-05
3.581532682e-05
3.578780269e-05
3.570485129e-05
3.573727773e-05
3.576462361e-05
3.595324229e-05
3.591906044e-05
3.5836582e-05
3.582891365e-05
3.576856782e-05
3.5724274e-05
3.571451803e-05
3.566940879e-05
3.569065086e-05
3.573335552e-05
3.571858688e-05
3.567674649e-05
3.569712448e-05
3.575780138e-05
3.576843698e-05
3.56497878e-05
3.576930227e-05
3.580749629e-05
3.582951538e-05
3.590485286e-05
3.577890957e-05
3.578132445e-05
3.570605105e-05
3.564409216e-05
3.569922929e-05
3.563407834e-05
3.56850559e-05
3.578344634e-05
3.579688852e-05
3.585663383e-05
3.596879221e-05
3.596322136e-05
3.591209594e-05
3.597114276e-05
3.601443375e-05
3.60474023e-05
3.596426121e-05
3.599457045e-05
3.578780867e-05
3.5888607e-05
3.559951244e-05
3.568126287e-05
3.579277241e-05
3.576585819e-05
3.569915823e-05
3.561280655e-05
3.56543717e-05
3.568959576e-05
3.567545443e-05
3.549897245e-05
3.554749893e-05
3.555668796e-05
3.564350989e-05
3.56870121e-05
3.564006108e-05
3.567892489e-05
3.572913482e-05
3.559846102e-05
3.564435885e-05
3.560812763e-05
3.571739999e-05
3.573995681e-05
3.576037873e-05
3.576618475e-05
3.58370035e-05
3.596454418e-05
3.593731782e-05
3.585096076e-05
3.583588332e-05
3.583130178e-05
3.59087714e-05
3.583654296e-05
3.57113216e-05
3.558514718e-05
3.571274078e-05
3.573879048e-05
3.569234347e-05
3.55415697e-05
3.562091268e-05
3.563483078e-05
3.568356492e-05
3.551440162e-05
3.559511551e-05
3.564232801e-05
3.554433006e-05
3.537456396e-05
3.548874885e-05
3.566064732e-05
3.552773072e-05
3.556264468e-05
3.55471038e-05
3.569979337e-05
3.567135214e-05
3.567442397e-05
3.554090728e-05
3.558003657e-05
3.572148457e-05
3.58936531e-05
3.581142854e-05
3.576525809e-05
3.592763784e-05
3.588595084e-05
3.577248061e-05
3.562030309e-05
3.562645363e-05
3.577004366e-05
3.581141389e-05
3.593378349e-05
3.582102672e-05
3.594957829e-05
3.585100134e-05
3.581351471e-05
3.571812344e-05
3.57380797e-05
3.586146494e-05
3.587820322e-05
3.597123063e-05
3.589830584e-05
3.597295088e-05
3.583805279e-05
3.572635691e-05
3.588114116e-05
3.575333432e-05
3.583408476e-05
3.593779646e-05
3.588764083e-05
3.578350776e-05
3.580325184e-05
3.581865531e-05
3.574249369e-05
3.583615867e-05
3.579615807e-05
3.584085897e-05
3.578106824e-05
3.572533209e-05
3.581680407e-05
3.573185834e-05
3.568675734e-05
3.564421092e-05
3.580249319e-05
3.564463358e-05
3.560395305e-05
3.587273132e-05
3.595925159e-05
3.584069987e-05
3.593376774e-05
3.596569575e-05
3.592277322e-05
3.57407398e-05
3.573063829e-05
3.579382418e-05
3.570096879e-05
3.575709782e-05
3.579377118e-05
3.574478404e-05
3.56983192e-05
3.566414096e-05
3.566088474e-05
3.576536058e-05
3.558882385e-05
3.545358634e-05
3.566297004e-05
3.561321214e-05
3.54910227e-05
3.569761081e-05
3.568480545e-05
3.567633474e-05
3.579111092e-05
3.56719218e-05
3.564896563e-05
3.564180449e-05
3.58002776e-05
3.586061332e-05
3.584492167e-05
3.578574413e-05
3.576935056e-05
3.57620621e-05
3.57302389e-05
3.559706029e-05
3.549694206e-05
3.565613244e-05
3.57308511e-05
3.573979777e-05
3.568550537e-05
3.567572533e-05
3.555797258e-05
3.564772512e-05
3.568243774e-05
3.573418294e-05
3.578445477e-05
3.580825688e-05
3.587438055e-05
3.583433818e-05
3.573918526e-05
3.576060699e-05
3.573160915e-05
3.583576321e-05
3.579980247e-05
3.588565292e-05
3.576021464e-05
3.568383463e-05
3.557779884e-05
3.557520493e-05
3.575308617e-05
3.571478363e-05
3.57649751e-05
3.563949127e-05
3.575318703e-05
3.575672067e-05
3.585990703e-05
3.590717607e-05
3.588851221e-05
3.574596652e-05
3.568226149e-05
3.564147411e-05
3.561477325e-05
3.567041871e-05
3.569924822e-05
3.567904866e-05
3.575957668e-05
3.56286892e-05
3.584936814e-05
3.585766028e-05
3.589252888e-05
3.580638723e-05
3.580590694e-05
3.591032875e-05
3.587061175e-05
3.576066573e-05
3.573978069e-05
3.57855558e-05
3.579060778e-05
3.56979437e-05
3.575021989e-05
3.571438282e-05
3.56343905e-05
3.554912548e-05
3.55564703e-05
3.560137415e-05
3.566604378e-05
3.562728757e-05
3.567916644e-05
3.566413602e-05
3.572582283e-05
3.566478395e-05
3.576455426e-05
3.572065164e-05
3.565150716e-05
3.580252682e-05
3.587570057e-05
3.590893733e-05
3.593183413e-05
3.59039901e-05
3.581750534e-05
3.574063527e-05
3.574197431e-05
3.577128633e-05
3.568752838e-05
3.563122668e-05
3.566588351e-05
3.579287138e-05
3.57044635e-05
3.565473648e-05
3.560846864e-05
3.569153405e-05
3.570765578e-05
3.561876069e-05
3.566636927e-05
3.562525737e-05
3.55817498e-05
3.558870816e-05
3.538261031e-05
3.550162437e-05
3.552853863e-05
3.570074292e-05
3.558740982e-05
3.563035051e-05
3.56096753e-05
3.562829792e-05
3.566854378e-05
3.569781831e-05
3.562089228e-05
3.563619967e-05
3.568743139e-05
3.573556733e-05
3.559971362e-05
3.54483061e-05
3.557567946e-05
3.561309824e-05
3.564835516e-05
3.581021757e-05
3.580415344e-05
3.567436342e-05
3.564185052e-05
3.567627753e-05
3.576201839e-05
3.563601283e-05
3.563245544e-05
3.560697754e-05
3.559685915e-05
3.570590748e-05
3.573653818e-05
3.564858993e-05
3.571278165e-05
3.570202807e-05
3.584598941e-05
3.573064091e-05
3.567925632e-05
3.56330866e-05
3.569065245e-05
3.564560739e-05
3.563684639e-05
3.565607105e-05
3.571834308e-05
3.569689152e-05
3.564118578e-05
3.555097258e-05
3.5571012e-05
3.552598224e-05
3.562858333e-05
3.548959924e-05
3.549252049e-05
3.556892503e-05
3.573804111e-05
3.577371685e-05
3.570980583e-05
3.568578693e-05
3.569208552e-05
3.576171e-05
3.582291112e-05
3.587928768e-05
3.596669042e-05
3.593593067e-05
3.603482715e-05
3.588592508e-05
3.567186231e-05
3.559292478e-05
3.560308318e-05
3.568680339e-05
3.562963185e-05
3.579443563e-05
3.587573591e-05
3.588206351e-05
3.585606861e-05
3.580443361e-05
3.582677075e-05
3.586622839e-05
3.586448544e-05
3.596013366e-05
3.589637259e-05
3.591032749e-05
3.593702007e-05
3.606643754e-05
3.599594597e-05
3.589744688e-05
3.600037358e-05
3.607476622e-05
3.603195864e-05
3.593328514e-05
3.583532317e-05
3.593702811e-05
3.583883951e-05
3.571844382e-05
3.571110975e-05
3.588223629e-05
3.576426106e-05
3.577050195e-05
3.566118812e-05
3.568259135e-05
3.570672679e-05
3.563203127e-05
3.574745768e-05
3.583621346e-05
3.573276802e-05
3.567529359e-05
3.572128123e-05
3.565477723e-05
3.579551776e-05
3.591876218e-05
3.596172721e-05
3.579890662e-05
3.576336297e-05
3.583262363e-05
3.586015369e-05
3.582559601e-05
3.584522189e-05
3.582765679e-05
3.585918728e-05
3.590211599e-05
3.596697983e-05
3.586224062e-05
3.580804508e-05
3.576830692e-05
3.568611748e-05
3.577828709e-05
3.582639826e-05
3.587926889e-05
3.578474911e-05
3.579706831e-05
3.569245424e-05
3.549275619e-05
3.555532155e-05
3.563291746e-05
3.560843856e-05
3.564122233e-05
3.572718138e-05
3.570141709e-05
3.568727693e-05
3.57290162e-05
3.581311082e-05
3.578651783e-05
3.580701419e-05
3.580144924e-05
3.57865964e-05
3.570709855e-05
3.566131891e-05
3.568445282e-05
3.563974521e-05
3.558874497e-05
3.561557329e-05
3.578711471e-05
3.577807455e-05
3.577775196e-05
3.582922088e-05
3.582952711e-05
3.577541489e-05
3.579850818e-05
3.581091242e-05
3.586378017e-05
3.576535311e-05
3.566296117e-05
3.561567324e-05
3.560604632e-05
3.565366137e-05
3.559283956e-05
3.56221445e-05
3.568200744e-05
3.562506914e-05
3.569595317e-05
3.568280493e-05
3.602269035e-05
3.59092747e-05
3.60568584e-05
3.597168459e-05
3.578976284e-05
3.586988545e-05
3.588215878e-05
3.576339058e-05
3.579264447e-05
3.58082455e-05
3.591468043e-05
3.601050921e-05
3.616722031e-05
3.613152102e-05
3.604217645e-05
3.590935985e-05
3.58276088e-05
3.583944116e-05
3.590475772e-05
3.597984537e-05
3.586798974e-05
3.577395421e-05
3.565044116e-05
3.575371673e-05
3.57972425e-05
3.58075936e-05
3.568248909e-05
3.574443555e-05
3.574661561e-05
3.578306354e-05
3.570130938e-05
3.553800013e-05
3.559413281e-05
3.55030153e-05
3.552387204e-05
3.569803483e-05
3.568564907e-05
3.579653325e-05
3.574907341e-05
3.582455385e-05
3.58384065e-05
3.587650181e-05
3.589375399e-05
3.591647216e-05
3.583494574e-05
3.57722492e-05
3.583465546e-05
3.587822021e-05
3.594508367e-05
3.593211521e-05
3.576415425e-05
3.573793761e-05
3.572562802e-05
3.570413019e-05
3.570504269e-05
3.56440759e-05
3.563895772e-05
3.576146388e-05
3.571623284e-05
3.590893044e-05
3.583568216e-05
3.579774238e-05
3.575032244e-05
3.574163806e-05
3.568394363e-05
3.571646514e-05
3.570897078e-05
3.564195694e-05
3.560574112e-05
3.563729155e-05
3.567103473e-05
3.573582314e-05
3.569685514e-05
3.575605146e-05
3.573182213e-05
3.575230266e-05
3.562900136e-05
3.571901659e-05
3.579103412e-05
3.575845355e-05
3.565828964e-05
3.589571432e-05
3.589487081e-05
3.580695039e-05
3.579860269e-05
3.580135485e-05
3.574150373e-05
3.570910711e-05
3.579709696e-05
3.575439563e-05
3.574877063e-05
3.57680401e-05
3.575453289e-05
3.574804293e-05
3.580841549e-05
3.572331226e-05
3.564562914e-05
3.573626313e-05
3.569458448e-05
3.56589843e-05
3.563498367e-05
3.55268335e-05
3.553453694e-05
3.560151156e-05
3.566757045e-05
3.583813314e-05
3.590748313e-05
3.580540051e-05
3.582345707e-05
3.581333125e-05
3.565655144e-05
3.569154765e-05
3.562799066e-05
3.570897152e-05
3.570785311e-05
3.572170497e-05
3.573814878e-05
3.562561536e-05
3.556530169e-05
3.562886775e-05
3.573350423e-05
3.566368354e-05
3.566598004e-05
3.564687314e-05
3.573282295e-05
3.567303326e-05
3.573178006e-05
3.567465365e-05
3.571633908e-05
3.57255441e-05
3.576599032e-05
3.573228911e-05
3.561970267e-05
3.569606368e-05
3.583855035e-05
3.600822114e-05
3.584072718e-05
3.580823672e-05
3.589386733e-05
3.571838562e-05
3.573092255e-05
3.56666844e-05
3.557108576e-05
3.554067e-05
3.553347589e-05
3.554827237e-05
3.555376939e-05
3.561422638e-05
3.570911733e-05
3.572786846e-05
3.559428723e-05
3.576147379e-05
3.582436708e-05
3.570918862e-05
3.56389587e-05
3.558555083e-05
3.573668726e-05
3.573228971e-05
3.579093373e-05
3.57452987e-05
3.568413787e-05
3.571520685e-05
3.566103666e-05
3.562487324e-05
3.559537147e-05
3.564728224e-05
3.567600679e-05
3.565993293e-05
3.5696329e-05
3.572096991e-05
3.578939729e-05
3.580533405e-05
3.580899308e-05
3.582245155e-05
3.580028514e-05
3.569885048e-05
3.567230187e-05
3.568518877e-05
3.559039997e-05
3.558750153e-05
3.565500863e-05
3.562534958e-05
3.575953808e-05
3.573750728e-05
3.580105784e-05
3.56851047e-05
3.56478132e-05
3.567328417e-05
3.557108727e-05
3.544067485e-05
3.549578807e-05
3.564009995e-05
3.574508071e-05
3.574372692e-05
3.569846641e-05
3.572859034e-05
3.582059043e-05
3.567953894e-05
3.574914853e-05
3.563991832e-05
3.582616274e-05
3.581481429e-05
3.583358099e-05
3.587023739e-05
3.591118375e-05
3.585371084e-05
3.578209194e-05
3.584740757e-05
3.58110994e-05
3.582422263e-05
3.578281349e-05
3.57333623e-05
3.575375582e-05
3.574138706e-05
3.570401443e-05
3.572575702e-05
3.58127056e-05
3.58437029e-05
3.577136325e-05
3.580501929e-05
3.587409534e-05
3.594549978e-05
3.598098638e-05
3.588986854e-05
3.585631251e-05
3.592374152e-05
3.606338541e-05
3.598797832e-05
3.603503323e-05
3.592099132e-05
3.580134671e-05
3.575201526e-05
3.578687764e-05
3.57982513e-05
3.59147472e-05
3.616554826e-05
3.608359713e-05
3.602266495e-05
3.598615135e-05
3.594142413e-05
3.580742531e-05
3.575662709e-05
3.575068682e-05
3.582290306e-05
3.580528437e-05
3.589687906e-05
3.599720784e-05
3.586879451e-05
3.582966323e-05
3.600074418e-05
3.596801264e-05
3.595951166e-05
3.586293041e-05
3.590292989e-05
3.587406185e-05
3.581197377e-05
3.568734971e-05
3.579052237e-05
3.572953733e-05
3.569301994e-05
3.578718856e-05
3.583123127e-05
3.569347161e-05
3.567695636e-05
3.571205491e-05
3.583520254e-05
3.582100948e-05
3.588971298e-05
3.581398278e-05
3.582566215e-05
3.590350409e-05
3.583882916e-05
3.584981794e-05
3.578520834e-05
3.562332211e-05
3.567887026e-05
3.576497755e-05
3.569958786e-05
3.575321046e-05
3.580793127e-05
3.562401002e-05
3.575037085e-05
3.585513077e-05
3.58024532e-05
3.57648815e-05
3.573937121e-05
3.57416579e-05
3.579841973e-05
3.576632387e-05
3.570748401e-05
3.571200234e-05
3.573766228e-05
3.575228736e-05
3.582637895e-05
3.582295661e-05
3.581001376e-05
3.572575096e-05
3.57412563e-05
3.577932042e-05
3.571609634e-05
3.5622185e-05
3.567288889e-05
3.559905009e-05
3.57263591e-05
3.594551009e-05
3.598444932e-05
3.593592713e-05
3.57093771e-05
3.570545846e-05
3.573190993e-05
3.580198309e-05
3.57071705e-05
3.567287319e-05
3.560494783e-05
3.5651917e-05
3.561155746e-05
3.559972396e-05
3.561417804e-05
3.561870289e-05
3.563262286e-05
3.573130329e-05
3.584885825e-05
3.584887424e-05
3.593137108e-05
3.59206334e-05
3.589553902e-05
3.589298149e-05
3.589368523e-05
3.595630286e-05
3.590458781e-05
3.587623904e-05
3.582349435e-05
3.572357291e-05
3.571503767e-05
3.577890961e-05
3.566586711e-05
3.566223854e-05
3.566846579e-05
3.575569582e-05
3.565457931e-05
3.574795991e-05
3.578362246e-05
3.58830607e-05
3.589627546e-05
3.585405781e-05
3.572881564e-05
3.570646417e-05
3.578652535e-05
3.582406656e-05
3.578291608e-05
3.564680179e-05
3.580285273e-05
3.580384988e-05
3.577387059e-05
3.583343832e-05
3.58922178e-05
3.589394468e-05
3.578855086e-05
3.586172591e-05
3.579534392e-05
3.574848387e-05
3.575602228e-05
3.559484976e-05
3.541127228e-05
3.548029535e-05
3.558697733e-05
3.567855928e-05
3.564585131e-05
3.571649387e-05
3.561512172e-05
3.577978041e-05
3.576203055e-05
3.568214068e-05
3.57307139e-05
3.57600511e-05
3.573513645e-05
3.576272063e-05
3.582460323e-05
3.580786299e-05
3.576164356e-05
3.586252722e-05
3.573060027e-05
3.579947554e-05
3.587941468e-05
3.591904255e-05
3.580737951e-05
3.567178576e-05
3.555350424e-05
3.55962192e-05
3.568794714e-05
3.558796423e-05
3.553694168e-05
3.55289632e-05
3.536432387e-05
3.555879034e-05
3.567098421e-05
3.573429073e-05
3.5754249e-05
3.587733993e-05
3.589998133e-05
3.56729086e-05
3.56564359e-05
3.5648886e-05
3.572935691e-05
3.570714605e-05
3.562635208e-05
3.555954772e-05
3.567551879e-05
3.558310418e-05
3.560155559e-05
3.571715049e-05
3.571853567e-05
3.57582052e-05
3.571235773e-05
3.569645397e-05
3.569284848e-05
3.576738719e-05
3.575307048e-05
3.569747232e-05
3.563046049e-05
3.589493137e-05
3.5909593e-05
3.580389017e-05
3.569089438e-05
3.565747689e-05
3.558432328e-05
3.560532452e-05
3.573877194e-05
3.575421976e-05
3.577991492e-05
3.568860719e-05
3.581167749e-05
3.591159283e-05
3.585702617e-05
3.57236092e-05
3.550186965e-05
3.552642433e-05
3.562365298e-05
3.576270192e-05
3.5853633e-05
3.556569715e-05
3.558817686e-05
3.564265078e-05
3.555276056e-05
3.550331506e-05
3.567117248e-05
3.555556396e-05
3.561393127e-05
3.564034886e-05
3.561751132e-05
3.556880414e-05
3.571793875e-05
3.577219761e-05
3.580136093e-05
3.589813845e-05
3.586899744e-05
3.585162928e-05
3.578325132e-05
3.571234765e-05
3.563005762e-05
3.567313551e-05
3.56467731e-05
3.567185624e-05
3.570635453e-05
3.574888498e-05
3.580065118e-05
3.573840144e-05
3.571485701e-05
3.571559111e-05
3.579299618e-05
3.580123354e-05
3.575292452e-05
3.57321201e-05
3.574701727e-05
3.571007259e-05
3.57520427e-05
3.571129663e-05
3.580202787e-05
3.579938216e-05
3.587021939e-05
3.59366664e-05
3.571014419e-05
3.571051479e-05
3.570722953e-05
3.570770876e-05
3.566769695e-05
3.579749982e-05
3.588725191e-05
3.583920126e-05
3.577497062e-05
3.577900699e-05
3.578254352e-05
3.567994185e-05
3.558109103e-05
3.558921613e-05
3.576561342e-05
3.586301481e-05
3.589486085e-05
3.587048261e-05
3.586166802e-05
3.587260791e-05
3.573622725e-05
3.580698241e-05
3.579835604e-05
3.571902891e-05
3.579117605e-05
3.587240992e-05
3.590039854e-05
3.596426005e-05
3.596710301e-05
3.578416152e-05
3.569623275e-05
3.56335747e-05
3.57470768e-05
3.580614986e-05
3.57203628e-05
3.568951643e-05
3.566147199e-05
3.589788263e-05
3.587274113e-05
3.579346693e-05
3.585792689e-05
3.577549548e-05
3.574715556e-05
3.574270189e-05
3.574040196e-05
3.572206264e-05
3.570530637e-05
3.571615865e-05
3.567285495e-05
3.577335064e-05
3.579579355e-05
3.574617293e-05
3.572175564e-05
3.570540225e-05
3.578777668e-05
3.57405764e-05
3.567214022e-05
3.572791329e-05
3.569465903e-05
3.599526252e-05
3.578384965e-05
3.572706603e-05
3.588391217e-05
3.590209664e-05
3.583515312e-05
3.581599663e-05
3.573603603e-05
3.573519688e-05
3.58123109e-05
3.598272995e-05
3.613922503e-05
3.616314807e-05
3.615242893e-05
3.610967842e-05
3.608348707e-05
3.605695889e-05
3.61002285e-05
3.613790101e-05
3.614890106e-05
3.58597227e-05
3.589334919e-05
3.58400596e-05
3.591081264e-05
3.582040869e-05
3.582271828e-05
3.582788602e-05
3.583845331e-05
3.588837112e-05
3.572978783e-05
3.571391312e-05
3.566871078e-05
3.572615924e-05
3.573058228e-05
3.5777428e-05
3.572165716e-05
3.569054503e-05
3.5672724e-05
3.576941938e-05
3.580442682e-05
3.58273294e-05
3.566951073e-05
3.563262006e-05
3.568306775e-05
3.572325717e-05
3.570105679e-05
3.567369633e-05
3.576234121e-05
3.570998056e-05
3.584088367e-05
3.577084003e-05
3.580571456e-05
3.582639696e-05
3.591587696e-05
3.599941114e-05
3.584112503e-05
3.584727646e-05
3.592543471e-05
3.592259478e-05
3.5904357e-05
3.584759653e-05
3.589836809e-05
3.593273107e-05
3.571933059e-05
3.567566341e-05
3.568992775e-05
3.5662969e-05
3.580896312e-05
3.58572969e-05
3.582640911e-05
3.581757806e-05
3.584766406e-05
3.589576238e-05
3.591823955e-05
3.588334227e-05
3.585455908e-05
3.582013276e-05
3.580171506e-05
3.577738781e-05
3.581471337e-05
3.580080606e-05
3.574776529e-05
3.562950932e-05
3.580556965e-05
3.58182474e-05
3.588803782e-05
3.587390283e-05
3.595135053e-05
3.589205761e-05
3.577902269e-05
3.564034966e-05
3.571782552e-05
3.563732861e-05
3.563472725e-05
3.561706527e-05
3.560351616e-05
3.56656687e-05
3.578829098e-05
3.58076528e-05
3.582345162e-05
3.577261596e-05
3.574918513e-05
3.58571302e-05
3.581251693e-05
3.583295449e-05
3.577277501e-05
3.569883505e-05
3.556196886e-05
3.566869708e-05
3.554882363e-05
3.565928696e-05
3.565983901e-05
3.568347389e-05
3.566680907e-05
3.565082647e-05
3.568366787e-05
3.578748595e-05
3.57281321e-05
3.581152488e-05
3.576739916e-05
3.566393363e-05
3.57555734e-05
3.566089464e-05
3.563795189e-05
3.564970954e-05
3.573043733e-05
3.581522666e-05
3.584902105e-05
3.582337519e-05
3.582002567e-05
3.585640139e-05
3.579352818e-05
3.579578588e-05
3.569217676e-05
3.577201347e-05
3.575062501e-05
3.567528669e-05
3.566848828e-05
3.565741376e-05
3.563547221e-05
3.55829539e-05
3.541308448e-05
3.547208898e-05
3.555245186e-05
3.554555353e-05
3.552689051e-05
3.558585904e-05
3.563576379e-05
3.576671547e-05
3.587989502e-05
3.583216639e-05
3.586865645e-05
3.597002388e-05
3.591501401e-05
3.57965148e-05
3.574653364e-05
3.560176174e-05
3.564041223e-05
3.568355436e-05
3.548969206e-05
3.570205809e-05
3.566547267e-05
3.555341952e-05
3.541177825e-05
3.529353518e-05
3.544979264e-05
3.544753928e-05
3.559877408e-05
3.556560628e-05
3.54673637e-05
3.558786782e-05
3.556289421e-05
3.569240756e-05
3.581942752e-05
3.572317077e-05
3.567992891e-05
3.569451978e-05
3.555802449e-05
3.545739033e-05
3.564983785e-05
3.549206758e-05
3.543867464e-05
3.553547401e-05
3.570553748e-05
3.564019981e-05
3.571350348e-05
3.57012924e-05
3.557101133e-05
3.567860102e-05
3.574233438e-05
3.573505021e-05
3.570117817e-05
3.564541425e-05
3.576587223e-05
3.577643717e-05
3.589496707e-05
3.578964665e-05
3.570111556e-05
3.559047284e-05
3.549735339e-05
3.570856898e-05
3.579540064e-05
3.574539524e-05
3.581763288e-05
3.584852112e-05
3.598189159e-05
3.580092556e-05
3.567735919e-05
3.568134562e-05
3.555528788e-05
3.559264394e-05
3.573853627e-05
3.572600858e-05
3.566755115e-05
3.565728438e-05
3.580696998e-05
3.581983553e-05
3.58914365e-05
3.582605483e-05
3.576743387e-05
3.580912908e-05
3.584039685e-05
3.595037714e-05
3.594892085e-05
3.583461562e-05
3.578203099e-05
3.576611051e-05
3.574374229e-05
3.581020047e-05
3.584548278e-05
3.582601268e-05
3.582291121e-05
3.583412656e-05
3.586087561e-05
3.57398265e-05
3.573165196e-05
3.570188217e-05
3.583774843e-05
3.585844407e-05
3.581529685e-05
3.57196397e-05
3.580384736e-05
3.576603971e-05
3.580615388e-05
3.580584984e-05
3.582816764e-05
3.586631412e-05
3.574921221e-05
3.555058812e-05
3.553793834e-05
3.561771121e-05
3.564735138e-05
3.557677924e-05
3.558634184e-05
3.557522064e-05
3.563862006e-05
3.572527876e-05
3.571213478e-05
3.579178206e-05
3.578408516e-05
3.576380035e-05
3.579003442e-05
3.58735957e-05
3.577655921e-05
3.581098475e-05
3.587695146e-05
3.593977149e-05
3.579907033e-05
3.588644423e-05
3.580812508e-05
3.592206529e-05
3.597045471e-05
3.591140856e-05
3.595891476e-05
3.583381801e-05
3.589611893e-05
3.578044435e-05
3.56866008e-05
3.559803012e-05
3.565272041e-05
3.587354282e-05
3.59083458e-05
3.590697377e-05
3.591336548e-05
3.590493601e-05
3.583581283e-05
3.587232267e-05
3.580362676e-05
3.572362713e-05
3.584594675e-05
3.590697096e-05
3.584347995e-05
3.584632228e-05
3.584891528e-05
3.594131115e-05
3.585889591e-05
3.592568276e-05
3.592985411e-05
3.589407703e-05
3.577703107e-05
3.590614431e-05
3.593887342e-05
3.591484046e-05
3.580979004e-05
3.581422516e-05
3.579312455e-05
3.576998674e-05
3.580846379e-05
3.58757513e-05
3.582232076e-05
3.569678757e-05
3.57739565e-05
3.597392313e-05
3.597788686e-05
3.581225718e-05
3.576285466e-05
3.573607142e-05
3.570925554e-05
3.583002862e-05
3.593987443e-05
3.580848248e-05
3.583412952e-05
3.569375539e-05
3.568603349e-05
3.571247456e-05
3.583795332e-05
3.589476474e-05
3.590431582e-05
3.578571654e-05
3.579643298e-05
3.576706994e-05
3.577634884e-05
3.572722238e-05
3.576248899e-05
3.582352005e-05
3.588886394e-05
3.593439588e-05
3.593350416e-05
3.57664382e-05
3.576812496e-05
3.570907033e-05
3.585620243e-05
3.595630649e-05
3.604488377e-05
3.596789419e-05
3.585301027e-05
3.565682925e-05
3.557459081e-05
3.559708855e-05
3.565702802e-05
3.567367424e-05
3.55930061e-05
3.560859219e-05
3.560441415e-05
3.557127453e-05
3.576632186e-05
3.569803742e-05
3.579672026e-05
3.587228025e-05
3.571648153e-05
3.589454968e-05
3.586673415e-05
3.587638208e-05
3.576921244e-05
3.58767778e-05
3.58508329e-05
3.595155772e-05
3.590356255e-05
3.591451549e-05
3.575220087e-05
3.5856091e-05
3.572201523e-05
3.572646445e-05
3.570254427e-05
3.568045547e-05
3.572200074e-05
3.591888453e-05
3.582431138e-05
3.587009911e-05
3.596507682e-05
3.578954702e-05
3.578421854e-05
3.578054277e-05
3.581231317e-05
3.570005836e-05
3.573968787e-05
3.57462754e-05
3.573910867e-05
3.585439272e-05
3.582124731e-05
3.584577797e-05
3.583866619e-05
3.581262118e-05
3.582725509e-05
3.586313933e-05
3.585744495e-05
3.583511277e-05
3.586077459e-05
3.584378157e-05
3.579609308e-05
3.575535839e-05
3.597946131e-05
3.587739349e-05
3.585388822e-05
3.581454122e-05
3.593792129e-05
3.588303344e-05
3.57791326e-05
3.569824445e-05
3.581688365e-05
3.580843887e-05
3.569392909e-05
3.567679649e-05
3.565968922e-05
3.565940449e-05
3.576738631e-05
3.576026929e-05
3.568491274e-05
3.567472571e-05
3.569576648e-05
3.587281497e-05
3.590817994e-05
3.580289146e-05
3.575679016e-05
3.56147461e-05
3.562118693e-05
3.558426335e-05
3.568523271e-05
3.558659009e-05
3.553097487e-05
3.535995808e-05
3.5492115e-05
3.57030011e-05
3.573493764e-05
3.564291154e-05
3.571281855e-05
3.580182972e-05
3.582400685e-05
3.587957695e-05
3.594678844e-05
3.557584303e-05
3.570033246e-05
3.567590987e-05
3.562293018e-05
3.569739368e-05
3.562019024e-05
3.563504411e-05
3.564460989e-05
3.568141308e-05
3.570485781e-05
3.573811193e-05
3.558729602e-05
3.561356972e-05
3.561657633e-05
3.572405872e-05
3.56519914e-05
3.562760622e-05
3.564672593e-05
3.56479567e-05
3.565460735e-05
3.564010478e-05
3.563272908e-05
3.573427699e-05
3.567283637e-05
3.569855697e-05
3.573877187e-05
3.579502353e-05
3.579270088e-05
3.564841158e-05
3.572907056e-05
3.590612822e-05
3.590271111e-05
3.58769212e-05
3.577601748e-05
3.57392256e-05
3.576399749e-05
3.574008083e-05
3.558429717e-05
3.556615734e-05
3.555190451e-05
3.580564608e-05
3.574556786e-05
3.564159249e-05
3.560627011e-05
3.561092865e-05
3.569763926e-05
3.56973521e-05
3.561909656e-05
3.56269078e-05
3.5657433e-05
3.562895805e-05
3.562742129e-05
3.553958419e-05
3.570673893e-05
3.557468135e-05
3.556519654e-05
3.570031388e-05
3.567094052e-05
3.566770486e-05
3.574393688e-05
3.58676519e-05
3.576952395e-05
3.582088888e-05
3.571332882e-05
3.569516296e-05
3.554400799e-05
3.554882517e-05
3.55893501e-05
3.564028418e-05
3.55848181e-05
3.549949196e-05
3.552245591e-05
3.542098599e-05
3.536511172e-05
3.553996853e-05
3.568398046e-05
3.568983121e-05
3.573053969e-05
3.578480366e-05
3.588518618e-05
3.589054297e-05
3.586950835e-05
3.595170573e-05
3.592388208e-05
3.591701177e-05
3.589071974e-05
3.601620831e-05
3.588209385e-05
3.586085345e-05
3.582901353e-05
3.586285913e-05
3.581072973e-05
3.58141619e-05
3.583886377e-05
3.582891864e-05
3.576174812e-05
3.580694851e-05
3.585725873e-05
3.583089197e-05
3.593468524e-05
3.591925418e-05
3.588369871e-05
3.590588936e-05
3.5890343e-05
3.586233355e-05
3.571100447e-05
3.571800623e-05
3.577641664e-05
3.575005637e-05
3.575666586e-05
3.572242302e-05
3.566432409e-05
3.565764309e-05
3.5688654e-05
3.56973687e-05
3.565806352e-05
3.568994745e-05
3.565349802e-05
3.569216629e-05
3.578142109e-05
3.574159878e-05
3.584212527e-05
3.592434324e-05
3.576302994e-05
3.576078831e-05
3.570946842e-05
3.568957142e-05
3.578585035e-05
3.601537842e-05
3.591335414e-05
3.571407738e-05
3.576409779e-05
3.571109141e-05
3.565577942e-05
3.572793812e-05
3.572595046e-05
3.56764223e-05
3.57169544e-05
3.57711085e-05
3.569540605e-05
3.584479764e-05
3.583817097e-05
3.577926318e-05
3.572781957e-05
3.557981737e-05
3.552916557e-05
3.562756294e-05
3.582692798e-05
3.57117323e-05
3.568311247e-05
3.577567699e-05
3.570885029e-05
3.576268946e-05
3.574612171e-05
3.57997461e-05
3.574639419e-05
3.586290853e-05
3.589407597e-05
3.586459033e-05
3.585442503e-05
3.563511371e-05
3.56665276e-05
3.570430592e-05
3.576246718e-05
3.57167595e-05
3.572820432e-05
3.569508902e-05
3.568008751e-05
3.564856618e-05
3.560574753e-05
3.55525619e-05
3.567414567e-05
3.577990499e-05
3.574310238e-05
3.590472673e-05
3.590457597e-05
3.582402563e-05
3.580351332e-05
3.582682636e-05
3.575928667e-05
3.572971815e-05
3.569815317e-05
3.572051931e-05
3.577322382e-05
3.586990239e-05
3.578070936e-05
3.570009218e-05
3.582403243e-05
3.589161112e-05
3.593771365e-05
3.598423125e-05
3.583894914e-05
3.567731359e-05
3.576688975e-05
3.576200035e-05
3.582586048e-05
3.591010369e-05
3.585428558e-05
3.584055822e-05
3.578504427e-05
3.574344411e-05
3.57197623e-05
3.567771398e-05
3.553741394e-05
3.565278397e-05
3.56093493e-05
3.568644022e-05
3.557199235e-05
3.563383733e-05
3.57250997e-05
3.57381761e-05
3.57705094e-05
3.579956504e-05
3.591598713e-05
3.577783708e-05
3.568229021e-05
3.570708649e-05
3.580106141e-05
3.585790014e-05
3.573117847e-05
3.600598073e-05
3.597930182e-05
3.593714224e-05
3.579207653e-05
3.572575738e-05
3.586218437e-05
3.599124283e-05
3.602864355e-05
3.584537833e-05
3.583451173e-05
3.57935542e-05
3.583039796e-05
3.582272953e-05
3.574355556e-05
3.579454996e-05
3.575879682e-05
3.574370168e-05
3.574207462e-05
3.582323886e-05
3.588151676e-05
3.569278996e-05
3.569621516e-05
3.573443586e-05
3.585932357e-05
3.592747036e-05
3.593485985e-05
3.58406441e-05
3.586199132e-05
3.59696102e-05
3.602737615e-05
3.584359502e-05
3.580805484e-05
3.578561558e-05
3.569283501e-05
3.567599926e-05
3.573273585e-05
3.56799272e-05
3.567644487e-05
3.552321915e-05
3.555052841e-05
3.557481181e-05
3.562180869e-05
3.581897543e-05
3.582875328e-05
3.578206327e-05
3.579992061e-05
3.567386563e-05
3.577820469e-05
3.567588042e-05
3.567363422e-05
3.553772325e-05
3.555579866e-05
3.559289676e-05
3.581597262e-05
3.582251423e-05
3.571071879e-05
3.573523394e-05
3.580246879e-05
3.572271381e-05
3.566586562e-05
3.584789268e-05
3.579132004e-05
3.560482005e-05
3.557518899e-05
3.557823858e-05
3.554703514e-05
3.576992704e-05
3.56961507e-05
3.575851237e-05
3.580625353e-05
3.589197346e-05
3.593637887e-05
3.582813792e-05
3.566012131e-05
3.571458063e-05
3.553256969e-05
3.56397133e-05
3.56428031e-05
3.566045353e-05
3.577317619e-05
3.564546079e-05
3.572417288e-05
3.575430927e-05
3.571596618e-05
3.57286659e-05
3.562552908e-05
3.548247062e-05
3.548316331e-05
3.562489565e-05
3.571604587e-05
3.571749203e-05
3.570739861e-05
3.564371375e-05
3.560450371e-05
3.55860064e-05
3.571736649e-05
3.580587699e-05
3.572910675e-05
3.575055747e-05
3.568923179e-05
3.566234804e-05
3.569264233e-05
3.560424734e-05
3.564616089e-05
3.554121817e-05
3.559368969e-05
3.562633843e-05
3.563342503e-05
3.566133128e-05
3.561380422e-05
3.553010969e-05
3.548293066e-05
3.555924675e-05
3.572786205e-05
3.571407476e-05
3.559062638e-05
3.559559857e-05
3.568840583e-05
3.562013402e-05
3.559333802e-05
3.570063935e-05
3.571831212e-05
3.584826093e-05
3.58558784e-05
3.598866707e-05
3.582098976e-05
3.56625173e-05
3.561239699e-05
3.562587856e-05
3.55439139e-05
3.562596014e-05
3.576520807e-05
3.571215362e-05
3.564654024e-05
3.561026073e-05
3.574234163e-05
3.584529583e-05
3.584725759e-05
3.569583383e-05
3.581164356e-05
3.572257661e-05
3.575830776e-05
3.563202043e-05
3.577051364e-05
3.567403789e-05
3.580081168e-05
3.575684228e-05
3.567536404e-05
3.562694434e-05
3.570808988e-05
3.574848493e-05
3.552204431e-05
3.57615079e-05
3.578327287e-05
3.582518332e-05
3.568430185e-05
3.565083938e-05
3.574388473e-05
3.560488514e-05
3.561499761e-05
3.594172363e-05
3.593809933e-05
3.596365342e-05
3.594049443e-05
3.584895213e-05
3.586564882e-05
3.57947396e-05
3.576991318e-05
3.579598587e-05
3.573140875e-05
3.58387602e-05
3.580133501e-05
3.581753548e-05
3.580892703e-05
3.573690623e-05
3.57709548e-05
3.581186127e-05
3.57525315e-05
3.587941784e-05
3.591580407e-05
3.585114791e-05
3.591933891e-05
3.577263457e-05
3.565727301e-05
3.566593271e-05
3.577830581e-05
3.583470706e-05
3.580369349e-05
3.584177665e-05
3.591574393e-05
3.586285941e-05
3.581059151e-05
3.575165832e-05
3.578513417e-05
3.584588739e-05
3.587058092e-05
3.581600167e-05
3.577484575e-05
3.586313337e-05
3.595732946e-05
3.574855886e-05
3.56742484e-05
3.566680021e-05
3.574266177e-05
3.576962916e-05
3.58012178e-05
3.575581737e-05
3.57132406e-05
3.573338742e-05
3.58187749e-05
3.592456606e-05
3.590272672e-05
3.601261232e-05
3.588052672e-05
3.580893699e-05
3.572089541e-05
3.588646886e-05
3.591639021e-05
3.591101288e-05
3.581506752e-05
3.577587393e-05
3.567115041e-05
3.565733e-05
3.581665314e-05
3.583424323e-05
3.575908319e-05
3.57063008e-05
3.563649765e-05
3.562639618e-05
3.566777563e-05
3.559367571e-05
3.550454673e-05
3.552119118e-05
3.563056591e-05
3.568626682e-05
3.568730033e-05
3.572632179e-05
3.573819437e-05
3.57267019e-05
3.571247879e-05
3.572312469e-05
3.569523178e-05
3.571225467e-05
3.554841397e-05
3.575357154e-05
3.570410526e-05
3.567234762e-05
3.561462364e-05
3.572412185e-05
3.568386673e-05
3.567347857e-05
3.573700947e-05
3.577220143e-05
3.570239619e-05
3.563091974e-05
3.561004325e-05
3.564913417e-05
3.566914027e-05
3.560590468e-05
3.570178706e-05
3.570375998e-05
3.579057581e-05
3.59396391e-05
3.591986111e-05
3.586478887e-05
3.581360497e-05
3.56181541e-05
3.553620944e-05
3.559383618e-05
3.567493181e-05
3.564878368e-05
3.564366819e-05
3.5587152e-05
3.577381398e-05
3.578313111e-05
3.587251921e-05
3.579121327e-05
3.565507067e-05
3.575890068e-05
3.569306951e-05
3.587642039e-05
3.577297794e-05
3.568112327e-05
3.561090901e-05
3.567083214e-05
3.572094642e-05
3.579570278e-05
3.571545917e-05
3.563299913e-05
3.558834408e-05
3.559959491e-05
3.564886044e-05
3.574204717e-05
3.560723964e-05
3.558272589e-05
3.559609865e-05
3.564274422e-05
3.562638063e-05
3.568851992e-05
3.576198166e-05
3.563142815e-05
3.574626243e-05
3.586335119e-05
3.583664501e-05
3.57589971e-05
3.563548723e-05
3.575089732e-05
3.588500553e-05
3.595983286e-05
3.583444378e-05
3.584521156e-05
3.585417295e-05
3.57865795e-05
3.580486917e-05
3.57224586e-05
3.572315273e-05
3.576188882e-05
3.571086041e-05
3.573021813e-05
3.580771295e-05
3.582210915e-05
3.578304132e-05
3.581346116e-05
3.593065775e-05
3.590978009e-05
3.580355067e-05
3.576149087e-05
3.570375152e-05
3.574840965e-05
3.57229997e-05
3.57512566e-05
3.57963329e-05
3.582725749e-05
3.573087388e-05
3.575971108e-05
3.578678096e-05
3.583518054e-05
3.569621755e-05
3.569557812e-05
3.580832465e-05
3.585842523e-05
3.580221949e-05
3.58256844e-05
3.574426961e-05
3.566894924e-05
3.572636067e-05
3.572002767e-05
3.578278643e-05
3.573190571e-05
3.58466535e-05
3.605488515e-05
3.606549748e-05
3.605930912e-05
3.602421475e-05
3.588597204e-05
3.577501789e-05
3.568833978e-05
3.568946536e-05
3.582628249e-05
3.571129912e-05
3.575626033e-05
3.568809506e-05
3.563451331e-05
3.552527989e-05
3.55548025e-05
3.563289652e-05
3.560491951e-05
3.570633544e-05
3.57252596e-05
3.578606874e-05
3.578239197e-05
3.581320374e-05
3.579620203e-05
3.57310593e-05
3.571566623e-05
3.579169657e-05
3.565839233e-05
3.55935214e-05
3.558143945e-05
3.57927493e-05
3.571522669e-05
3.565542117e-05
3.574868699e-05
3.583675215e-05
3.590920203e-05
3.58499074e-05
3.58726941e-05
3.575715323e-05
3.56085203e-05
3.559385895e-05
3.563802295e-05
3.560073476e-05
3.571177677e-05
3.579937065e-05
3.578253826e-05
3.586938419e-05
3.579686471e-05
3.57702945e-05
3.574004895e-05
3.574195313e-05
3.57002772e-05
3.573176385e-05
3.564241869e-05
3.56047427e-05
3.567018254e-05
3.570905945e-05
3.577271003e-05
3.574036486e-05
3.556169657e-05
3.559794532e-05
3.572056081e-05
3.579467437e-05
3.56844961e-05
3.584806324e-05
3.579824474e-05
3.575327448e-05
3.559152081e-05
3.566901327e-05
3.557719194e-05
3.558729495e-05
3.576690317e-05
3.576354693e-05
3.581649352e-05
3.587032296e-05
3.582306021e-05
3.556670337e-05
3.556649855e-05
3.559674058e-05
3.565804863e-05
3.571937118e-05
3.582437515e-05
3.583611552e-05
3.573105826e-05
3.556324365e-05
3.553230027e-05
3.558727674e-05
3.568692411e-05
3.58124362e-05
3.575850377e-05
3.582642626e-05
3.563124429e-05
3.562107343e-05
3.575078531e-05
3.566785348e-05
3.584245014e-05
3.588496475e-05
3.587169309e-05
3.581346388e-05
3.579427061e-05
3.56578548e-05
3.560391055e-05
3.562598951e-05
3.566382137e-05
3.57486641e-05
3.580893615e-05
3.590073265e-05
3.578958213e-05
3.582259269e-05
3.575661898e-05
3.56993524e-05
3.55527978e-05
3.561545193e-05
3.568373513e-05
3.574140008e-05
3.570794725e-05
3.573593434e-05
3.580479012e-05
3.578725067e-05
3.583203554e-05
3.58129395e-05
3.584360222e-05
3.59668212e-05
3.579278748e-05
3.572301657e-05
3.565594732e-05
3.565186945e-05
3.568825387e-05
3.577297067e-05
3.581910088e-05
3.56964246e-05
3.565826787e-05
3.57340111e-05
3.57001309e-05
3.575130283e-05
3.591224522e-05
3.574296204e-05
3.584669346e-05
3.598275104e-05
3.592411711e-05
3.590786693e-05
3.581281931e-05
3.584298433e-05
3.592782922e-05
3.591521036e-05
3.590079173e-05
3.589670221e-05
3.574286333e-05
3.568054123e-05
3.570721864e-05
3.561339479e-05
3.567711824e-05
3.573832099e-05
3.585745018e-05
3.578209707e-05
3.58911883e-05
3.5927286e-05
3.586144848e-05
3.581090915e-05
3.577610846e-05
3.582435286e-05
3.575860024e-05
3.588089802e-05
3.596677048e-05
3.592320424e-05
3.592506673e-05
3.593375237e-05
3.590469177e-05
3.58052099e-05
3.57207055e-05
3.569842798e-05
3.581216901e-05
3.569705739e-05
3.572665067e-05
3.57555712e-05
3.573727629e-05
3.584115153e-05
3.58332227e-05
3.573764713e-05
3.572593119e-05
3.570366434e-05
3.56461706e-05
3.580543095e-05
3.583636933e-05
3.582329272e-05
3.582226637e-05
3.589806812e-05
3.584102895e-05
3.588031841e-05
3.577373041e-05
3.589703924e-05
3.574301691e-05
3.58252666e-05
3.587673278e-05
3.583367996e-05
3.585217738e-05
3.587685841e-05
3.594229144e-05
3.605343886e-05
3.597763672e-05
3.586550951e-05
3.581751003e-05
3.582616718e-05
3.577207837e-05
3.573681799e-05
3.573329355e-05
3.589125317e-05
3.583517765e-05
3.570801391e-05
3.559074105e-05
3.570339363e-05
3.568104817e-05
3.572203835e-05
3.564378577e-05
3.570947906e-05
3.583876532e-05
3.587973689e-05
3.594013149e-05
3.593395015e-05
3.591105489e-05
3.590714841e-05
3.593681486e-05
3.578512826e-05
3.576595525e-05
3.576559068e-05
3.574236149e-05
3.570313921e-05
3.57064011e-05
3.562775826e-05
3.569250213e-05
3.576522242e-05
3.594817676e-05
3.600114549e-05
3.590766533e-05
3.585279489e-05
3.575660984e-05
3.576180922e-05
3.589399124e-05
3.573737885e-05
3.571113577e-05
3.552796988e-05
3.551601051e-05
3.568376846e-05
3.594822903e-05
3.593139774e-05
3.584275736e-05
3.574444459e-05
3.576424159e-05
3.584116795e-05
3.578782377e-05
3.576870274e-05
3.570639346e-05
3.571718871e-05
3.576093418e-05
3.583268128e-05
3.585514474e-05
3.582357378e-05
3.590707149e-05
3.593787189e-05
3.58703521e-05
3.588552845e-05
3.588684023e-05
3.572500839e-05
3.555638395e-05
3.561872184e-05
3.571573752e-05
3.575083164e-05
3.577072155e-05
3.576712735e-05
3.576621309e-05
3.571492427e-05
3.564918649e-05
3.571225581e-05
3.579172713e-05
3.576729217e-05
3.570174438e-05
3.575290862e-05
3.568764028e-05
3.558701752e-05
3.550297555e-05
3.573945685e-05
3.585130423e-05
3.583053783e-05
3.57741907e-05
3.574147162e-05
3.57382764e-05
3.585213102e-05
3.579777431e-05
3.58414096e-05
3.583055096e-05
3.566701651e-05
3.56550394e-05
3.560450639e-05
3.550173976e-05
3.557791857e-05
3.568273484e-05
3.568242382e-05
3.568811425e-05
3.577738749e-05
3.566503326e-05
3.561708631e-05
3.557796602e-05
3.563411337e-05
3.579073079e-05
3.572433483e-05
3.575548475e-05
3.57231469e-05
3.568691455e-05
3.569456009e-05
3.564330852e-05
3.572452564e-05
3.572035435e-05
3.559683828e-05
3.565124928e-05
3.566295455e-05
3.550250827e-05
3.554168647e-05
3.548758612e-05
3.559273592e-05
3.566237592e-05
3.569987576e-05
3.576987905e-05
3.564262109e-05
3.565845457e-05
3.565834947e-05
3.57676718e-05
3.588906749e-05
3.593595318e-05
3.587365522e-05
3.577617282e-05
3.571453579e-05
3.56935513e-05
3.569706656e-05
3.556092499e-05
3.566022778e-05
3.577058818e-05
3.569592447e-05
3.569223784e-05
3.574359382e-05
3.583619414e-05
3.595086246e-05
3.586596406e-05
3.588379387e-05
3.590687262e-05
3.594040485e-05
3.591139012e-05
3.572567041e-05
3.58086144e-05
3.59240733e-05
3.599006576e-05
3.587333825e-05
3.57970112e-05
3.581027903e-05
3.58982496e-05
3.58441414e-05
3.590820268e-05
3.580483904e-05
3.583309412e-05
3.59446866e-05
3.592056615e-05
3.579851921e-05
3.571404907e-05
3.571427149e-05
3.580061446e-05
3.578977996e-05
3.577185013e-05
3.567776439e-05
3.571218979e-05
3.562971303e-05
3.578019849e-05
3.575456177e-05
)
;

boundaryField
{
    xPeriodic_half0
    {
        type            cyclic;
    }
    xPeriodic_half1
    {
        type            cyclic;
    }
    yPeriodic_half0
    {
        type            cyclic;
    }
    yPeriodic_half1
    {
        type            cyclic;
    }
    zPeriodic_half0
    {
        type            cyclic;
    }
    zPeriodic_half1
    {
        type            cyclic;
    }
}


// ************************************************************************* //
