/*--------------------------------*- C++ -*----------------------------------*\
| =========                 |                                                 |
| \\      /  F ield         | OpenFOAM: The Open Source CFD Toolbox           |
|  \\    /   O peration     | Version:  v1706                                 |
|   \\  /    A nd           | Web:      www.OpenFOAM.com                      |
|    \\/     M anipulation  |                                                 |
\*---------------------------------------------------------------------------*/
FoamFile
{
    version     2.0;
    format      ascii;
    class       volScalarField;
    location    "0.02";
    object      p_mixture;
}
// * * * * * * * * * * * * * * * * * * * * * * * * * * * * * * * * * * * * * //

dimensions      [1 -1 -2 0 0 0 0];


internalField   nonuniform List<scalar> 
5120
(
0.4176019292
0.4174803052
0.4183538632
0.4179000714
0.4176856459
0.4185459378
0.4181927574
0.4178865225
0.4163055115
0.4156314151
0.4163891549
0.4165623827
0.4155763677
0.4155622382
0.4165064866
0.4159238815
0.4149512185
0.4157105872
0.4157528176
0.4168591595
0.4145168384
0.4139145181
0.4153506588
0.4156984522
0.4153044547
0.4141196185
0.415372588
0.4151746464
0.4161285884
0.4141412208
0.4163940927
0.4165278288
0.4149318965
0.4154306574
0.4148550049
0.4147073652
0.4138674092
0.4161153773
0.4148099354
0.4148976791
0.4149783171
0.41666337
0.414995895
0.416809435
0.4175057388
0.41666324
0.4162009168
0.417584471
0.4167476747
0.4163694499
0.4155376118
0.4169348986
0.4174567498
0.4163466598
0.4174227908
0.4169322163
0.4172747855
0.4159073755
0.4160582259
0.4154801529
0.4154063287
0.4141685576
0.4157697207
0.4173449163
0.4154106935
0.4147722857
0.415046408
0.4150388098
0.4156957548
0.415526139
0.416532436
0.4152470128
0.4134230333
0.4128133465
0.4124997471
0.4130249228
0.4137656639
0.4154759099
0.4150283936
0.4141851653
0.4146938594
0.4151751135
0.4155797956
0.4145735106
0.4153498895
0.4145632857
0.4149320747
0.413940731
0.4141388413
0.4137461853
0.4146211733
0.4166869691
0.4150894704
0.4157509222
0.4162123809
0.4142973997
0.4139839053
0.4140426246
0.4133688058
0.4150126499
0.4124809464
0.4141332593
0.4152525239
0.4125564973
0.4151715665
0.4156670879
0.4146314458
0.4143942146
0.4132940914
0.4144732446
0.4144272244
0.4154107212
0.414984208
0.4157935021
0.4145693456
0.4149252549
0.4146185093
0.4140595708
0.4141502563
0.4132596806
0.4122796672
0.4106053397
0.4109304987
0.4132652023
0.4136669796
0.4139558248
0.4136774717
0.4145405957
0.4142897593
0.4139488177
0.4123665618
0.4147171053
0.4146575308
0.4153679023
0.4147327602
0.4151503203
0.4145797207
0.4140223494
0.4134954247
0.4120864796
0.413660203
0.4149048567
0.4141579869
0.413465244
0.4121046533
0.4127324153
0.4131477486
0.4129822767
0.4126345207
0.4132971045
0.4130194387
0.4117083464
0.4127913556
0.4151598157
0.4159787963
0.4164015067
0.4160530021
0.416190332
0.4156885174
0.4148724561
0.4171083146
0.4153165429
0.4156380669
0.4136220212
0.4139249117
0.4159094964
0.4149740381
0.4133472709
0.4139081209
0.4129494626
0.4147040468
0.4150802376
0.4147308977
0.4149611822
0.41508885
0.4147727894
0.4173462517
0.4162946292
0.4161137594
0.4180988654
0.4134260231
0.4133442635
0.4138182251
0.4139317379
0.4143591906
0.4126157352
0.415998011
0.4163773106
0.4154259605
0.4134892448
0.4109719007
0.4120014908
0.4139751195
0.4151927083
0.4152129803
0.4141891926
0.4113257771
0.4120149827
0.4134391508
0.4141880219
0.4156445908
0.4182731681
0.416763655
0.4181184402
0.4164820939
0.4150691939
0.4142988494
0.4132816665
0.4117983903
0.4126347385
0.41529983
0.4159768071
0.4144832745
0.4148223044
0.4133326411
0.4131811888
0.415213728
0.4143210091
0.4133302378
0.4126837032
0.4144153757
0.4137094112
0.4146511259
0.4152965527
0.4158548718
0.4169902896
0.4172452312
0.4144151174
0.4134183792
0.4137093477
0.4138877414
0.4151908574
0.4141520408
0.4139659961
0.4156865633
0.4152566556
0.4152351947
0.4150024188
0.414135853
0.4138011692
0.4143937923
0.4151607443
0.4161712415
0.415205039
0.4146930586
0.4146139547
0.4147412833
0.4133377634
0.4136341195
0.4145083961
0.4146190667
0.4151523547
0.4150084942
0.4158841765
0.4153471457
0.4142213412
0.4149412929
0.4138196696
0.4156398885
0.4156194838
0.418345944
0.4179947553
0.4169954187
0.4176460966
0.4164319372
0.4150227473
0.4135413729
0.4143167146
0.4145688951
0.4151187295
0.4166669423
0.4166725843
0.41846743
0.4187902667
0.4178537252
0.4173101449
0.4152651538
0.415889563
0.4159280108
0.4136804107
0.4136259027
0.4138590043
0.4128415821
0.4127967917
0.4140912434
0.4138858409
0.4132455914
0.4143163985
0.4169300072
0.4170052226
0.418198649
0.4167829103
0.4170740548
0.41656042
0.4156532691
0.4126372459
0.4142907473
0.4168415375
0.4174743421
0.4167392737
0.4158134969
0.4164410073
0.4158431502
0.4151565778
0.4145978424
0.4139153826
0.4157041921
0.4165847869
0.4173252633
0.4166037415
0.4124666825
0.4136880045
0.4145566136
0.4151587094
0.4135826677
0.4142074873
0.4146956107
0.4147091808
0.4139990846
0.4140597629
0.4169287138
0.4174626697
0.4150961175
0.4146588903
0.4158168545
0.4171660373
0.4145068481
0.4140493312
0.4153276025
0.4175390129
0.4179640925
0.4161977594
0.414682848
0.4134669644
0.4157705827
0.4162683648
0.4142773034
0.4157239593
0.4152091965
0.4145476048
0.4165355359
0.4158976209
0.4173269293
0.4185015137
0.4180423866
0.4179975318
0.4163374999
0.4168461066
0.415717262
0.4158518451
0.4147668004
0.4159342273
0.4180239578
0.4175714185
0.415386146
0.4157659219
0.416829519
0.4159907173
0.4150222642
0.4148391744
0.4146689862
0.416858581
0.4164886849
0.4164942731
0.4162645599
0.4157922366
0.4154342075
0.4145183203
0.4154549114
0.4140081938
0.4144126817
0.4148671561
0.4159289092
0.4153032622
0.4161302433
0.4173458393
0.4177070391
0.4165658811
0.416657525
0.416636207
0.4137469184
0.4146216601
0.4150991494
0.4133763487
0.4142267336
0.4164962233
0.4178400162
0.4173453466
0.4161554632
0.4168483084
0.4143645077
0.4113528419
0.4126955711
0.4132704279
0.4138435469
0.4146664806
0.4152398471
0.4126534714
0.4122938389
0.4125533523
0.4169926861
0.416541311
0.4149458959
0.4144689833
0.4148494614
0.4167578399
0.418680987
0.4209938574
0.4182036031
0.4167125749
0.4154518892
0.416560182
0.4168698774
0.4148004101
0.4126794034
0.4134002137
0.4124362421
0.4122475291
0.4136284035
0.4158522152
0.4160960845
0.4160908695
0.4151515959
0.4153832846
0.4142931996
0.4140305655
0.415419663
0.4149836339
0.4148058211
0.4147354925
0.416836069
0.4144626032
0.4142578321
0.4157735391
0.4152538427
0.4135922583
0.4137658606
0.4131580504
0.4139196232
0.415400655
0.4140515236
0.41302492
0.415567663
0.4161525319
0.4156289882
0.415437973
0.4162491797
0.4167720478
0.4168344048
0.4158961956
0.4169399179
0.4164871699
0.4150624354
0.4152758235
0.4145989484
0.4155607192
0.4155428129
0.4151705632
0.415389989
0.4152315895
0.4160825136
0.4166200785
0.4157722961
0.4161329494
0.4160634763
0.4159386235
0.415061824
0.4136904269
0.4134263209
0.4145393611
0.4159379445
0.4149017044
0.4162428806
0.416436353
0.4165878464
0.4165094892
0.4158111863
0.4145708045
0.4139997733
0.4163307633
0.4148236523
0.4147953893
0.4147282278
0.4144642316
0.4138733466
0.4129323682
0.4141453921
0.414182131
0.4119821413
0.4132051875
0.4129807865
0.4126226278
0.4142450872
0.4149481541
0.4164904694
0.4174725733
0.4178459317
0.4175301434
0.4179131808
0.4171259624
0.4121782
0.4130308132
0.4134277602
0.4127349981
0.4137634405
0.4142077049
0.4128538111
0.4140614508
0.4153002837
0.4141050508
0.4153118144
0.4154952608
0.4144403447
0.4126504749
0.4122231854
0.4133176785
0.4138813397
0.4155275566
0.4152201603
0.413779325
0.4152383725
0.4143911163
0.4150973367
0.4161599154
0.4155329607
0.4155494358
0.4145040148
0.417130366
0.4175304881
0.4161552192
0.4132243596
0.4107138764
0.4130136525
0.4141926164
0.4154013279
0.4152497224
0.4138922435
0.4136745871
0.4146872428
0.4150936043
0.4146033128
0.4129649478
0.4155354499
0.415906409
0.4152221754
0.4150368301
0.4161077363
0.4163258542
0.4141926936
0.4130913626
0.4141347711
0.4168588655
0.414955364
0.4138522662
0.4133957309
0.4143995084
0.4150620144
0.4156406165
0.4159890921
0.4145018871
0.4165449956
0.4167720456
0.4170186066
0.4169941865
0.4164915002
0.4159713594
0.4145004276
0.415779093
0.4186053938
0.4198580361
0.4179074261
0.4161750153
0.4152309766
0.4148949073
0.4152121757
0.4142845794
0.4147213271
0.4154427096
0.4147300149
0.4150672142
0.4130769308
0.4141043615
0.4143155747
0.4151188268
0.4147950572
0.4148129953
0.4148471201
0.4145747572
0.4136866194
0.4161342651
0.4166558121
0.4175382716
0.4158808807
0.4161092948
0.415817584
0.4148668253
0.4159992928
0.4167412277
0.415939785
0.41673027
0.4147224455
0.4156145904
0.416126437
0.4162923102
0.4167177812
0.4174568206
0.4175079175
0.4179880735
0.41595903
0.414742481
0.4148314268
0.4154730422
0.4164554868
0.4139550346
0.4134951283
0.4157433954
0.4160206569
0.4168829813
0.4158481797
0.4151290125
0.4166314679
0.414887128
0.4144133013
0.4147726357
0.4146020741
0.4142455546
0.4144393911
0.4163961109
0.4154386855
0.4140859
0.4153663213
0.4160706918
0.4148472758
0.4158298949
0.4162683305
0.4148778058
0.4145788091
0.4144192199
0.4151445679
0.4168643892
0.4137235771
0.4140667511
0.4150702549
0.4137199508
0.4138555634
0.4159056557
0.4172273562
0.4157902692
0.4153759755
0.4149884007
0.415500131
0.4154651335
0.4179677356
0.4182147889
0.4177126325
0.4156847321
0.4158251737
0.4159321403
0.4151139193
0.4150260451
0.4145573475
0.4143705339
0.4144823255
0.4147135191
0.4138603204
0.4142615961
0.415237943
0.4138478415
0.414372564
0.4147588584
0.4169102654
0.4172895083
0.4164088588
0.4160841558
0.4163576333
0.4142067811
0.4138710927
0.4144097283
0.4152133902
0.4161657859
0.4153061847
0.4152389204
0.415382705
0.4167340894
0.4165678189
0.4155143781
0.4160586756
0.413825784
0.4122991043
0.4119199522
0.4113758058
0.4120949722
0.4131902685
0.4134966923
0.4117932418
0.4141992817
0.4159943977
0.416703297
0.4161459776
0.4148163875
0.4141111605
0.4162165744
0.4163945623
0.416324201
0.4161064428
0.4157470984
0.4140687294
0.4138633073
0.4149625116
0.4148259982
0.4162299914
0.4148482444
0.4115695134
0.4143326468
0.4152969254
0.4151890106
0.4148763655
0.4139467305
0.4143351729
0.4143850183
0.4141426076
0.4147710568
0.4141967372
0.415224871
0.4148297757
0.4153035738
0.4134906924
0.4139447909
0.4162132901
0.4175473534
0.4183453773
0.416897973
0.4154574225
0.4154115165
0.4138064425
0.4128842139
0.4135085907
0.4138554744
0.4141509396
0.4147204942
0.4132239752
0.4153510693
0.417556853
0.4158340616
0.4170876878
0.4162525225
0.416384914
0.415534645
0.4169091472
0.415897461
0.4143743294
0.4148188434
0.4154487883
0.4152755292
0.4155308662
0.4156744556
0.4157970918
0.4164639641
0.4141967056
0.4120377398
0.4144511064
0.4135680978
0.4124176299
0.4141602388
0.4154707687
0.4140281865
0.4141539589
0.4160513458
0.4179774514
0.4179691045
0.4177446645
0.415248414
0.415417187
0.4145789091
0.4135400273
0.4137538627
0.4154983651
0.4151791413
0.4147908696
0.4147578343
0.4145562015
0.4162240513
0.4153467901
0.4139093341
0.4131748377
0.4140675571
0.4171493625
0.4166502638
0.4154438548
0.4168196638
0.4166056066
0.4159621481
0.4139273322
0.4123269407
0.4129135932
0.4137356663
0.4139566546
0.4121451403
0.4131561124
0.4129580484
0.4166883558
0.4167498078
0.4157730562
0.4162871982
0.4161453462
0.4152145169
0.4141619079
0.4130637066
0.4168385441
0.415100598
0.4149146863
0.4149512934
0.4152509205
0.4159881254
0.4140296216
0.4147697072
0.4150947194
0.4164150734
0.4164946873
0.4163419562
0.4121807775
0.4123640828
0.4140686375
0.4143398939
0.414389424
0.4137619585
0.4130596797
0.4125617757
0.4127717441
0.4150157947
0.4147121069
0.4145551736
0.4132414341
0.4135131003
0.4155289545
0.4154003065
0.4140472801
0.414134486
0.4145991824
0.4141169235
0.4157906629
0.4168730047
0.4143890211
0.4130645752
0.4135116348
0.4162267632
0.417622751
0.4179168799
0.4181579976
0.4167172607
0.4161672492
0.4156454762
0.4147701796
0.4149217779
0.4148168092
0.4153914237
0.4159396683
0.4145979391
0.4140556253
0.4147064611
0.4144537278
0.4149348926
0.4152619135
0.4171495151
0.4169070355
0.4151906598
0.4142664157
0.4149450599
0.415104772
0.4168363171
0.4176502287
0.4150922801
0.414860871
0.4167520434
0.4164691479
0.4153458224
0.4152246947
0.4158198714
0.4161970841
0.4154305146
0.4154337021
0.4147880364
0.4141282407
0.4131157736
0.416912142
0.4176036115
0.4168682237
0.4182200506
0.416665951
0.4149118582
0.4152097491
0.4165294801
0.4153622415
0.4154712831
0.4151180603
0.4145309263
0.4140175927
0.4141103597
0.4133058564
0.414240231
0.4164049546
0.4168404314
0.4168410018
0.4141689999
0.4144397726
0.4142830774
0.4142545943
0.4150313246
0.4162124496
0.4161020559
0.4145440983
0.4156830886
0.41752745
0.4169644191
0.4169957923
0.418403883
0.4176706416
0.4172785347
0.4169609328
0.4151708659
0.4160622515
0.415759317
0.4173655228
0.4168295895
0.4173257718
0.4179953946
0.4193843977
0.4172432312
0.4149738882
0.415316043
0.4157157092
0.4160131891
0.4142147582
0.4164171464
0.418174591
0.417704406
0.4180430699
0.4169685244
0.4181470839
0.4174126516
0.4152393881
0.4159923417
0.416397445
0.418381121
0.4163086327
0.4157380633
0.4144511331
0.4155281397
0.4167131988
0.4162043665
0.4148671077
0.4148345436
0.4155860334
0.4158236442
0.4145852392
0.4157166605
0.4161144394
0.4149357493
0.4146482846
0.4142176521
0.4149289436
0.4149555412
0.4132445999
0.4132119521
0.4156650978
0.4143540873
0.4151563433
0.4159718128
0.4168015211
0.4168406614
0.418296232
0.4190482738
0.4190878836
0.4177825756
0.4183137707
0.4189994019
0.4183683724
0.4168360881
0.41525079
0.4152287725
0.4132954103
0.4126830103
0.4142034052
0.4143854576
0.4149216536
0.4144708926
0.4148340311
0.4159162519
0.4158596357
0.4137154242
0.4137845849
0.4134214236
0.41301435
0.4169861115
0.4165363126
0.4166665734
0.417431418
0.4177410939
0.4163773475
0.4144243155
0.4169153895
0.4149775806
0.4155718197
0.4135141271
0.4136321585
0.4133416073
0.4132410235
0.414167204
0.4128029466
0.4128245816
0.4124051389
0.4126976059
0.4128877424
0.4127279583
0.4140420901
0.4150027646
0.4142412049
0.4146480389
0.4164966324
0.4185863671
0.4179630635
0.4171246387
0.4167188519
0.4153423415
0.4143118905
0.413768809
0.4119042555
0.4125232338
0.4146686827
0.4131992692
0.4140027194
0.4137448016
0.4143178941
0.4149190701
0.4126222093
0.4116472003
0.4120852638
0.4144674808
0.4138654265
0.4153060644
0.4136039431
0.4137615147
0.4135398613
0.4139446162
0.4145602741
0.4146826198
0.4153004449
0.4133026823
0.4124062578
0.4132557247
0.4124773757
0.4145220755
0.4164938198
0.4161263615
0.4171492524
0.4169755561
0.4156918173
0.4140974648
0.4164609949
0.415072236
0.4149801961
0.4133805059
0.4147407808
0.4156612404
0.4138746847
0.4123335289
0.4118762832
0.4128695037
0.4115294128
0.4126029793
0.4135602325
0.4128171333
0.4147604651
0.416395433
0.4155086218
0.4152802337
0.4156796105
0.4157509546
0.4152834023
0.4160919971
0.4148241134
0.4146380796
0.4131459417
0.4126407708
0.4142290128
0.4152573526
0.4175576725
0.417043185
0.4149370791
0.4137867548
0.4133344593
0.4137188351
0.4134702397
0.4137234978
0.4141675269
0.4130955372
0.4128482905
0.4134711626
0.4148568731
0.415297128
0.4136757288
0.4132596274
0.4135739029
0.4139314289
0.414743198
0.4152064271
0.4140511514
0.4150784131
0.414355422
0.4137722418
0.4149801772
0.4147825597
0.4131914118
0.4139084682
0.4132599868
0.4139645572
0.4121332699
0.4125892722
0.4141408724
0.4142359915
0.4161296273
0.4160544519
0.4169154059
0.4180827561
0.4182321677
0.4172771176
0.4158544265
0.4147552776
0.4142751272
0.415648224
0.4152417944
0.4168044316
0.4164218326
0.4144373602
0.4151967034
0.4152309406
0.413655104
0.4157655333
0.4167241528
0.418331136
0.4154679534
0.4164461971
0.4149688693
0.4143666423
0.414147199
0.411578207
0.4116339947
0.4130474527
0.4123872212
0.4142725422
0.4144891143
0.4136109364
0.4145996685
0.4142746232
0.4144239985
0.416132508
0.4178684831
0.418176099
0.4178084748
0.4167320923
0.4145208405
0.4139174837
0.4131993912
0.4134026774
0.4147014703
0.4166590361
0.4170730047
0.4168092719
0.4169341482
0.4161579486
0.4142777455
0.4151849804
0.4169342076
0.4170076444
0.4158210679
0.4144611795
0.4142861012
0.41590457
0.4138136456
0.4133891332
0.4156021936
0.414897412
0.4154370274
0.4163211728
0.4161643961
0.415209224
0.4170589058
0.4172090694
0.4155635048
0.415154496
0.415350394
0.4175734375
0.4167362462
0.4153034227
0.4151787202
0.4146413483
0.4140904379
0.4149294939
0.4151530443
0.4156064979
0.4175985036
0.4165802185
0.4174695266
0.4166202725
0.4148094977
0.4131861494
0.4143691423
0.4168391186
0.4175781995
0.4194740074
0.4175488733
0.4138565223
0.4138376297
0.4137931529
0.4147392311
0.4131749922
0.4132981619
0.4150751714
0.4164772196
0.4171238454
0.4167256184
0.4178132789
0.4167379693
0.4188270018
0.4166684357
0.4168250004
0.415506543
0.4151832371
0.4162871058
0.4143632263
0.4145899748
0.4173209714
0.4164267034
0.414424804
0.414334254
0.4167968692
0.416797918
0.4164901772
0.4156939831
0.4173957543
0.4157062517
0.4177316619
0.4168289555
0.4157541225
0.4166364644
0.4168778368
0.4147915042
0.4147287135
0.4144453064
0.4157726665
0.4160793684
0.4157284371
0.4155236106
0.4170177598
0.4160819417
0.4154755759
0.4145319565
0.4153098966
0.4160425695
0.4169977817
0.4145631038
0.4123814406
0.4115160214
0.4112040799
0.4134714682
0.4148294185
0.4136597468
0.4153347139
0.4148667782
0.416018638
0.4171030214
0.4158839833
0.4158580689
0.4159243485
0.4162789089
0.4165941675
0.4162734714
0.4158069499
0.4159768754
0.4149138344
0.4174118706
0.4188333601
0.4177556689
0.415739504
0.415271734
0.4156068714
0.4177813141
0.4185280523
0.4188272735
0.4169444246
0.4159977851
0.4149461727
0.4144350395
0.4153119484
0.415288737
0.4172162951
0.41535428
0.4162202584
0.4162630706
0.4170845909
0.417489566
0.4164514131
0.4163830241
0.4164079465
0.4144287553
0.4130451122
0.4132787085
0.4139716933
0.4154236795
0.417534859
0.416917277
0.4166761786
0.4165736896
0.4163591302
0.4164542451
0.4158238975
0.4157369782
0.4176639216
0.4172328538
0.4177996794
0.4133577804
0.4134321694
0.4125615032
0.4145636694
0.4143405147
0.4153531348
0.415077632
0.4137199409
0.4142381569
0.4139809773
0.4148617117
0.4144400182
0.4150998785
0.4168407932
0.4174078604
0.4164662306
0.4143819948
0.4129918564
0.4125279254
0.4124147321
0.4138176802
0.4152710352
0.4152625259
0.4143486374
0.4154801539
0.4146918254
0.4142939707
0.4134451098
0.4127771093
0.4130986633
0.415268824
0.4160307783
0.4156425158
0.4136118224
0.4131194561
0.4130017497
0.4134875731
0.4137419212
0.4136783942
0.4144660289
0.4161660264
0.4147769218
0.4142104801
0.4141693838
0.4164459203
0.4157191709
0.4155132748
0.4152665401
0.4153197976
0.4146058041
0.4145009044
0.412555874
0.4116456948
0.4127169827
0.4126697315
0.4149939261
0.4162301234
0.4148081889
0.4157703801
0.4153122522
0.4158023147
0.4162137693
0.4140011398
0.4137894793
0.4127700129
0.41280884
0.4135095536
0.4129035246
0.4130691909
0.413411783
0.4128053706
0.4143644409
0.4154893823
0.4144865087
0.4152883252
0.4148288069
0.4151029563
0.4160327146
0.4153426484
0.4141174542
0.4146734081
0.4152972158
0.4156839079
0.4154686139
0.4141471943
0.4145957704
0.4140539929
0.4139567473
0.4150818659
0.4137055952
0.4124123598
0.4140406163
0.4133404169
0.4122060203
0.4132693955
0.414046134
0.4154904662
0.4165031359
0.4146459328
0.4152339402
0.4146749341
0.4155175213
0.413670316
0.4162338068
0.416531026
0.4164218772
0.4149088054
0.4148135233
0.4152566183
0.4154850324
0.4158596711
0.4151129944
0.4151981949
0.4151067146
0.4144482686
0.4153506582
0.4162612331
0.4141078681
0.4143929691
0.4153380183
0.4151190935
0.4161986911
0.4173240679
0.4134894303
0.4143061672
0.4148524061
0.4150766435
0.4155775871
0.4150324198
0.4134677658
0.4138719277
0.414241629
0.4153722527
0.4165792305
0.4172372526
0.4158120111
0.4154509302
0.4155479295
0.4147744216
0.4135071234
0.4170590376
0.4160420253
0.4154545398
0.4138388266
0.4132268206
0.4141706561
0.4124795861
0.4125889006
0.4149947545
0.4131074955
0.4149515914
0.414490607
0.4138914379
0.4161625474
0.4154103135
0.4165233559
0.4163607815
0.4162384889
0.4157872697
0.4162417376
0.4159332569
0.416349173
0.4157913469
0.416621866
0.4163618365
0.414887445
0.4150654116
0.4170891467
0.41787075
0.4182055075
0.4159945362
0.4153631335
0.4129279975
0.4132540608
0.4159986495
0.4179719593
0.4165942499
0.4150497095
0.4155906767
0.4167089527
0.4129246062
0.4132786267
0.4139763669
0.415575357
0.4157882395
0.4145250598
0.4151444055
0.4127612737
0.4127685138
0.4144466313
0.4154269516
0.4152351783
0.4150316535
0.416625271
0.4175208184
0.4162550413
0.4138912829
0.4127047618
0.4131940719
0.4133477138
0.4141421164
0.4154740906
0.4158419723
0.4146688478
0.414893957
0.4175678061
0.4166540243
0.4174476257
0.4159879024
0.4150087885
0.4143482056
0.4152993275
0.4165712243
0.4156093434
0.4130414741
0.4125417934
0.4146459583
0.4153547439
0.4140457763
0.4144255319
0.4179759725
0.4150689087
0.4160858142
0.4152178009
0.4155092431
0.4168488236
0.4150645121
0.4138016054
0.4126578469
0.4135949948
0.4128184208
0.412259695
0.4127532646
0.4139205317
0.4156039477
0.4163954594
0.4161298466
0.4177140459
0.4170063334
0.4155774276
0.4154882351
0.4164029913
0.4153035057
0.4157086311
0.4147149151
0.4133198146
0.4126594769
0.4124189975
0.4140829048
0.4139307575
0.4134796458
0.4140225039
0.4139980569
0.4155223505
0.4163504445
0.416273275
0.4169704335
0.4160323362
0.4158428018
0.4153772788
0.4153648648
0.4167233714
0.4167954317
0.4173159442
0.4161541248
0.4158391027
0.4151246061
0.4164576928
0.4162165783
0.4165581762
0.4167296792
0.4168799066
0.4168037359
0.4158953252
0.4153137732
0.4133168678
0.412837651
0.4141659168
0.4151036606
0.4163043519
0.4158956611
0.4153569736
0.416281718
0.4178166
0.4191369606
0.4187954275
0.4179085651
0.4174273545
0.4178237602
0.4163596919
0.4161619822
0.4184515739
0.419066822
0.4157158176
0.4151980008
0.4144010978
0.4168096323
0.4173213321
0.4171504484
0.4160023333
0.4141046971
0.4146323558
0.4161164508
0.414419209
0.4141480376
0.4148142774
0.4143704547
0.4144233876
0.4159243579
0.4156824895
0.4161263792
0.4170747004
0.4158852008
0.4146740934
0.4151440458
0.4162278894
0.4142836343
0.4156622257
0.4144318083
0.4152212023
0.4138033761
0.413952702
0.4130684288
0.4137689576
0.4137216418
0.4142164108
0.4125954817
0.4119794795
0.413457318
0.4160950383
0.4162192842
0.4169198683
0.41553885
0.416483832
0.4153102569
0.4150439537
0.4150156498
0.4138410581
0.4142059024
0.414220447
0.4151446931
0.4154397545
0.4164575751
0.4179963401
0.416772581
0.4136309979
0.414441794
0.4155496168
0.414655317
0.4140846176
0.4128459599
0.4133936301
0.4152201051
0.4146723941
0.4148814561
0.4138976637
0.4156092269
0.4158289266
0.4156671581
0.4154811727
0.4147615879
0.4148709503
0.4155685368
0.413849254
0.415776557
0.4182658461
0.4174388021
0.4151929611
0.4161687132
0.4157264013
0.4135485353
0.4122149421
0.4125151991
0.4114150894
0.4135752013
0.4145262027
0.4143439687
0.4144434583
0.4146775807
0.4146064403
0.4120631187
0.4132685872
0.4152497464
0.4151023051
0.4163406579
0.4152620037
0.4160118313
0.4177008739
0.4168487847
0.4184244599
0.4188180894
0.4187476698
0.4173704448
0.4170764783
0.4175939795
0.4172561918
0.4166610508
0.4154346021
0.41543913
0.4141311878
0.4157906479
0.4134443331
0.4150971226
0.4158920225
0.4160938445
0.4152133859
0.4158949126
0.416445223
0.4174958722
0.4181092904
0.4185406666
0.4158371747
0.414621129
0.4157436575
0.4158640591
0.4142490768
0.4134671986
0.4121014019
0.4122144932
0.4141614213
0.4162600236
0.4157247865
0.4160348392
0.416272743
0.4166519106
0.4151030247
0.4169988125
0.4164586551
0.4147509104
0.4150724633
0.4143224056
0.4154329552
0.4143592613
0.4150080372
0.4147016916
0.4135340108
0.4156058211
0.4152535175
0.4149911317
0.4160683265
0.4142469184
0.4157464443
0.4165503975
0.4161340965
0.4148293889
0.4162500968
0.4149109731
0.4140595208
0.4145185333
0.4127879041
0.4133546145
0.4144091663
0.4155049217
0.414471434
0.4131217956
0.414589092
0.4149104368
0.4152032899
0.4150307928
0.4151177779
0.4164642156
0.4163762424
0.4164177477
0.4166753942
0.4173289845
0.4138421784
0.4151926264
0.4143581366
0.4136439367
0.4133437626
0.4158031389
0.414850215
0.4154724284
0.4160745656
0.4155571637
0.4137065491
0.4130466315
0.4141858607
0.413389682
0.4148095985
0.4141746422
0.4131555059
0.413807921
0.4129930686
0.4133114353
0.4138630729
0.4134344035
0.4119288727
0.4124505312
0.4127561204
0.4128956306
0.4137359392
0.4152292905
0.4153233257
0.4141877665
0.4140745394
0.4157907622
0.4156306188
0.4164429107
0.4157422769
0.4138636358
0.4134373499
0.4139912444
0.4147755924
0.4150328235
0.4151632937
0.4141508542
0.4144304948
0.4147161752
0.4147287439
0.4149894521
0.415039933
0.4170194743
0.4159418225
0.4163270459
0.4156289933
0.4159871413
0.4168741944
0.4160311597
0.4147198619
0.4137582583
0.4134071194
0.4130850809
0.414196933
0.4143974522
0.415254988
0.4142119675
0.4144596808
0.4151285064
0.4150573885
0.4151560466
0.4154526811
0.4150058434
0.4159987341
0.4153901983
0.4154391589
0.4147541531
0.4139579623
0.4135080366
0.4143365571
0.4145455975
0.4145302972
0.4161141124
0.4166059604
0.4171354608
0.416364845
0.4162109364
0.416967669
0.4166277291
0.4161929292
0.4161427228
0.4149302377
0.415726087
0.414123423
0.4145589775
0.4141837324
0.4153062947
0.4145756483
0.4130959762
0.4139885239
0.4142871521
0.4129526457
0.4132766483
0.4135105041
0.4144539825
0.4165243428
0.4171618125
0.4150645588
0.4143271244
0.4161599992
0.416590924
0.4162741462
0.4166300077
0.4174590412
0.4162622119
0.4158671034
0.4146295738
0.4139425994
0.4151991076
0.4143086818
0.4170909022
0.4183779808
0.4169316191
0.4168531066
0.4169308183
0.4163123464
0.4170724912
0.4169478659
0.417588225
0.4165372271
0.4156264704
0.4146405145
0.4136182412
0.4143145729
0.4132444015
0.414690523
0.4133920759
0.4141659303
0.4141630116
0.414443757
0.414166266
0.4154093213
0.4144200901
0.4143401283
0.4147564808
0.4148547698
0.4170207444
0.4167092001
0.4151112341
0.4146545769
0.4141386822
0.4123325801
0.412269361
0.4158374525
0.4146758949
0.4160517298
0.4161116647
0.4164571524
0.4151167819
0.4141343756
0.4142053143
0.4146487134
0.4124828487
0.4142712024
0.414902269
0.4150819963
0.4149306274
0.4164196245
0.4166184028
0.4161865352
0.415583791
0.4159255484
0.4154971918
0.4158144381
0.4177434329
0.4163453021
0.4151302841
0.4142721158
0.4141548658
0.4136576933
0.4144310529
0.4125510027
0.4117152773
0.4109993041
0.4141740276
0.4129470363
0.4158024686
0.4152053366
0.4155453018
0.4137499738
0.4144689425
0.4163952353
0.4175536495
0.4162051182
0.4151746136
0.4136475421
0.4138386433
0.4140918715
0.4149984012
0.4140326704
0.4150863534
0.4151674457
0.4154396742
0.414531047
0.4123764146
0.413828615
0.4136269242
0.4138103195
0.4133849513
0.4136077372
0.413945063
0.413434482
0.4133070688
0.4146267654
0.414360398
0.4146439223
0.4143885436
0.4136487763
0.414810049
0.4157117889
0.4136310869
0.4127134568
0.4141696953
0.4158410266
0.4143817353
0.4144700604
0.4156015244
0.4159297659
0.4161380015
0.4150236493
0.4149797949
0.4154882052
0.4151155395
0.4153131049
0.4158712167
0.4154275029
0.4146586658
0.4155543673
0.4134762285
0.4138568694
0.4167140862
0.4151791613
0.4141571338
0.4127940482
0.4124602229
0.4133059516
0.4149119182
0.4163039327
0.4170828668
0.4161016244
0.416315558
0.4171795156
0.4165741884
0.4157697981
0.41461247
0.414764351
0.4164646487
0.414691948
0.4143858173
0.41587562
0.4162950147
0.4168822815
0.4146398881
0.414440734
0.4146654192
0.4157709146
0.4158959284
0.4176277816
0.4163700852
0.4144015013
0.4139674088
0.4133201422
0.4146436687
0.415368143
0.4153427874
0.4146891737
0.41489028
0.4144690728
0.4160349066
0.4155053475
0.4162106538
0.4160916332
0.415671609
0.4166557768
0.4172686775
0.4179143375
0.4162679354
0.4139769795
0.4125370997
0.4123904088
0.4151580944
0.4171332039
0.4168864889
0.4164511217
0.4161031681
0.4149254918
0.4147815374
0.4179741938
0.4169514527
0.4169745377
0.4145763893
0.4137138872
0.4149061991
0.4144169305
0.4149547196
0.415399636
0.4162855698
0.4138893186
0.4145457379
0.4166351046
0.4161333121
0.4142541575
0.4139245379
0.4145625037
0.4167706318
0.4141021324
0.4139883779
0.4127587033
0.4139281881
0.4137787323
0.4146524719
0.4153371109
0.4142041984
0.4145196482
0.4144625483
0.4158263111
0.4166832134
0.4155597371
0.4140604979
0.4134844676
0.4147085212
0.4150660179
0.4153089603
0.4129019198
0.4131428176
0.4169096226
0.4174544538
0.4165919701
0.4168124766
0.4144069172
0.4147690164
0.4129263992
0.4127977279
0.413234684
0.4131647289
0.4115625518
0.4105446774
0.4136125611
0.4146443863
0.4139778953
0.4128099607
0.4152250253
0.4140365313
0.4147476295
0.4147892664
0.4132972765
0.4146928623
0.4163274119
0.4149945667
0.4160254473
0.415110239
0.4154534558
0.4141699458
0.4134045436
0.4148339867
0.4158483858
0.4163393731
0.4153081087
0.4151996525
0.4157106498
0.4166259495
0.4141508668
0.4152114573
0.4181680343
0.4188843461
0.4195362251
0.4185632393
0.4157063894
0.4159025825
0.4145729225
0.4158340548
0.4161546172
0.4172120742
0.415089835
0.414183886
0.4146663056
0.4142865479
0.4146959981
0.4151076583
0.416227118
0.4171034314
0.4175100999
0.4154141935
0.4136007829
0.4144063738
0.4152633355
0.4183563739
0.4168896079
0.4148692428
0.4149125217
0.41518068
0.4176525453
0.4159978197
0.4151250465
0.4143576625
0.4143125342
0.4159956476
0.4181199067
0.4175622224
0.4169628782
0.4148512069
0.4160466208
0.4174644022
0.4171524597
0.4179035378
0.4160735736
0.4145937328
0.4127481091
0.4157145799
0.4157412077
0.4161133561
0.4145290993
0.4138311252
0.4143253376
0.4152351272
0.4160854097
0.4157162654
0.4158758645
0.4147085505
0.4133104492
0.4133771
0.4132184492
0.4127174472
0.4137221778
0.4144667841
0.4145516198
0.414799996
0.4145588175
0.4133154801
0.4144028611
0.4148415074
0.4155599482
0.4175789435
0.4176340135
0.4148710499
0.4143736908
0.4134875255
0.414274796
0.4146610611
0.4149896573
0.4154438997
0.4174500072
0.4160604676
0.4140546079
0.4147526009
0.4132170003
0.4139128477
0.4132525893
0.413795541
0.4154299059
0.4143462901
0.4136570547
0.4144329745
0.4130724083
0.4140622881
0.4155989583
0.414650828
0.4160322378
0.4146733804
0.4126160169
0.4146990268
0.4148342954
0.4145464499
0.4134359065
0.4124084033
0.4139070979
0.4151329327
0.4138412055
0.4119766128
0.4126648721
0.4128004439
0.4122182549
0.4119907825
0.4140384325
0.4142028687
0.4139603901
0.4138540592
0.4137252443
0.4149538135
0.4173352423
0.4166771745
0.4149793798
0.4161655161
0.4143310407
0.4140878717
0.4123061419
0.414234578
0.4139511241
0.4155775311
0.4145323746
0.4132674324
0.4133268382
0.4139600022
0.4114925302
0.4123775742
0.413443889
0.4139351314
0.4136619056
0.4159607739
0.4166934653
0.4160148444
0.4153506015
0.4137202402
0.4142652759
0.4145561376
0.4152031323
0.4125750383
0.412998893
0.4120500855
0.4128005598
0.4151506652
0.4157462039
0.4165406906
0.416707166
0.4160337899
0.4154654319
0.4147579061
0.4134169126
0.4139366656
0.4148779921
0.4150620462
0.4146522908
0.4163873437
0.416231468
0.4160378333
0.4168373232
0.417592412
0.4165689261
0.416677884
0.415223467
0.4176319005
0.4163796823
0.4166554748
0.4156416475
0.4151632545
0.4143626774
0.4152434297
0.4151427472
0.4152060759
0.4149651546
0.4155754937
0.4157051608
0.4145499649
0.4152592851
0.4165214226
0.4169713891
0.415357822
0.4156622426
0.414574505
0.4166882479
0.4132454528
0.4163713951
0.4155968695
0.4151899133
0.41491644
0.4158169551
0.4147417498
0.4160850121
0.4182493893
0.4175542474
0.417196425
0.4171223642
0.416648616
0.4143948849
0.4148818002
0.415535708
0.4151606433
0.4153753251
0.4169873818
0.4140565121
0.4133227043
0.4147000018
0.4159561531
0.4144253305
0.4128838285
0.4138186744
0.4144865454
0.413973916
0.4118828354
0.4146484185
0.4140823494
0.4142544703
0.4158500688
0.4148987781
0.4152516576
0.415054344
0.4155216344
0.4140466518
0.4139466151
0.4140859046
0.4132710965
0.4133306598
0.4144986833
0.4165927652
0.4156492391
0.4123137329
0.4121097588
0.4134774179
0.41397782
0.4138538291
0.4140753419
0.4150534195
0.4172773256
0.4170812923
0.4158224713
0.4159250393
0.4155943412
0.415455466
0.4149070823
0.4130373973
0.4151065066
0.4170013016
0.416720657
0.4157064527
0.4140224472
0.4127727706
0.4139176142
0.4144292196
0.4152573839
0.416513984
0.4170247697
0.4151104617
0.414141913
0.4132425747
0.4141073609
0.4139193535
0.4145397742
0.4148009651
0.413989615
0.4138711928
0.4155997166
0.4166370817
0.4165736521
0.4157891795
0.4145952381
0.4151704486
0.4140067006
0.4137839838
0.4162488345
0.4156063875
0.4155016027
0.4138505699
0.4125469875
0.413983908
0.4136021265
0.4129017863
0.4147450511
0.4137729747
0.4148824295
0.4154810862
0.414889049
0.4165564712
0.4149223955
0.4145603971
0.413755924
0.4122074519
0.4151561542
0.415793933
0.4155457942
0.4149339304
0.4149415892
0.4137373089
0.4139687759
0.4143687984
0.4137220766
0.4164915952
0.4145020938
0.41348261
0.4135797639
0.4148508295
0.4163639521
0.4147339039
0.4140257175
0.4139422228
0.4155508702
0.4158243308
0.4139477406
0.4147232482
0.4162249218
0.4164364135
0.4142726161
0.4167650048
0.418266963
0.4178675038
0.4178559092
0.416416759
0.4142971042
0.4160655379
0.417980001
0.4170977483
0.4152996896
0.4161659079
0.4185994455
0.4170805285
0.4171454571
0.4161026722
0.4161693849
0.4159026098
0.4143595133
0.4150590008
0.4166837173
0.4169010991
0.4170275434
0.4162879594
0.4171665845
0.4165514632
0.4170002178
0.4146598173
0.4148715169
0.4144320444
0.4129603349
0.4119471778
0.4128196189
0.4144137521
0.4154236299
0.416836898
0.418141769
0.415883204
0.415161529
0.4156507658
0.4173988551
0.4168842238
0.416357037
0.415130859
0.4145505275
0.4159493333
0.4178262446
0.4204136738
0.4171488469
0.4138559392
0.415810333
0.4168591521
0.4167781612
0.4166050722
0.4166621318
0.4155531245
0.4159864068
0.4157005841
0.4165483028
0.4181558536
0.4181481951
0.4189854855
0.4167457918
0.4140514895
0.4120377335
0.4149613459
0.4157330272
0.4168830228
0.417943374
0.4173325582
0.4167002261
0.4168728587
0.4166774755
0.4157822762
0.4153098989
0.4157436207
0.4152557133
0.4152445947
0.4144179569
0.4144092632
0.4136369531
0.4129769888
0.4129666668
0.4136049967
0.4148184737
0.4132109362
0.4141015952
0.414854534
0.4159368018
0.4161146942
0.4157457608
0.4140471208
0.4138054326
0.4146759636
0.4143136972
0.4141356986
0.4131359623
0.4127977884
0.4121295988
0.4149354644
0.4136885377
0.4136517391
0.4138531857
0.4137653631
0.4137045594
0.4135488592
0.4139869427
0.4142327955
0.4147714123
0.4156503766
0.4128032366
0.4140676361
0.415078782
0.4154587949
0.4161770625
0.4157857435
0.4145520356
0.4140005574
0.4126271286
0.4128414537
0.4135606577
0.413896138
0.4138758733
0.4138686476
0.4129845037
0.414659597
0.4150347643
0.4138961849
0.4144916978
0.4140035807
0.4148075994
0.4165463893
0.4170956937
0.4177588242
0.4171578104
0.4147865876
0.4145473761
0.4157455849
0.4150521796
0.4148340161
0.4148424393
0.4149299821
0.4162607429
0.4166784245
0.4146802393
0.4148905927
0.4151809115
0.4146915732
0.4156130209
0.4160884008
0.4141637718
0.4165941093
0.4167285664
0.4163373421
0.414918699
0.4146951287
0.4155893873
0.4165969277
0.4165598685
0.4158806618
0.4163777783
0.4164160564
0.4156585363
0.4144362732
0.4148128736
0.4122576568
0.4140433432
0.4153252437
0.4144718094
0.4134912945
0.4167178489
0.4144491195
0.4137984219
0.4144765085
0.4159541794
0.4160445181
0.4161756238
0.4143409761
0.4149165102
0.4138886448
0.4155981995
0.4155399108
0.4165142881
0.4154739723
0.4139058719
0.4127768182
0.4144052162
0.4157045433
0.4180377387
0.418750288
0.4134837872
0.4138878042
0.4140337396
0.4151346392
0.4147351418
0.4154927665
0.4169774348
0.4154883504
0.4143273367
0.4142520152
0.4147918322
0.4126644579
0.4123832795
0.4139444521
0.4152568265
0.415742557
0.4173221292
0.4174919079
0.4141328124
0.4149950881
0.4166174141
0.4153266517
0.4137224499
0.4135114341
0.4149547063
0.4142558531
0.4130489957
0.4154005494
0.416659399
0.4177443
0.4159510553
0.4156507901
0.4151997438
0.4136509182
0.4144963729
0.4136285414
0.4126507635
0.4127431951
0.4142584081
0.4150062176
0.4156849388
0.4146708574
0.4134588681
0.4126101346
0.4128238415
0.4138608722
0.4159053238
0.4166522604
0.4151392808
0.4142360005
0.4132608757
0.4147995775
0.4130627064
0.4151192891
0.4170035623
0.4160354743
0.4170357031
0.4152608964
0.4149180322
0.4145696897
0.4152543601
0.4155227015
0.4153362578
0.4142910472
0.4158292978
0.4154721921
0.4140245674
0.4139070433
0.4134697486
0.4127042985
0.4124091594
0.4142867636
0.4137150706
0.4124107409
0.4158351043
0.4177676064
0.4146500387
0.4151621526
0.4153383712
0.4167528795
0.4161649819
0.4122167606
0.4132395933
0.4142516062
0.4169438793
0.4163126292
0.4154540809
0.4125261643
0.41299544
0.4149778352
0.4156209778
0.4153554705
0.4174081372
0.4180121399
0.4169386251
0.4148230031
0.4150407327
0.4160693041
0.416234567
0.4160163295
0.4124192682
0.4127783908
0.4126752554
0.4128203004
0.4139614927
0.4152894149
0.415875822
0.4154542989
0.4142023934
0.4126957926
0.4140236634
0.4150962785
0.4143010229
0.4131587297
0.413596207
0.415228203
0.414423913
0.4136929926
0.4129972162
0.4127505237
0.413267559
0.4141699832
0.4151627327
0.4163661031
0.4166744553
0.4171743441
0.4155460485
0.4146650059
0.4149606187
0.4143575057
0.4131459168
0.4136949983
0.4153667209
0.4139453712
0.4124007449
0.4120973466
0.4117532686
0.4117063897
0.4139039011
0.4121573759
0.4153562441
0.4143040876
0.4119265339
0.4126515234
0.4132944481
0.4140754569
0.4151735979
0.4149922436
0.4155997949
0.4184004084
0.4178149192
0.4171360593
0.4157652881
0.4144852021
0.4152015815
0.4144823003
0.4134627837
0.4145955652
0.413897996
0.4147085712
0.4160303481
0.4153231441
0.4145681627
0.4151164736
0.4142265966
0.4125873557
0.4121570958
0.4133651325
0.415047013
0.4143101227
0.41247356
0.4127316951
0.4140389104
0.4170728494
0.4155270789
0.4144183602
0.4151133912
0.4173727387
0.4166018367
0.4166233433
0.4154619655
0.4175452598
0.4166187331
0.4158942831
0.417801787
0.4190404029
0.4173762467
0.4161940593
0.4169345527
0.4170268334
0.4163055051
0.4148437533
0.414487474
0.414118786
0.4166206665
0.4165310043
0.4150653467
0.4123576547
0.4120154669
0.4138792906
0.4142697542
0.4138981058
0.4157775785
0.417601424
0.4171137599
0.4153705385
0.4147959027
0.4132249798
0.4145342227
0.4118620505
0.4126684741
0.4137680715
0.4166032548
0.4163760865
0.4150073629
0.4144843951
0.4130187758
0.4143252874
0.4149937994
0.4157807392
0.4146500021
0.413546162
0.4155755815
0.413678968
0.4119458503
0.4131666081
0.4156490037
0.4137136498
0.4124863595
0.4129578126
0.4120163324
0.4137358152
0.4138515244
0.4150384998
0.4158276068
0.4145464412
0.4155742888
0.4166025394
0.4160364073
0.4139007424
0.4169646718
0.4168943803
0.4127563782
0.4125261803
0.4144209435
0.4126713204
0.4120386515
0.413154631
0.4158646284
0.4158072957
0.4143882452
0.4140782113
0.4133415347
0.413874675
0.4154079838
0.4166846694
0.4160582081
0.4158983308
0.4150393565
0.4177712075
0.4183200581
0.4164137714
0.4167442536
0.4175721337
0.415104753
0.4155897372
0.4154788822
0.4133170443
0.4149389387
0.4148115238
0.4145784758
0.4131811327
0.4126360646
0.4133133032
0.4157494986
0.4150398275
0.4156487049
0.4156944071
0.4163658572
0.4168162736
0.4167811253
0.414798985
0.4146797001
0.4157285988
0.4156450843
0.4161441354
0.4154648952
0.4159124608
0.4152024871
0.4140978452
0.4134313416
0.412671018
0.4131799914
0.4150437551
0.4144146766
0.4145912876
0.4130441314
0.413760286
0.413741317
0.4153594159
0.416730402
0.4179192705
0.4173186345
0.4158202476
0.4177949834
0.4153284685
0.4143403925
0.4144881365
0.4148369815
0.4140146486
0.4138020749
0.4136363132
0.41400285
0.415054041
0.4156047744
0.4168733559
0.4164781989
0.4164436238
0.4165415353
0.4158256487
0.4168536204
0.4143584471
0.4146909817
0.413867211
0.4143124637
0.4154167185
0.4143045621
0.4142975103
0.4163614102
0.4151635018
0.4148983251
0.4147155668
0.4158711386
0.4163798037
0.4168933986
0.4178218978
0.4186895896
0.4180690342
0.4173914742
0.4173664896
0.4148000055
0.4145311347
0.4148693722
0.4137423401
0.4134707846
0.4131055124
0.4148858513
0.4167627706
0.4144761021
0.414357836
0.4141695916
0.4132506164
0.4146735247
0.4153305974
0.4164566732
0.4153863359
0.4138706207
0.4143070304
0.4150025716
0.4148218783
0.4132709559
0.4137607946
0.4152429819
0.4157269439
0.4143084553
0.4148883411
0.4154859221
0.4146704767
0.4165290313
0.4173799975
0.4171690539
0.419973031
0.4195588331
0.4182681963
0.4153942139
0.4172312538
0.4167432227
0.4172342454
0.4165603924
0.4153159407
0.4165013845
0.4164675303
0.4160466417
0.4147404892
0.4129561896
0.4140516431
0.4152704787
0.4147177377
0.4147269749
0.4146967028
0.4134527132
0.413447957
0.4149939664
0.4156131768
0.4134756177
0.4130684041
0.4157760445
0.4159901187
0.4166790158
0.4165820387
0.4147202501
0.4142199761
0.4147619109
0.4130751785
0.4140484558
0.4133792757
0.4139306671
0.4145210783
0.4148420508
0.4150570919
0.4168132749
0.4168557733
0.4156451251
0.4146371581
0.4140984356
0.4141806198
0.4158498766
0.4160786191
0.4170117861
0.4168097808
0.4162058355
0.4166854756
0.4151735971
0.4142509358
0.4134294481
0.4158331791
0.4174809237
0.4170999629
0.4164439385
0.4154293648
0.4134335591
0.412470915
0.4121610101
0.4121715251
0.4144262065
0.4164597899
0.4170418774
0.4159000449
0.4145662349
0.4150769673
0.4137522556
0.4135014559
0.4133601868
0.4147989887
0.4150749053
0.4138733
0.414318341
0.4156051104
0.4136494605
0.4139834448
0.4151664442
0.4140379268
0.4125858646
0.4124780053
0.412040901
0.4123730301
0.4117346039
0.4115369799
0.4131313254
0.4140465486
0.412178433
0.4133296103
0.4151809631
0.4136403445
0.4114636063
0.4145885266
0.4141966058
0.4148609523
0.4145209756
0.4147333263
0.415496966
0.4156953681
0.4137449145
0.4148977383
0.4166523726
0.416095992
0.4155222443
0.4129689322
0.4116899028
0.4113757298
0.4138212779
0.4146774092
0.4127876367
0.4110828324
0.4122633703
0.4135096396
0.414953458
0.4147603899
0.4141605779
0.4116385821
0.4124005205
0.4132821495
0.414670287
0.4167151059
0.4147927386
0.4140238046
0.4137701327
0.4155077966
0.4157487237
0.4160169067
0.4173219994
0.4171834586
0.4167406898
0.4172526586
0.4164081233
0.415670304
0.4152030455
0.4157523652
0.4149604532
0.4138912482
0.4141696039
0.4142550521
0.4139822366
0.4146441487
0.4149720508
0.415187617
0.414694405
0.4149813562
0.4151269263
0.41515831
0.4152999972
0.4149256314
0.4149751157
0.4134152434
0.4136830599
0.4134957316
0.4134472311
0.4123970986
0.4129363138
0.4144461209
0.415702821
0.4151229863
0.416500747
0.4164013925
0.4167473495
0.4159962626
0.4162638598
0.4165038691
0.4150733405
0.4160583991
0.4134530711
0.4149453891
0.413031145
0.4135392821
0.4146807477
0.413000464
0.4138744935
0.4163652578
0.4160820789
0.4162723689
0.4152142728
0.4131031792
0.4110736471
0.4108152883
0.4102432053
0.412118386
0.4146531032
0.4143591689
0.414492878
0.4137574364
0.4145118197
0.4151230067
0.4160968753
0.4155201084
0.4139352651
0.4137863296
0.4146475138
0.4149273311
0.4141327131
0.4141233755
0.4164434631
0.4177916823
0.4177558536
0.4175706651
0.4175259752
0.4154416474
0.4157514002
0.415675131
0.4167170725
0.4149665729
0.4131137816
0.4128012576
0.4119582184
0.4123657287
0.4124994258
0.414445455
0.413266471
0.4126227547
0.4124198117
0.4129658772
0.4152318926
0.4149787537
0.4150327667
0.4158742797
0.4157929965
0.4158925724
0.4155182093
0.4148804375
0.4138043072
0.4120132675
0.4133583982
0.4144172813
0.4148763713
0.4146810581
0.4161405596
0.4156125588
0.4150840193
0.4150217078
0.4159081956
0.4152911364
0.4158434625
0.4154435075
0.4146104179
0.4128686212
0.4128866066
0.4143892133
0.4161517268
0.4150702561
0.4137035402
0.4145942851
0.4155957588
0.4125955207
0.4123926189
0.4130482578
0.4136467867
0.4141661851
0.4162132233
0.4166755054
0.4147067811
0.4160378134
0.4162492506
0.4151530029
0.4150718691
0.4149495659
0.4148264623
0.4148089221
0.4162422639
0.4148728872
0.4145641576
0.4158411872
0.4158887515
0.4182936908
0.4180854164
0.4171125858
0.4164644273
0.4143411105
0.4134132109
0.4142689069
0.413592688
0.4134179543
0.4153089069
0.4145115338
0.4154832541
0.4151424624
0.4148282819
0.4138616159
0.4143211311
0.4153829398
0.4162339419
0.4152654241
0.4147601161
0.4154088444
0.4151288801
0.4160431398
0.4155434358
0.4168165725
0.4160015949
0.4157727342
0.4145711018
0.4146533789
0.4145083117
0.4155203385
0.416211274
0.4158357634
0.4134889582
0.411797793
0.4126716217
0.4129461962
0.4125382995
0.4148820386
0.4153223015
0.4169903961
0.4166735308
0.4171397144
0.4171536964
0.4171309909
0.4172158795
0.4161343666
0.414915231
0.4149702262
0.416460373
0.4142891844
0.4126801897
0.4146706274
0.4158003347
0.4162412622
0.4150282733
0.4146999114
0.41347166
0.4144737823
0.4153745666
0.4145506067
0.4166479524
0.4162724909
0.4169172656
0.415469864
0.4155956426
0.4151503685
0.414247206
0.4142224342
0.4142596023
0.414289911
0.4138887055
0.4138767726
0.4162730949
0.4162220612
0.4158709965
0.4150571926
0.4169257713
0.4170061329
0.4156418826
0.4156597143
0.4138223955
0.4148532243
0.41336856
0.4154615614
0.4156665165
0.4161499424
0.4178493995
0.4181691821
0.4170713686
0.4154964596
0.414713663
0.4155807711
0.4149047516
0.4146267082
0.4137927852
0.4148120722
0.4139292628
0.4142111712
0.4139517473
0.4143787833
0.4142798278
0.4143118148
0.4140309509
0.4147492843
0.4155986737
0.4152166049
0.4146943333
0.4143079826
0.4145743709
0.4155277531
0.4148399329
0.4151470897
0.4166861113
0.4156103754
0.4134408309
0.4137106576
0.4142461497
0.4140301074
0.4161045576
0.4144783885
0.4133928112
0.4140724755
0.4147926452
0.4132795261
0.4119271398
0.4119465974
0.4115607581
0.4129110013
0.4143468793
0.4155674806
0.4154768713
0.4162790183
0.4146511619
0.411308071
0.4122694974
0.4132492888
0.4128369663
0.4140607702
0.412941181
0.4133941938
0.4153538527
0.4148314109
0.4146381769
0.4120972248
0.411562645
0.4134388958
0.4150718927
0.4134681999
0.4135752505
0.4122638355
0.4128795494
0.4126324209
0.4128181674
0.4139256303
0.4153361158
0.4142433885
0.4154765566
0.4157255498
0.4154822849
0.4151032166
0.4162895686
0.4157300143
0.4154112299
0.414169548
0.4135054977
0.4144784927
0.4155184404
0.414865419
0.4121676234
0.4131522663
0.4133339888
0.4138468908
0.4162180045
0.4162820495
0.4151212089
0.4158550405
0.4151389328
0.4152194176
0.4177384665
0.4145499576
0.4133417294
0.4139507314
0.4148774248
0.4145574978
0.4150059599
0.4134563154
0.4126429145
0.4134412582
0.4150172253
0.4142711292
0.4147194838
0.4140110022
0.4151583515
0.4154534982
0.4147040621
0.4140850359
0.4137131286
0.4150828983
0.4160348333
0.4163348671
0.4174845397
0.4153249355
0.4131042523
0.4124088539
0.4116283052
0.4139024706
0.4137001694
0.4133245117
0.412472929
0.4154147286
0.4151052243
0.4157000439
0.4154235896
0.4158958939
0.416362041
0.4167918737
0.4183704859
0.4178261537
0.4159492578
0.4142027865
0.4129471886
0.4116999435
0.4128434739
0.4138184743
0.414098146
0.4139011234
0.413765564
0.4146942528
0.4138220499
0.414533665
0.4157175777
0.4158951804
0.4161324695
0.4182922825
0.4167128032
0.4160400815
0.4151308101
0.4167991144
0.416963488
0.4162075843
0.414879111
0.4148732851
0.4149901734
0.416654788
0.4163624971
0.4150866391
0.4135485969
0.4134046818
0.4152881283
0.4134687055
0.414533915
0.4145734568
0.4145718728
0.4128868241
0.4135912379
0.4149119977
0.4151691563
0.4155431077
0.4152590923
0.4144735076
0.4159422632
0.4181344472
0.4173120928
0.4152082972
0.4151402424
0.4151876947
0.4144844772
0.4153125971
0.4129102052
0.4136059737
0.4157010533
0.4160223533
0.4160074451
0.4158908452
0.4149346158
0.4147305434
0.4143650022
0.4158872989
0.4125213979
0.4143173975
0.4145423471
0.4142508823
0.4122300393
0.4139507056
0.4152042982
0.4171858476
0.4161102929
0.413768205
0.4141441677
0.4155124972
0.416131996
0.4186673023
0.4164990679
0.4148613306
0.413910464
0.4141928658
0.4123492582
0.4119105867
0.4155911186
0.4154868722
0.414818523
0.4146878337
0.4152577477
0.4166376638
0.4159825703
0.4149197467
0.416825298
0.4170630793
0.4156132924
0.4148615952
0.4139327856
0.4137092207
0.4141107149
0.414445476
0.4135470856
0.4129678754
0.4151248106
0.4163325329
0.4127705386
0.4126001381
0.4145562802
0.416339821
0.4161503461
0.4158798028
0.416514785
0.4148815894
0.4150262269
0.4144244389
0.4151320838
0.4135874195
0.4122436625
0.4124508169
0.4148218379
0.4182123842
0.4178273255
0.4168738145
0.4147028799
0.4132830961
0.4156762704
0.4155968201
0.4144709755
0.414852457
0.4165480665
0.4155559
0.4172773244
0.4171813489
0.4172102348
0.4167973392
0.4167184953
0.414727001
0.4144626909
0.4141590221
0.413190655
0.4132119099
0.4130570426
0.4133308112
0.4151552599
0.4161919846
0.4162943723
0.4171184737
0.4176162253
0.4171751664
0.4154676365
0.4150482456
0.4146619398
0.4147919559
0.4144329922
0.4135553466
0.4132305934
0.4144172545
0.4145549
0.4152869809
0.4152705665
0.4155507021
0.4163520027
0.4154097152
0.4150364642
0.4137392637
0.4144926138
0.4167819938
0.4167835567
0.4181625707
0.4180128549
0.4170424434
0.4144706756
0.4128116472
0.413731122
0.4147273019
0.4137885633
0.4144229019
0.4163353479
0.4172069321
0.4176331967
0.4154141649
0.4135877308
0.4144499261
0.4158667697
0.4161071557
0.413246594
0.414939422
0.4143771864
0.4143302476
0.4150877871
0.4155836534
0.4158669686
0.4145277588
0.4137043392
0.4143849148
0.415954288
0.4166836068
0.4158340195
0.4125785286
0.4127853106
0.4143408587
0.4159166536
0.4165194598
0.4138022663
0.4123077826
0.4147854198
0.4137391692
0.4148565267
0.415319245
0.4153394879
0.4143480807
0.415256831
0.415663776
0.416090378
0.41566946
0.4151819152
0.4141045915
0.4145117141
0.4151523113
0.4141822896
0.41376196
0.4146380302
0.4148078094
0.4149579255
0.4166675548
0.4146051721
0.4183776223
0.4177941001
0.4153731045
0.4146994866
0.4145733785
0.4151308773
0.4160175586
0.4159333547
0.4149515266
0.4129793711
0.4113073066
0.4110366847
0.4108559369
0.412563759
0.4119976625
0.4124200195
0.4120491802
0.411759402
0.4113784609
0.4153771308
0.414081342
0.4145433499
0.4150892326
0.4160873226
0.4152656983
0.4145698289
0.4138651038
0.4131861831
0.4148227864
0.4151237644
0.4163436047
0.4153500396
0.415528126
0.4147468839
0.4153862321
0.4152750362
0.4157693877
0.4152099067
0.4151378024
0.4136703805
0.4153119876
0.4161105644
0.4149715551
0.4153840027
0.4168559133
0.4169720537
0.4151209383
0.4156502406
0.4148663326
0.4161696807
0.4165088189
0.415315814
0.4135958568
0.4128196079
0.4143311481
0.4141810647
0.4141602249
0.4126244904
0.4127239415
0.4142500452
0.4142399246
0.4128266209
0.4148769163
0.4153106392
0.4150185545
0.4154479578
0.413507945
0.4136627946
0.4136854422
0.4144016293
0.4140995972
0.4140900344
0.4135806582
0.4135369313
0.4138073787
0.4140180727
0.4141524672
0.4150035507
0.4154348292
0.4143528039
0.4152407681
0.4176742726
0.4153861401
0.41443158
0.413417185
0.412958803
0.413085178
0.414457227
0.4156779713
0.4164484849
0.4145426629
0.4154547714
0.4151604853
0.4171822303
0.4177467696
0.4180940246
0.416049685
0.4154574147
0.4140583066
0.4150040062
0.4152553008
0.4141309186
0.4140092061
0.4145550085
0.4152128116
0.4162280031
0.4178774063
0.4162255637
0.417696388
0.4169804019
0.4177286251
0.4176932371
0.4185940172
0.4179832553
0.4163133281
0.4145050756
0.4152506404
0.4148771746
0.4147453497
0.4138874558
0.4134179086
0.414895544
0.4154671805
0.4157556213
0.4163380843
0.4142346867
0.4144208442
0.4151487424
0.4148485344
0.4143488099
0.4161150384
0.4158941806
0.416979995
0.4152783769
0.4157315777
0.4156151391
0.4149149044
0.4139430699
0.4140669379
0.4164923363
0.4181710732
0.4183051268
0.4163571594
0.4171998278
0.4165543023
0.4158933251
0.4139012614
0.4124095191
0.4127639849
0.4147405089
0.4145001566
0.4137385283
0.4132054031
0.4135867753
0.4139244319
0.4160904994
0.4142984749
0.4143458207
0.4169388766
0.4134567035
0.413322341
0.4150765469
0.4170743116
0.4189340632
0.4173755838
0.4167548543
0.4151560669
0.4162613896
0.4171825507
0.4157319779
0.4148311008
0.4136450642
0.4116204612
0.4124083017
0.4130184476
0.4139978116
0.4154066844
0.4160883144
0.4142349453
0.4165930168
0.4178180382
0.4172536255
0.4135446947
0.4143648634
0.4151342528
0.4167094973
0.4176618987
0.4162156765
0.4152350196
0.4146536458
0.4148144931
0.4154778639
0.4140787015
0.4135357874
0.4116983189
0.4130166755
0.4132610579
0.4146988504
0.4161685449
0.4145754769
0.4130959739
0.4141407736
0.4138290785
0.4140393622
0.4123743639
0.413409961
0.4147479891
0.4144458931
0.4159197448
0.4162206783
0.4140461728
0.4138086418
0.4149122316
0.4142305988
0.4123437487
0.4133730483
0.4135886423
0.4143143288
0.4144750896
0.4141864965
0.4134995782
0.4126134524
0.4118431309
0.4128193851
0.4141238953
0.4135441888
0.4134284978
0.4138428079
0.4143296073
0.4131520819
0.4137538965
0.4142873954
0.4144706321
0.4158747361
0.4147222058
0.4144544541
0.4129875821
0.4125817478
0.4136732248
0.416239873
0.4156680105
0.4150068625
0.41495213
0.4148130275
0.4151404389
0.4138345834
0.4146883749
0.4162851829
0.4154260519
0.4146142994
0.415070665
0.4159288306
0.4156093136
0.4163569217
0.4166532681
0.4155552137
0.4161159416
0.4146102202
0.4146127828
0.4168452708
0.4166803909
0.416139126
0.4165775342
0.4150486396
0.4133571797
0.4135093999
0.4153094697
0.4148786813
0.4163574798
0.4139780176
0.412667517
0.412851781
0.413727525
0.4152015456
0.4138478907
0.4153592603
0.4167406955
0.4179104688
0.4175289154
0.4131787595
0.4134679133
0.4133424556
0.4132031909
0.414679112
0.4154767518
0.4136347505
0.41505535
0.4157391956
0.412972125
0.4119098402
0.4129866647
0.4134860087
0.4136875645
0.4113873626
0.4119461656
0.4125565343
0.4134283943
0.4135572269
0.4144246914
0.4131281368
0.4130085273
0.412424323
0.4147973467
0.4144186896
0.414435837
0.4143134959
0.4140140365
0.4128429402
0.4147196176
0.4171775457
0.4168168902
0.4144937354
0.4141512579
0.4163390841
0.4159665328
0.4153991452
0.4146627786
0.4137829891
0.4127866295
0.4118145547
0.412013155
0.4156910151
0.4155740134
0.4155586421
0.4154955163
0.4131747624
0.4134147037
0.4142582738
0.4144887849
0.4147732852
0.4137999632
0.4139340243
0.4152058611
0.4136459953
0.4137008289
0.4128865552
0.4118307369
0.4132820382
0.4136768506
0.4172413902
0.4154483033
0.4136983422
0.412708066
0.4133345364
0.4142867892
0.4164567518
0.4169659183
0.4156035381
0.4148533645
0.4154626913
0.4174390234
0.4184249398
0.4178003372
0.4179422991
0.4148859235
0.4168175
0.4154898717
0.4151744242
0.4167201654
0.4138066003
0.4145314332
0.4153758347
0.4163131852
0.4160200868
0.4152898786
0.413192875
0.4138113863
0.4135894403
0.4159654906
0.4136608142
0.4141557439
0.4142252334
0.4160365658
0.4167279205
0.4163074354
0.4131611304
0.4141020494
0.4144144748
0.4127241204
0.4146435095
0.4147734256
0.4153356486
0.414889108
0.4155699202
0.4154133085
0.4148416247
0.4150364316
0.414012465
0.4148088267
0.4147627967
0.4160827984
0.4155214426
0.4150271329
0.4136159276
0.4141141124
0.4154603219
0.4145296365
0.4148122373
0.4142291469
0.4159943716
0.4134354486
0.4143765654
0.4158923516
0.4161759526
0.4141366835
0.4143914017
0.4156167376
0.4163682572
0.4148788163
0.4155297692
0.4172982333
0.4176919654
0.4172068078
0.4176042008
0.4160255148
0.416114729
0.4173562631
0.4172937458
0.4172427682
0.4151784122
0.4142881474
0.4155765292
0.4155748539
0.4176353079
0.4167008012
0.4167938142
0.4150630151
0.415722774
0.4174659228
0.4198527032
0.4183062794
0.4160853265
0.4146691434
0.4160042997
0.4163202213
0.4158137369
0.4147305263
0.4136166849
0.4129268258
0.4165732636
0.4152222398
0.4147586238
0.4162994462
0.4152961783
0.4164144932
0.4165126755
0.4167488614
0.4152015934
0.4151293753
0.4139165537
0.41443708
0.4154463358
0.4158560874
0.4144068481
0.4151343628
0.4164280498
0.4166754759
0.4160954808
0.4163718376
0.4158387395
0.4156335227
0.4151566384
0.4153901241
0.4143527824
0.4132850183
0.4126708682
0.4139557489
0.4161833938
0.415334901
0.411493172
0.4122312958
0.4115819125
0.4137418316
0.415015616
0.4152779551
0.4152922024
0.4174424982
0.4173757767
0.4165620801
0.4142775726
0.4150418862
0.4165080716
0.4174934416
0.4162271669
0.414549238
0.4143638264
0.4144942649
0.4141717893
0.4145798804
0.4157093674
0.415819542
0.4159343246
0.4131579146
0.4146485219
0.4139809452
0.4139403724
0.4150666683
0.4152633104
0.4143538394
0.4125728293
0.4137471323
0.413026489
0.4138619737
0.4149749612
0.4164628735
0.4164659903
0.4162313068
0.4150670677
0.4146192555
0.4165193871
0.4169982277
0.4174457697
0.4179175196
0.4155032591
0.4144703049
0.4140838745
0.4140575356
0.4139171247
0.4123886457
0.41192591
0.4116051809
0.4111093852
0.4128036048
0.4135458192
0.4123646346
0.4116969164
0.4140611794
0.4133747063
0.4139960668
0.4135073669
0.4140730726
0.4138474133
0.4133838067
0.4139126487
0.415598383
0.4153625431
0.4138621918
0.4142620062
0.4113921856
0.4134549069
0.412972039
0.4127071826
0.4116256942
0.41276941
0.4141929118
0.415218587
0.4150431038
0.4151678436
0.4154940395
0.4164677833
0.4169622285
0.4169051569
0.4171834776
0.4163671363
0.4163391552
0.4154350554
0.4159070729
0.4156992445
0.415213775
0.4137953636
0.412153688
0.411913816
0.4150655602
0.4154580159
0.4147433203
0.4152685531
0.4133720761
0.4118377937
0.4133028481
0.4151080384
0.4155811707
0.4159344798
0.4167009003
0.4164278258
0.4161231621
0.4159074928
0.4152352814
0.4150390983
0.4149841748
0.4135422424
0.4134026355
0.4141762562
0.4146673273
0.4166203899
0.4175177764
0.4166378838
0.4146303178
0.4153640376
0.4160936647
0.4143113527
0.414886201
0.4144360155
0.4153519114
0.4146057084
0.4148450029
0.4135815917
0.4133575943
0.4128760293
0.4130794398
0.4142274521
0.4131727315
0.4130670987
0.4122979986
0.4137616338
0.4155907486
0.4172832834
0.4170235661
0.4167486016
0.4176820019
0.4177059636
0.4154197657
0.4134251403
0.4128620137
0.4116726275
0.4135540836
0.4143662691
0.4137665913
0.4131639141
0.4140550292
0.4156748252
0.4165050335
0.4148505866
0.4137167749
0.4129810961
0.413836322
0.416199554
0.4145024047
0.4134773261
0.4134033383
0.4128536398
0.4151356031
0.4181804594
0.4155571624
0.4150626223
0.4141898081
0.413458754
0.4136407266
0.4138233713
0.4141924812
0.4138317085
0.4136666594
0.4140446517
0.4166044215
0.4153303192
0.4163909409
0.4158611404
0.4175759173
0.4162628147
0.4144438173
0.4144104357
0.4137193366
0.4121089154
0.4111183173
0.4133956199
0.4148300033
0.4141062107
0.4142286291
0.4129130609
0.4145381521
0.4120103778
0.4112196319
0.4116808262
0.4140372256
0.4158433326
0.4149513149
0.4138617309
0.4127287699
0.4155898502
0.4141907296
0.4143444197
0.4136481913
0.4143269897
0.4155037565
0.4143635782
0.4155148345
0.4154647382
0.4154355701
0.4150145744
0.414044906
0.415503204
0.4152070063
0.415813517
0.415038666
0.4129887797
0.4129681752
0.4145605697
0.4142957741
0.4119373914
0.4125637418
0.4146966487
0.4143796754
0.4133428587
0.4153865466
0.4160414746
0.4151244429
0.4160110593
0.4166471492
0.4174004261
0.4169341278
0.4176982377
0.4171354932
0.4133181077
0.412341803
0.4144843257
0.4139716626
0.4160337162
0.4150423679
0.4154565928
0.4154775413
0.4172744156
0.4174444869
0.4175728707
0.4141095541
0.4143657431
0.4157265352
0.4150852696
0.414854531
0.416490823
0.4176479585
0.4132073722
0.4141169583
0.4172891239
0.4171392031
0.4163651811
0.416280677
0.4149405199
0.416377285
0.4167135925
0.4168792011
0.416085008
0.4146149222
0.4155179632
0.4171086833
0.4169344616
0.4190146308
0.4178062019
0.4172656999
0.4168761925
0.4146011353
0.4161861393
0.4151083858
0.4151089988
0.4148989412
0.4146481896
0.4159906194
0.4189081634
0.4194545094
0.4170811849
0.4149672014
0.4148531389
0.4153368842
0.4152799702
0.4164497791
0.4164814939
0.4132409083
0.412305313
0.4141184648
0.4146564225
0.4151407109
0.4143811057
0.4142395992
0.416313833
0.4151675764
0.4168020217
0.4171137617
0.4178510728
0.4169311904
0.4156810448
0.4153042162
0.4165197999
0.4168320684
0.4159818622
0.4150653517
0.4143465937
0.4154135483
0.4142638886
0.413305975
0.4147542219
0.4157188235
0.4150426236
0.4159045737
0.4140577983
0.4134437461
0.4118808102
0.414723591
0.4148862295
0.4160947999
0.4159535225
0.4167863985
0.4161680793
0.4147264199
0.4143121501
0.4146283676
0.4153432346
0.4141879301
0.4127516639
0.4122838893
0.4138407557
0.4131207072
0.4152549304
0.4136101469
0.4141143724
0.4138274867
0.4144593855
0.4135654405
0.4144540852
0.4149958978
0.4144963049
0.413189401
0.4129498575
0.4161233713
0.4134182141
0.4137458362
0.4140702114
0.4157422362
0.4155676979
0.4142580879
0.4173315904
0.4174033447
0.4121841499
0.4120508695
0.41122691
0.411347751
0.4125530653
0.4127578769
0.4131490327
0.4135306123
0.4136540883
0.4153073012
0.4146267364
0.4143654018
0.4146443219
0.4155342332
0.4165341587
0.416295589
0.4152917845
0.414405134
0.4124885257
0.4117621542
0.4152099686
0.4135286495
0.4155151975
0.4162552744
0.4151137273
0.414504624
0.4143524311
0.4144643871
0.4140352876
0.4132704926
0.413515443
0.4148363227
0.4142450072
0.4134712614
0.4134590451
0.4140156964
0.4156754007
0.4152790058
0.4144408956
0.4142569447
0.414248177
0.4163993982
0.4149715688
0.4146055217
0.4136439921
0.4140427544
0.4151478627
0.4163080955
0.4161846247
0.415037129
0.414375001
0.4145907118
0.4135549506
0.4142757286
0.4159609521
0.416708708
0.4147774015
0.413821466
0.4136194384
0.4139048405
0.415777149
0.4168466353
0.417748264
0.4144576541
0.4140932462
0.4148004466
0.4150125516
0.4161039445
0.4154976303
0.4158422466
0.4172128601
0.417329681
0.4174797523
0.4159194978
0.4145365404
0.4151615739
0.4142212695
0.4141507861
0.4141214767
0.4151860772
0.414098072
0.4149751612
0.4147564765
0.4165046218
0.4132835943
0.4132318855
0.4143914008
0.4150565867
0.4147082043
0.4149836616
0.4156777218
0.4155943344
0.4154476304
0.4155591029
0.4156223231
0.4155342293
0.4160118157
0.41572567
0.4150534028
0.4140887848
0.4171281246
0.4161095294
0.4136674533
0.4128292747
0.4136518866
0.4151579323
0.4165120122
0.4180373023
0.4166712861
0.416404527
0.4156325868
0.4162868877
0.4173757484
0.4150078909
0.413530243
0.413148846
0.4136164941
0.4153744438
0.4152291553
0.4164814526
0.4115944367
0.4128698105
0.415257352
0.4165641852
0.4148158772
0.4141143114
0.4142731519
0.414797483
0.4160857176
0.4171944292
0.416200063
0.414580807
0.4127631501
0.4163235437
0.4172967193
0.4172954227
0.4170620815
0.4166017219
0.4150373072
0.4137564837
0.4152430263
0.4143130298
0.4136849935
0.4128932803
0.4142529544
0.4155392573
0.4137535351
0.4118573621
0.4116567433
0.4139078026
0.4141542249
0.4138014
0.4147778411
0.4133129259
0.4145468719
0.4142320048
0.4134684327
0.4134646335
0.4142321672
0.4136893298
0.4145074649
0.4148825899
0.4141068851
0.411426984
0.4117724694
0.4132517257
0.4135636388
0.4151773282
0.4141813479
0.4161272662
0.4153627397
0.4140786832
0.4135447784
0.414904984
0.4153118418
0.4143314953
0.4144574058
0.4164842705
0.4159012593
0.4141297107
0.4140228532
0.414496039
0.413594505
0.4142853012
0.4159353993
0.4142927034
0.414701771
0.4139392878
0.4157760869
0.4135940923
0.4112923686
0.4110524182
0.4118426142
0.4134451881
0.4145443723
0.4157236524
0.4169128579
0.4165190297
0.414797766
0.4159407993
0.4143992949
0.4160283047
0.4157474031
0.4168974867
0.4158405483
0.4146943701
0.4162199017
0.4150744046
0.415265302
0.4143815463
0.4140025276
0.4143773904
0.4154666695
0.4159624234
0.4146740841
0.4141671954
0.4162290474
0.4165529733
0.4163175521
0.4142295549
0.4168472291
0.4165078138
0.4158079973
0.4145495907
0.4148344463
0.414534124
0.4127845783
0.4141027597
0.4160543326
0.4167730766
0.4160044423
0.4163858034
0.4148084262
0.4145577187
0.4151817312
0.4153143135
0.4162457834
0.4162982413
0.4164740387
0.4160303555
0.4135632898
0.4131748736
0.4140051531
0.414485983
0.4146229696
0.4143257883
0.413049744
0.41422454
0.4165564369
0.416047874
0.4145077561
0.4139371903
0.413555656
0.4125098264
0.4128750102
0.4144973206
0.4156899235
0.4151662216
0.4163677992
0.4151819691
0.4137791504
0.4143338482
0.4134765205
0.4124729001
0.4133042487
0.4162508486
0.4148625836
0.4155553607
0.4157044468
0.4160632335
0.414487617
0.4141705627
0.4159688562
0.4173072445
0.4169529675
0.4160296701
0.4146478974
0.414372748
0.4145966032
0.4136206379
0.4170106505
0.4165486908
0.4153275391
0.4168361394
0.4140362583
0.4131870301
0.4133259468
0.4134146895
0.4143799639
0.4177007518
0.4185159729
0.4175203432
0.4160495003
0.4143615909
0.4136654926
0.4133379778
0.414104369
0.4136547399
0.4146469874
0.4157521567
0.4166759738
0.4165393929
0.4160096295
0.4143698059
0.4150613613
0.4143285555
0.4135932753
0.413900786
0.4130993559
0.4135265632
0.4130715335
0.4108669359
0.4140194071
0.4144080161
0.4158210206
0.4156691713
0.4148145728
0.4142526875
0.4129097416
0.4149006874
0.4155700965
0.4151177954
0.4153032973
0.4145015809
0.4129361712
0.414574946
0.4131429319
0.4114661196
0.4119952977
0.4124198071
0.4132983708
0.4137581955
0.4129101124
0.4149935462
0.4137153484
0.4143631051
0.4145012643
0.4160783338
0.4161214114
0.4165228661
0.415238191
0.4145653275
0.4144803569
0.4151431667
0.4137562029
0.4132656263
0.4132670319
0.4135733749
0.4151087419
0.4140882615
0.4141006736
0.413428646
0.413380978
0.4130179711
0.4118905104
0.4117876704
0.4130705738
0.4146009831
0.4153683306
0.4156170037
0.4144044714
0.4146263037
0.4138743318
0.4152732537
0.4153828813
0.4129295911
0.412643447
0.4139615851
0.4142948869
0.4138291254
0.4157872641
0.4125894435
0.412390246
0.4131504079
0.4141133173
0.4132128966
0.4144654999
0.412924596
0.4150729727
0.4139268778
0.4148119116
0.4141371039
0.4136270031
0.4146251958
0.414982409
0.4146339748
0.4137791984
0.412511334
0.4123737289
0.4138391455
0.4139587914
0.4151632221
0.4161304788
0.4161799206
0.4162416577
0.4131379307
0.4138741013
0.4158686107
0.4167663767
0.41621531
0.4153893978
0.4153066895
0.4151785577
0.4144031785
0.4139281697
0.4129450295
0.410987629
0.4114901322
0.4127977117
0.4130305094
0.4126326747
0.4139296976
0.4145790063
0.4146773401
0.414500624
0.4148308802
0.4145295314
0.4145750577
0.4131119223
0.4128830274
0.4129642879
0.4119614125
0.4134548987
0.4140241064
0.4148635801
0.4149985574
0.4127366055
0.4134973865
0.4148761726
0.4159892731
0.4165095594
0.4156472669
0.4115551839
0.4118559545
0.4135609993
0.4144768956
0.4148296153
0.4131613758
0.4154453977
0.4162147255
0.4150858873
0.4152196952
0.4150419301
0.413319625
0.4139932347
0.4139595825
0.4136694959
0.4135794033
0.4136784534
0.4141055409
0.4130473253
0.4130242348
0.4160551518
0.4155653776
0.4134473472
0.4129100021
0.4134366809
0.4136206236
0.4133223776
0.4148482448
0.4155589111
0.4154970813
0.4135493593
0.4153959163
0.415145847
0.4139033416
0.4148878909
0.4167575311
0.4171615769
0.4127931442
0.4116255199
0.4132235459
0.413279099
0.4133702182
0.4130318338
0.4125354386
0.4128456741
0.41321661
0.4121409903
0.4148554622
0.416080552
0.4163295802
0.4175339495
0.415749533
0.4149947555
0.4142879831
0.4149441605
0.414245971
0.4161453196
0.4170042439
0.4160407258
0.4165312836
0.4138743318
0.4144938998
0.414105351
0.4145831068
0.4145373752
0.4145574176
0.416384133
0.4151373545
0.4140613314
0.4162628402
0.4157623999
0.4147737255
0.4160157284
0.4157943149
0.4167532649
0.4150688604
0.4132543073
0.4132648712
0.4133355969
0.4161858116
0.4154040605
0.4154688646
0.4149052033
0.414420568
0.4145488485
0.4143755055
0.4144437301
0.4142443629
0.4159486765
0.414549875
0.4164456931
0.417084475
0.4155411408
0.4164396525
0.4162115232
0.4158299321
0.4147290619
0.4126075749
0.414441801
0.41348361
0.4132130015
0.4127165996
0.413966517
0.4166409882
0.4143345929
0.4120505385
0.4109685169
0.4136554668
0.4139868516
0.4140957914
0.4136564243
0.4131590328
0.412141415
0.4144918846
0.4141411958
0.4129749339
0.4132211902
0.4148767307
0.416160414
0.4152330323
0.4143065856
0.413522389
0.4137155991
0.4150585833
0.4149234462
0.4168682499
0.4149916116
0.4152463478
)
;

boundaryField
{
    xPeriodic_half0
    {
        type            cyclic;
    }
    xPeriodic_half1
    {
        type            cyclic;
    }
    yPeriodic_half0
    {
        type            cyclic;
    }
    yPeriodic_half1
    {
        type            cyclic;
    }
    zPeriodic_half0
    {
        type            cyclic;
    }
    zPeriodic_half1
    {
        type            cyclic;
    }
}


// ************************************************************************* //
