/*--------------------------------*- C++ -*----------------------------------*\
| =========                 |                                                 |
| \\      /  F ield         | OpenFOAM: The Open Source CFD Toolbox           |
|  \\    /   O peration     | Version:  v1706                                 |
|   \\  /    A nd           | Web:      www.OpenFOAM.com                      |
|    \\/     M anipulation  |                                                 |
\*---------------------------------------------------------------------------*/
FoamFile
{
    version     2.0;
    format      ascii;
    class       volScalarField;
    location    "0.02";
    object      rhoN_mixture;
}
// * * * * * * * * * * * * * * * * * * * * * * * * * * * * * * * * * * * * * //

dimensions      [0 -3 0 0 0 0 0];


internalField   nonuniform List<scalar> 
5120
(
1.00556e+20
1.004415385e+20
1.004809231e+20
1.006153846e+20
1.007129231e+20
1.008083077e+20
1.005516923e+20
1.003655385e+20
1.001326154e+20
9.994738462e+19
9.984553846e+19
9.987076923e+19
9.9992e+19
1.000378462e+20
1.001544615e+20
1.001243077e+20
9.9916e+19
1.002486154e+20
1.003184615e+20
1.004135385e+20
9.994e+19
9.993661538e+19
1.002092308e+20
1.002633846e+20
1.000018462e+20
9.977446154e+19
9.999723077e+19
9.9908e+19
1.001384615e+20
9.991076923e+19
1.003335385e+20
1.002630769e+20
1.000030769e+20
1.000843077e+20
9.998738462e+19
1.002221538e+20
1.000086154e+20
1.002092308e+20
9.996523077e+19
1.000978462e+20
9.986738462e+19
9.989292308e+19
9.979169231e+19
9.990184615e+19
1.002901538e+20
1.002433846e+20
1.000455385e+20
1.001655385e+20
1.002076923e+20
1.001889231e+20
1.000830769e+20
1.002476923e+20
1.003556923e+20
1.003569231e+20
1.005864615e+20
1.00328e+20
1.003452308e+20
1.000535385e+20
1.001083077e+20
9.999323077e+19
9.989046154e+19
9.999230769e+19
1.00136e+20
1.002350769e+20
1.002212308e+20
1.002135385e+20
1.001978462e+20
1.000683077e+20
1.000710769e+20
9.988461538e+19
1.001744615e+20
1.000852308e+20
9.999261538e+19
9.965261538e+19
9.958369231e+19
9.957046154e+19
9.961353846e+19
1.000092308e+20
1.000129231e+20
9.986584615e+19
9.986123077e+19
9.978676923e+19
1.000009231e+20
9.983476923e+19
9.981569231e+19
9.968246154e+19
9.965446154e+19
9.965476923e+19
9.9604e+19
9.957476923e+19
9.966246154e+19
1.000975385e+20
9.992646154e+19
1.000363077e+20
1.000630769e+20
9.985938462e+19
9.9808e+19
9.982215385e+19
9.981692308e+19
9.988861538e+19
9.972153846e+19
9.986553846e+19
9.987046154e+19
9.951015385e+19
9.991261538e+19
9.986123077e+19
9.952184615e+19
9.949169231e+19
9.948676923e+19
9.976461538e+19
9.982369231e+19
9.996953846e+19
9.990153846e+19
1.0018e+20
9.985046154e+19
9.991569231e+19
9.988184615e+19
9.986553846e+19
9.965261538e+19
9.976523077e+19
9.941015385e+19
9.9356e+19
9.951076923e+19
9.992923077e+19
9.977538462e+19
9.980892308e+19
9.980923077e+19
9.981507692e+19
9.974553846e+19
9.963353846e+19
9.942061538e+19
9.9852e+19
9.987415385e+19
9.990553846e+19
9.982215385e+19
9.984953846e+19
9.976646154e+19
9.974738462e+19
9.969107692e+19
9.930646154e+19
9.962276923e+19
9.960676923e+19
9.937076923e+19
9.931723077e+19
9.936738462e+19
9.938984615e+19
9.943169231e+19
9.943538462e+19
9.939446154e+19
9.949753846e+19
9.943046154e+19
9.9156e+19
9.930584615e+19
9.975969231e+19
9.985507692e+19
9.992369231e+19
9.993569231e+19
9.997446154e+19
9.976584615e+19
9.988338462e+19
9.992953846e+19
9.973384615e+19
9.984523077e+19
9.969723077e+19
9.969661538e+19
9.992092308e+19
9.984092308e+19
9.963661538e+19
9.985415385e+19
9.975323077e+19
9.991107692e+19
1.000049231e+20
1.00004e+20
9.996030769e+19
9.998738462e+19
9.992769231e+19
1.002769231e+20
1.001584615e+20
1.000206154e+20
1.001501538e+20
9.984492308e+19
1.000276923e+20
9.997353846e+19
9.9644e+19
9.976523077e+19
9.965907692e+19
9.990030769e+19
1.000289231e+20
9.999353846e+19
9.949630769e+19
9.929076923e+19
9.946615385e+19
9.968338462e+19
9.983630769e+19
9.995015385e+19
9.966061538e+19
9.952523077e+19
9.949292308e+19
9.978984615e+19
9.989046154e+19
1.002716923e+20
1.00436e+20
1.003227692e+20
1.003523077e+20
1.000513846e+20
9.990215385e+19
9.964953846e+19
9.971753846e+19
9.964923077e+19
9.974492308e+19
1.000507692e+20
1.003289231e+20
1.001649231e+20
1.001156923e+20
9.987107692e+19
9.990892308e+19
1.001873846e+20
1.000818462e+20
1.000344615e+20
1.000018462e+20
9.963630769e+19
9.941230769e+19
9.974e+19
9.976153846e+19
9.994246154e+19
1.001116923e+20
1.002824615e+20
1.000169231e+20
9.996061538e+19
9.983107692e+19
9.991015385e+19
9.988584615e+19
9.980646154e+19
9.998769231e+19
1.00084e+20
9.990923077e+19
9.988461538e+19
9.981015385e+19
9.962830769e+19
9.960153846e+19
1.001513846e+20
1.001221538e+20
1.00152e+20
9.995907692e+19
9.9808e+19
9.975815385e+19
9.974276923e+19
9.954430769e+19
9.965630769e+19
9.970430769e+19
9.972923077e+19
9.995076923e+19
9.988246154e+19
9.997969231e+19
1.001378462e+20
9.997076923e+19
1.001003077e+20
1.000135385e+20
1.003070769e+20
1.003270769e+20
1.003436923e+20
1.00116e+20
1.001049231e+20
1.002144615e+20
1.001267692e+20
9.992461538e+19
9.990461538e+19
1.000926154e+20
1.000378462e+20
1.001824615e+20
1.004535385e+20
1.004156923e+20
1.006996923e+20
1.005726154e+20
1.005286154e+20
1.003735385e+20
1.001369231e+20
1.001378462e+20
1.000941538e+20
9.977015385e+19
9.980553846e+19
9.963753846e+19
9.9448e+19
9.952830769e+19
9.9628e+19
9.953138462e+19
9.950553846e+19
9.956769231e+19
1.000609231e+20
1.000966154e+20
1.004483077e+20
1.001326154e+20
1.002258462e+20
1.000547692e+20
9.988738462e+19
9.931353846e+19
9.957846154e+19
9.996092308e+19
1.001858462e+20
1.00204e+20
1.001138462e+20
1.0026e+20
1.000615385e+20
1.000092308e+20
9.980861538e+19
9.995476923e+19
1.001793846e+20
1.003646154e+20
1.0038e+20
1.002452308e+20
9.972584615e+19
9.985907692e+19
9.981723077e+19
9.981538462e+19
9.978707692e+19
1.000852308e+20
1.00172e+20
1.00212e+20
1.00096e+20
1.000393846e+20
9.993076923e+19
1.001073846e+20
9.995169231e+19
1.000184615e+20
1.003030769e+20
1.004126154e+20
1.001510769e+20
1.000030769e+20
1.001021538e+20
1.004467692e+20
1.005707692e+20
1.001578462e+20
9.982030769e+19
9.978830769e+19
1.000630769e+20
1.000187692e+20
9.988092308e+19
9.993230769e+19
9.9776e+19
9.967169231e+19
1.003686154e+20
1.003575385e+20
1.004267692e+20
1.002843077e+20
1.001113846e+20
1.003387692e+20
9.998584615e+19
1.00196e+20
9.993538462e+19
9.995723077e+19
9.9904e+19
1.000938462e+20
1.003710769e+20
1.003135385e+20
1.000778462e+20
1.001464615e+20
1.001224615e+20
9.999723077e+19
1.000824615e+20
1.001273846e+20
1.001150769e+20
1.002778462e+20
1.000784615e+20
1.001095385e+20
1.000095385e+20
9.986246154e+19
1.0004e+20
1.000535385e+20
1.000873846e+20
1.000403077e+20
9.997384615e+19
9.995076923e+19
1.001076923e+20
9.994307692e+19
1.000553846e+20
1.001670769e+20
1.003858462e+20
1.003547692e+20
1.001803077e+20
1.002510769e+20
9.961907692e+19
9.968923077e+19
9.976061538e+19
9.971907692e+19
9.959261538e+19
1.000710769e+20
1.00068e+20
1.00096e+20
9.987292308e+19
9.993784615e+19
9.972215385e+19
9.947784615e+19
9.967261538e+19
9.978246154e+19
9.966492308e+19
9.972615385e+19
9.990492308e+19
9.952276923e+19
9.955046154e+19
9.955630769e+19
1.002553846e+20
1.002230769e+20
1.001070769e+20
1.000246154e+20
1.000396923e+20
1.004055385e+20
1.004596923e+20
1.006649231e+20
1.003781538e+20
1.002406154e+20
1.000178462e+20
1.00092e+20
9.999292308e+19
9.987815385e+19
9.952215385e+19
9.962553846e+19
9.944646154e+19
9.945569231e+19
9.975446154e+19
1.000806154e+20
1.000129231e+20
1.000193846e+20
9.993630769e+19
1.000138462e+20
1.000298462e+20
1.000889231e+20
1.002495385e+20
1.004243077e+20
1.003729231e+20
1.001747692e+20
1.003510769e+20
9.994123077e+19
9.997076923e+19
1.002027692e+20
1.000538462e+20
9.993938462e+19
1.001304615e+20
9.992953846e+19
1.00088e+20
1.000716923e+20
1.001452308e+20
1.000449231e+20
1.003778462e+20
1.002532308e+20
1.002692308e+20
1.003409231e+20
1.003316923e+20
1.00276e+20
1.003947692e+20
1.003144615e+20
1.003403077e+20
1.001230769e+20
1.000027692e+20
9.993507692e+19
9.999261538e+19
1.000326154e+20
9.988430769e+19
9.988215385e+19
1.000572308e+20
1.000664615e+20
1.005255385e+20
1.004676923e+20
1.005655385e+20
1.005409231e+20
1.00416e+20
1.003510769e+20
1.003067692e+20
1.000003077e+20
9.983446154e+19
9.997938462e+19
1.001215385e+20
9.994769231e+19
1.001267692e+20
1.000504615e+20
1.000729231e+20
1.002058462e+20
1.000224615e+20
1.000369231e+20
9.997476923e+19
1.003744615e+20
1.000723077e+20
1.001652308e+20
1.000769231e+20
1.000984615e+20
9.980215385e+19
9.978707692e+19
9.988953846e+19
9.997015385e+19
9.966615385e+19
9.986092308e+19
9.974123077e+19
9.988953846e+19
1.000526154e+20
1.000313846e+20
1.003467692e+20
1.004184615e+20
1.004313846e+20
1.004501538e+20
1.004424615e+20
1.002166154e+20
9.93e+19
9.936369231e+19
9.940369231e+19
9.945476923e+19
9.974492308e+19
9.9812e+19
9.984892308e+19
9.9876e+19
9.991446154e+19
9.978061538e+19
9.998246154e+19
9.992523077e+19
9.982307692e+19
9.952061538e+19
9.922061538e+19
9.928123077e+19
9.948769231e+19
9.953692308e+19
9.966584615e+19
9.954892308e+19
9.993138462e+19
9.988153846e+19
1.000541538e+20
1.002603077e+20
1.001661538e+20
1.001375385e+20
9.989784615e+19
1.001341538e+20
1.000378462e+20
9.992861538e+19
9.948646154e+19
9.915230769e+19
9.936061538e+19
9.954369231e+19
9.976923077e+19
9.975076923e+19
9.974707692e+19
9.986092308e+19
9.989630769e+19
1.000064615e+20
1.001523077e+20
9.999015385e+19
1.002252308e+20
1.001809231e+20
1.000181538e+20
1.001627692e+20
1.003283077e+20
1.003766154e+20
1.001338462e+20
1.001301538e+20
1.000495385e+20
1.002553846e+20
9.993753846e+19
9.975538462e+19
9.976738462e+19
9.986584615e+19
9.997507692e+19
1.000089231e+20
1.001323077e+20
1.000427692e+20
1.001716923e+20
1.002316923e+20
1.004470769e+20
1.003689231e+20
1.003052308e+20
1.001895385e+20
9.994707692e+19
1.001692308e+20
1.003076923e+20
1.005144615e+20
1.002156923e+20
1.002741538e+20
1.00152e+20
1.001356923e+20
1.001184615e+20
9.989230769e+19
9.982492308e+19
9.994953846e+19
9.989969231e+19
9.996769231e+19
9.971323077e+19
9.995907692e+19
9.989661538e+19
9.996e+19
1.001221538e+20
9.999323077e+19
1.000003077e+20
1.000113846e+20
9.987815385e+19
1.000683077e+20
1.001381538e+20
1.0016e+20
9.995938462e+19
9.995476923e+19
1.000449231e+20
9.994430769e+19
1.00104e+20
9.998184615e+19
9.977138462e+19
1.00036e+20
1.00048e+20
1.001655385e+20
1.004052308e+20
1.00324e+20
1.004464615e+20
1.005033846e+20
1.003815385e+20
1.002993846e+20
1.000341538e+20
9.984492308e+19
9.979630769e+19
1.000849231e+20
1.003910769e+20
9.996461538e+19
9.978707692e+19
1.001138462e+20
9.998769231e+19
1.002270769e+20
1.001095385e+20
9.985538462e+19
1.005024615e+20
1.002843077e+20
1.001489231e+20
1.000815385e+20
1.001021538e+20
1.000735385e+20
9.997907692e+19
1.003932308e+20
1.002655385e+20
1.000144615e+20
1.000827692e+20
1.001209231e+20
1.00024e+20
1.0026e+20
1.002987692e+20
1.000427692e+20
1.001461538e+20
1.001196923e+20
1.004433846e+20
1.006252308e+20
9.99e+19
9.987384615e+19
1.000156923e+20
9.977784615e+19
9.999446154e+19
1.002566154e+20
1.003941538e+20
1.002076923e+20
1.000421538e+20
1.001378462e+20
1.001913846e+20
1.00116e+20
1.003830769e+20
1.003981538e+20
1.002344615e+20
9.982923077e+19
9.971353846e+19
9.986615385e+19
9.987446154e+19
9.989046154e+19
9.973507692e+19
9.972953846e+19
9.960492308e+19
9.967015385e+19
9.962338462e+19
9.944061538e+19
9.951661538e+19
9.940092308e+19
9.9484e+19
9.969046154e+19
9.992492308e+19
1.00136e+20
9.996523077e+19
1.000076923e+20
1.000233846e+20
1.000184615e+20
9.991692308e+19
1.00176e+20
9.997446154e+19
1.000421538e+20
1.000030769e+20
1.000698462e+20
1.001676923e+20
1.004141538e+20
1.003138462e+20
1.001150769e+20
1.001255385e+20
9.968769231e+19
9.952615385e+19
9.944030769e+19
9.933230769e+19
9.936953846e+19
9.936276923e+19
9.9672e+19
9.933476923e+19
9.966184615e+19
9.986984615e+19
9.991261538e+19
1.000643077e+20
1.000181538e+20
9.958123077e+19
9.972707692e+19
9.969076923e+19
9.966830769e+19
9.9908e+19
9.9992e+19
9.987261538e+19
9.987353846e+19
9.981876923e+19
9.984676923e+19
1.000630769e+20
9.982492308e+19
9.951661538e+19
9.994030769e+19
1.000492308e+20
9.990553846e+19
9.982769231e+19
9.9884e+19
9.975630769e+19
9.970030769e+19
9.984153846e+19
9.9988e+19
9.987938462e+19
9.985169231e+19
9.983969231e+19
9.994923077e+19
9.976092308e+19
9.977815385e+19
1.001169231e+20
1.005024615e+20
1.005095385e+20
1.00304e+20
1.001230769e+20
1.000950769e+20
9.979969231e+19
9.969292308e+19
9.979784615e+19
9.975138462e+19
9.977753846e+19
1.000064615e+20
9.978215385e+19
1.000424615e+20
1.002901538e+20
1.001206154e+20
1.002043077e+20
1.001033846e+20
1.000495385e+20
9.983938462e+19
9.981230769e+19
9.963323077e+19
9.9608e+19
9.984646154e+19
9.986153846e+19
9.987630769e+19
9.991446154e+19
9.9996e+19
9.994430769e+19
1.001236923e+20
9.987015385e+19
9.962553846e+19
9.960646154e+19
9.953076923e+19
9.931292308e+19
9.960338462e+19
9.996584615e+19
9.983661538e+19
9.985969231e+19
1.001695385e+20
1.004363077e+20
1.005784615e+20
1.004578462e+20
1.001750769e+20
9.996523077e+19
9.977723077e+19
9.9628e+19
9.971015385e+19
9.986861538e+19
9.983384615e+19
9.973138462e+19
9.968584615e+19
9.971753846e+19
9.996215385e+19
1.000073846e+20
9.994892308e+19
9.979876923e+19
9.982769231e+19
1.002867692e+20
1.002218462e+20
1.000470769e+20
1.001424615e+20
1.002424615e+20
1.001603077e+20
1.000436923e+20
9.968984615e+19
9.979323077e+19
9.974e+19
9.970553846e+19
9.947415385e+19
9.9556e+19
9.951630769e+19
1.002901538e+20
1.001473846e+20
1.000258462e+20
1.000624615e+20
1.000876923e+20
1.000544615e+20
1.0002e+20
9.996676923e+19
1.002492308e+20
1.002646154e+20
1.003218462e+20
1.003796923e+20
1.003723077e+20
1.004778462e+20
1.001784615e+20
1.002326154e+20
1.002101538e+20
1.002735385e+20
1.002913846e+20
1.003033846e+20
9.961261538e+19
9.951907692e+19
9.979323077e+19
9.978646154e+19
9.978953846e+19
9.966953846e+19
9.958276923e+19
9.948153846e+19
9.955661538e+19
9.982153846e+19
9.993784615e+19
9.985261538e+19
9.981753846e+19
1.000021538e+20
1.00204e+20
1.001609231e+20
1.001110769e+20
9.995415385e+19
9.991876923e+19
9.967446154e+19
9.995015385e+19
1.002307692e+20
9.9952e+19
9.972953846e+19
9.984707692e+19
1.001516923e+20
1.003935385e+20
1.004058462e+20
1.004190769e+20
1.002329231e+20
1.002630769e+20
1.000898462e+20
1.00104e+20
1.000156923e+20
9.997415385e+19
1.000812308e+20
1.001061538e+20
9.999815385e+19
9.994e+19
1.000652308e+20
1.000489231e+20
1.00164e+20
1.001806154e+20
1.004215385e+20
1.004473846e+20
9.994923077e+19
9.985476923e+19
9.998030769e+19
9.994676923e+19
1.001553846e+20
1.002430769e+20
1.000095385e+20
1.000261538e+20
1.003218462e+20
1.003067692e+20
1.001344615e+20
1.001603077e+20
1.001461538e+20
1.001230769e+20
1.001347692e+20
1.000873846e+20
9.999015385e+19
1.000252308e+20
9.990923077e+19
1.002132308e+20
1.004433846e+20
1.003978462e+20
1.006547692e+20
1.00568e+20
1.002138462e+20
1.003815385e+20
1.005516923e+20
1.003713846e+20
1.002910769e+20
1.001575385e+20
1.000507692e+20
1.000532308e+20
9.994676923e+19
9.975692308e+19
9.980984615e+19
1.00448e+20
1.000990769e+20
1.000587692e+20
9.967815385e+19
9.979415385e+19
9.980030769e+19
9.991969231e+19
1.001929231e+20
1.002476923e+20
1.003430769e+20
1.001981538e+20
1.002926154e+20
1.004553846e+20
1.005489231e+20
1.006153846e+20
1.008258462e+20
1.006981538e+20
1.007963077e+20
1.007756923e+20
1.003892308e+20
1.002033846e+20
9.997446154e+19
1.002406154e+20
1.001421538e+20
1.002175385e+20
1.004747692e+20
1.008387692e+20
1.004584615e+20
1.000569231e+20
1.001375385e+20
1.000230769e+20
9.994553846e+19
9.974030769e+19
1.001169231e+20
1.00376e+20
1.003473846e+20
1.004932308e+20
1.001738462e+20
1.002486154e+20
1.002603077e+20
1.000596923e+20
1.002458462e+20
1.002363077e+20
1.005353846e+20
1.002126154e+20
1.0006e+20
9.999169231e+19
1.000181538e+20
1.001298462e+20
9.997692308e+19
1.000092308e+20
1.001092308e+20
1.000344615e+20
9.997538462e+19
9.983476923e+19
9.989323077e+19
9.997230769e+19
9.998153846e+19
1.0004e+20
9.992e+19
9.983292308e+19
9.972e+19
9.975569231e+19
9.965323077e+19
9.992492308e+19
9.987846154e+19
1.000504615e+20
1.003513846e+20
1.004187692e+20
1.005095385e+20
1.006738462e+20
1.008747692e+20
1.008744615e+20
1.006969231e+20
1.006624615e+20
1.005769231e+20
1.004181538e+20
1.001393846e+20
9.989292308e+19
9.974953846e+19
9.960092308e+19
9.965015385e+19
9.986246154e+19
9.986092308e+19
9.995261538e+19
9.979846154e+19
9.988923077e+19
9.998615385e+19
1.000873846e+20
9.991846154e+19
9.977815385e+19
9.966584615e+19
9.953323077e+19
1.000369231e+20
1.0002e+20
1.001175385e+20
1.001821538e+20
1.002941538e+20
1.000963077e+20
9.979876923e+19
1.002747692e+20
9.997415385e+19
1.00052e+20
9.972738462e+19
9.977169231e+19
9.966615385e+19
9.961107692e+19
9.993692308e+19
9.972523077e+19
9.970153846e+19
9.964707692e+19
9.946676923e+19
9.960523077e+19
9.944307692e+19
9.958769231e+19
9.977384615e+19
9.969969231e+19
9.969969231e+19
9.986338462e+19
1.003710769e+20
1.001270769e+20
1.001661538e+20
1.002673846e+20
9.998861538e+19
9.985538462e+19
9.966892308e+19
9.941138462e+19
9.926523077e+19
9.957907692e+19
9.946061538e+19
9.967076923e+19
9.955230769e+19
9.951323077e+19
9.961969231e+19
9.946184615e+19
9.928953846e+19
9.948461538e+19
9.967723077e+19
9.9564e+19
9.968215385e+19
9.963723077e+19
9.977538462e+19
9.967076923e+19
9.966769231e+19
9.968892308e+19
9.960830769e+19
9.984707692e+19
9.974707692e+19
9.962584615e+19
9.969630769e+19
9.963784615e+19
9.984e+19
1.000806154e+20
1.001446154e+20
1.003403077e+20
1.002658462e+20
9.998738462e+19
9.974615385e+19
9.999815385e+19
9.990338462e+19
9.994184615e+19
9.952553846e+19
9.971138462e+19
9.978738462e+19
9.956892308e+19
9.941076923e+19
9.930461538e+19
9.955384615e+19
9.940523077e+19
9.965661538e+19
9.959661538e+19
9.967846154e+19
9.991815385e+19
1.001618462e+20
1.001661538e+20
9.991969231e+19
9.999138462e+19
1.000292308e+20
9.991323077e+19
1.000341538e+20
9.9736e+19
9.973446154e+19
9.950553846e+19
9.934276923e+19
9.960553846e+19
9.984553846e+19
1.002018462e+20
1.0016e+20
9.991384615e+19
9.978338462e+19
9.987969231e+19
9.994276923e+19
9.977261538e+19
9.966523077e+19
9.972123077e+19
9.971507692e+19
9.954461538e+19
9.958738462e+19
9.977569231e+19
9.9756e+19
1.000406154e+20
1.000643077e+20
9.999076923e+19
1.000658462e+20
9.999138462e+19
1.000181538e+20
9.975169231e+19
9.988123077e+19
9.975907692e+19
9.960030769e+19
9.972892308e+19
9.976030769e+19
9.973753846e+19
9.984984615e+19
9.982430769e+19
9.9992e+19
9.9764e+19
9.986492308e+19
9.9984e+19
1.000326154e+20
1.002633846e+20
1.001889231e+20
1.003486154e+20
1.004206154e+20
1.004775385e+20
1.002686154e+20
1.001621538e+20
9.998830769e+19
9.998584615e+19
1.001507692e+20
9.999230769e+19
1.002295385e+20
1.00156e+20
9.999569231e+19
1.001286154e+20
1.000209231e+20
9.987261538e+19
1.003563077e+20
1.004307692e+20
1.005963077e+20
1.001615385e+20
1.003655385e+20
1.001753846e+20
1.0004e+20
9.992646154e+19
9.955446154e+19
9.946738462e+19
9.968646154e+19
9.9568e+19
9.979969231e+19
9.9676e+19
9.959446154e+19
9.970646154e+19
9.979692308e+19
9.984830769e+19
1.000058462e+20
1.003304615e+20
1.005076923e+20
1.005516923e+20
1.005055385e+20
9.947046154e+19
9.9356e+19
9.944984615e+19
9.955507692e+19
9.978246154e+19
1.000947692e+20
1.002784615e+20
1.001473846e+20
1.003049231e+20
1.002667692e+20
1.001043077e+20
1.002923077e+20
1.004775385e+20
1.003024615e+20
1.002132308e+20
9.989907692e+19
9.969261538e+19
9.982276923e+19
9.952738462e+19
9.942215385e+19
9.982646154e+19
9.969507692e+19
9.978123077e+19
1.000270769e+20
9.993938462e+19
9.981076923e+19
1.000018462e+20
1.001990769e+20
9.996215385e+19
9.996492308e+19
9.999415385e+19
1.001950769e+20
1.000833846e+20
1.000489231e+20
9.999569231e+19
1.000033846e+20
9.973507692e+19
1.00004e+20
9.978553846e+19
9.987753846e+19
1.001356923e+20
9.992e+19
1.001901538e+20
1.000255385e+20
9.987784615e+19
9.969476923e+19
9.987415385e+19
1.001572308e+20
1.000538462e+20
1.003867692e+20
1.002030769e+20
9.957169231e+19
9.972984615e+19
9.968769231e+19
1.000107692e+20
9.972984615e+19
9.969969231e+19
9.983169231e+19
1.000775385e+20
1.001344615e+20
1.001827692e+20
1.003932308e+20
1.002855385e+20
1.005215385e+20
1.001910769e+20
1.00108e+20
9.973938462e+19
9.963476923e+19
9.982369231e+19
9.966984615e+19
9.966061538e+19
1.001083077e+20
1.000052308e+20
9.980030769e+19
9.977876923e+19
9.994523077e+19
1.000547692e+20
1.000313846e+20
9.990461538e+19
1.001323077e+20
9.988030769e+19
1.002883077e+20
1.001750769e+20
1.001572308e+20
1.001267692e+20
9.998738462e+19
9.954923077e+19
9.974553846e+19
9.986830769e+19
9.997815385e+19
1.000156923e+20
1.000378462e+20
1.000433846e+20
1.002021538e+20
9.999907692e+19
9.971323077e+19
9.960861538e+19
9.986092308e+19
9.994923077e+19
1.001384615e+20
9.972153846e+19
9.928246154e+19
9.915876923e+19
9.902030769e+19
9.943969231e+19
9.966676923e+19
9.967046154e+19
1.001064615e+20
1.000941538e+20
1.00136e+20
1.001870769e+20
9.998923077e+19
1.0008e+20
1.002643077e+20
1.002107692e+20
1.004464615e+20
1.003812308e+20
1.000870769e+20
1.000298462e+20
9.994061538e+19
1.003467692e+20
1.006747692e+20
1.003126154e+20
1.001089231e+20
1.000264615e+20
9.992153846e+19
1.000735385e+20
1.000732308e+20
9.994523077e+19
9.978707692e+19
9.963415385e+19
9.9468e+19
9.952707692e+19
9.984923077e+19
9.980738462e+19
1.002489231e+20
1.001043077e+20
1.002252308e+20
1.001698462e+20
1.001572308e+20
1.002424615e+20
9.995753846e+19
9.9988e+19
1.000187692e+20
9.970123077e+19
9.950923077e+19
9.944584615e+19
9.955076923e+19
9.974369231e+19
1.001006154e+20
1.000353846e+20
1.001455385e+20
1.000732308e+20
1.000187692e+20
9.997323077e+19
9.978246154e+19
9.986215385e+19
1.001864615e+20
1.003550769e+20
1.003683077e+20
9.952769231e+19
9.949353846e+19
9.930861538e+19
9.948276923e+19
9.955015385e+19
9.985846154e+19
9.989476923e+19
9.973384615e+19
9.944123077e+19
9.938215385e+19
9.971784615e+19
9.978184615e+19
9.983538462e+19
1.003144615e+20
1.003443077e+20
1.001449231e+20
9.982584615e+19
9.954984615e+19
9.938923077e+19
9.936430769e+19
9.937815385e+19
9.953661538e+19
9.951876923e+19
9.950369231e+19
9.9784e+19
9.964153846e+19
9.953846154e+19
9.956676923e+19
9.963138462e+19
9.965723077e+19
9.973969231e+19
9.9612e+19
9.9676e+19
9.940830769e+19
9.949907692e+19
9.942246154e+19
9.933138462e+19
9.931261538e+19
9.949538462e+19
9.960123077e+19
9.999630769e+19
9.982307692e+19
9.9756e+19
9.972492308e+19
1.000781538e+20
1.000027692e+20
9.998461538e+19
9.987876923e+19
9.987846154e+19
9.977292308e+19
9.971169231e+19
9.965230769e+19
9.955107692e+19
9.949107692e+19
9.938276923e+19
9.962215385e+19
9.988461538e+19
9.975107692e+19
1.000326154e+20
9.969938462e+19
9.996123077e+19
9.997353846e+19
9.970676923e+19
9.972953846e+19
9.941446154e+19
9.951753846e+19
9.972369231e+19
9.949753846e+19
9.940830769e+19
9.941907692e+19
9.953046154e+19
9.967015385e+19
9.987538462e+19
9.994676923e+19
1.001661538e+20
1.000289231e+20
1.000929231e+20
9.996861538e+19
9.992215385e+19
9.978030769e+19
9.983230769e+19
9.995169231e+19
9.996707692e+19
1.002609231e+20
1.001329231e+20
1.000267692e+20
9.971107692e+19
9.977476923e+19
9.997476923e+19
9.982953846e+19
9.953569231e+19
9.964984615e+19
9.963569231e+19
9.942215385e+19
9.961630769e+19
9.977876923e+19
9.991815385e+19
1.00096e+20
9.9832e+19
9.982030769e+19
1.001578462e+20
1.000387692e+20
9.984276923e+19
1.001658462e+20
1.00128e+20
1.000723077e+20
9.993292308e+19
9.995076923e+19
1.00052e+20
1.000356923e+20
1.002215385e+20
1.001732308e+20
1.000323077e+20
9.994615385e+19
9.984523077e+19
1.000932308e+20
1.002064615e+20
1.000073846e+20
1.001676923e+20
1.002618462e+20
9.989230769e+19
1.000553846e+20
1.002018462e+20
9.965476923e+19
9.976092308e+19
9.983076923e+19
9.973384615e+19
1.000363077e+20
1.000212308e+20
9.981907692e+19
9.962153846e+19
9.968584615e+19
1.00056e+20
1.000889231e+20
1.003406154e+20
1.003633846e+20
1.001836923e+20
1.000612308e+20
9.992892308e+19
9.969323077e+19
9.996584615e+19
9.981415385e+19
9.981815385e+19
9.958984615e+19
9.954338462e+19
9.952953846e+19
9.947353846e+19
9.951261538e+19
9.967969231e+19
9.935538462e+19
9.997169231e+19
9.991630769e+19
9.967230769e+19
9.993846154e+19
9.985876923e+19
9.998369231e+19
1.001116923e+20
9.996984615e+19
9.978892308e+19
9.991384615e+19
1.001892308e+20
1.002541538e+20
1.001556923e+20
1.002935385e+20
1.003009231e+20
1.002390769e+20
1.003418462e+20
1.005827692e+20
1.004701538e+20
1.004507692e+20
1.000304615e+20
9.983938462e+19
9.9472e+19
9.960676923e+19
9.9748e+19
9.999261538e+19
9.999292308e+19
9.994030769e+19
1.000710769e+20
1.003350769e+20
9.940307692e+19
9.942246154e+19
9.944246154e+19
9.959538462e+19
9.972461538e+19
9.969323077e+19
9.954461538e+19
9.936769231e+19
9.931969231e+19
9.970430769e+19
9.976707692e+19
9.961661538e+19
9.956953846e+19
9.971230769e+19
9.98e+19
9.967784615e+19
9.947323077e+19
9.901692308e+19
9.939323077e+19
9.942953846e+19
9.944307692e+19
9.963138462e+19
9.953323077e+19
9.961723077e+19
9.984153846e+19
1.001886154e+20
1.000418462e+20
1.002538462e+20
1.001267692e+20
9.995846154e+19
9.972984615e+19
1.000163077e+20
1.000369231e+20
9.984153846e+19
9.943507692e+19
9.941230769e+19
9.956246154e+19
9.990646154e+19
9.970892308e+19
9.9512e+19
1.001667692e+20
9.969815385e+19
9.981230769e+19
9.965846154e+19
9.961415385e+19
9.964830769e+19
9.955507692e+19
9.941692308e+19
9.908184615e+19
9.922246154e+19
9.926861538e+19
9.918461538e+19
9.927538462e+19
9.9512e+19
9.968646154e+19
9.996030769e+19
1.000027692e+20
1.001763077e+20
1.000612308e+20
9.988246154e+19
9.994984615e+19
1.001944615e+20
1.000452308e+20
9.994461538e+19
9.984153846e+19
9.958246154e+19
9.943261538e+19
9.942153846e+19
9.960092308e+19
9.956892308e+19
9.936123077e+19
9.940646154e+19
9.952e+19
9.976830769e+19
9.993169231e+19
1.000643077e+20
9.998030769e+19
9.981692308e+19
9.9964e+19
9.991384615e+19
9.997661538e+19
1.001892308e+20
1.001313846e+20
1.00308e+20
1.002218462e+20
1.002116923e+20
1.000387692e+20
1.000861538e+20
1.000704615e+20
1.001470769e+20
1.002790769e+20
1.002667692e+20
9.995815385e+19
9.993784615e+19
9.983323077e+19
9.952984615e+19
9.971046154e+19
9.983784615e+19
9.992215385e+19
1.000101538e+20
1.001990769e+20
9.991415385e+19
1.002427692e+20
1.005264615e+20
1.007098462e+20
1.007384615e+20
1.005735385e+20
1.004855385e+20
1.0054e+20
1.002855385e+20
1.002233846e+20
1.004870769e+20
1.006412308e+20
1.002286154e+20
1.001101538e+20
9.997046154e+19
1.001864615e+20
1.005027692e+20
1.004107692e+20
1.002753846e+20
9.984030769e+19
9.988153846e+19
9.996830769e+19
9.9772e+19
9.978246154e+19
9.985169231e+19
9.987692308e+19
9.9848e+19
1.00088e+20
1.000175385e+20
1.002326154e+20
1.002544615e+20
1.000769231e+20
9.999415385e+19
1.001396923e+20
1.001430769e+20
9.975538462e+19
9.992092308e+19
9.976153846e+19
1.000784615e+20
9.975784615e+19
9.973692308e+19
9.974861538e+19
9.962e+19
9.949969231e+19
9.957415385e+19
9.933846154e+19
9.946338462e+19
9.973907692e+19
9.995692308e+19
1.000135385e+20
1.001624615e+20
9.995692308e+19
1.000144615e+20
9.982892308e+19
9.990184615e+19
9.983630769e+19
9.969046154e+19
9.978769231e+19
9.969292308e+19
9.978430769e+19
9.981476923e+19
9.979046154e+19
1.001569231e+20
1.000021538e+20
9.958e+19
9.992030769e+19
9.988646154e+19
9.985876923e+19
9.968461538e+19
9.949692308e+19
9.964030769e+19
9.991723077e+19
9.977353846e+19
9.980092308e+19
9.961938462e+19
9.992553846e+19
9.998523077e+19
9.9928e+19
9.980738462e+19
1.00036e+20
9.990523077e+19
1.000418462e+20
9.982676923e+19
1.000630769e+20
1.001304615e+20
9.991169231e+19
9.989753846e+19
1.001076923e+20
9.9996e+19
9.977138462e+19
9.952953846e+19
9.954215385e+19
9.936923077e+19
9.981507692e+19
9.990492308e+19
1.000095385e+20
9.993353846e+19
1.000793846e+20
1.000667692e+20
9.959169231e+19
9.964369231e+19
9.979815385e+19
9.959323077e+19
9.991938462e+19
9.991353846e+19
1.000449231e+20
1.001956923e+20
1.001787692e+20
1.003556923e+20
1.005323077e+20
1.00344e+20
1.002390769e+20
1.001664615e+20
1.002784615e+20
1.001658462e+20
1.000366154e+20
9.974646154e+19
9.966338462e+19
9.977938462e+19
9.980923077e+19
9.973630769e+19
9.982953846e+19
9.996369231e+19
1.000184615e+20
9.995384615e+19
1.001316923e+20
1.001495385e+20
1.002806154e+20
1.002338462e+20
1.003083077e+20
9.992307692e+19
9.985969231e+19
9.985938462e+19
9.974584615e+19
9.952707692e+19
9.956276923e+19
9.9344e+19
9.942215385e+19
9.956246154e+19
9.992523077e+19
9.985692308e+19
9.996030769e+19
9.986830769e+19
9.982338462e+19
9.975661538e+19
9.997815385e+19
1.000947692e+20
9.977846154e+19
9.985323077e+19
9.964369231e+19
9.980707692e+19
9.967107692e+19
9.992676923e+19
9.990923077e+19
9.974461538e+19
1.000523077e+20
9.990676923e+19
9.977292308e+19
9.980030769e+19
9.966307692e+19
9.982492308e+19
9.988e+19
9.993630769e+19
9.984030769e+19
1.000778462e+20
9.986738462e+19
9.956092308e+19
9.966953846e+19
9.942953846e+19
9.953138462e+19
9.963784615e+19
9.954184615e+19
9.9544e+19
9.929876923e+19
9.956584615e+19
9.970061538e+19
9.971292308e+19
9.991815385e+19
9.985015385e+19
9.990553846e+19
9.997569231e+19
9.986523077e+19
9.994338462e+19
1.000852308e+20
9.956892308e+19
9.961907692e+19
9.958953846e+19
9.955415385e+19
9.956430769e+19
9.983876923e+19
9.971661538e+19
9.9884e+19
9.991446154e+19
9.971384615e+19
9.945507692e+19
9.914430769e+19
9.923938462e+19
9.928092308e+19
9.960338462e+19
9.968984615e+19
9.973784615e+19
9.966153846e+19
9.9548e+19
9.949692308e+19
9.952061538e+19
9.944676923e+19
9.929138462e+19
9.942123077e+19
9.941815385e+19
9.946584615e+19
9.951538462e+19
9.978830769e+19
9.979907692e+19
9.989630769e+19
9.983323077e+19
1.001049231e+20
9.996369231e+19
9.991692308e+19
9.974584615e+19
9.975907692e+19
9.971907692e+19
9.971015385e+19
9.984553846e+19
9.982e+19
9.974e+19
9.9652e+19
9.957630769e+19
9.965507692e+19
9.961815385e+19
9.954738462e+19
9.969846154e+19
9.974492308e+19
9.956246154e+19
9.965261538e+19
9.974553846e+19
9.990276923e+19
9.996123077e+19
9.998369231e+19
9.993015385e+19
9.971938462e+19
9.974523077e+19
9.956461538e+19
9.960830769e+19
9.960923077e+19
9.967723077e+19
9.967476923e+19
9.964861538e+19
9.959784615e+19
9.954123077e+19
9.960953846e+19
9.966153846e+19
9.975630769e+19
9.988923077e+19
9.966923077e+19
9.958523077e+19
9.956615385e+19
9.945076923e+19
9.931692308e+19
9.974492308e+19
9.9548e+19
9.9444e+19
9.984861538e+19
9.988676923e+19
9.989938462e+19
9.983076923e+19
9.977292308e+19
9.983107692e+19
9.988153846e+19
9.987907692e+19
9.974123077e+19
9.950523077e+19
9.9748e+19
9.946430769e+19
9.970276923e+19
9.9592e+19
9.9824e+19
9.972123077e+19
9.954707692e+19
9.960615385e+19
9.945446154e+19
9.931046154e+19
9.937446154e+19
9.935230769e+19
9.968123077e+19
9.999138462e+19
1.001646154e+20
9.993169231e+19
9.986123077e+19
1.000596923e+20
1.000006154e+20
1.001633846e+20
1.003129231e+20
1.002738462e+20
1.001341538e+20
9.991907692e+19
9.981969231e+19
9.975323077e+19
9.978738462e+19
9.950184615e+19
1.002129231e+20
1.004993846e+20
1.002778462e+20
1.002763077e+20
1.002310769e+20
1.000787692e+20
1.002443077e+20
1.003775385e+20
1.004636923e+20
1.002618462e+20
9.9944e+19
9.989723077e+19
9.972953846e+19
9.973907692e+19
9.967353846e+19
9.971446154e+19
9.948276923e+19
9.954892308e+19
9.969415385e+19
9.977046154e+19
1.001067692e+20
1.001209231e+20
9.986676923e+19
9.975876923e+19
9.993815385e+19
9.983507692e+19
1.00192e+20
1.000686154e+20
9.980523077e+19
9.987846154e+19
9.9652e+19
9.946646154e+19
9.950153846e+19
1.000270769e+20
9.972553846e+19
9.995384615e+19
9.994123077e+19
1.00192e+20
9.997261538e+19
1.000221538e+20
9.956861538e+19
9.9628e+19
9.941138462e+19
9.960184615e+19
9.960184615e+19
9.970307692e+19
9.963261538e+19
9.986246154e+19
9.993384615e+19
9.982430769e+19
9.973230769e+19
9.967784615e+19
9.974184615e+19
9.962246154e+19
1.000436923e+20
9.994276923e+19
9.983723077e+19
9.964061538e+19
9.96e+19
9.950584615e+19
9.978215385e+19
9.955538462e+19
9.953723077e+19
9.946830769e+19
9.976369231e+19
9.959938462e+19
9.999107692e+19
9.989661538e+19
9.986984615e+19
9.949353846e+19
9.954092308e+19
9.969015385e+19
9.985876923e+19
9.981230769e+19
9.974215385e+19
9.962553846e+19
9.960523077e+19
9.967169231e+19
9.976769231e+19
9.971169231e+19
9.980369231e+19
9.965415385e+19
9.974123077e+19
9.967938462e+19
9.948430769e+19
9.962923077e+19
9.963876923e+19
9.976769231e+19
9.971446154e+19
9.968307692e+19
9.973261538e+19
9.965015385e+19
9.955323077e+19
9.954307692e+19
9.944553846e+19
9.948123077e+19
9.953292308e+19
9.941476923e+19
9.967138462e+19
9.984769231e+19
9.946861538e+19
9.954030769e+19
9.968646154e+19
1.00024e+20
9.980861538e+19
9.977538462e+19
9.981538462e+19
9.970953846e+19
9.962984615e+19
9.964615385e+19
9.973846154e+19
9.9728e+19
9.974492308e+19
9.972830769e+19
9.970369231e+19
9.980338462e+19
9.975938462e+19
9.966153846e+19
9.956276923e+19
9.9528e+19
1.000236923e+20
9.984984615e+19
9.976953846e+19
9.973907692e+19
9.968461538e+19
9.971415385e+19
9.968215385e+19
9.997261538e+19
1.000215385e+20
9.978246154e+19
9.986246154e+19
1.0006e+20
9.983938462e+19
9.9768e+19
9.957907692e+19
9.952246154e+19
9.985138462e+19
9.973107692e+19
9.974153846e+19
1.000332308e+20
1.001323077e+20
1.001313846e+20
9.990707692e+19
9.983723077e+19
9.992707692e+19
1.000692308e+20
1.0014e+20
1.001326154e+20
9.991661538e+19
9.957507692e+19
9.955507692e+19
9.946461538e+19
9.946676923e+19
9.949015385e+19
9.961323077e+19
9.966492308e+19
9.983538462e+19
9.997384615e+19
1.002544615e+20
1.000243077e+20
9.996584615e+19
9.999169231e+19
9.980984615e+19
1.001233846e+20
1.000464615e+20
1.000206154e+20
9.987476923e+19
9.952184615e+19
9.920492308e+19
9.919261538e+19
9.946307692e+19
9.973292308e+19
9.979230769e+19
9.987661538e+19
9.990892308e+19
9.976553846e+19
9.988e+19
1.002270769e+20
9.999569231e+19
1.000498462e+20
9.964030769e+19
9.965138462e+19
9.981938462e+19
9.993630769e+19
1.00076e+20
1.001553846e+20
1.000150769e+20
9.977538462e+19
9.979261538e+19
9.989630769e+19
9.981692308e+19
9.952e+19
9.958830769e+19
9.962830769e+19
9.976215385e+19
9.938307692e+19
9.940276923e+19
9.941784615e+19
9.966123077e+19
9.955015385e+19
9.976307692e+19
9.983353846e+19
9.992338462e+19
9.999323077e+19
9.987292308e+19
9.994492308e+19
1.001301538e+20
1.001126154e+20
9.996676923e+19
9.993138462e+19
1.000716923e+20
1.000153846e+20
1.000372308e+20
9.965415385e+19
9.967384615e+19
1.001621538e+20
1.002172308e+20
1.001753846e+20
9.996338462e+19
9.967476923e+19
9.9572e+19
9.929323077e+19
9.934584615e+19
9.929569231e+19
9.942984615e+19
9.939107692e+19
9.936e+19
9.970215385e+19
9.981107692e+19
9.987723077e+19
9.959261538e+19
9.976153846e+19
9.960923077e+19
9.978153846e+19
9.974615385e+19
9.952246154e+19
9.975076923e+19
1.000843077e+20
9.987569231e+19
9.983292308e+19
1.000390769e+20
1.001073846e+20
9.995815385e+19
9.970338462e+19
1.00056e+20
1.000615385e+20
1.001809231e+20
1.001803077e+20
1.001458462e+20
1.0002e+20
1.002916923e+20
9.999907692e+19
1.002252308e+20
1.005021538e+20
1.004116923e+20
1.006495385e+20
1.004676923e+20
1.000190769e+20
1.000070769e+20
9.989907692e+19
1.001892308e+20
1.001910769e+20
1.004049231e+20
1.001458462e+20
1.000018462e+20
9.990892308e+19
9.970923077e+19
9.966892308e+19
9.979723077e+19
1.00084e+20
9.994676923e+19
1.000873846e+20
9.974830769e+19
9.974923077e+19
9.989815385e+19
9.982369231e+19
1.002541538e+20
1.002523077e+20
1.001089231e+20
1.000369231e+20
9.978923077e+19
1.001356923e+20
9.980369231e+19
9.972676923e+19
9.964153846e+19
9.960738462e+19
9.991907692e+19
1.003356923e+20
1.002892308e+20
1.001812308e+20
1.001018462e+20
1.002535385e+20
1.0036e+20
1.002784615e+20
1.001181538e+20
9.985723077e+19
9.970184615e+19
9.950369231e+19
9.988492308e+19
9.9768e+19
1.000661538e+20
9.9948e+19
9.982030769e+19
9.989753846e+19
9.995846154e+19
1.000975385e+20
1.000138462e+20
9.983507692e+19
9.955230769e+19
9.934923077e+19
9.946676923e+19
9.951661538e+19
9.943907692e+19
9.960830769e+19
9.970461538e+19
9.967476923e+19
9.956492308e+19
9.975569231e+19
9.960892308e+19
9.978276923e+19
9.987538462e+19
1.001572308e+20
1.003867692e+20
1.003495385e+20
9.998369231e+19
9.9884e+19
9.962892308e+19
9.961476923e+19
9.983323077e+19
1.000147692e+20
1.000836923e+20
1.001707692e+20
9.984676923e+19
9.961353846e+19
9.992953846e+19
9.983784615e+19
1.001036923e+20
9.984276923e+19
9.976830769e+19
9.987076923e+19
9.963876923e+19
9.965415385e+19
9.987753846e+19
9.990892308e+19
9.980646154e+19
9.980030769e+19
9.963107692e+19
9.982738462e+19
9.971507692e+19
9.949476923e+19
9.968676923e+19
9.974184615e+19
9.963292308e+19
9.949507692e+19
9.955476923e+19
9.956030769e+19
9.969415385e+19
9.957138462e+19
9.931476923e+19
9.935107692e+19
9.946676923e+19
9.952215385e+19
9.928861538e+19
9.938984615e+19
9.956246154e+19
9.9468e+19
9.941661538e+19
9.940646154e+19
9.955107692e+19
9.970276923e+19
9.976276923e+19
9.972984615e+19
1.000418462e+20
9.979292308e+19
9.971661538e+19
9.954184615e+19
9.974153846e+19
9.956830769e+19
9.962861538e+19
9.959938462e+19
9.928307692e+19
9.937784615e+19
9.950738462e+19
9.909815385e+19
9.928523077e+19
9.938276923e+19
9.967569231e+19
9.964030769e+19
9.989876923e+19
1.000627692e+20
1.000738462e+20
1.001387692e+20
9.9976e+19
9.974984615e+19
9.977846154e+19
9.991753846e+19
9.967569231e+19
9.967907692e+19
9.944861538e+19
9.934984615e+19
1.001178462e+20
1.003526154e+20
1.003443077e+20
1.00256e+20
1.0018e+20
1.00056e+20
9.98e+19
9.982184615e+19
9.983446154e+19
9.996092308e+19
1.000381538e+20
9.998707692e+19
1.000566154e+20
1.000286154e+20
1.001655385e+20
1.002323077e+20
1.002307692e+20
1.001932308e+20
1.002212308e+20
1.000892308e+20
1.000963077e+20
9.989230769e+19
1.000606154e+20
1.001110769e+20
9.9912e+19
9.992153846e+19
1.000467692e+20
1.000409231e+20
9.995353846e+19
9.991938462e+19
1.000793846e+20
9.994123077e+19
9.995353846e+19
1.000510769e+20
1.00328e+20
1.000990769e+20
9.993692308e+19
1.000436923e+20
9.973969231e+19
9.994061538e+19
9.965969231e+19
9.998769231e+19
9.980184615e+19
9.970123077e+19
9.962061538e+19
9.977969231e+19
9.983323077e+19
1.000430769e+20
1.003913846e+20
1.001587692e+20
1.003015385e+20
1.002261538e+20
1.002221538e+20
9.992615385e+19
9.981046154e+19
9.999076923e+19
9.993569231e+19
9.987353846e+19
1.001409231e+20
9.978676923e+19
9.943538462e+19
9.960830769e+19
9.981076923e+19
9.969076923e+19
9.956584615e+19
9.952584615e+19
9.9608e+19
9.9592e+19
9.937261538e+19
9.968676923e+19
9.973323077e+19
9.976030769e+19
9.988676923e+19
9.961323077e+19
9.978923077e+19
9.982215385e+19
9.966092308e+19
9.935692308e+19
9.934584615e+19
9.930707692e+19
9.948061538e+19
9.940615385e+19
9.939353846e+19
9.949753846e+19
9.951753846e+19
9.906e+19
9.908769231e+19
9.922430769e+19
9.937107692e+19
9.9464e+19
9.948923077e+19
9.957230769e+19
9.988430769e+19
9.993138462e+19
9.970861538e+19
9.97e+19
9.972553846e+19
9.975261538e+19
9.974153846e+19
9.949846154e+19
9.975661538e+19
9.987753846e+19
9.999507692e+19
9.990984615e+19
9.969384615e+19
9.966184615e+19
9.991138462e+19
9.982030769e+19
1.000698462e+20
1.002230769e+20
1.004172308e+20
9.988092308e+19
9.969076923e+19
9.938523077e+19
9.942861538e+19
9.946338462e+19
9.9532e+19
9.967046154e+19
9.965815385e+19
9.963169231e+19
9.987938462e+19
1.000252308e+20
9.989969231e+19
9.988184615e+19
9.986676923e+19
1.000790769e+20
1.000009231e+20
9.990092308e+19
1.00248e+20
1.000049231e+20
9.9952e+19
9.985753846e+19
9.973815385e+19
9.985630769e+19
9.966553846e+19
9.969138462e+19
9.978892308e+19
9.964492308e+19
9.980830769e+19
9.981692308e+19
1.001113846e+20
1.003772308e+20
1.001203077e+20
1.000363077e+20
9.990153846e+19
9.964123077e+19
9.989784615e+19
9.988584615e+19
9.980861538e+19
9.989630769e+19
9.995446154e+19
9.975784615e+19
9.975692308e+19
9.998153846e+19
9.980276923e+19
1.00032e+20
9.982984615e+19
9.966030769e+19
9.976738462e+19
1.001058462e+20
9.997230769e+19
9.967661538e+19
9.9624e+19
9.966338462e+19
9.973876923e+19
9.995907692e+19
9.972615385e+19
9.963076923e+19
9.992153846e+19
9.999292308e+19
9.991292308e+19
1.003750769e+20
1.005033846e+20
1.004049231e+20
1.005264615e+20
1.003344615e+20
9.999723077e+19
1.00196e+20
1.003030769e+20
1.002015385e+20
9.995138462e+19
1.002e+20
1.004230769e+20
1.003172308e+20
1.003316923e+20
1.002064615e+20
1.003141538e+20
1.003418462e+20
1.002544615e+20
1.000433846e+20
1.001963077e+20
1.000323077e+20
1.001049231e+20
9.987815385e+19
9.996553846e+19
1.000673846e+20
1.000372308e+20
9.966615385e+19
9.983446154e+19
9.980030769e+19
9.964615385e+19
9.941938462e+19
9.959630769e+19
9.968092308e+19
9.993446154e+19
1.002264615e+20
1.004618462e+20
1.000652308e+20
1.00136e+20
1.002615385e+20
1.003415385e+20
1.002993846e+20
1.003467692e+20
1.001784615e+20
1.003329231e+20
1.005150769e+20
1.007070769e+20
1.008652308e+20
1.003033846e+20
9.993230769e+19
9.9956e+19
1.001430769e+20
1.001713846e+20
1.003058462e+20
1.002596923e+20
1.001987692e+20
1.001501538e+20
1.001135385e+20
1.002298462e+20
1.0044e+20
1.004316923e+20
1.005593846e+20
1.00168e+20
9.984553846e+19
9.956492308e+19
9.989169231e+19
9.9856e+19
1.000996923e+20
1.0022e+20
1.001292308e+20
9.9988e+19
9.988861538e+19
9.982923077e+19
9.984061538e+19
9.987753846e+19
1.000963077e+20
1.001883077e+20
1.001193846e+20
1.00052e+20
9.9884e+19
9.982246154e+19
9.972492308e+19
9.982369231e+19
9.984123077e+19
9.984338462e+19
9.963107692e+19
9.988e+19
9.978246154e+19
1.000258462e+20
1.000849231e+20
9.984584615e+19
9.966861538e+19
9.977230769e+19
9.964184615e+19
9.964707692e+19
9.963476923e+19
9.961446154e+19
9.951692308e+19
9.9372e+19
9.967384615e+19
9.952184615e+19
9.950123077e+19
9.954461538e+19
9.952461538e+19
9.951815385e+19
9.940153846e+19
9.933384615e+19
9.951292308e+19
9.973015385e+19
9.987815385e+19
9.930861538e+19
9.949907692e+19
9.957938462e+19
9.970276923e+19
9.987446154e+19
9.989876923e+19
9.965938462e+19
9.966369231e+19
9.937507692e+19
9.952615385e+19
9.947415385e+19
9.955353846e+19
9.962553846e+19
9.952830769e+19
9.940984615e+19
9.953230769e+19
9.961507692e+19
9.946984615e+19
9.9604e+19
9.935507692e+19
1.002935385e+20
1.005295385e+20
1.003763077e+20
1.004326154e+20
1.005350769e+20
1.001021538e+20
9.986030769e+19
9.997046154e+19
1.000572308e+20
9.992738462e+19
9.993261538e+19
9.993969231e+19
1.002947692e+20
1.002981538e+20
1.001076923e+20
9.997630769e+19
1.000790769e+20
9.992523077e+19
1.003024615e+20
1.005744615e+20
9.9796e+19
1.00204e+20
1.001649231e+20
1.002366154e+20
9.996246154e+19
1.000310769e+20
1.002981538e+20
1.004652308e+20
1.005836923e+20
1.004643077e+20
1.005166154e+20
1.002455385e+20
1.000123077e+20
1.000009231e+20
1.001156923e+20
9.997661538e+19
1.001141538e+20
1.000913846e+20
9.986923077e+19
9.970307692e+19
9.995723077e+19
9.986061538e+19
9.984461538e+19
9.992923077e+19
1.002458462e+20
1.001276923e+20
1.001587692e+20
9.996276923e+19
1.000116923e+20
9.977907692e+19
9.991415385e+19
9.987107692e+19
9.998461538e+19
9.980707692e+19
9.952830769e+19
9.945507692e+19
9.968646154e+19
9.9728e+19
9.994276923e+19
1.000855385e+20
9.952030769e+19
9.948e+19
9.952953846e+19
9.952184615e+19
9.949446154e+19
9.975846154e+19
9.988092308e+19
9.954892308e+19
9.931569231e+19
9.948369231e+19
9.963661538e+19
9.922276923e+19
9.930892308e+19
9.950738462e+19
9.981384615e+19
9.982738462e+19
9.982953846e+19
1.000553846e+20
9.9608e+19
9.983292308e+19
1.000923077e+20
9.995661538e+19
9.972092308e+19
9.960030769e+19
9.986953846e+19
9.972953846e+19
9.966707692e+19
1.001246154e+20
1.000941538e+20
1.003756923e+20
1.001673846e+20
1.001578462e+20
1.001421538e+20
9.989015385e+19
9.979753846e+19
9.964369231e+19
9.938461538e+19
9.945815385e+19
9.970030769e+19
9.971384615e+19
9.977476923e+19
9.962184615e+19
9.969446154e+19
9.953076923e+19
9.946061538e+19
9.959876923e+19
9.992984615e+19
9.9976e+19
9.990307692e+19
9.994061538e+19
9.967692308e+19
9.994e+19
9.965415385e+19
1.000009231e+20
1.003378462e+20
1.001873846e+20
1.003153846e+20
9.994430769e+19
9.992523077e+19
9.966707692e+19
1.001550769e+20
1.000175385e+20
9.991230769e+19
9.980215385e+19
9.995353846e+19
9.991753846e+19
9.962492308e+19
9.969938462e+19
9.960553846e+19
9.957292308e+19
9.970061538e+19
1.000956923e+20
1.000138462e+20
9.976830769e+19
1.001070769e+20
1.005323077e+20
1.001646154e+20
1.002366154e+20
1.001747692e+20
1.002427692e+20
1.001975385e+20
9.957046154e+19
9.972707692e+19
9.974830769e+19
1.00208e+20
1.001193846e+20
9.996153846e+19
9.976615385e+19
9.973846154e+19
9.985569231e+19
9.990892308e+19
9.997692308e+19
1.001889231e+20
1.003938462e+20
1.003046154e+20
1.00048e+20
1.000935385e+20
1.001006154e+20
1.001147692e+20
1.001086154e+20
9.953969231e+19
9.961876923e+19
9.985507692e+19
9.991876923e+19
1.000344615e+20
1.001569231e+20
1.000344615e+20
1.000824615e+20
9.984615385e+19
9.979107692e+19
9.991261538e+19
1.000738462e+20
1.000615385e+20
9.995507692e+19
1.000184615e+20
1.002015385e+20
9.991876923e+19
9.9896e+19
9.976738462e+19
9.958153846e+19
9.982461538e+19
9.997969231e+19
1.000510769e+20
1.001843077e+20
1.001646154e+20
1.001575385e+20
1.000495385e+20
9.961876923e+19
9.962430769e+19
9.940923077e+19
9.929569231e+19
9.932215385e+19
9.960646154e+19
9.941138462e+19
9.934769231e+19
9.934584615e+19
9.947630769e+19
9.941938462e+19
9.970738462e+19
9.955353846e+19
1.001412308e+20
9.990646154e+19
9.966123077e+19
9.970707692e+19
9.982061538e+19
9.986430769e+19
9.983569231e+19
1.000043077e+20
1.001150769e+20
1.005446154e+20
1.00588e+20
1.005529231e+20
1.003433846e+20
1.001827692e+20
1.003184615e+20
1.000855385e+20
1e+20
1.001830769e+20
1.000123077e+20
1.000627692e+20
1.001141538e+20
1.000138462e+20
9.992153846e+19
9.989384615e+19
9.963907692e+19
9.939446154e+19
9.933784615e+19
9.935938462e+19
9.957107692e+19
9.960984615e+19
9.950246154e+19
9.957876923e+19
9.985692308e+19
1.00276e+20
1.000363077e+20
9.980646154e+19
9.992615385e+19
1.004150769e+20
1.001612308e+20
1.002646154e+20
1.001587692e+20
1.005584615e+20
1.003249231e+20
1.002261538e+20
1.004430769e+20
1.007498462e+20
1.005110769e+20
1.002775385e+20
1.0036e+20
1.002772308e+20
1.002110769e+20
1.000258462e+20
9.996430769e+19
9.989384615e+19
1.000883077e+20
1.000978462e+20
9.9904e+19
9.957076923e+19
9.972523077e+19
9.9912e+19
9.970984615e+19
9.964738462e+19
9.986184615e+19
9.997692308e+19
9.995230769e+19
9.970861538e+19
9.975476923e+19
9.957107692e+19
9.986461538e+19
9.941630769e+19
9.959538462e+19
9.961507692e+19
9.998553846e+19
9.996861538e+19
9.976923077e+19
9.975230769e+19
9.955261538e+19
9.976e+19
9.964307692e+19
9.980615385e+19
9.991015385e+19
9.957784615e+19
9.987353846e+19
9.974984615e+19
9.963230769e+19
9.968369231e+19
9.984861538e+19
9.9696e+19
9.951107692e+19
9.971569231e+19
9.966430769e+19
9.977753846e+19
9.975784615e+19
9.983507692e+19
9.983907692e+19
9.969261538e+19
9.995630769e+19
9.998861538e+19
1.000618462e+20
9.982923077e+19
1.001713846e+20
1.001889231e+20
9.961323077e+19
9.950492308e+19
9.973846154e+19
9.948553846e+19
9.939938462e+19
9.953630769e+19
1.000341538e+20
9.982953846e+19
9.962707692e+19
9.960061538e+19
9.958246154e+19
9.962769231e+19
9.9852e+19
1.000012308e+20
9.988184615e+19
9.985446154e+19
9.989815385e+19
1.001406154e+20
1.004646154e+20
1.001541538e+20
1.002227692e+20
1.004406154e+20
1.000267692e+20
1.000643077e+20
1.000473846e+20
9.972246154e+19
9.992830769e+19
9.994830769e+19
1.000935385e+20
9.984430769e+19
9.972492308e+19
9.982615385e+19
9.990246154e+19
9.996092308e+19
1.000356923e+20
1.001747692e+20
1.003621538e+20
1.003621538e+20
9.994553846e+19
9.979230769e+19
9.990646154e+19
1.000723077e+20
1.001975385e+20
1.003516923e+20
1.001264615e+20
1.000929231e+20
9.999353846e+19
9.972830769e+19
9.952430769e+19
9.945569231e+19
9.967661538e+19
9.983107692e+19
9.979076923e+19
9.980646154e+19
9.949230769e+19
9.967661538e+19
9.965907692e+19
9.983292308e+19
9.995784615e+19
1.001972308e+20
1.002166154e+20
9.980061538e+19
1.000350769e+20
9.975292308e+19
9.9924e+19
9.983876923e+19
9.988676923e+19
9.980923077e+19
9.982030769e+19
9.988830769e+19
1.000433846e+20
1.00072e+20
1.00004e+20
1.001006154e+20
1.001796923e+20
1.000335385e+20
1.0004e+20
9.991753846e+19
1.00156e+20
9.958369231e+19
9.962215385e+19
9.958615385e+19
9.973723077e+19
9.983661538e+19
9.9608e+19
9.965169231e+19
9.977753846e+19
9.972830769e+19
9.963138462e+19
9.963569231e+19
1.000101538e+20
1.000276923e+20
1.001566154e+20
1.002812308e+20
1.002698462e+20
1.001698462e+20
1.00184e+20
1.001052308e+20
1.000673846e+20
1.000393846e+20
1.001412308e+20
9.976369231e+19
9.992276923e+19
9.979569231e+19
9.985076923e+19
1.001083077e+20
9.986646154e+19
9.965323077e+19
9.957138462e+19
9.940153846e+19
9.945261538e+19
9.968769231e+19
1.000526154e+20
1.001012308e+20
9.988215385e+19
1.000409231e+20
9.998030769e+19
9.989169231e+19
9.958523077e+19
9.9784e+19
9.987261538e+19
1.000655385e+20
9.992984615e+19
9.996892308e+19
1.002067692e+20
1.001206154e+20
1.001569231e+20
1.003769231e+20
1.003126154e+20
1.007243077e+20
1.004692308e+20
1.005067692e+20
9.995661538e+19
9.997384615e+19
1.000101538e+20
1.001495385e+20
1.000735385e+20
1.000169231e+20
1.001249231e+20
1.003636923e+20
1.003175385e+20
1.001307692e+20
9.994646154e+19
1.000233846e+20
1.00212e+20
1.000944615e+20
9.997415385e+19
9.995476923e+19
9.961292308e+19
9.978030769e+19
9.985507692e+19
9.9852e+19
9.984430769e+19
9.976215385e+19
1.001113846e+20
1.001658462e+20
1.001387692e+20
1.002236923e+20
9.998461538e+19
9.995692308e+19
1.000184615e+20
9.991292308e+19
1.000089231e+20
9.972307692e+19
9.993446154e+19
1.000532308e+20
1.00004e+20
1.00076e+20
1.001655385e+20
1.000261538e+20
1.00052e+20
1.000510769e+20
1.000833846e+20
9.993538462e+19
1.000766154e+20
1.000990769e+20
1.002667692e+20
1.001135385e+20
1.002852308e+20
1.002541538e+20
1.002012308e+20
1.000390769e+20
9.992184615e+19
1.001670769e+20
1.002495385e+20
1.002252308e+20
1.00144e+20
9.991107692e+19
9.965015385e+19
9.957415385e+19
9.952276923e+19
9.942861538e+19
9.965384615e+19
1.000424615e+20
1.001735385e+20
1.000741538e+20
1.000218462e+20
1.000553846e+20
9.972523077e+19
9.961969231e+19
9.960830769e+19
9.967230769e+19
9.966215385e+19
9.962646154e+19
9.972338462e+19
9.994430769e+19
9.9664e+19
9.977476923e+19
9.958707692e+19
9.946953846e+19
9.904123077e+19
9.918123077e+19
9.943353846e+19
9.932092308e+19
9.9324e+19
9.924584615e+19
9.958276923e+19
9.974430769e+19
9.936061538e+19
9.968615385e+19
9.983846154e+19
9.985630769e+19
9.958061538e+19
9.991815385e+19
9.984030769e+19
1.000132308e+20
9.993753846e+19
1.000138462e+20
1.000846154e+20
9.994369231e+19
9.9816e+19
1.000067692e+20
1.002329231e+20
1.000092308e+20
1.000452308e+20
9.971476923e+19
9.939169231e+19
9.922492308e+19
9.9552e+19
9.953692308e+19
9.932338462e+19
9.927261538e+19
9.951538462e+19
9.946276923e+19
9.959538462e+19
9.976369231e+19
9.9608e+19
9.938030769e+19
9.958307692e+19
9.964184615e+19
9.971938462e+19
9.9916e+19
9.970553846e+19
9.968830769e+19
9.959907692e+19
9.976e+19
9.976092308e+19
9.990430769e+19
1.003726154e+20
1.003052308e+20
1.001378462e+20
1.002944615e+20
1.001692308e+20
1.000055385e+20
1.00016e+20
1.000963077e+20
9.992092308e+19
9.976523077e+19
9.980092308e+19
9.983692308e+19
9.973661538e+19
9.976615385e+19
9.9944e+19
1.000030769e+20
9.9976e+19
9.995907692e+19
9.998e+19
1e+20
9.967815385e+19
9.968061538e+19
9.955538462e+19
9.938523077e+19
9.947784615e+19
9.961969231e+19
9.958e+19
9.970307692e+19
9.968646154e+19
1.000750769e+20
1.002064615e+20
1.002852308e+20
1.002963077e+20
1.002612308e+20
1.002821538e+20
1.001575385e+20
1.000852308e+20
1.001209231e+20
9.986953846e+19
9.993476923e+19
9.921138462e+19
9.950061538e+19
9.932738462e+19
9.9468e+19
9.959015385e+19
9.939353846e+19
9.951938462e+19
9.978246154e+19
9.970430769e+19
9.969169231e+19
9.933169231e+19
9.902738462e+19
9.864430769e+19
9.878153846e+19
9.901507692e+19
9.936061538e+19
9.955015385e+19
9.944061538e+19
9.937292308e+19
9.929384615e+19
9.965661538e+19
9.961846154e+19
9.988676923e+19
9.984e+19
9.975784615e+19
9.964338462e+19
9.978369231e+19
9.966584615e+19
9.965292308e+19
9.975569231e+19
9.999169231e+19
1.003052308e+20
1.002716923e+20
1.004215385e+20
1.003596923e+20
1.001852308e+20
1.001563077e+20
1.00004e+20
9.998246154e+19
9.982123077e+19
9.971907692e+19
9.954523077e+19
9.938061538e+19
9.931938462e+19
9.942584615e+19
9.958646154e+19
9.944492308e+19
9.946830769e+19
9.926830769e+19
9.938030769e+19
9.971907692e+19
9.976830769e+19
9.986492308e+19
9.993292308e+19
1.00024e+20
1.001304615e+20
1.001713846e+20
1.000030769e+20
9.9956e+19
9.961569231e+19
9.969507692e+19
9.967969231e+19
9.976892308e+19
9.982615385e+19
9.997261538e+19
9.990338462e+19
9.993938462e+19
1.000596923e+20
1.001769231e+20
1.00124e+20
9.991015385e+19
9.986769231e+19
9.983138462e+19
9.973076923e+19
9.983076923e+19
9.967446154e+19
9.995476923e+19
9.979692308e+19
9.957846154e+19
9.985538462e+19
1.000326154e+20
9.968707692e+19
9.942769231e+19
9.950153846e+19
9.945230769e+19
9.962369231e+19
9.993938462e+19
9.998276923e+19
9.967630769e+19
9.993630769e+19
1.000452308e+20
9.985353846e+19
9.988953846e+19
9.993076923e+19
9.976861538e+19
9.983969231e+19
1.000673846e+20
9.981107692e+19
9.986276923e+19
9.997384615e+19
1.002083077e+20
1.003307692e+20
1.003209231e+20
1.002547692e+20
1.002732308e+20
9.976861538e+19
9.950338462e+19
9.974646154e+19
9.987846154e+19
9.980861538e+19
1.000606154e+20
1.00096e+20
1.001409231e+20
9.992338462e+19
9.978153846e+19
9.966246154e+19
9.979353846e+19
1.000732308e+20
1.003135385e+20
1.0014e+20
9.969384615e+19
9.989169231e+19
9.9932e+19
1.000910769e+20
1.000396923e+20
1.001987692e+20
1.000907692e+20
1.0018e+20
9.996369231e+19
9.999753846e+19
9.998276923e+19
1.000009231e+20
1.00184e+20
1.000646154e+20
9.983046154e+19
9.9448e+19
9.977107692e+19
9.968676923e+19
9.942738462e+19
9.971353846e+19
1.00252e+20
1.003329231e+20
1.004061538e+20
1.003732308e+20
1.003483077e+20
1.002963077e+20
1.004049231e+20
1.003227692e+20
1.001243077e+20
1.000827692e+20
1.00312e+20
9.995015385e+19
9.984061538e+19
9.998492308e+19
1.002104615e+20
1.002532308e+20
1.000455385e+20
1.002636923e+20
1.000935385e+20
1.002289231e+20
1.000181538e+20
9.989015385e+19
1.000615385e+20
9.996769231e+19
9.993661538e+19
9.991015385e+19
9.985046154e+19
9.992953846e+19
9.984830769e+19
9.988153846e+19
9.987569231e+19
9.980553846e+19
9.984523077e+19
9.973476923e+19
9.975169231e+19
9.996523077e+19
1.000086154e+20
9.989446154e+19
1.002695385e+20
1.002513846e+20
9.997384615e+19
9.999076923e+19
9.970707692e+19
9.9816e+19
9.960953846e+19
9.999323077e+19
1.000855385e+20
1.000935385e+20
1.002956923e+20
1.004049231e+20
1.002421538e+20
1.001436923e+20
9.993230769e+19
9.987538462e+19
9.985692308e+19
9.987538462e+19
9.980461538e+19
1.001787692e+20
9.991815385e+19
1.000021538e+20
9.968553846e+19
9.967169231e+19
9.956984615e+19
9.955415385e+19
9.955569231e+19
9.970461538e+19
9.968707692e+19
9.950523077e+19
9.9688e+19
9.979507692e+19
9.988584615e+19
9.984215385e+19
9.987076923e+19
9.983753846e+19
1.00056e+20
9.989692308e+19
9.958553846e+19
9.952646154e+19
9.966984615e+19
9.960923077e+19
9.968676923e+19
9.953630769e+19
9.946861538e+19
9.954153846e+19
9.965292308e+19
9.954461538e+19
9.925292308e+19
9.927907692e+19
9.911538462e+19
9.929384615e+19
9.953784615e+19
9.971753846e+19
9.973723077e+19
9.969323077e+19
9.936184615e+19
9.887415385e+19
9.901784615e+19
9.907353846e+19
9.926769231e+19
9.945969231e+19
9.970246154e+19
9.971507692e+19
9.976676923e+19
9.976492308e+19
9.973138462e+19
9.960923077e+19
9.954123077e+19
9.972030769e+19
9.993076923e+19
9.963292308e+19
9.966892308e+19
9.958769231e+19
9.972430769e+19
9.956184615e+19
9.973107692e+19
9.983938462e+19
1.00232e+20
9.9996e+19
1.000529231e+20
1.000261538e+20
9.990061538e+19
9.980461538e+19
1.002243077e+20
1.000326154e+20
9.999323077e+19
9.978030769e+19
9.964184615e+19
9.954861538e+19
9.970276923e+19
9.966246154e+19
9.947107692e+19
9.962830769e+19
9.968e+19
9.982984615e+19
9.997046154e+19
9.993907692e+19
9.9672e+19
1.000006154e+20
9.990338462e+19
9.983323077e+19
1.000393846e+20
9.971569231e+19
9.960338462e+19
9.988953846e+19
9.9736e+19
9.981969231e+19
9.984769231e+19
9.974553846e+19
9.970153846e+19
9.983907692e+19
9.992646154e+19
9.989384615e+19
9.987446154e+19
9.967723077e+19
9.984646154e+19
9.987015385e+19
9.993723077e+19
9.989015385e+19
9.971938462e+19
9.985507692e+19
1.002966154e+20
1.00212e+20
1.004030769e+20
1.000301538e+20
9.968953846e+19
9.954338462e+19
9.952123077e+19
9.996769231e+19
9.985169231e+19
9.974215385e+19
9.979138462e+19
1.000729231e+20
9.995230769e+19
1.001292308e+20
9.986892308e+19
1.000436923e+20
1.000510769e+20
1.002175385e+20
1.003618462e+20
1.002766154e+20
9.964676923e+19
9.944123077e+19
9.952461538e+19
9.936707692e+19
9.936523077e+19
9.939476923e+19
9.9352e+19
9.938707692e+19
9.9244e+19
9.945138462e+19
9.948307692e+19
9.9612e+19
9.996153846e+19
9.988246154e+19
9.993384615e+19
1.001443077e+20
1.000707692e+20
9.9968e+19
9.964676923e+19
9.975630769e+19
9.993261538e+19
9.993723077e+19
9.963261538e+19
9.938584615e+19
9.939692308e+19
9.972369231e+19
9.973784615e+19
9.967261538e+19
9.957323077e+19
9.952246154e+19
9.988123077e+19
9.954523077e+19
9.942092308e+19
9.942246154e+19
9.937076923e+19
9.917446154e+19
9.937415385e+19
9.967169231e+19
9.969076923e+19
9.989815385e+19
1.000043077e+20
9.995415385e+19
1.002276923e+20
1.005996923e+20
1.004504615e+20
1.002781538e+20
1.000323077e+20
1.001289231e+20
9.991723077e+19
1.001923077e+20
9.980061538e+19
9.996430769e+19
1.000436923e+20
9.991815385e+19
9.982246154e+19
9.975969231e+19
9.973230769e+19
9.961015385e+19
9.972492308e+19
9.976953846e+19
9.942646154e+19
9.969384615e+19
9.982338462e+19
9.961015385e+19
9.955323077e+19
9.975446154e+19
9.995230769e+19
1.000452308e+20
9.9952e+19
9.975292308e+19
9.994953846e+19
1.001418462e+20
1.002298462e+20
1.004867692e+20
1.00124e+20
9.992461538e+19
9.985815385e+19
9.974892308e+19
9.944953846e+19
9.934707692e+19
1.001153846e+20
9.999261538e+19
1.001243077e+20
1.000658462e+20
9.997507692e+19
1.000796923e+20
1.000196923e+20
9.976553846e+19
9.999630769e+19
9.989169231e+19
9.979384615e+19
9.977107692e+19
9.969261538e+19
9.983292308e+19
9.988215385e+19
9.995846154e+19
9.995538462e+19
9.988676923e+19
1.000741538e+20
1.000941538e+20
9.968553846e+19
9.970615385e+19
9.998523077e+19
1.000467692e+20
1.000510769e+20
1.003092308e+20
1.002729231e+20
9.990861538e+19
9.9816e+19
9.976646154e+19
9.995323077e+19
9.969446154e+19
9.968707692e+19
9.987569231e+19
1.001563077e+20
1.006833846e+20
1.004953846e+20
1.003938462e+20
1.001064615e+20
9.986338462e+19
1.003870769e+20
1.002135385e+20
1.002101538e+20
1.003049231e+20
1.003670769e+20
9.999476923e+19
1.004104615e+20
1.003889231e+20
1.004369231e+20
1.004212308e+20
1.004356923e+20
1.001864615e+20
1.000615385e+20
9.990830769e+19
9.968369231e+19
9.985569231e+19
9.985323077e+19
9.995107692e+19
1.000181538e+20
1.001683077e+20
1.00388e+20
1.005126154e+20
1.004249231e+20
1.003836923e+20
1.002821538e+20
1.002190769e+20
1.000772308e+20
9.998953846e+19
9.982923077e+19
9.985292308e+19
9.980984615e+19
9.987076923e+19
9.9864e+19
9.988061538e+19
9.9984e+19
9.993384615e+19
1.000009231e+20
1.0006e+20
9.999969231e+19
1.000086154e+20
9.957353846e+19
9.987384615e+19
9.990738462e+19
9.992276923e+19
9.998923077e+19
9.989230769e+19
9.975046154e+19
9.953476923e+19
9.962523077e+19
9.977292308e+19
9.977538462e+19
9.974153846e+19
1.00184e+20
1.003698462e+20
1.003636923e+20
9.983415385e+19
9.964953846e+19
9.952646154e+19
9.959907692e+19
9.978184615e+19
9.952307692e+19
9.984553846e+19
9.967138462e+19
9.963292308e+19
9.9816e+19
9.974769231e+19
9.968523077e+19
9.959815385e+19
9.948430769e+19
9.948861538e+19
9.992553846e+19
1.000855385e+20
1.001883077e+20
1.000147692e+20
1.000107692e+20
1.001390769e+20
1.000390769e+20
9.997753846e+19
9.953784615e+19
9.950553846e+19
9.972553846e+19
9.973415385e+19
1.000061538e+20
9.999846154e+19
1.000264615e+20
9.998307692e+19
1.001089231e+20
1.000603077e+20
1.001476923e+20
1.000372308e+20
9.993015385e+19
9.993507692e+19
9.984246154e+19
9.983723077e+19
9.979630769e+19
9.977107692e+19
9.989384615e+19
1.000061538e+20
9.992861538e+19
1.000729231e+20
9.946523077e+19
9.991107692e+19
9.9772e+19
9.938523077e+19
9.940553846e+19
9.949969231e+19
9.966061538e+19
9.985723077e+19
9.964646154e+19
9.9544e+19
9.906923077e+19
9.888646154e+19
9.883938462e+19
9.888615385e+19
9.909476923e+19
9.902492308e+19
9.9064e+19
9.916276923e+19
9.909538462e+19
9.908553846e+19
9.977661538e+19
9.956123077e+19
9.974369231e+19
9.967353846e+19
9.986861538e+19
9.971938462e+19
9.961015385e+19
9.967846154e+19
9.960092308e+19
9.980892308e+19
9.993107692e+19
1.000910769e+20
9.994707692e+19
1.000178462e+20
1.000335385e+20
1.000341538e+20
1.001178462e+20
1.000553846e+20
1.000141538e+20
1.000169231e+20
9.970738462e+19
9.9956e+19
9.997876923e+19
1.000864615e+20
1.000190769e+20
1.002138462e+20
1.002495385e+20
9.991046154e+19
9.990769231e+19
9.970892308e+19
9.996646154e+19
9.997353846e+19
9.995415385e+19
9.959969231e+19
9.953046154e+19
9.981969231e+19
9.9716e+19
9.9424e+19
9.931815385e+19
9.940307692e+19
9.969384615e+19
9.967723077e+19
9.938123077e+19
9.982030769e+19
9.999569231e+19
9.995661538e+19
1.001778462e+20
9.992338462e+19
9.984676923e+19
9.978492308e+19
9.9832e+19
9.965076923e+19
9.949261538e+19
9.950707692e+19
9.959446154e+19
9.950553846e+19
9.968646154e+19
9.974338462e+19
9.992246154e+19
9.978953846e+19
1.001076923e+20
1.00164e+20
1.004615385e+20
1.0004e+20
1.000870769e+20
9.988153846e+19
9.986646154e+19
9.967169231e+19
9.979938462e+19
1.000046154e+20
1.00104e+20
9.982492308e+19
9.990184615e+19
9.9904e+19
1.00008e+20
9.995569231e+19
1.000070769e+20
9.9916e+19
9.987015385e+19
1.000289231e+20
9.974676923e+19
9.978e+19
9.969507692e+19
9.9608e+19
9.956676923e+19
9.960953846e+19
9.986615385e+19
1.002606154e+20
1.000156923e+20
1.002350769e+20
1.001236923e+20
1.002181538e+20
1.000498462e+20
1.000538462e+20
1.001264615e+20
9.986615385e+19
9.961323077e+19
9.965723077e+19
9.962738462e+19
9.975169231e+19
9.976646154e+19
9.972523077e+19
9.987076923e+19
1.000550769e+20
1.00188e+20
1.000347692e+20
9.990307692e+19
9.976830769e+19
9.983907692e+19
9.998153846e+19
9.981446154e+19
9.985261538e+19
9.977230769e+19
1.000467692e+20
9.982123077e+19
9.986369231e+19
9.987415385e+19
9.991753846e+19
9.976061538e+19
9.989415385e+19
1.002861538e+20
1.004978462e+20
1.003729231e+20
1.001778462e+20
1.001129231e+20
1.001064615e+20
1.000836923e+20
9.989384615e+19
9.970369231e+19
9.952e+19
9.978738462e+19
9.984584615e+19
9.979015385e+19
9.969723077e+19
9.976307692e+19
9.983230769e+19
1.001092308e+20
9.9968e+19
1.000009231e+20
1.005156923e+20
9.967630769e+19
9.981323077e+19
1.002110769e+20
1.004175385e+20
1.008332308e+20
1.005246154e+20
1.005323077e+20
1.002603077e+20
1.004415385e+20
1.004741538e+20
1.001673846e+20
1.000953846e+20
9.973630769e+19
9.949384615e+19
9.969907692e+19
9.974492308e+19
9.978707692e+19
1.000449231e+20
1.00288e+20
9.988030769e+19
1.00452e+20
1.004858462e+20
1.002956923e+20
9.978430769e+19
9.994461538e+19
9.979938462e+19
9.997815385e+19
1.003572308e+20
1.000255385e+20
9.993415385e+19
9.987784615e+19
1.000215385e+20
1.000710769e+20
9.965569231e+19
9.9788e+19
9.953846154e+19
9.964584615e+19
9.987692308e+19
1.001406154e+20
1.004033846e+20
9.979846154e+19
9.973507692e+19
9.993169231e+19
9.990830769e+19
9.980953846e+19
9.944892308e+19
9.9652e+19
9.987415385e+19
9.990153846e+19
1.002956923e+20
1.002193846e+20
9.983230769e+19
9.988553846e+19
1.000504615e+20
9.995815385e+19
9.973353846e+19
9.981076923e+19
9.961569231e+19
9.9772e+19
9.979815385e+19
9.985323077e+19
9.980030769e+19
9.947415385e+19
9.947353846e+19
9.959323077e+19
9.976061538e+19
9.958861538e+19
9.965323077e+19
9.958861538e+19
9.957230769e+19
9.966984615e+19
9.972123077e+19
9.970338462e+19
9.982307692e+19
1.000726154e+20
1.000353846e+20
1.000015385e+20
9.975815385e+19
9.973107692e+19
9.985907692e+19
9.9992e+19
9.9816e+19
9.981507692e+19
9.965538462e+19
9.967846154e+19
9.978092308e+19
9.969015385e+19
9.999353846e+19
1.003221538e+20
1.002627692e+20
1.000378462e+20
1.000113846e+20
1.001710769e+20
1.002058462e+20
1.002756923e+20
1.002993846e+20
1.000833846e+20
1.002341538e+20
1.000683077e+20
9.991261538e+19
1.001396923e+20
1.000535385e+20
9.998430769e+19
1.000556923e+20
9.990830769e+19
9.970430769e+19
9.965815385e+19
9.998676923e+19
9.975753846e+19
9.995261538e+19
9.961353846e+19
9.954646154e+19
9.954153846e+19
9.953046154e+19
9.972246154e+19
9.970461538e+19
9.986276923e+19
1.000615385e+20
1.003249231e+20
1.002793846e+20
9.954123077e+19
9.957107692e+19
9.953107692e+19
9.945815385e+19
9.947138462e+19
9.956184615e+19
9.933415385e+19
9.937815385e+19
9.950584615e+19
9.930584615e+19
9.916215385e+19
9.940553846e+19
9.9608e+19
9.971846154e+19
9.932369231e+19
9.957723077e+19
9.950861538e+19
9.953569231e+19
9.945938462e+19
9.968615385e+19
9.943076923e+19
9.9352e+19
9.928123077e+19
9.962615385e+19
9.933323077e+19
9.949661538e+19
9.957046154e+19
9.953876923e+19
9.939569231e+19
9.968953846e+19
1.000421538e+20
9.992338462e+19
9.954892308e+19
9.956338462e+19
9.989538462e+19
9.983876923e+19
9.984030769e+19
9.979230769e+19
9.960646154e+19
9.942830769e+19
9.935353846e+19
9.932430769e+19
9.983138462e+19
9.988184615e+19
9.983384615e+19
9.960123077e+19
9.937230769e+19
9.944830769e+19
9.978215385e+19
9.974676923e+19
9.980738462e+19
9.9696e+19
9.973876923e+19
9.957846154e+19
9.941661538e+19
9.931846154e+19
9.925538462e+19
9.9156e+19
9.947815385e+19
9.945507692e+19
1.001409231e+20
9.987815385e+19
9.964184615e+19
9.932523077e+19
9.928246154e+19
9.949046154e+19
9.990215385e+19
1.001449231e+20
1.000335385e+20
1.000270769e+20
1.000849231e+20
1.002224615e+20
1.00144e+20
1.001806154e+20
1.001996923e+20
9.978430769e+19
9.993446154e+19
9.978123077e+19
9.961415385e+19
9.997046154e+19
9.983723077e+19
9.992523077e+19
9.994615385e+19
1.001686154e+20
9.990523077e+19
9.991384615e+19
9.961723077e+19
9.968461538e+19
9.948984615e+19
9.993323077e+19
9.970553846e+19
9.983938462e+19
9.987815385e+19
1.000646154e+20
1.000732308e+20
1.000378462e+20
9.970461538e+19
9.990092308e+19
9.979692308e+19
9.964461538e+19
9.967107692e+19
9.970523077e+19
9.980184615e+19
9.977446154e+19
9.994553846e+19
9.998646154e+19
1.000021538e+20
1.000144615e+20
9.981846154e+19
9.988953846e+19
9.971569231e+19
9.974892308e+19
9.981046154e+19
9.963046154e+19
9.944430769e+19
9.954892308e+19
9.974184615e+19
9.950738462e+19
9.955569231e+19
9.967476923e+19
9.980553846e+19
9.951384615e+19
9.969815385e+19
9.981353846e+19
9.986215385e+19
9.971230769e+19
9.9648e+19
9.997630769e+19
9.999969231e+19
9.967076923e+19
9.982676923e+19
9.996369231e+19
1.000556923e+20
1.002098462e+20
1.002227692e+20
9.989107692e+19
9.980030769e+19
9.989476923e+19
9.992030769e+19
9.992061538e+19
9.962430769e+19
9.953230769e+19
9.975507692e+19
9.980061538e+19
1.000713846e+20
1.001006154e+20
1.002830769e+20
9.999107692e+19
1.002107692e+20
1.002575385e+20
1.006790769e+20
1.004658462e+20
1.001252308e+20
9.985538462e+19
1.001147692e+20
9.996861538e+19
9.986246154e+19
9.991015385e+19
9.9772e+19
9.946830769e+19
1.001950769e+20
1.001584615e+20
1.002049231e+20
1.003941538e+20
1.001987692e+20
1.002901538e+20
1.002646154e+20
1.002692308e+20
1.000461538e+20
9.982215385e+19
9.977876923e+19
1.000523077e+20
1.001563077e+20
1.0018e+20
1.000793846e+20
1.0028e+20
1.003803077e+20
1.002172308e+20
1.002230769e+20
1.002375385e+20
1.001249231e+20
1.001243077e+20
1.000590769e+20
1.001181538e+20
9.998984615e+19
9.988492308e+19
9.975538462e+19
9.989138462e+19
1.002292308e+20
9.994676923e+19
9.953323077e+19
9.944338462e+19
9.947692308e+19
9.972215385e+19
9.980246154e+19
9.993107692e+19
1.000224615e+20
1.002612308e+20
1.003092308e+20
1.003538462e+20
9.986461538e+19
1.001261538e+20
1.003723077e+20
1.004550769e+20
1.003073846e+20
1.001864615e+20
1.001803077e+20
1.001624615e+20
1.000003077e+20
9.999415385e+19
1.001206154e+20
9.998553846e+19
1.001415385e+20
9.990984615e+19
1.0006e+20
1.000396923e+20
9.992338462e+19
1.001049231e+20
1.00192e+20
9.999476923e+19
9.964276923e+19
9.980369231e+19
9.957815385e+19
9.979261538e+19
9.993753846e+19
1.002750769e+20
1.002698462e+20
1.001326154e+20
1.0014e+20
1.002150769e+20
1.003726154e+20
1.004523077e+20
1.006027692e+20
1.007655385e+20
1.002652308e+20
1.000975385e+20
9.990276923e+19
9.989938462e+19
9.976861538e+19
9.960861538e+19
9.9676e+19
9.967138462e+19
9.930153846e+19
9.945661538e+19
9.946246154e+19
9.942092308e+19
9.924984615e+19
9.946646154e+19
9.946338462e+19
9.956861538e+19
9.966553846e+19
9.996553846e+19
9.991015385e+19
9.978769231e+19
9.983538462e+19
1.001430769e+20
1.001710769e+20
9.999076923e+19
9.989292308e+19
9.953076923e+19
9.998307692e+19
1.000461538e+20
9.991415385e+19
9.9896e+19
9.992984615e+19
1.002243077e+20
1.002895385e+20
1.002421538e+20
1.002307692e+20
1.002427692e+20
1.002206154e+20
1.002181538e+20
1.002975385e+20
1.001627692e+20
1.001483077e+20
1.001255385e+20
1.000104615e+20
1.001298462e+20
1.001230769e+20
1.000683077e+20
9.996646154e+19
9.980923077e+19
9.959753846e+19
1.000932308e+20
1.000126154e+20
9.995723077e+19
9.993476923e+19
9.980246154e+19
9.946461538e+19
9.973353846e+19
1.000735385e+20
9.994338462e+19
1.001455385e+20
1.002501538e+20
1.00136e+20
1.001295385e+20
1.002849231e+20
1.001270769e+20
1.001169231e+20
1.001086154e+20
9.981569231e+19
9.987015385e+19
1.000836923e+20
1.001541538e+20
1.004901538e+20
1.006015385e+20
1.003424615e+20
9.988153846e+19
1.000535385e+20
1.000609231e+20
9.989846154e+19
9.998984615e+19
9.987230769e+19
9.994e+19
9.988369231e+19
1.000043077e+20
9.980707692e+19
9.984953846e+19
9.974123077e+19
9.984707692e+19
1.000323077e+20
9.998061538e+19
9.990923077e+19
9.970892308e+19
9.995107692e+19
1.000661538e+20
1.001646154e+20
1.002501538e+20
1.0024e+20
1.003070769e+20
1.003449231e+20
1.000089231e+20
9.968276923e+19
9.976123077e+19
9.952923077e+19
9.969846154e+19
9.979661538e+19
9.980615385e+19
9.983015385e+19
9.984584615e+19
9.990523077e+19
9.998246154e+19
9.9888e+19
9.981323077e+19
9.9636e+19
9.979907692e+19
1.000483077e+20
9.970984615e+19
9.968923077e+19
9.959784615e+19
9.948246154e+19
9.968769231e+19
1.000433846e+20
9.982215385e+19
9.979569231e+19
9.973969231e+19
9.956707692e+19
9.969261538e+19
9.969446154e+19
9.983169231e+19
9.979507692e+19
9.986584615e+19
9.995323077e+19
1.003433846e+20
1.001129231e+20
1.002473846e+20
9.999907692e+19
1.002396923e+20
9.999661538e+19
9.964215385e+19
9.963876923e+19
9.952676923e+19
9.926646154e+19
9.911784615e+19
9.9384e+19
9.962584615e+19
9.959569231e+19
9.950953846e+19
9.934676923e+19
9.972276923e+19
9.924307692e+19
9.9148e+19
9.922676923e+19
9.955476923e+19
9.980061538e+19
9.955784615e+19
9.933938462e+19
9.911846154e+19
9.941353846e+19
9.946646154e+19
9.963969231e+19
9.956492308e+19
9.979046154e+19
9.979907692e+19
9.969538462e+19
9.987076923e+19
9.990738462e+19
9.9888e+19
9.969261538e+19
9.954338462e+19
9.984923077e+19
9.982707692e+19
9.974676923e+19
9.956092308e+19
9.9468e+19
9.948092308e+19
9.964030769e+19
9.963384615e+19
9.94e+19
9.942861538e+19
9.967507692e+19
9.9744e+19
9.981969231e+19
1.000295385e+20
1.001190769e+20
9.987415385e+19
9.996953846e+19
1.000987692e+20
1.003818462e+20
1.001713846e+20
1.001578462e+20
1.000301538e+20
9.954676923e+19
9.945907692e+19
9.9576e+19
9.966553846e+19
9.996646154e+19
9.991876923e+19
1.000661538e+20
1.000116923e+20
1.003418462e+20
1.003455385e+20
1.00292e+20
9.980892308e+19
9.980923077e+19
1.000003077e+20
9.997784615e+19
9.988830769e+19
1.000729231e+20
1.001387692e+20
9.986553846e+19
9.998276923e+19
1.002443077e+20
1.002609231e+20
1.002513846e+20
1.003670769e+20
9.992184615e+19
9.996215385e+19
9.9908e+19
9.992092308e+19
9.964276923e+19
9.961015385e+19
9.985815385e+19
1.001809231e+20
1.001267692e+20
1.0054e+20
1.004116923e+20
1.002304615e+20
1.002532308e+20
1.000166154e+20
1.000212308e+20
9.995753846e+19
9.9928e+19
1.00092e+20
1.000975385e+20
1.002698462e+20
1.006024615e+20
1.006338462e+20
1.003889231e+20
1.001507692e+20
1.001153846e+20
1.001452308e+20
1.002206154e+20
1.003772308e+20
1.00412e+20
9.996307692e+19
9.971692308e+19
9.981046154e+19
9.987323077e+19
9.992553846e+19
9.998861538e+19
9.998492308e+19
1.00016e+20
1.000572308e+20
1.002883077e+20
1.002156923e+20
1.002224615e+20
1.001246154e+20
9.993661538e+19
1.002276923e+20
1.00396e+20
1.001769231e+20
1.00132e+20
9.995661538e+19
9.9916e+19
1.000876923e+20
1.000446154e+20
9.987138462e+19
1.000286154e+20
1.001787692e+20
9.985230769e+19
9.9828e+19
9.964e+19
9.961415385e+19
9.931876923e+19
9.981323077e+19
1.000393846e+20
1.001956923e+20
1.001904615e+20
1.003603077e+20
1.003086154e+20
1.000233846e+20
9.989138462e+19
9.996615385e+19
1.000876923e+20
9.980061538e+19
9.946923077e+19
9.946861538e+19
9.974369231e+19
9.958584615e+19
9.974707692e+19
9.958676923e+19
9.9828e+19
9.956707692e+19
9.987846154e+19
9.958276923e+19
9.975323077e+19
9.991292308e+19
9.995107692e+19
9.982892308e+19
9.980215385e+19
1.003246154e+20
9.987969231e+19
9.975815385e+19
9.966553846e+19
1.000190769e+20
1.000375385e+20
9.977815385e+19
1.000981538e+20
9.9984e+19
9.940676923e+19
9.938e+19
9.929476923e+19
9.941323077e+19
9.960984615e+19
9.966923077e+19
9.971323077e+19
9.980369231e+19
9.969661538e+19
9.988584615e+19
9.971107692e+19
9.969230769e+19
9.960215385e+19
9.974615385e+19
9.994215385e+19
9.982523077e+19
9.972092308e+19
9.9728e+19
9.944153846e+19
9.951415385e+19
9.984892308e+19
9.960523077e+19
9.993630769e+19
9.995907692e+19
9.989015385e+19
9.973846154e+19
9.960061538e+19
9.968030769e+19
9.959692308e+19
9.945507692e+19
9.952276923e+19
9.976861538e+19
9.986215385e+19
9.983353846e+19
9.976492308e+19
9.969507692e+19
9.987415385e+19
9.985415385e+19
9.977138462e+19
9.966892308e+19
9.988769231e+19
1.001855385e+20
1.000744615e+20
1.000658462e+20
1.000572308e+20
1.000744615e+20
1.001612308e+20
1.002707692e+20
1.001458462e+20
9.991723077e+19
9.970523077e+19
9.965169231e+19
9.952461538e+19
9.978461538e+19
9.990953846e+19
1.00056e+20
9.978153846e+19
9.973353846e+19
9.972338462e+19
9.990369231e+19
1.001132308e+20
1.002846154e+20
1.003366154e+20
9.995107692e+19
9.992030769e+19
1.001218462e+20
1.003123077e+20
1.004221538e+20
1.004433846e+20
1.004569231e+20
1.006744615e+20
1.007227692e+20
1.006107692e+20
1.004433846e+20
1.002353846e+20
1.002901538e+20
1.001695385e+20
1.001393846e+20
1.00232e+20
1.002916923e+20
9.999107692e+19
1.001027692e+20
9.995630769e+19
1.00412e+20
9.974215385e+19
9.984707692e+19
9.998769231e+19
1.000372308e+20
9.998338462e+19
9.988646154e+19
1.000015385e+20
9.993969231e+19
9.997046154e+19
9.996707692e+19
1.001095385e+20
1.002021538e+20
1.001504615e+20
1.000606154e+20
1.001713846e+20
9.997630769e+19
1.001396923e+20
9.991107692e+19
9.962646154e+19
9.951753846e+19
9.972123077e+19
9.985569231e+19
1.002935385e+20
1.003003077e+20
1.002215385e+20
1.000033846e+20
9.988123077e+19
9.993261538e+19
1.000993846e+20
9.980184615e+19
9.975938462e+19
9.950861538e+19
9.968892308e+19
1.00012e+20
9.991446154e+19
1.001292308e+20
9.952e+19
9.970461538e+19
9.981076923e+19
1.001006154e+20
9.992246154e+19
9.984030769e+19
9.963753846e+19
9.986369231e+19
1.000246154e+20
1.000963077e+20
1.001206154e+20
9.9976e+19
9.979415385e+19
1.001606154e+20
1.0032e+20
1.003870769e+20
1.002061538e+20
1.001372308e+20
9.9836e+19
9.973107692e+19
1.000283077e+20
9.984738462e+19
9.978e+19
9.973415385e+19
9.9748e+19
9.986492308e+19
9.971969231e+19
9.949476923e+19
9.9392e+19
9.971876923e+19
9.972123077e+19
9.958984615e+19
9.969292308e+19
9.957723077e+19
9.9672e+19
9.969907692e+19
9.959815385e+19
9.972861538e+19
9.981661538e+19
9.975538462e+19
9.978061538e+19
9.984153846e+19
9.970892308e+19
9.923323077e+19
9.941261538e+19
9.977046154e+19
9.974984615e+19
9.992092308e+19
9.989076923e+19
1.000569231e+20
9.994184615e+19
9.980246154e+19
9.969630769e+19
9.985015385e+19
9.992769231e+19
1.000095385e+20
9.973323077e+19
1.000276923e+20
9.997692308e+19
9.982676923e+19
9.972030769e+19
9.982707692e+19
9.989446154e+19
1.00004e+20
1.000710769e+20
9.979846154e+19
9.981261538e+19
9.972061538e+19
9.990184615e+19
9.958707692e+19
9.9248e+19
9.917415385e+19
9.922953846e+19
9.944184615e+19
9.964215385e+19
9.974307692e+19
1.000107692e+20
9.990338462e+19
9.968369231e+19
9.985723077e+19
9.979815385e+19
9.987107692e+19
9.990769231e+19
1.003267692e+20
1.001929231e+20
1.001363077e+20
1.001621538e+20
9.994984615e+19
1.001996923e+20
9.986e+19
1.000113846e+20
9.9956e+19
9.994492308e+19
1.001027692e+20
9.998092308e+19
9.983169231e+19
1.001378462e+20
1.001166154e+20
9.998984615e+19
9.979353846e+19
1.002036923e+20
1.002323077e+20
9.996184615e+19
9.968461538e+19
9.952984615e+19
9.953969231e+19
9.936215385e+19
9.955384615e+19
9.9788e+19
9.987292308e+19
9.992492308e+19
1.000556923e+20
9.988553846e+19
9.968707692e+19
9.991753846e+19
9.979415385e+19
1.000046154e+20
1.000596923e+20
1.001323077e+20
1.001430769e+20
9.997815385e+19
1.000596923e+20
1.001230769e+20
1.001095385e+20
9.992984615e+19
9.964061538e+19
9.966061538e+19
9.983507692e+19
1.001323077e+20
1.002584615e+20
1.000707692e+20
9.985507692e+19
9.976061538e+19
9.953815385e+19
9.973507692e+19
9.987907692e+19
1.002301538e+20
1.001587692e+20
1.002273846e+20
1.001849231e+20
9.977538462e+19
9.974153846e+19
9.961661538e+19
9.950092308e+19
9.958861538e+19
1.001972308e+20
1.000486154e+20
1.001636923e+20
1.000950769e+20
9.992984615e+19
9.955692308e+19
9.962830769e+19
1.000221538e+20
1.002178462e+20
1.001686154e+20
1.000021538e+20
9.987446154e+19
9.977907692e+19
9.978553846e+19
9.960430769e+19
1.001101538e+20
1.000876923e+20
9.984153846e+19
1.001953846e+20
9.970953846e+19
9.952153846e+19
9.952584615e+19
9.956738462e+19
9.972738462e+19
9.999969231e+19
1.002446154e+20
1.001430769e+20
9.993292308e+19
9.963230769e+19
9.958123077e+19
9.938707692e+19
9.969476923e+19
9.969538462e+19
9.977476923e+19
9.9872e+19
1.003055385e+20
1.001818462e+20
1.000255385e+20
9.9724e+19
9.976246154e+19
9.974492308e+19
9.958153846e+19
9.967230769e+19
9.954923077e+19
9.9668e+19
9.955261538e+19
9.928984615e+19
9.964061538e+19
9.972861538e+19
9.990061538e+19
1.000781538e+20
1.000372308e+20
9.984338462e+19
9.964553846e+19
9.993846154e+19
1.000747692e+20
9.997353846e+19
9.997323077e+19
9.981107692e+19
9.945938462e+19
9.972276923e+19
9.956892308e+19
9.935323077e+19
9.943569231e+19
9.9288e+19
9.962738462e+19
9.956830769e+19
9.936369231e+19
9.954307692e+19
9.960830769e+19
9.954707692e+19
9.983538462e+19
9.998153846e+19
9.995969231e+19
1.001390769e+20
9.986276923e+19
9.970123077e+19
9.958553846e+19
9.981323077e+19
9.959323077e+19
9.9608e+19
9.962030769e+19
9.9656e+19
9.981661538e+19
9.976523077e+19
9.986707692e+19
9.959107692e+19
9.947784615e+19
9.954676923e+19
9.940584615e+19
9.940307692e+19
9.959384615e+19
9.961323077e+19
9.977876923e+19
9.983538462e+19
9.976153846e+19
1.000298462e+20
9.995938462e+19
9.989784615e+19
9.997292308e+19
9.966461538e+19
9.966215385e+19
9.981723077e+19
9.996e+19
9.982707692e+19
1.000603077e+20
9.968030769e+19
9.954923077e+19
9.957446154e+19
9.955661538e+19
9.953507692e+19
9.967907692e+19
9.958861538e+19
9.9824e+19
9.955876923e+19
9.998584615e+19
9.982707692e+19
9.977753846e+19
9.988923077e+19
9.986861538e+19
9.978769231e+19
9.957938462e+19
9.937815385e+19
9.957784615e+19
9.975292308e+19
9.993969231e+19
1.000698462e+20
1.001455385e+20
1.00284e+20
1.002326154e+20
9.981046154e+19
9.979046154e+19
1.001676923e+20
1.003230769e+20
1.001381538e+20
1.000378462e+20
1.001323077e+20
1.001944615e+20
1.000750769e+20
9.9888e+19
9.992153846e+19
9.963784615e+19
9.964461538e+19
9.949261538e+19
9.965169231e+19
9.967476923e+19
9.996061538e+19
9.992646154e+19
1.001655385e+20
1.000218462e+20
9.999784615e+19
9.999876923e+19
1.001276923e+20
1.000473846e+20
9.987015385e+19
9.965753846e+19
9.953353846e+19
9.973476923e+19
9.992861538e+19
1.00096e+20
1.001926154e+20
9.988892308e+19
1.001218462e+20
1.003461538e+20
1.005175385e+20
1.005083077e+20
1.000652308e+20
9.937138462e+19
9.932276923e+19
9.959015385e+19
9.981353846e+19
9.984061538e+19
9.969876923e+19
9.985415385e+19
1.000113846e+20
9.983076923e+19
9.989323077e+19
9.979723077e+19
9.967753846e+19
9.963753846e+19
9.961323077e+19
9.953723077e+19
9.944953846e+19
9.955015385e+19
9.958830769e+19
9.968430769e+19
1.000618462e+20
1.004510769e+20
1.00296e+20
9.995323077e+19
9.985076923e+19
9.990830769e+19
9.978246154e+19
9.9736e+19
9.985630769e+19
1.000255385e+20
9.989323077e+19
9.970369231e+19
9.985784615e+19
9.992553846e+19
9.977569231e+19
9.986461538e+19
1.001732308e+20
1.002427692e+20
9.980246154e+19
9.957661538e+19
9.964892308e+19
9.975230769e+19
9.975446154e+19
9.979969231e+19
9.952769231e+19
9.965292308e+19
9.965876923e+19
9.984830769e+19
1.000781538e+20
1.000996923e+20
1.002301538e+20
1.003341538e+20
1.001249231e+20
9.998307692e+19
9.995076923e+19
9.998615385e+19
9.970676923e+19
1.000286154e+20
1.001295385e+20
1.000747692e+20
1.000864615e+20
9.992461538e+19
1.000510769e+20
9.990461538e+19
1.000175385e+20
1.001486154e+20
1.000633846e+20
1.000581538e+20
9.987323077e+19
9.989107692e+19
1.001344615e+20
1.001267692e+20
1.001892308e+20
1.005550769e+20
1.005347692e+20
1.006144615e+20
1.003747692e+20
1.001803077e+20
1.000473846e+20
9.996092308e+19
1.001630769e+20
9.997784615e+19
1.000123077e+20
9.974369231e+19
9.961723077e+19
9.963353846e+19
9.982523077e+19
9.994184615e+19
9.997938462e+19
1.00048e+20
1.000378462e+20
1.002726154e+20
1.002052308e+20
9.987107692e+19
1.000403077e+20
9.988646154e+19
9.983138462e+19
9.966615385e+19
9.947938462e+19
9.966184615e+19
9.965446154e+19
9.957815385e+19
9.959692308e+19
9.973538462e+19
1.002058462e+20
9.990123077e+19
9.9684e+19
9.945076923e+19
9.956830769e+19
9.969784615e+19
9.9616e+19
9.957507692e+19
9.972738462e+19
9.9436e+19
9.985846154e+19
9.9852e+19
9.950061538e+19
9.963323077e+19
9.986153846e+19
9.988646154e+19
9.993446154e+19
9.979784615e+19
9.991846154e+19
9.983015385e+19
1.000987692e+20
9.994153846e+19
1.001276923e+20
9.9772e+19
9.984615385e+19
)
;

boundaryField
{
    xPeriodic_half0
    {
        type            cyclic;
    }
    xPeriodic_half1
    {
        type            cyclic;
    }
    yPeriodic_half0
    {
        type            cyclic;
    }
    yPeriodic_half1
    {
        type            cyclic;
    }
    zPeriodic_half0
    {
        type            cyclic;
    }
    zPeriodic_half1
    {
        type            cyclic;
    }
}


// ************************************************************************* //
