/*--------------------------------*- C++ -*----------------------------------*\
| =========                 |                                                 |
| \\      /  F ield         | OpenFOAM: The Open Source CFD Toolbox           |
|  \\    /   O peration     | Version:  v1706                                 |
|   \\  /    A nd           | Web:      www.OpenFOAM.com                      |
|    \\/     M anipulation  |                                                 |
\*---------------------------------------------------------------------------*/
FoamFile
{
    version     2.0;
    format      ascii;
    class       volScalarField;
    location    "0.02";
    object      translationalT_O2;
}
// * * * * * * * * * * * * * * * * * * * * * * * * * * * * * * * * * * * * * //

dimensions      [0 0 0 1 0 0 0];


internalField   nonuniform List<scalar> 
5120
(
301.2482995
300.9424412
302.1951053
302.1168788
302.240229
303.8137972
302.5319559
301.694044
300.7930082
299.1876619
300.7350588
300.4868354
299.530585
299.5000954
299.3018913
299.2725644
299.8912652
298.1124514
300.1571272
301.7499702
300.1680197
300.8856931
301.6393664
300.3943234
299.9189216
301.2715371
303.3483771
301.7030665
301.2458543
299.5286071
298.5673848
298.7006288
300.4574301
300.2848042
299.7022756
297.8585571
299.9591244
301.6601023
300.7147725
299.7866992
301.4163774
301.4139858
301.2485158
301.8718258
301.0655038
301.162565
300.7750498
301.9273737
300.6829803
299.3535549
299.9149859
300.891219
300.6719277
300.4109011
301.4449438
302.362013
302.6832198
302.7136999
301.299908
300.6293582
299.242891
298.6502548
299.7477883
300.7288325
299.7369844
299.1409922
298.6985981
299.9040113
300.4427479
301.2344175
301.5115441
300.7441782
298.607225
299.3643132
300.2206972
301.776077
302.0566451
301.2582212
301.2009866
300.4826923
300.6856828
301.5804726
300.3946561
301.7281906
301.4221098
301.5588843
302.2624781
300.9635898
299.1438199
298.3556327
298.6387604
300.2180163
301.3498334
301.7286
301.8033303
301.0002681
300.8584446
300.2412795
300.4706095
300.0151592
300.7647623
301.9571529
300.6693685
299.7098367
298.2413849
299.3850146
301.8170304
302.8327766
301.8189253
302.0602588
302.52793
302.7952667
301.8594183
301.6066549
302.4053313
303.0005894
303.8182226
303.2522569
302.1086176
300.1525069
300.6221027
299.6415183
299.3255562
299.2368451
300.5004979
301.2986409
300.574929
300.4427443
301.4809729
301.6760309
301.5129294
302.0199959
299.2672776
301.2865351
302.4925791
300.8200658
301.2617576
302.0490583
300.4556384
301.2702178
299.7891417
300.8734057
300.2801531
300.0636136
300.1265074
300.8110229
303.1983379
302.1667146
301.8502275
301.4992334
300.0185443
300.9993391
301.0538795
300.9424216
299.2612254
300.8870206
300.5463459
300.7151944
301.3428106
301.4109214
301.4636411
300.346271
299.7764754
300.8295251
301.5030017
302.289032
300.071242
299.3732951
300.7658401
301.6258028
301.8125377
302.2626497
300.5994456
301.5094838
301.326409
299.4914623
299.8554386
299.9529208
301.1051279
301.2444653
298.7793567
298.6837774
300.1484391
302.0827275
302.0024382
299.9674593
299.862943
301.0393032
300.1095667
301.7110399
300.8513584
298.8463826
299.4178945
300.577953
298.7565499
299.7685095
298.2153042
298.0522736
297.9601879
298.4669358
300.0978309
302.8134083
301.9747709
302.4750126
303.4045966
303.2137449
303.1045533
301.8568706
301.5881492
300.9821862
300.0165849
298.7784834
296.6946196
297.2900033
298.200457
298.6769813
300.5418159
299.1855971
299.7090811
298.0625947
300.9827387
300.8128879
300.4256573
300.5900925
300.7093621
301.2459149
300.1694958
298.8081018
299.8024239
301.5737526
302.6179865
302.6152326
302.1950623
302.3603822
303.7855194
304.1559153
303.162817
303.0469236
302.6782412
302.4749781
298.8687202
298.688681
301.7779049
301.4477271
300.642117
300.7537721
300.0500699
299.6035104
299.817678
301.4006621
300.1341197
299.4821787
300.1687718
299.934685
298.9762911
299.1111672
298.7154941
298.8043018
299.7683557
298.1651027
299.9999074
300.9757639
301.1213389
300.8195954
299.7566495
300.797622
301.5108852
300.3252113
299.7667275
298.3977631
298.4976901
299.6071269
300.535905
300.5391449
300.9761208
300.6990116
301.3193102
301.615188
300.8493603
299.6031281
300.1855339
300.1917192
299.0457759
297.726897
297.8638279
297.0541779
298.2993886
300.0617082
301.8777938
302.3969395
301.252807
300.9048843
301.1455107
301.8069767
301.4441382
299.8394959
299.5424574
300.1177062
299.4295162
300.2408439
296.9191069
297.4333378
296.6172552
296.1993332
297.0876649
297.4818684
297.1100736
297.9746738
299.0919912
298.9095526
298.3097815
299.5635305
300.7090855
301.3170215
300.167124
298.9282783
297.7390706
297.937799
298.1658716
297.2899247
303.0593153
303.8867051
303.2343442
302.6536477
300.3775888
299.8324906
297.37902
300.1080867
301.3902973
301.7026842
300.4033231
299.4601472
298.5840229
299.5898788
301.5808528
302.7693008
301.0551119
301.6372874
300.3143672
300.9952714
300.1904091
301.0515724
301.6848189
303.6240154
303.0277868
300.9918781
300.1516545
300.9303881
300.2879188
300.0061142
299.3234475
299.5283392
299.1172824
298.7793986
298.7751671
300.3213191
300.0127374
299.4043276
299.1559625
298.9899981
302.1751699
301.7563772
300.9874382
301.7557833
301.0665881
301.0134952
301.3735475
298.8168763
300.6810983
301.2623342
300.507911
299.8041811
301.0166896
300.2971759
301.1537425
300.9741259
301.2895006
301.6039152
302.8245804
303.38787
302.9730374
302.1638378
300.6801652
299.8194313
301.8754863
300.9213773
302.5882371
303.1394342
303.4177191
304.5617689
303.3232728
301.4462211
301.6527415
302.3479622
302.5622556
303.5470222
302.7714949
301.8129117
300.6668157
301.7507771
302.608032
300.6024812
300.6287013
301.6365338
301.440989
302.189649
302.6435238
302.4941306
302.1617056
301.3582394
300.8096748
303.0710738
303.4573711
301.6903621
301.4721939
300.9000719
302.2697645
301.7590776
301.5402245
301.9564977
301.6625747
301.95853
300.9462763
301.7078788
300.8125613
299.1091851
299.3846728
298.8123851
298.4945944
301.2663482
302.6480724
301.5565743
300.182434
299.5541305
299.836132
298.9092566
299.3838972
296.8409906
299.4733603
301.359229
299.6610558
299.45267
301.3540851
303.0166299
301.3551744
299.8996807
301.0105586
303.2174841
302.4251873
301.1002129
300.7738074
301.4344324
301.2964581
301.2851838
301.6586526
301.3855742
300.6652677
300.8285307
300.2015534
300.6466873
299.9458677
301.7667679
301.1405643
300.8769499
300.1029488
301.0024119
302.5677137
301.5985871
300.0548486
300.0085886
302.2083844
301.6875646
301.2260035
301.7219045
303.034277
302.2240623
302.5873472
300.8400882
301.4808566
299.949909
300.6724295
300.1589071
300.2797592
299.2243475
300.2758183
299.0408355
301.2956312
300.5088005
298.9174876
299.6295991
297.9478128
298.624741
300.1696347
300.0683306
299.7541639
299.5966718
301.5527848
300.0396093
300.5922966
301.9009533
301.6360056
300.4231082
299.9192991
299.2943777
298.5797191
299.9858535
301.3936565
301.3898754
301.214417
299.073435
300.4902239
301.9180921
301.8376845
300.2455823
302.8251014
302.9973811
302.6573273
302.7035759
302.0499024
301.2208467
299.9295101
299.5227294
299.752041
298.9379794
299.0218084
299.5149368
298.9700045
300.6295779
302.0812331
300.6547646
300.1949945
300.7180447
301.0615985
301.4038118
300.7204599
300.6872555
298.276641
297.7920632
299.2127943
300.3732833
302.1946633
301.1721907
301.0554055
301.666483
301.8835297
300.5676166
301.1509957
301.055268
298.9293283
297.5177799
299.145091
300.738345
301.5657775
300.5811162
300.8052559
302.4609489
304.4592208
302.01922
300.0939958
300.0331954
301.7438869
302.2293824
302.1029291
303.0200676
303.1118132
302.962441
302.2678629
299.7773584
300.9205513
301.4585502
301.4195153
299.6721144
299.5778229
298.2552965
297.9554079
299.1651072
300.377838
300.5517108
301.1248443
300.8550776
300.2272956
301.1033882
301.4856912
300.3627074
299.4993027
300.2149628
300.1852417
301.5845273
301.3015543
302.1578165
302.0250879
302.3036261
301.0062227
301.7337949
300.1897868
299.9937965
300.4921771
301.2068504
301.3058771
302.0787565
299.4449915
299.4159249
300.1825106
300.5767222
300.4547971
299.0430121
301.1226669
300.1750992
299.9310123
299.202026
300.6376083
299.1742826
298.8599502
298.8108429
298.6138733
299.5642555
300.4610915
301.7492938
300.9769409
300.8166003
297.3950414
298.5153129
299.6783433
300.8340522
301.7885078
301.5525854
301.0686763
298.7966778
298.33553
299.524066
298.9118821
300.2507979
300.2790282
299.8531947
299.5232057
299.9363512
299.0649474
299.5003941
298.1139651
296.5057576
300.431842
300.3992201
301.5518425
300.6372333
301.0630175
300.7894158
301.6495511
302.0657364
303.1062939
301.1389816
301.1322361
300.0961115
302.476116
302.3888131
299.9881603
299.7486941
300.1053033
301.046697
302.0738701
301.23195
299.601067
302.1176933
300.6784463
301.6300606
300.5300498
301.0064386
301.9623183
300.0612304
301.8386954
302.0643646
302.9584552
301.5346391
301.2834506
300.0326637
299.0292519
297.4878343
298.6044557
298.5625841
299.1760522
299.3091284
299.5070469
298.9646473
299.4787958
300.2861965
300.5667912
300.2024182
300.2792237
300.3712764
298.2216068
296.6499853
297.9539865
300.0026757
301.00567
301.0826568
299.8146922
302.1498219
301.9023318
302.6789358
302.0455556
300.335027
302.1997209
302.5209488
301.7528363
300.1754522
300.1814581
302.3900833
302.0960188
300.6781736
300.9302041
302.066514
302.4999719
302.5178335
300.8975801
301.1413426
301.0688932
299.9465204
300.7373713
300.7576301
301.738055
303.1733581
298.5577242
299.784321
300.3841857
302.4486697
303.2272934
300.4519703
298.779829
299.7726914
301.9613003
301.5407497
301.0865576
300.3882278
301.0332601
302.0261927
300.6794914
300.6382714
299.620279
299.9174137
297.9332051
298.7090678
299.5789775
301.6059892
302.5824792
302.3318954
302.1308891
301.5164297
303.2855099
300.9861903
302.7924542
301.6124989
301.2522161
301.6986571
301.3461301
301.5013005
301.8192219
303.2462287
302.7756299
302.0951288
301.9255536
299.147016
302.4767393
302.1614947
302.5545853
302.872723
304.0098694
303.8509584
303.0551255
301.5836293
302.4717213
303.4089938
302.5590323
300.0509159
300.3543741
301.6887963
301.9807183
300.9489128
301.8522189
301.4925894
302.1502723
301.3606272
301.5374868
301.3257172
301.643045
300.7544607
302.0453096
301.9880392
302.0967668
302.4239617
302.1947635
301.8532262
303.316911
302.9410953
300.8772855
300.2387455
297.7179585
297.7682171
300.303415
300.9852252
301.0737582
301.4031356
302.2720475
300.96453
299.7014583
300.723901
299.7660925
299.6038253
298.666392
298.9660662
302.3174452
300.8784469
300.2103272
297.9598484
299.6738271
300.6904737
302.0816918
302.4396109
300.4184785
301.1427337
301.9846437
302.974332
299.2373834
299.6197437
299.1167452
299.8062023
298.4742667
298.3928307
297.6181618
298.8997326
299.9217955
301.6388266
301.1834235
300.1899922
297.7009826
299.7649646
300.5160166
299.7431618
299.4307591
299.0766839
298.8984208
300.7430168
300.0175199
299.0221173
299.2707549
300.0367312
299.249777
300.6207916
301.6774917
301.6078543
301.230427
300.9242288
298.877411
299.2447958
299.841799
300.0251794
300.0427022
299.9190401
301.0336663
300.9880588
300.4983533
299.8218595
298.418747
298.1254837
298.8482573
300.970901
303.1100375
302.1448937
301.764896
302.0893343
302.5845614
302.666916
302.2746868
300.151686
300.3992633
299.3898996
300.0760723
297.7969708
298.4423881
299.738506
300.8104233
298.7688177
301.9747523
301.7274015
301.2691461
298.4572968
301.1971179
301.0617737
302.0376504
300.6424763
299.3742972
299.2188492
298.270067
295.5916828
295.2679353
297.9946932
299.0584657
298.9142935
298.2242649
298.7020595
300.4386533
301.6879491
302.7923929
302.9621028
300.6341881
300.8164931
298.0713477
297.4625655
297.8370981
298.8757693
299.3397067
299.6790442
299.7284063
301.233085
303.3671434
301.3521215
300.1969082
299.7298789
297.8176597
298.29432
301.014506
301.1409957
299.8366326
299.6887458
300.4010684
301.5573114
301.4558971
301.2301771
300.1398029
299.7593601
300.0647259
298.7895733
299.2251302
299.8469452
298.7125037
298.0493879
298.9380299
299.7765973
300.6405456
298.7288337
298.4164735
299.6679978
299.6284186
300.2558219
300.6811045
301.4439316
302.1572221
301.5727642
300.8550942
301.9709904
299.8240026
300.0041564
300.4387723
299.9383898
300.3560216
301.1725297
301.6458721
302.0496792
302.5412647
300.354591
300.4999919
299.4247078
299.7727639
298.9705172
296.2296894
296.0749365
298.5942563
299.9508732
300.9914571
299.676764
300.1544148
298.8715117
300.8917098
302.1905975
300.7062599
300.9604979
302.6085966
302.6355314
302.1277169
300.7305715
299.3603376
300.2335986
301.0446809
300.5288427
299.6968563
301.4534109
300.3244244
300.1403424
299.8688954
301.4567978
300.8519571
300.3365544
300.5309717
299.9828998
297.9211207
299.6701048
300.6827478
300.5341152
300.6706879
301.2055126
300.1503163
300.16818
299.6500675
300.063165
301.2257187
299.1472031
300.5025077
300.1594475
300.9299822
300.3080624
299.5070596
300.3279896
300.6762132
301.6415171
300.2513315
301.3175885
301.2787412
299.6823917
300.1606732
299.0994024
299.6551034
299.6127525
302.4841659
303.3326428
301.6624427
301.1588205
301.5115795
302.1305058
301.6530943
303.7540434
304.4458332
302.6251199
302.1981508
302.6027976
303.3254048
303.4265175
302.6288667
303.8995976
302.4629066
302.6683321
301.3667223
301.5255954
299.1128534
298.8173163
299.4159376
298.9309492
297.4971603
300.0002253
300.6385894
298.9581448
299.8708382
298.7114855
299.1982218
299.991134
301.1278258
301.0447517
301.1445441
299.0339909
301.0781603
300.4106698
301.9409513
299.8866628
299.5366531
300.3978787
302.0629052
300.9668484
300.518684
301.778153
301.0811302
299.2001734
298.3508602
298.4103712
300.6994629
300.3974066
302.2789413
302.299541
303.0370699
302.3712283
302.2624409
303.0420642
301.8037629
301.8154065
303.3567651
302.95487
301.3828798
300.4390309
301.2465762
301.6880445
303.1472205
302.0789776
300.2286898
299.1106934
298.0859051
300.261273
300.0330407
300.9768721
301.8020775
302.8262391
303.5370764
301.9003307
303.5557703
303.5792427
298.4862889
298.9277013
299.5543932
299.3638277
299.3837709
299.292384
300.0543784
300.7787055
300.2186699
302.4019039
302.0761734
302.0281995
300.9818687
302.4906444
301.1992296
299.2890614
298.9802437
299.4148215
300.1111469
300.3046829
301.2839948
302.7689702
302.9869643
303.6110725
302.3372005
302.0455658
300.6263242
298.9112791
298.6562814
298.865621
301.8201122
304.0472212
303.1893816
301.1545027
301.3332264
301.5992364
301.7160333
302.3254136
302.2045343
300.9567074
300.3276924
301.1589049
301.7214742
299.2734083
300.1913262
300.2294476
298.1403793
298.8198955
298.4628976
300.5538654
301.7725395
302.4494795
302.2990688
301.2083529
299.9286878
301.3681828
301.6346508
302.868043
301.9210983
302.2507569
300.9011065
300.5485841
298.9388384
300.919411
300.7565699
299.8777144
300.6522189
300.0968083
300.075003
298.5718666
298.9100211
299.7464685
298.4717636
299.377143
299.4792363
299.1249192
299.6504342
300.6309122
299.2686959
299.0684637
297.7636662
299.0628778
299.0481261
297.2077289
297.5549958
299.4374318
300.5140972
300.3554049
300.3862283
299.7753895
300.0565166
299.9194921
299.5348128
298.7437739
298.998755
298.98567
298.4652347
297.2621546
295.450022
298.4191788
301.1953403
300.6893351
301.812278
303.1802405
301.1945012
298.6568603
299.8003896
302.0071363
301.5695709
301.3420583
301.1873864
300.9297929
300.7039942
299.975647
299.3224502
298.7866915
298.3072423
298.5816197
297.5670122
298.9607647
301.0115507
301.9100503
300.0537842
301.2880348
301.9952983
302.7714644
301.6147175
301.9352291
301.1351478
301.1661054
301.4457524
303.4607137
299.7996786
298.0685392
298.3308175
298.4733866
299.33865
301.3104581
301.8916383
302.9745362
301.3045074
300.3425925
299.9953293
300.0610977
300.9336834
300.926263
300.3714366
300.4377632
299.026104
301.0053297
301.4207219
301.1490815
302.0541172
303.2697222
301.6065138
302.1632566
302.3839915
302.6422978
301.4308527
300.2049214
300.9122327
300.3686914
299.6279398
300.2012069
300.0320922
300.2566469
300.140208
299.7150945
300.7796
301.6966338
303.1130671
300.4988349
298.2509669
299.548954
299.5914456
299.3223497
298.5123263
300.6057876
302.1576671
301.7923599
300.5023523
300.0880364
300.8920732
299.2848651
300.7307163
301.5235993
302.6237324
304.2992086
305.1259984
304.0637022
302.5283473
302.5034186
301.5110717
301.1476166
300.8895666
301.2594551
300.1031495
301.8271315
302.3486501
301.6832965
301.3193353
301.1686245
300.6393076
301.0924471
299.8190858
300.524024
299.6557696
298.0830664
300.8188305
301.42697
301.4212315
300.9797627
302.2046119
302.5414961
302.3650743
303.6999707
302.9493607
304.0080779
302.5975746
301.6340716
299.5454938
300.5861692
301.2306457
301.9404243
300.4949951
299.979668
300.8310449
300.7242736
300.6717417
300.5677296
300.5309566
300.3192449
301.5708817
301.9144807
299.7400286
299.9354082
299.7785607
301.1025244
301.9766674
300.766898
301.2307557
301.5700101
302.1597675
303.9668029
303.7257972
302.0433616
300.050756
298.7605872
299.9662556
301.2177288
302.8406436
303.9313542
302.755873
300.7453921
300.5626348
301.7637751
302.6648129
303.0794736
301.7448297
301.3463013
301.7252298
299.7181184
299.132635
300.9805867
301.1562084
299.2479619
299.7956844
301.0752796
301.4242696
300.1369173
299.6049432
298.7956828
299.7860194
300.7905348
301.5835831
302.0382497
300.9600568
300.4446634
301.0962667
302.2220681
300.4988658
299.9199714
299.3083045
299.5583933
299.6150129
299.5395569
299.9378299
301.0029371
300.7915963
301.6207626
298.8206144
299.2051738
299.090825
298.7300718
298.5012326
299.1770005
300.7565069
302.3187224
301.8302866
299.9260988
300.8110651
302.588989
301.2427743
300.1453347
300.2173941
301.0831405
300.0221078
300.2694664
300.644218
301.3280508
301.0576682
301.1757209
301.335859
300.8852748
300.5102217
300.840505
301.5960816
300.1475193
299.2006845
298.860389
299.9944952
300.4998485
300.6656228
301.2202097
301.7963683
302.9853915
301.2683583
300.3442968
301.8904146
302.708905
300.3436074
300.3353799
302.6828579
302.3611525
302.660241
300.1515556
299.7829946
299.4315098
299.5918978
301.8988434
302.3065033
301.5163372
302.0501613
299.2790613
299.4908952
300.516303
302.4145765
302.8044089
300.9861449
300.9387757
301.8174676
301.6321928
300.4249162
301.757896
301.6385415
301.056545
301.5381777
301.5335197
301.1741676
301.0306231
302.3794389
301.8090206
301.5233495
302.8473509
300.8997096
301.6142389
300.5420262
302.3290763
304.0162205
303.3745802
301.6021327
300.472176
300.2087868
303.0912372
303.4718045
302.3981692
301.2785473
301.7770972
301.6966042
301.5689066
300.9311544
300.9955662
301.5633032
301.5183644
303.4267427
301.249814
298.6286635
299.5654079
299.8260361
300.3333057
301.4477187
300.81267
300.4650405
299.9632797
302.1036006
302.0335337
299.7174406
299.4516601
301.0203652
301.5484896
300.3415667
300.1087178
300.4360995
301.3858882
301.1685399
301.1607184
302.2276054
302.1502153
302.1005424
302.4995997
303.3831309
303.4808528
303.2097896
303.6103935
304.1989694
302.163547
301.5872107
302.7545823
300.1721434
298.4191094
300.8957712
300.7639086
301.9884365
301.0262076
300.9210184
301.6546702
301.4558712
300.953545
302.0093977
302.9510692
302.0831902
301.3195055
303.0502228
302.6029434
300.9500299
300.1287055
301.4975085
301.3876054
301.8680914
302.1444805
301.3010852
299.8919115
301.9575828
302.4372312
303.0369932
303.0487636
302.3766427
301.0831163
302.0947265
303.0864547
301.5556724
300.8109669
300.677823
300.9329218
303.7009372
304.3078947
302.7862569
302.5091451
301.0707427
300.6212482
300.4347237
301.0214505
299.8117795
299.6810698
299.9403573
299.5555199
298.9622314
298.7198262
298.8719048
298.2847816
299.851128
301.5048063
301.3289232
302.2914969
304.3327699
303.9099671
302.4197275
301.428904
300.4566169
299.6165916
302.6730578
302.1812364
300.0239467
301.6820309
299.299382
299.8478626
300.1103192
301.2942995
302.1399624
301.6799338
300.9320171
300.667974
303.2823601
302.4456444
303.2182452
302.5732733
302.3976629
301.5872431
300.6355661
301.8427197
300.37241
300.4506818
300.7468348
300.8323278
301.2427873
301.6447871
301.2001521
300.8576788
300.7431257
302.3116598
302.6443897
304.1076877
304.5418917
301.2428555
302.2777198
300.8260536
301.3659699
302.212045
300.9149844
299.013638
300.4302047
300.0727529
299.3403589
299.1505394
297.1681357
299.2876638
300.3357813
301.7100346
301.7899085
302.2979613
302.8428266
301.4541501
300.1177533
301.863875
302.8708731
304.3629855
302.1033008
299.6492036
299.527482
299.6060453
300.0071601
299.3492641
299.3227899
300.4235294
299.8907648
300.2628506
299.0602425
297.5279371
299.2079081
300.4499903
300.824884
301.391241
301.2136165
301.0137979
303.4074739
301.4101227
300.9416768
299.7258572
299.3106755
300.2796215
301.4918134
301.6051126
301.7368219
301.2325452
300.9990512
300.7216776
299.3468333
300.3316668
299.2071808
300.5555115
300.8614941
300.7144022
301.7944609
302.3296975
300.6825061
299.7570151
299.8611805
302.3778731
301.7287046
301.0573285
299.7289879
297.8381855
298.3534321
298.0590981
300.2941583
301.792124
302.7555217
300.7458467
300.1379216
300.8640379
300.9238185
301.194979
301.286385
300.4278074
301.6969043
301.820266
301.397435
300.5388519
300.1336209
300.2188845
299.829253
300.2323208
302.5733112
303.4406932
301.5987275
299.7762065
299.0086845
300.5215092
300.398154
299.8854465
299.5237542
302.5111566
303.0534205
303.560655
301.5447096
301.1899212
299.7872314
300.9997681
303.4920138
301.9361514
300.9592095
301.2707152
301.4249256
303.3448514
302.5965762
299.7210544
299.8300803
301.029333
300.9844546
302.6893422
303.1038092
300.5829207
299.5089235
300.0460197
302.0064092
302.6543564
302.1253587
301.6467285
300.1295878
300.1958558
303.0508018
302.2071104
302.4150576
301.5652858
302.8745565
301.1450887
302.3358691
301.2404088
301.1666478
300.0424856
298.9486523
299.8362123
299.3945205
299.7391535
300.8584254
301.354025
301.4689115
302.8079896
303.2552239
302.9900947
302.0049661
302.2402832
302.216132
302.8626388
299.9971752
300.0199402
300.1507213
299.3976927
300.5106902
300.1158971
300.1065261
301.0216075
302.8097574
301.5040628
300.6682104
301.2128951
301.690813
303.4035957
303.5576987
302.7725431
302.0275053
302.0204718
301.9343161
300.8260325
301.0799819
301.8530523
303.5188199
302.6374865
299.9470448
297.6663903
298.1834337
299.7357549
300.0383992
300.73116
300.4783085
300.717558
301.0254344
301.6106855
301.4306587
301.1469996
300.2381915
298.8916232
298.9066444
299.9186728
300.829471
300.4287711
299.402091
300.1996367
300.2128428
300.2298449
299.0971549
301.1369488
302.1150269
301.6701528
300.2446716
302.5899727
303.9981828
304.2021505
302.679522
301.8001188
303.1004307
302.4025081
301.5157528
300.180586
299.6020048
300.6060697
301.5760758
302.6550498
303.6120308
302.0895217
301.6368413
301.028511
302.739321
302.167344
301.8863691
300.9157602
300.7911408
302.31566
301.6021817
303.3397145
300.4010197
300.1272913
300.4413998
300.628856
300.6860923
301.5892241
302.2620116
301.0767603
302.0015959
300.9050705
302.8075019
303.7339375
302.6109598
303.1162679
302.0872573
301.6983391
303.6288023
304.1192876
304.3656338
301.8290344
302.1990828
301.976703
301.0536238
300.6524623
300.2952759
301.0332175
301.7654446
301.6443127
301.6820789
301.8718037
303.2738426
302.0856272
301.3574923
299.6334535
299.5777707
299.8209931
301.9931103
302.5077305
301.9605124
301.1782518
300.5796293
299.4180346
301.1475236
301.773327
302.9856054
301.3731801
299.916739
299.7868782
300.529338
300.9261345
300.4755325
300.7905791
299.5019364
301.555625
298.8524169
301.1876991
302.0313764
301.7248682
302.1870046
301.6195911
302.142155
302.8335266
301.901406
300.5179547
299.2198626
300.1362873
299.9253448
300.0434095
301.0648296
300.484148
302.9927105
302.7547052
302.873082
302.1273674
302.2549113
302.9206978
300.7876044
300.0766035
300.9758126
302.2925739
299.1251619
301.1004551
301.4164732
300.5629297
301.0795482
302.00232
302.7052004
302.883391
301.5502714
299.9159065
301.286092
299.7501718
299.6795608
301.9981303
301.264562
301.6978477
302.3321433
302.3196562
300.5135297
299.6721503
302.1864729
301.6956137
301.2942861
302.3927179
302.8637865
301.8596595
302.8693599
303.9431983
302.5778911
301.6316581
302.127853
302.1919567
303.2370009
303.3518291
301.76297
300.7235046
301.3370005
300.5316876
300.3162748
300.7658588
298.5802027
297.9877577
296.1121478
297.7090133
300.5848526
298.865566
298.0587124
299.0449869
299.9158799
299.6527845
301.3132423
302.8532993
303.3720063
303.1395177
301.4169745
301.4233178
300.4645948
300.3611116
300.5180822
299.8804498
302.64495
303.0933076
303.5310704
302.227401
298.5982586
300.2674356
300.9972388
302.9496081
301.8205085
302.3039675
302.9551721
303.0630994
301.1197271
301.5790953
301.5953823
300.8620002
301.0114331
300.5884431
300.6594454
302.0826989
301.4863142
300.3579968
300.1377261
300.423539
300.1773356
300.4395411
300.8119683
300.9545587
301.0337304
300.9063313
299.6204744
299.9523659
300.8195997
301.7589982
302.7017301
302.65756
302.5980453
302.8385809
301.9796374
302.8144291
301.8047546
302.2256017
301.9527711
301.2111056
300.703358
302.2737291
302.0433005
301.8278116
301.6639699
301.8702326
300.9099597
301.4282702
301.173945
301.9107138
302.6070254
301.5224128
300.3850969
299.2512007
299.8896402
300.6065145
301.7769095
302.1725474
301.3799656
300.3751821
299.9187433
299.8442191
300.8342926
301.7274736
302.0202036
300.6754541
299.87543
301.1231689
301.1408347
302.9187638
302.8189014
303.8688408
303.3728818
301.1505114
300.9365542
300.989235
302.6553559
302.0895032
301.2725498
300.4627975
301.2179953
301.7712275
302.9161665
301.8783773
299.6585346
300.3706311
301.451165
303.5970805
302.7743409
300.0755699
299.9878111
300.3587085
300.0213456
302.8405602
303.272221
302.3440392
301.5151393
300.2633364
301.2816626
301.5053413
301.3210572
301.6135139
300.1929479
298.9171389
300.4925653
302.3074172
302.768563
300.9399792
299.9062652
300.8307105
303.527856
303.9179389
302.7776628
299.6639379
299.6280535
301.0911845
301.601425
300.6254074
299.5010923
300.199752
300.3414542
299.8969889
299.9125308
300.1348417
299.5864604
298.9350609
299.1691214
297.52939
298.2549939
297.7518949
297.6736402
301.0522048
302.4282449
302.6630741
302.0209094
301.681453
302.6037159
301.0177817
299.3033532
299.1521961
301.4832308
301.231046
299.6224046
299.8835871
301.1531002
301.034117
301.3948847
301.5818627
298.6895396
299.2855231
299.3717362
299.4717424
301.38932
301.9464585
302.3804584
301.8036018
300.9644586
301.6596667
300.4259756
302.4666461
300.9783054
301.0243069
300.1670802
299.2088083
300.7883866
302.3279785
302.1321095
302.0203249
302.6447498
303.2381602
303.4201465
303.0067599
301.9016892
301.8754812
303.187899
302.422297
302.7249468
302.180828
303.1747363
300.7572029
300.8199558
301.1648427
299.8122045
300.2227285
299.0889597
301.0822192
301.7300638
301.5637946
301.860948
301.3453869
300.4791265
301.8340376
301.7216671
299.4845119
298.5394837
300.4948464
301.7485457
302.3439596
301.7504733
302.1500058
302.3178174
301.7036898
301.7658594
303.0038019
301.6730704
301.4096615
299.5037826
299.211047
302.7114315
302.325967
302.3881125
302.4850544
301.1321721
299.3841606
300.8606305
302.8662823
301.1571958
300.9671147
300.8672568
301.6030904
300.7760959
302.0908788
303.2509213
304.5118178
304.1822167
302.444727
301.785911
300.5150748
300.0956785
299.6977486
300.4845143
302.1944526
303.8340955
303.0275523
301.2086503
299.9259376
301.4021091
300.8706801
301.7943483
301.9125845
300.6258971
300.3750528
300.9459985
300.8035616
299.5403607
300.9504932
300.4734305
302.5336329
303.4403553
302.5789561
301.3239689
299.5185083
298.8379714
298.5285612
301.9757532
303.182429
301.5354184
301.3104332
300.5367029
299.30187
299.6537835
300.4492149
299.0522023
301.0699761
303.4131757
301.2330012
301.0421347
302.0417704
301.0767479
301.8378253
301.9248306
302.1346304
302.0591754
299.8547793
299.040527
298.9576319
300.4077325
298.8116334
299.1234171
301.07756
299.8732234
300.1024394
299.5890832
299.5879407
300.062068
302.7564532
300.8498382
299.4451841
299.0571754
298.6720522
296.9928302
298.7369769
299.8535637
301.4174754
302.3836815
302.1240447
298.8973857
297.5088204
298.0800894
298.2302122
299.863684
300.4359883
301.3082397
300.1204728
302.3577445
302.0337616
300.6343366
298.8913969
299.204437
298.8926594
297.925615
297.6499634
296.7259845
296.9932272
297.8122817
298.3326837
299.6156842
300.8433128
303.6896006
303.5530417
302.7772432
302.0565248
301.8542863
301.0204371
300.484617
300.7420843
299.8934188
301.8465485
302.6801938
301.9126508
301.4036282
301.5375516
302.228712
301.6846114
300.9040782
300.1367091
303.7932151
302.3366226
301.3237181
300.6544047
301.5609289
300.0333439
300.0188808
298.7374253
299.3028786
299.1052561
300.5590048
298.7754479
298.6630228
299.4278755
300.5452541
302.0427565
302.0797546
303.1533014
302.5925563
303.6468566
301.0053868
301.5704568
300.9425257
300.2151916
300.1104493
302.3379212
301.5259628
301.5456134
303.5613358
303.4467726
302.0005848
300.8799426
300.944593
298.6279534
298.6067973
298.6801326
299.5530486
300.3230734
301.8533874
301.6626053
301.4847874
301.2687827
301.3396299
300.4366957
300.4665033
299.6742099
300.2101191
300.9132724
299.9411219
300.4338026
299.4856382
298.653165
302.4773474
303.4628452
302.0035324
301.1367037
302.4386705
301.2957363
301.2103197
301.850057
300.1139431
300.6221064
302.630641
303.9870928
304.1053851
304.7254866
301.105416
300.2061641
299.8931816
299.2923712
299.313623
301.3004271
302.5795831
302.4577099
303.126362
302.192301
301.3705557
300.8715541
300.7348605
300.8859208
299.5336942
301.3392908
301.6446041
302.3305521
300.7941367
299.2300962
298.2451818
299.1217336
298.8106534
300.3396117
301.0083495
301.7694046
302.281221
302.2877492
303.4772145
302.738785
302.1682915
302.6883203
299.3281429
298.5782203
299.6914835
300.9171741
301.8664873
300.7268615
299.8509046
300.2454852
298.9509121
298.7670675
299.0060538
298.415381
298.8621029
299.3182005
300.503984
300.1187196
299.8218977
299.5975367
301.7933676
300.5800903
300.451368
299.5921013
299.4053079
300.7745423
300.6211406
300.4419525
300.1779738
298.8924168
300.3350895
301.3521335
301.905201
301.7812761
301.2534147
301.3767404
302.0609776
300.7766936
301.0105111
302.9844781
300.4620141
299.1955379
298.2082669
300.2562584
302.7367576
301.1389519
299.86533
298.8059614
300.372954
299.9385668
299.7215869
299.516079
299.2282171
299.5161662
297.9295324
299.0326287
297.9222834
300.3255652
302.8276107
302.1836676
300.9892173
301.8819148
303.8777924
302.4111232
300.7436928
300.6956757
301.181602
300.2745784
299.5447216
300.510049
299.6422659
298.7202022
298.2509954
299.2847486
301.2648867
302.8802536
303.202105
303.9004221
303.3572629
301.9449302
302.9993541
303.3257688
303.3559931
302.8167094
298.1781379
298.8743296
299.8353487
300.5915673
300.0387236
301.3898305
302.3756187
300.6418962
300.7082899
300.4004579
302.0998808
302.5963616
301.193968
300.0230748
299.8708381
299.0906737
299.220896
300.0911346
300.2199107
298.2886398
301.0817895
301.7154176
301.2909587
302.3093135
302.5920094
302.254192
301.0357853
301.9253451
303.2476551
302.6728089
301.5759525
301.474366
299.8972223
300.188906
298.9136812
300.6560678
302.0001359
301.9181852
302.7767835
301.4260213
299.2382796
300.2948142
301.6987146
301.9799499
302.616056
301.6985004
300.4823141
299.9052549
298.2887536
300.137532
301.0614904
298.6553369
297.2448371
297.2398827
298.7268726
299.0141043
298.2474929
301.0922584
298.6033601
299.2399894
300.5068681
300.1914634
299.7546995
301.6868186
300.5684686
300.9499884
299.0308012
298.9690638
299.023272
300.524242
298.9311055
299.1800663
300.0819019
298.6015515
300.1642496
299.2587657
300.6827304
301.4771983
301.5374639
301.4933733
300.0177649
300.9494968
301.2966164
299.8991375
300.2912544
300.4617187
300.0115532
300.6906134
300.1025441
298.9295145
300.0984055
300.6195234
299.7471721
299.9953994
298.6191798
299.9964684
301.5731334
298.9373266
299.0264977
299.496656
299.266265
296.8957584
296.9620935
298.5466459
299.3417572
299.5724334
301.8177901
301.468789
300.198929
300.5151576
301.2272955
302.2844694
303.1708214
303.0444286
301.0222895
301.6927976
300.4108408
300.8079874
300.1921616
299.1386609
300.7078769
301.795745
300.7544382
300.566332
301.7890509
303.7862099
302.6096051
303.3012803
300.9918339
302.1058609
301.0024937
300.2611514
300.7952179
300.1916866
301.4281105
300.587406
301.7442391
301.1197958
301.2762387
300.7129225
299.2421825
298.9148928
299.2849808
300.0869431
300.0965382
300.3289193
302.4168158
301.3723872
300.8554071
300.8323496
300.6697348
300.8870472
302.1817752
300.5600908
299.3305925
299.3311682
299.7383023
300.8418688
301.8027235
300.9829239
301.665802
301.4634572
300.2218571
301.6248217
302.2172928
301.4557056
303.8102868
303.0222573
303.5820196
302.5194466
304.2709821
304.4249703
301.2287206
301.3509943
300.7972511
301.2831992
301.3950099
301.2259252
300.3920418
301.7530931
301.0626283
300.3217945
300.036986
300.6790719
301.2960767
299.4933215
299.6428518
301.718535
302.7443726
303.4078808
300.7326813
301.5808563
301.0749924
299.1432529
299.5718694
301.4761285
302.1320201
302.9012794
301.6634164
302.0438241
303.607855
302.3882523
300.9960237
301.76818
302.7875732
302.9349389
304.2034022
304.0580464
303.0185236
300.40249
302.5010205
299.9729292
298.8325853
298.662418
299.7975703
300.7636699
300.7516184
301.2162037
300.3699362
301.6969125
299.8243317
301.3752565
301.8792708
299.8982034
302.2670646
301.5490039
302.3499326
302.5773546
302.21196
301.8653976
299.6746615
300.3738848
301.7219659
302.3805461
303.3256604
301.6642437
299.7453774
300.8011112
300.0525868
300.7881636
301.7714114
300.4924082
300.3981942
299.3811079
301.0526064
302.1876098
301.436679
299.2939382
302.0297368
302.4794424
302.4167668
299.3355221
301.2311265
301.824298
301.4844143
301.4374508
300.7174417
300.105723
299.3788554
301.1049825
299.2255273
300.3939694
298.5173474
298.55675
297.6516326
300.274925
302.0797
301.7185542
301.2201605
300.2277997
301.215908
301.8196222
301.2688193
300.1696115
301.3500808
301.0263089
301.0504278
299.1276425
300.0035588
299.1626224
299.6250965
300.657878
301.3403518
299.7262502
301.4806503
300.0673293
298.243692
299.0345701
299.4342192
299.3532078
298.5937387
299.3708731
301.2392373
300.8555799
300.7612408
301.4360894
300.0651785
300.834426
298.9103143
299.3479068
302.0019651
299.9534667
298.8778769
300.5256388
299.6741439
299.6916892
302.2144855
302.4199002
302.0484172
302.6589665
303.5812182
302.2302704
301.5982236
300.1978223
300.9509105
301.6117905
300.6930531
300.9013884
300.7280059
300.6298518
300.9397932
300.406205
299.6561258
300.2281646
300.9847608
301.3481415
300.0142712
300.4594003
302.9570593
302.3324328
298.9653653
298.8541033
299.3700042
301.9752862
302.3510399
301.3816342
301.5615182
302.4897572
301.0296281
301.3044176
301.6290728
302.8992258
303.0751305
301.9060874
301.986145
300.9451246
301.5528089
301.0343746
300.7067909
301.2466061
301.0961408
300.5819381
301.1214039
299.894117
301.4841605
302.3463648
303.6988564
300.6837076
299.6765964
301.5516579
301.1008964
300.5589872
301.4581702
300.4542631
301.4146135
300.7180357
302.4908579
301.6270581
299.7955664
298.7210541
297.7668938
297.3223386
300.1351288
300.2878986
299.8753005
300.5646779
299.219944
299.4568143
299.9925671
301.6763492
300.9740539
302.7808827
303.6527451
301.5568002
301.1555082
302.4363289
302.0867445
301.1569816
299.7824726
298.7621077
299.8329551
301.869736
303.0954514
302.0461708
301.364523
300.1947809
299.5875622
301.5337386
300.7050932
301.2508288
301.4970897
299.8568559
299.2223327
300.5019748
300.2949154
299.7809834
300.3109709
300.8832418
300.4962485
300.8366354
299.3128847
297.6863885
298.3057209
301.3120616
302.7755247
302.6299071
301.145908
301.1237883
300.9436509
301.3079544
299.8900327
300.6575982
300.0255778
299.556205
300.0075268
300.4780042
300.1087712
301.3135089
301.9941774
300.2502625
299.5812214
299.5293934
298.7604668
300.6722851
302.8686149
301.4334589
303.5145127
302.1592334
301.635827
300.3246259
303.5977019
301.9371319
302.2542493
301.7548147
300.9367903
299.8923591
302.1356283
304.1508096
301.9324896
304.1650261
303.4545283
304.2817973
302.9806071
302.7558965
301.5229249
301.3897131
301.111619
302.1043208
303.0109661
302.6422237
302.5683722
302.494607
301.2888565
301.3104613
303.6225554
301.6392461
298.0478283
299.7217605
301.3919244
302.5174284
303.0421371
303.4414101
301.0339333
301.5514321
300.6980358
302.2976965
300.7448576
300.8517977
301.5246418
302.1841653
301.9335193
300.9805972
301.498082
302.0423894
300.9558455
303.6134026
304.7984908
304.3075966
304.3775369
301.7905493
300.2382455
300.8803842
300.750694
303.3999337
303.669047
303.1465773
302.2084576
300.8224093
301.9251823
303.4012855
299.7796245
300.8906881
301.6602333
300.274692
300.5849294
300.4866647
300.9967471
301.9259281
300.8155356
303.646112
302.7132152
302.6014419
303.6170134
302.9206143
302.5788195
301.1417481
301.0865172
301.0250634
300.694999
299.8883655
300.7452001
300.2617122
301.7923199
300.7294521
299.5686156
300.0319257
299.9313483
300.5593862
301.97567
302.5539404
303.7769105
303.2548808
303.9249861
301.8734216
299.677308
301.9712823
302.8997866
302.5485645
303.7147448
301.3473749
301.7356759
300.6414255
301.7393669
301.4214113
299.042166
301.2602818
300.1903165
300.7521356
300.610144
300.5517694
300.8851947
301.905341
301.7539607
301.1585364
299.5901895
300.0309848
301.7688802
301.9289959
300.8478071
301.9065115
299.6584482
301.2251343
299.6154726
300.1252865
300.1388817
301.6924388
301.373051
302.0062433
301.2313435
301.9450186
303.5767785
302.9664172
302.9618891
301.709832
301.1979575
300.515507
301.4038435
300.8090054
301.8594969
300.8035537
301.5859309
302.1292246
301.2576482
303.6705982
302.4815011
303.1953299
304.3113424
301.7817559
302.3193243
303.6068266
302.0943663
301.6193626
301.405209
304.0113899
303.7138424
302.6799731
301.0230182
300.4564592
300.9618492
302.6757847
299.6184856
300.0236897
301.7497833
301.6165643
302.8555898
301.0840121
300.5349074
303.1527832
301.9122593
300.8753335
302.7259871
301.8918866
301.5147759
301.0800102
299.9034353
302.5129724
302.680271
302.0544918
301.3712667
299.8600459
299.1876029
300.5383995
300.2849804
297.7169896
297.3028937
300.6184014
300.9752786
301.2283398
301.1559134
301.9788309
302.3430303
304.4498938
302.7667068
301.7645706
302.482762
301.3333205
300.9220601
299.5715512
299.0397989
299.0630278
300.9848311
300.7734354
299.8076578
298.5443562
299.2575847
300.8845794
303.3178599
303.295892
302.1330421
299.3800779
300.2598644
300.5948217
300.6138528
301.5635007
302.8587105
302.1927926
301.5990721
301.2541096
302.8256697
302.7138416
303.0097568
302.2245631
302.6416393
303.4309832
302.3129334
302.2656898
300.8692297
302.466714
302.0934961
301.0765043
301.6924922
301.6987574
301.3718946
300.8175464
300.4923584
301.3260376
302.8394658
303.1069048
302.2178595
300.9519692
304.3995902
303.0614342
302.3543686
303.4418978
303.4444649
300.7413958
300.3320933
300.6183298
302.8263038
302.4227847
301.8346788
299.1619118
301.7191659
302.6794489
301.3741067
301.4471575
302.6250351
301.5456938
300.5746624
302.4425942
303.6394783
304.3612311
303.9562301
303.1969261
301.2557635
300.697401
303.0268575
301.9384762
301.9936212
303.8013224
303.8222627
301.8641707
300.3593777
299.0724274
299.5479833
301.0069197
302.1513725
302.6229139
303.7097447
302.0583811
300.9541314
302.2536762
302.6200663
303.8481833
301.7377864
300.8674504
299.1117583
301.0132275
300.6789761
301.5837643
303.1626082
301.7688703
301.1858859
300.6078504
299.4399095
299.7437463
300.7926072
301.601663
302.6933326
302.0407023
300.3735233
299.6804348
300.2524255
301.0992441
300.2821645
300.6605291
300.3168086
298.8925701
300.4928609
301.2177245
301.4961452
302.4187337
302.5119477
302.039507
301.4454566
300.5535714
300.8392901
302.048966
300.1862795
300.8235023
301.4840199
302.5931073
301.7952617
301.8038511
303.4692959
303.6967195
303.0906581
300.6570217
300.9275987
302.0171396
302.585422
302.5972473
301.2170766
300.1800549
299.9402398
301.9471273
302.6271321
303.676405
302.01555
300.9492686
300.8316915
302.0839654
301.8022174
301.3023261
301.0812958
301.7169914
302.1243186
301.0568394
299.574874
299.7390767
301.04422
299.8043236
300.0177075
300.8120408
302.7722787
300.1701278
300.5535132
299.4881491
299.1655006
300.2211296
301.7228666
302.1335025
302.1507076
300.643074
301.5487131
301.1801123
301.5195904
301.7839292
300.4932178
298.8664278
299.382708
299.595855
300.9066368
301.2513313
299.5005776
298.9323005
300.1161395
301.1762471
300.9003661
299.9354346
301.3494575
302.0776816
301.073277
300.9705061
300.7480862
302.2342631
301.6606394
301.0150558
300.5764884
300.419166
303.0844915
303.0400888
302.0900108
301.2798889
300.4269459
302.1043743
300.042425
298.973011
298.6991082
300.6290525
301.835008
302.4962297
300.4073405
301.4881123
301.8985849
303.8059376
302.9511479
301.8814987
301.1217015
302.0007201
300.5545758
299.5319464
299.1428957
300.7382839
301.3807937
299.5937972
299.7549582
300.2004661
300.7789454
301.8461937
302.3985474
301.2784103
302.4572466
302.9576586
303.9974945
301.5385668
301.6602115
301.5167941
299.7238262
301.2323063
302.5322581
303.2413552
301.9497148
301.0939929
301.9473478
300.6414659
300.3182899
301.0753253
302.8441833
302.5595306
303.1711133
301.8766808
302.1205637
302.2942579
300.5319195
302.5408063
301.6299594
302.2766191
303.9411741
302.2065022
302.1079824
301.6267615
301.2671971
301.3661748
299.9997198
300.9119343
302.6146853
302.2657228
301.249367
301.5790433
303.4462977
303.4600496
302.9014131
304.0486557
304.5513871
302.4798724
302.1458526
303.1115661
301.6042966
301.2914117
300.59892
301.5036728
302.0675914
303.4814156
305.1517691
304.6820822
301.9326485
302.954103
302.7301255
302.8908054
302.5417629
301.8983126
299.1586811
300.2468438
302.229421
302.5700883
302.931051
302.6974491
302.6383533
303.0021867
302.1092933
303.4432897
303.5852192
304.8253065
303.0204326
304.0504425
304.934281
303.9907667
301.7027051
300.9769008
300.1449275
300.2492478
302.4722696
302.4247689
300.520298
298.72755
299.1629175
298.6806904
300.4359687
301.3471024
301.3089351
300.1276989
300.1144413
300.2705238
300.7653425
302.853956
302.3899485
301.9068007
303.8682987
303.1709408
301.6863696
300.8073407
300.1641346
299.9025139
301.3188484
302.9058912
301.1773744
302.7817295
302.088416
302.1925845
300.4169021
301.6063525
301.3245178
301.6665137
301.8138964
302.5660702
302.9651673
302.4365765
301.8298974
300.7672668
304.6542545
303.8453028
303.7264806
302.4337808
303.6632329
302.9848513
302.2015246
302.1557236
299.6722066
300.6872078
301.8118591
301.9191456
302.7984624
301.4763815
302.347203
301.4136695
299.524022
299.0630365
300.8669938
302.8155782
300.7405879
301.552842
301.2118284
301.3418601
302.7313477
302.6308597
301.0853305
299.195705
299.7413224
300.8416784
301.3859989
304.5095323
302.5384512
302.0325237
300.982386
300.2381501
300.2920368
301.032621
303.6933413
303.4256826
302.0647308
302.2541512
300.8102186
300.5270283
301.6347907
301.8455351
301.0406263
301.8527788
303.5451544
303.3570885
300.4862076
299.3031584
301.8867819
301.5256492
301.4482002
301.9082164
300.3039231
299.3670257
300.4555858
300.8436994
303.4101123
302.5513307
302.0537879
301.473062
300.1770283
302.2717107
302.8099853
301.0527592
299.690344
298.8204109
298.9109008
298.2214866
299.5426387
300.3497141
300.4102851
301.2119355
302.8421071
303.5545859
304.7841973
304.2612463
303.8035069
302.4650234
301.889422
300.4548114
301.6872502
301.1059243
301.3744259
299.4922986
299.6283993
299.8782539
299.3690062
299.3497094
301.9299431
302.9809277
302.8511041
303.0028921
301.8033417
302.6956417
303.3536778
303.8307543
300.0410292
300.4510304
302.0512137
303.2062904
301.8720045
301.692563
301.3444894
303.7941166
303.4249463
302.0155726
301.0493531
301.5950272
302.5713368
302.5223012
302.1444889
301.8185392
301.8492543
301.0407104
301.3554657
300.2883782
300.0929741
300.6857326
300.1364747
301.1665446
301.4288895
301.1053044
300.225161
302.9099182
303.2900508
301.9796267
301.6471278
300.9521567
299.4876
298.1373128
298.9076755
299.8945937
298.5291352
297.1001099
297.7205962
299.6862388
299.5934408
298.9713823
300.359604
301.2899342
299.8883201
299.7444175
300.5129802
299.8518029
301.2080714
301.5807167
302.1186872
299.4300527
299.5254144
299.6339076
299.5677513
300.4147445
300.7419366
302.2741429
301.0280243
300.9842369
299.2376096
300.6971107
299.5579534
298.9961662
299.7314207
301.0540216
302.8184928
302.4217905
302.4901037
302.2038057
300.4371687
301.0979251
300.2255395
301.8431724
302.1069535
301.1398969
299.7697379
299.2674212
300.6250136
299.7412944
301.1839685
300.1138416
301.1706525
301.6897663
302.0755374
303.066969
300.8969241
300.306651
300.5248266
299.7137592
300.3034109
300.6933703
302.0068384
302.5274218
300.6139814
302.4229221
302.9643689
303.1116905
301.2341177
300.1580581
302.8117633
301.7422238
301.1577058
301.3970722
300.948055
300.1512886
299.4048647
299.9835632
300.6951845
300.2408939
299.1289992
299.5356935
300.3694786
301.159008
301.4907655
301.5925337
300.2794812
300.2870333
302.8767381
303.4894781
300.5307293
300.6869228
302.3477935
301.4827369
301.0465817
301.9409111
303.9706691
302.6363595
302.046934
303.3456895
301.3410339
300.8103766
299.878205
298.5907162
298.3349719
299.7777776
300.7554656
302.1926136
301.7872301
299.7448733
300.9976939
300.943473
301.8947109
301.9545764
301.1562837
300.0333033
301.5642695
301.2502978
301.0651214
301.6214908
301.9938139
301.3791196
301.5125833
303.0686619
301.4883939
301.6303071
301.9943979
299.7766454
300.4842123
301.2864727
305.6253495
307.1960365
306.8582518
304.9991823
304.2643278
305.1653764
304.7964804
304.2694602
304.0635922
303.4363853
303.1841214
302.8752545
302.2331567
300.5590739
301.3400947
299.9819501
300.0909044
301.2890041
300.5408712
301.5986812
302.8131687
300.9998237
300.5469015
302.208718
302.0660938
301.9133355
300.4352285
299.9552645
299.4711917
298.4590296
300.1004024
301.5364631
301.0839203
300.406259
301.4249093
299.958336
300.9997627
300.9192345
302.3421386
302.3671157
301.325828
302.268176
302.2827151
302.8941883
302.8833083
304.2297248
302.7726915
301.2564148
300.5467695
300.7103633
300.4136577
300.3940241
300.6044345
300.1420881
300.6099535
300.8278716
300.4923203
301.5596047
301.3676516
303.4186436
301.14863
302.3263267
302.7304803
301.6598811
303.5046561
302.4255071
301.4621155
301.8694904
302.5226354
301.1010712
300.5991272
302.4852166
301.1528331
301.1995551
300.3090272
300.0838794
300.9749427
301.2547432
301.4533703
302.7576103
301.1544561
301.2668913
302.8003763
301.634584
301.0894746
301.6668535
301.0448606
301.8474976
303.2954217
302.459082
301.6030953
299.0187537
298.9705443
299.6333026
301.1817333
302.5554592
304.3036311
301.402478
301.1129112
298.9227387
300.4406613
301.1693504
300.6966069
301.0537145
301.6442928
301.3081877
302.4118694
302.5404236
300.6608077
300.9990954
302.8961095
304.161803
302.3943041
302.6426074
302.5131701
300.3875852
299.5152321
301.3477629
299.8122798
300.0674285
300.8340062
301.6578037
302.3950954
302.2738773
302.0826747
301.2489283
300.2085888
299.4277473
300.1077366
300.0667514
298.8568316
301.7024274
300.4560557
300.5233274
301.135527
300.5590188
299.5716767
297.9800136
297.9889456
299.4495505
300.7274065
299.9421318
301.4985968
301.8472704
303.8471033
303.632667
302.958926
300.6922404
300.1328349
300.7632758
301.1617425
301.008767
302.7515961
301.8710405
300.5989888
300.6038667
301.897521
300.516209
299.8515444
299.3795759
302.3997695
301.5133533
301.6851392
301.5678027
301.7583665
301.5829342
301.3574096
301.6364536
303.160161
303.2212203
303.3453756
301.6480746
301.1180581
301.0466226
301.5537414
300.1622685
301.9926094
301.9914974
301.5263554
302.2817613
301.1806919
302.3464841
303.7693433
301.8792854
300.7752556
303.2636119
304.7932009
302.3810996
302.0590923
301.9113014
302.4471449
302.2320613
301.2247655
299.8423507
300.2048232
300.3292897
300.1449091
300.1869871
301.038101
300.3224403
301.870432
301.4373778
300.9026849
300.3960442
301.9552381
301.664456
299.3493749
300.1936217
300.5371571
299.7643237
301.0219937
301.2497823
301.5357603
300.9910438
299.8683247
299.6625895
301.897046
302.3317083
302.6937215
302.5077523
302.7582066
301.6217088
301.4301299
300.1217834
299.3386097
299.5979076
300.4006609
298.8085991
300.8807175
302.1917395
299.7645198
299.8794247
302.2242039
302.5794146
303.0970512
301.1551932
300.2861269
300.6611166
300.5465848
301.0995193
302.252983
303.2402156
300.2213153
300.872427
300.6163497
300.4929238
299.453602
298.6117132
297.7021155
297.5075227
297.814117
298.7870118
299.9550695
299.5410062
300.2595993
301.1457708
301.2925319
301.8212989
301.0319504
301.0391146
301.944889
300.6403266
300.9472538
300.4855537
299.8855069
299.7331257
302.1491244
301.8716982
300.5380707
300.675161
299.1495722
297.7330437
298.9014701
301.344664
302.7515876
301.7953935
301.6922015
301.8977095
302.6672293
302.2391188
299.9863994
300.9629083
301.0763865
299.5810534
301.9396775
302.6376034
300.5570895
301.0272477
300.9818845
300.2765732
301.0999461
301.6977954
302.5731263
300.1733302
298.7563486
298.6614908
300.0617863
300.4625149
299.8884169
300.1055257
301.8879487
302.599582
301.5717655
302.9950591
303.0838759
302.4324123
301.9748066
302.3126968
301.8036959
303.24291
304.2041871
303.9511122
304.331578
304.3754189
304.6915043
302.7867579
301.3730028
300.3444887
300.6212475
300.5756036
301.631943
301.3044804
302.7214901
301.7167803
302.5653724
301.6057319
301.1533299
302.1823299
302.2866502
301.4249042
302.4331433
302.5605418
302.9900075
302.2946418
302.095194
302.7506769
303.3219423
302.0251883
302.0510411
303.0291961
302.0072479
302.5815516
303.0810473
302.5802919
302.9866523
303.5686302
303.5654915
303.3879172
300.8614192
299.837845
301.3164462
303.7443009
305.2244133
305.2657773
303.6726782
302.8850133
303.2802832
302.7164625
302.8735208
301.2360826
300.6029075
302.3016527
302.0103094
300.9475277
301.8617868
301.2039592
300.5717679
301.6818612
301.515214
302.4672204
301.6555792
300.7178613
299.9583654
302.4850335
302.1859115
302.3381562
300.3638047
299.6214094
300.162484
299.9939764
301.0025207
301.9955985
303.7016957
303.6681973
301.409618
301.2457286
301.5182144
300.4352896
300.0384937
300.4462586
302.2876117
303.8560003
302.5261432
300.8203004
300.5030189
300.7205735
302.3826786
301.5666527
302.8623039
300.4378087
300.0926423
299.8391843
299.9140061
301.6042329
301.0130976
301.1185682
300.5934234
301.6363762
300.8876781
301.2802904
301.0972863
300.6661785
302.0732889
302.18024
302.174729
302.5444831
302.2273357
303.2669646
302.1710036
301.1731883
302.00597
301.5301046
301.1843868
301.2535114
302.552694
302.0374591
299.6556877
300.3006625
298.783454
301.6226778
300.3356171
301.9067883
302.8902083
300.2156889
299.1286674
300.126046
301.5868686
300.1503568
299.4037689
300.3823686
299.6564345
299.9334221
298.9353825
300.8374642
301.0961548
300.3437608
301.5403276
302.7897423
301.2391177
300.663504
299.1910012
299.0411286
300.2227066
301.2600188
301.2753836
300.9741364
301.5687906
302.6887847
301.3697461
299.1257419
300.2297326
301.117593
302.0566591
300.802514
299.3644151
298.4482428
298.9442823
298.5737606
299.6111889
299.6318027
300.786745
300.8532599
301.2156821
301.5963873
302.7222364
301.8669547
301.4343833
301.3878631
302.4770462
301.0652872
298.7822632
298.0143107
299.4586132
299.9825803
299.1823389
299.5498652
300.1567083
300.0250559
300.3361441
301.0574419
303.2699559
302.373407
300.5814792
300.2301892
298.7000101
297.2135796
299.6032878
299.9309139
300.371306
299.5160281
301.6748843
301.7718872
299.9370974
301.0776047
302.7273672
303.1990125
302.9447465
304.3803978
303.0449221
301.4611177
301.9617827
303.7502263
303.040484
302.4466228
302.3724259
301.9536234
301.8942239
302.3290649
302.8806985
301.7370695
300.1483094
299.9675694
299.0224861
302.1160234
301.8301176
301.182107
301.7931093
302.0665523
301.0541809
301.4820549
301.3225109
301.4629521
302.2811689
301.9935336
301.233169
302.1353895
303.5792516
302.8352083
303.1795721
300.4405902
299.3322714
299.3021082
296.7695433
296.1049321
297.1061424
297.2102466
297.8170708
298.4099645
298.7250589
300.7656302
301.6030944
300.8528514
300.7001106
300.6781218
300.9025875
301.3646142
299.5790048
299.841322
300.0362851
300.1264564
297.800678
298.727148
300.4216427
301.7325675
302.0657531
299.2005474
299.9690538
299.5211653
300.875375
299.2502672
299.9196219
301.3758982
300.9780232
301.5078841
301.9426696
302.6045235
300.4513048
300.3878451
300.5757995
298.9563634
298.9779909
298.4448434
297.6436616
299.243917
299.6839888
299.5500268
298.7338088
299.8517098
298.9131668
300.0131763
299.0053591
297.8928961
298.0422488
298.6696907
297.9317106
297.9654147
299.7091477
300.6127401
299.3785542
298.6726852
298.9019383
298.8965507
298.2503659
299.8241135
299.6050712
302.5559074
304.1701361
302.3501054
300.6030513
302.2699353
301.6374368
300.4617065
301.091363
301.1634464
302.6804077
303.9739956
303.9399848
302.7642369
302.0359239
301.1658203
301.1077058
301.7345702
298.7561416
297.9682834
299.9817373
300.5078321
302.0615601
301.1773201
301.6063167
302.598091
302.5821788
302.8742782
303.0161669
300.8611288
300.8166214
300.4827985
300.0221506
299.7062121
300.0441562
300.2816335
300.7371443
300.1925123
299.9520425
300.0673726
298.4965982
300.9725832
300.9350646
301.5850571
303.5528211
302.7080613
301.8994395
299.7264621
298.5247557
299.7927307
301.1808783
302.0288118
301.1631446
302.3185914
302.0108839
302.4475819
299.9106587
299.3003969
298.8100277
301.693416
302.7622513
303.6545158
302.8957855
301.8437903
303.0931323
301.1674894
300.7727904
301.7960338
301.985587
302.8754687
302.2561544
303.57586
302.5838942
301.6281408
302.4009423
301.1922517
304.0586926
301.45113
301.6103693
301.9055136
300.7218971
300.5962545
300.51808
300.2447441
301.2111102
302.9765235
301.7389804
300.9548526
300.0699438
300.4634998
299.9934366
300.5615867
301.7279429
302.693621
301.5795046
303.0078484
299.8500395
300.946848
299.0919564
296.9171142
298.4953232
297.36059
298.7991776
301.4322896
299.7758352
299.7032647
300.4164479
301.3872587
301.078439
301.482661
301.5126372
302.6432354
303.0509988
301.7059213
302.2402983
301.4375762
298.4740831
298.0479258
300.9660619
300.023579
299.261163
299.3172216
299.5041632
299.5647369
301.3437742
301.0246784
303.0000427
302.0437634
300.3974065
300.2979521
301.6850335
301.4620641
300.321363
299.7092637
299.5375144
298.92437
301.5518416
300.2781727
300.5878874
299.7331066
297.9845184
298.5442527
299.2273721
299.8813276
300.8185574
299.0762816
300.1056345
300.2019222
299.0799698
299.6750051
299.9170866
298.9034939
298.9582614
301.0753163
302.5219658
302.2712817
302.5924569
302.7333394
302.839606
300.6597123
300.7726153
301.1872471
302.5551742
301.3170994
300.8388856
301.110698
302.828153
302.8522269
301.9902869
303.2324904
301.5107044
299.9548746
299.9361453
299.3268503
300.0918641
301.8095017
301.9016773
302.5505757
301.9686706
301.6564982
302.864575
303.6387691
302.0386948
303.0209123
302.3595024
300.9293157
300.0652816
300.5165464
300.4816451
299.37969
302.3659319
301.7435116
300.9898082
301.1171292
300.6757294
301.6006804
301.5678956
300.5934488
299.0540757
300.7363538
301.0098019
301.4713162
302.0428827
301.7585959
299.7231928
299.1277518
300.2075517
300.3007057
299.8758874
300.1193346
300.274171
302.6915924
302.8740824
301.5798835
303.4212945
303.6027545
301.5432864
300.6665451
300.6108505
300.8281706
301.2148502
301.1876679
299.2441229
299.9155141
301.3063879
303.4252528
304.3385831
302.5701485
302.953969
303.4015904
303.7690758
304.5335748
302.9457325
301.5480466
300.5192703
300.2561867
300.1193767
300.4513146
301.1280404
298.9698945
298.1256005
300.7039114
302.3574134
300.6410863
301.0442802
299.7442706
300.5630818
301.4487202
300.07206
300.7462204
301.3960112
302.2595556
301.962851
299.7187878
301.0279836
302.3235709
301.6768158
301.5785507
300.5755728
299.9221023
299.3710308
298.7243756
300.2855247
300.2751985
301.7031585
300.9086326
300.4647084
300.359952
301.0588686
300.3880687
302.3238686
301.0098239
300.7232858
299.6792766
300.1787926
300.7434694
301.9916754
300.541484
301.028052
301.1372911
299.2987082
298.2856078
296.5060765
297.2243802
297.3777933
298.4143551
300.1229619
300.7327223
300.1765969
299.0885274
298.509612
299.0994438
299.041692
299.2270474
298.846514
300.2601386
300.9060741
301.1136911
302.147843
301.0374841
300.111641
299.3667296
300.267519
299.4964512
300.269853
299.3127892
300.5902144
301.1574623
301.0396
299.9986416
298.7232069
299.7026893
300.7224898
300.8513126
298.8497132
300.4846394
300.9232618
301.3187555
302.3681468
300.4959944
300.2457023
300.8968575
299.8393313
301.2440698
300.7844223
301.937426
300.7453334
301.5143164
301.6004036
300.5839814
298.8630808
298.9898812
298.3102338
297.9335015
298.7277534
300.3775499
298.8052904
298.8022958
300.2273524
300.8960603
301.0216022
301.3895062
302.8359361
302.0996279
303.0715573
303.408261
302.1866097
300.7437875
298.7195792
299.9977864
300.4048211
300.7567591
302.2932177
302.4026669
300.3618702
299.3978663
300.3150436
301.2294183
304.6271939
302.6362287
302.088463
300.1737581
299.7122451
299.3671818
300.1929562
299.5762883
300.8864554
301.1480229
301.1849276
299.3634151
297.9180864
298.7866491
299.3196659
299.935602
299.6869071
300.0021968
299.5905255
301.2756256
300.082779
298.9293842
298.7861376
299.563512
299.0831953
300.1227743
299.3483042
300.2962379
299.2917657
298.9741822
298.5300394
299.9315266
301.5420502
302.200877
301.7062617
300.157604
300.5044056
300.6705844
301.0912408
300.3514821
298.6706954
299.6599973
299.9274745
298.2366623
300.4197394
300.0215823
301.002122
300.6971259
300.7458246
301.8623322
302.5699336
304.0066489
303.0046009
301.3429558
301.8294633
301.1707231
301.3609635
300.9820943
303.6078448
303.3221209
301.9414729
300.2505865
299.5553448
300.3808666
301.044721
301.3776526
300.3844206
299.1239587
299.3187916
297.55432
299.2277209
299.2870045
299.3714132
300.5778651
301.7307639
301.8344635
301.866723
302.90708
301.8285781
300.2283832
300.5321093
299.936933
302.568912
302.9281215
301.6268644
300.796041
300.8455113
301.8682996
299.7300362
300.6063733
300.1498928
301.8729116
299.9434133
302.7686335
302.1144733
301.4868912
301.0369629
300.1204125
299.8868472
299.3500429
300.5652358
300.4109666
301.3646276
300.9480195
301.5141584
301.1748345
301.5882917
301.8592739
301.3773314
301.0852347
299.0217344
299.864065
299.358494
300.049841
299.1574186
300.4859974
301.742816
299.8111186
299.7049158
299.1807289
300.106435
301.8117476
303.194971
302.1755341
299.8814824
301.4132265
302.0487914
303.31444
301.7300632
301.9436444
302.99307
301.4929503
301.4944315
300.3577886
299.9493787
302.2979207
302.1965775
301.1980093
303.9826804
304.0546272
303.2197041
302.2362706
301.1333317
301.3176598
301.4898479
300.7009524
301.812636
305.1715671
305.0715825
302.8954062
301.8614947
301.7896738
300.6122519
301.5427914
300.8475998
299.1784104
301.5373073
303.2199825
302.7957894
302.351353
303.1743005
301.8570848
301.9636124
300.8103809
301.0890858
301.1731192
301.565466
302.0471013
301.4511801
300.2673005
302.2524541
302.4055506
302.0723118
301.0214532
299.4944301
300.7444092
298.9381906
300.4452245
298.9444315
300.1290622
300.2278118
300.2330796
300.2445902
299.8341866
300.0553861
301.2811968
302.4493893
302.5718982
302.7319817
303.281743
302.5037758
302.6290146
300.9953932
301.1019537
300.4028213
301.3737138
301.2906733
299.7346838
300.9587411
299.9782793
301.4584165
299.7776457
300.068812
300.5412264
300.9509742
300.9571297
303.0838459
302.6245462
300.3667612
302.0684757
302.3595958
301.6905719
299.492082
298.9659833
299.676865
300.5816994
301.9739385
302.1568678
301.5723713
301.1683502
299.8130575
302.5388954
302.800161
300.14826
299.5025471
299.5424009
300.4503188
300.2514143
300.0094588
298.8868982
298.5900217
298.7931176
298.6377804
299.7434731
300.7533904
300.5155797
301.2099297
301.5264239
298.8845557
299.2974034
299.819026
298.7223247
298.7541941
300.0218933
301.5026913
300.920712
299.5067468
299.8932311
298.0523029
299.3963811
299.3580716
299.134992
299.2231637
299.7438382
299.9527169
299.239601
299.4903066
299.6143536
301.4159415
302.2955182
300.64117
299.6473644
299.5712201
299.9786227
297.2819453
297.2804683
296.7597781
298.1107976
298.4459906
298.4311461
299.7314709
300.4523744
299.2344989
299.7756923
299.0626791
299.0678074
298.5374408
298.9471761
300.3916944
299.2565336
299.6939327
300.6815543
300.5451729
299.5535011
299.4004215
298.7726819
301.1678262
300.6077026
300.301738
302.2864788
301.5856406
299.8952457
300.96022
297.626052
299.4144488
298.4361372
300.2747527
300.6036127
300.8818212
301.0086854
301.665674
301.1805877
302.054418
302.5617761
302.9826656
301.8125209
300.5509159
300.9519338
299.4196208
297.0893235
299.4261214
300.6681963
299.0960956
299.9810521
299.967182
299.8481898
298.4548485
299.6175126
301.7489953
303.4066753
301.7944513
303.1661294
301.764829
300.1011561
300.3471506
302.1645406
301.051346
300.2916467
300.1878729
302.3045204
300.3221298
298.8059366
298.7653109
300.041817
300.831053
301.3534986
301.3726216
301.3453259
303.4462393
301.8123712
301.205255
301.6027287
302.9653958
301.1466633
302.8451257
302.2411394
302.7065168
302.5064041
301.7581622
302.336836
300.3760264
300.5363035
300.1061754
300.2544699
299.4627208
300.6220477
301.6686164
302.7431394
299.8895964
300.0668037
301.2339536
300.0236127
300.3499063
300.6559088
300.4264491
298.6891469
298.4873981
300.2991381
299.6964791
300.6681543
300.6449243
301.0077536
302.854515
303.253716
303.3560926
302.6963778
300.9933756
300.6216919
300.1051969
298.5700759
299.5108179
302.1369047
300.6943691
299.9729262
298.6835714
298.7914162
300.3096856
299.7413377
300.0469982
299.4001903
299.4859329
299.3291906
301.7422605
302.929041
299.613182
298.4770512
298.4250514
299.9909146
299.3216918
300.4871123
301.2231236
300.5841126
299.2310563
300.5832904
299.9708664
300.5605548
299.5727536
299.6735758
300.8277907
301.223734
301.4534547
300.9180413
300.1849578
299.5676211
299.8736255
300.7738272
299.6599561
299.1706959
)
;

boundaryField
{
    xPeriodic_half0
    {
        type            cyclic;
    }
    xPeriodic_half1
    {
        type            cyclic;
    }
    yPeriodic_half0
    {
        type            cyclic;
    }
    yPeriodic_half1
    {
        type            cyclic;
    }
    zPeriodic_half0
    {
        type            cyclic;
    }
    zPeriodic_half1
    {
        type            cyclic;
    }
}


// ************************************************************************* //
