/*--------------------------------*- C++ -*----------------------------------*\
| =========                 |                                                 |
| \\      /  F ield         | OpenFOAM: The Open Source CFD Toolbox           |
|  \\    /   O peration     | Version:  v1706                                 |
|   \\  /    A nd           | Web:      www.OpenFOAM.com                      |
|    \\/     M anipulation  |                                                 |
\*---------------------------------------------------------------------------*/
FoamFile
{
    version     2.0;
    format      ascii;
    class       volScalarField;
    location    "0.02";
    object      variableHardSphereMeanFreePath_mixture;
}
// * * * * * * * * * * * * * * * * * * * * * * * * * * * * * * * * * * * * * //

dimensions      [0 1 0 0 0 0 0];


internalField   nonuniform List<scalar> 
5120
(
0.01331599784
0.01333390536
0.01333484619
0.01330915538
0.01329197492
0.01328270673
0.01332166614
0.01334948233
0.01337616996
0.01340087719
0.01342393169
0.01342151785
0.01339384233
0.01338631841
0.01337416307
0.01337467527
0.01340179706
0.01335237231
0.0133413661
0.01333444676
0.01339484715
0.0133907345
0.01335680295
0.01335023946
0.01339060075
0.01342009855
0.01339361147
0.01340607657
0.01337465094
0.01339691651
0.01334410228
0.01335655319
0.01338785232
0.01337832558
0.01339007678
0.01334907831
0.01337809149
0.01336209693
0.01339271103
0.01337119135
0.01341093861
0.01342039224
0.01342383416
0.01341991005
0.01336095595
0.01336135375
0.01339132428
0.01338220048
0.01336853827
0.01336810803
0.01337880585
0.01336257281
0.01334928877
0.01334028995
0.01331063363
0.01334972978
0.01334943708
0.01338743682
0.01337975096
0.01339429184
0.0134098656
0.01338409217
0.01337281143
0.01336903779
0.01335617097
0.01335275017
0.01335712512
0.01337789096
0.01338294292
0.01341212651
0.013373167
0.01337762483
0.01337847841
0.01343061906
0.01343851229
0.01344524465
0.01344384022
0.01339059838
0.01338704121
0.01340512269
0.01340910038
0.01342461039
0.01339199256
0.0134125062
0.01342201478
0.01343829661
0.01344674852
0.01343874505
0.01344914138
0.01345052546
0.01344291521
0.01338618313
0.01340241202
0.01338832178
0.01338776161
0.01340694862
0.01341265454
0.01341102221
0.01340620235
0.01340732574
0.01341525437
0.01340471793
0.01341247892
0.01345067944
0.01340281215
0.01341606322
0.01346537645
0.01346996857
0.01346285943
0.01342539401
0.0134156106
0.01339795247
0.01340626115
0.01336554216
0.01341059371
0.01340259676
0.01340627525
0.01340431635
0.01344052183
0.01341441479
0.0134655352
0.01346201691
0.01343838076
0.01338736881
0.0134166559
0.01341324824
0.01341132104
0.01341693764
0.01342619284
0.01344307366
0.01346564517
0.01341168039
0.01340707348
0.01340783316
0.01341674822
0.01341534322
0.01342491869
0.01342375784
0.01342807948
0.0134820664
0.01344158831
0.01345437608
0.01348794169
0.01349142198
0.01347225412
0.01347431821
0.01347155979
0.01346913933
0.01347336821
0.01346048468
0.01346934925
0.0135047555
0.0134877906
0.01342990652
0.0134201815
0.01341246068
0.01340748974
0.01340292314
0.01343358958
0.01340744292
0.01341792399
0.01343644802
0.01342015595
0.0134293644
0.01343211225
0.01340971648
0.01341562589
0.01343707287
0.01340497845
0.01341453462
0.01340180193
0.01338959284
0.01338741391
0.01339671985
0.01339352972
0.01339965478
0.01336212187
0.01337340714
0.01339449863
0.01338863331
0.01340268782
0.01337174363
0.01338464525
0.01344080119
0.01342329302
0.01342744091
0.01341245326
0.01339384719
0.01339260698
0.01346112391
0.0134767718
0.01345477583
0.01343450338
0.0134188617
0.01339965324
0.01344091618
0.01344047349
0.0134515054
0.01341203431
0.01340078736
0.01334846661
0.01334133369
0.01334798559
0.01335326908
0.01339081413
0.01340475131
0.01344134107
0.01342266665
0.01342249791
0.01341343036
0.01338347131
0.01334256428
0.01335720494
0.01336734827
0.01339664665
0.01338987095
0.01335923043
0.01336976661
0.01337015772
0.01336998944
0.01344513948
0.01347718727
0.01343005313
0.01343185752
0.01340573382
0.01338664555
0.01335989062
0.01338087377
0.01338243864
0.0134060208
0.01339468715
0.01340830904
0.01341365224
0.01338223962
0.01337961238
0.01340534319
0.01340932211
0.01341962778
0.01344354488
0.01344620617
0.01335881864
0.01336992997
0.01337261459
0.01339714205
0.01341841154
0.01342597119
0.01342943061
0.0134518235
0.01343507259
0.01343472028
0.01343127661
0.01339784364
0.0134079215
0.01339797502
0.01336725929
0.01338631239
0.01337055596
0.01337598607
0.0133427539
0.01333945277
0.01335747412
0.01339232197
0.01338678395
0.01337393296
0.01337917531
0.01340188419
0.01339346534
0.01336774656
0.01337898399
0.01335915148
0.01332660655
0.01333285053
0.01330045972
0.01332391934
0.01332436857
0.01334540823
0.01336811384
0.01337272908
0.01338001248
0.01341628975
0.01341028352
0.01344008167
0.01346386891
0.01345061428
0.01344367051
0.01345761944
0.01345746155
0.01345605397
0.01339367014
0.01338844077
0.01333936176
0.01338090077
0.01336744754
0.01339230496
0.01341249354
0.01348528709
0.01345401266
0.01341003182
0.01337705852
0.0133688108
0.01337631851
0.01335734455
0.01338561777
0.01338865752
0.0134181108
0.01338772391
0.01336436949
0.01334025411
0.01334316501
0.01336008255
0.01341372827
0.01340189784
0.01341622202
0.01342147312
0.01341348356
0.01336806151
0.01335667922
0.01335057243
0.01336446247
0.01337430669
0.01341494726
0.01338945583
0.01339664949
0.01338211633
0.01334441746
0.01333679493
0.01335887356
0.01338002444
0.01337446633
0.01333466422
0.01331641581
0.01337150216
0.01341633516
0.0134115271
0.01338327117
0.01339519326
0.01340270139
0.01340511773
0.01342727769
0.0134391672
0.01334138127
0.01333871543
0.01333873475
0.01337126393
0.01339535858
0.01335658092
0.01340257385
0.01337225156
0.01340631879
0.01340301827
0.01340409365
0.01338108132
0.01335159451
0.01335792218
0.01338048831
0.01337244716
0.01338433345
0.01339911281
0.01337738874
0.01336780797
0.01336687215
0.01335639058
0.01338687592
0.01338197839
0.01339654741
0.01341741773
0.01338502844
0.01337572761
0.01337770821
0.01337516012
0.0133896746
0.0133966151
0.01337805348
0.01340008722
0.01338841256
0.01337880284
0.01334561529
0.01334150962
0.01337150602
0.01335951262
0.01344257493
0.01343801513
0.01342993446
0.0134229529
0.01345109201
0.01338911686
0.01340005346
0.01339112971
0.01341821678
0.01341349746
0.01342921254
0.01344588897
0.01342444108
0.01341130226
0.0134350339
0.01343108077
0.01340600717
0.01345003281
0.01344139673
0.01344329341
0.01336247379
0.01336421115
0.01337071343
0.01338041221
0.01338068464
0.01333532266
0.01334168731
0.01332609869
0.01335145843
0.01336147638
0.01338857711
0.01338515949
0.01340459449
0.01340717583
0.01345047425
0.01343831246
0.01346058528
0.01345774764
0.01341914485
0.01338225504
0.01339590707
0.01339450399
0.01339997752
0.01338920699
0.01337851284
0.01336627547
0.01335016732
0.0133174613
0.01332518998
0.01335722919
0.01334495027
0.01339547449
0.01338854071
0.01336254814
0.01338297638
0.01338851764
0.01335821107
0.01338689329
0.01336640099
0.0133814686
0.01335826984
0.01336682796
0.01333262384
0.01335842366
0.0133505397
0.01333667864
0.01334407353
0.01335761909
0.01333765701
0.01334358846
0.01334790453
0.01338126007
0.01339019421
0.01340200008
0.01338718066
0.01338785381
0.01341191309
0.01340955393
0.01338268033
0.01338049009
0.01331063146
0.01332461734
0.01330168232
0.01330815069
0.01332860129
0.01333875924
0.01333895874
0.0133792422
0.01340496669
0.0133894778
0.01337649949
0.0133967972
0.01337693659
0.01339173678
0.01338946948
0.01336599616
0.01339145636
0.01337959237
0.01338556425
0.01333720547
0.01337611814
0.0133601429
0.01337535245
0.01336943867
0.01341407021
0.01340894812
0.01340132
0.013387441
0.01342060485
0.01339831185
0.01341712344
0.01338939778
0.01337513657
0.01338377155
0.01334350475
0.01333971735
0.01334093666
0.01333509318
0.01333931836
0.01337004565
0.01348382508
0.01348008484
0.01347667451
0.01346124474
0.0134205098
0.01341272852
0.01339691193
0.01340178406
0.01340515263
0.0134174284
0.01339313431
0.01340455221
0.01341393089
0.01344994636
0.01349779768
0.01349618655
0.01346603814
0.01347125498
0.01344713803
0.01345585694
0.01340216261
0.01340430953
0.01338170516
0.01335535971
0.01336586046
0.01337077591
0.01340242968
0.01338333839
0.01340300089
0.01340952596
0.01346012901
0.01349703114
0.01348055577
0.01345997676
0.01343171245
0.01343297747
0.01342198956
0.013401135
0.01340298207
0.01338815191
0.01335939305
0.01337307716
0.01335464295
0.01336543338
0.01338695521
0.01336140358
0.01334237918
0.01333647788
0.01335970962
0.01335109487
0.0133727397
0.013360397
0.01339877986
0.01342065057
0.01341534198
0.01340615528
0.0133931368
0.01339213443
0.01337388685
0.01337656819
0.01337170655
0.01336407284
0.01333022565
0.01334333263
0.01334965138
0.01336521201
0.01339423203
0.01336695264
0.01336542912
0.01334140584
0.0133752994
0.01335271167
0.01336489944
0.01336483984
0.01336984748
0.01340026173
0.01341481826
0.01339932869
0.01340244181
0.01339384939
0.01342202437
0.01338888065
0.01340103783
0.01339620563
0.01336647017
0.01338841245
0.01338741576
0.01338400485
0.01339889289
0.01338645656
0.01337960101
0.01338293598
0.01340278844
0.01340503388
0.01338699667
0.01339627012
0.01337908243
0.01340552113
0.01343501179
0.01339740485
0.01337753534
0.0133655651
0.01332990844
0.01334426876
0.01332746475
0.01332398031
0.01334515903
0.013362424
0.01339077897
0.01341244061
0.01342109551
0.01337760363
0.01333431358
0.0133851966
0.01341112691
0.01337462635
0.01339822932
0.01336543905
0.01337671356
0.01341313197
0.01331840078
0.01334095395
0.01335933623
0.01337335865
0.01336826643
0.01337052767
0.01338763195
0.0133343896
0.0133483726
0.01337936706
0.01337793008
0.01337709772
0.01338373703
0.01335261859
0.01334954607
0.01338064893
0.01336110764
0.0133640884
0.01331623268
0.01330001797
0.01339611867
0.01340355308
0.01338744169
0.01341550012
0.01338057375
0.01335325815
0.01334163133
0.01336147244
0.01338524661
0.01336512797
0.01336024066
0.01337269332
0.01334766594
0.01334775939
0.01337030297
0.01342212732
0.01344196632
0.01341795935
0.01341097799
0.01340741902
0.0134302071
0.01342966897
0.01345094503
0.01344196702
0.01344300903
0.01347707861
0.01347173561
0.01348006535
0.01347067639
0.01343890653
0.01341665225
0.01338419341
0.01340589533
0.01339599642
0.01339514831
0.01337926542
0.01339411104
0.0133556983
0.01339534107
0.01339165784
0.01339042144
0.01337850121
0.01336373202
0.01333407379
0.01334898352
0.01337362028
0.013375892
0.01343206147
0.01344658749
0.01345770404
0.01347224799
0.01347177822
0.01348267203
0.01343275992
0.0134764767
0.01343973394
0.01341904466
0.01341718578
0.0133871272
0.01338395584
0.01345217186
0.01344324989
0.01345100939
0.01345411529
0.01341187209
0.01339581389
0.01340187854
0.01339977221
0.01341819084
0.01341327559
0.01338826142
0.01341685766
0.013442147
0.01339310145
0.01338245024
0.01340577463
0.0134167723
0.01340015291
0.01342508487
0.0134350315
0.01340802521
0.01338879569
0.01340231644
0.0134148479
0.01341425349
0.01339908073
0.01341616727
0.01341667427
0.01337850982
0.01332530507
0.01333046776
0.01335300511
0.01337167766
0.01337628913
0.01341321907
0.01342484052
0.01341163106
0.01342141386
0.01341880654
0.0133847929
0.01341039483
0.01338417035
0.01336094384
0.01337611762
0.01337212321
0.01338206596
0.01339261852
0.0134208415
0.01343612792
0.01345766224
0.0134495423
0.01341277314
0.01341553819
0.01341133991
0.01340711859
0.01339454094
0.01340460822
0.01337971354
0.01340450189
0.01342743161
0.01345046266
0.01345636008
0.01348325142
0.01344789413
0.01339738686
0.01340837922
0.01340612933
0.01336895109
0.01334025904
0.01331656936
0.01333438965
0.0133606274
0.01339728547
0.01342279539
0.01344001748
0.01342710193
0.01341450376
0.01341694415
0.01343152383
0.01343974804
0.01343301757
0.01340449279
0.01339063391
0.0133889937
0.01340862527
0.0134107786
0.01335803965
0.01336582157
0.01338512734
0.01338047942
0.01336205434
0.01337044319
0.0133745337
0.01342052627
0.0134068971
0.0134230203
0.01343074257
0.01345578392
0.01344985727
0.01345459224
0.01335518931
0.01337938447
0.01339207374
0.01339046439
0.01338472634
0.01338252402
0.01338012445
0.01338038715
0.01336406562
0.01334703117
0.0133359257
0.01332643805
0.01333053961
0.01331919723
0.01335371509
0.01335008234
0.01335571495
0.01335578363
0.01335278255
0.01334998296
0.01343311516
0.01345047828
0.01341747
0.01342064733
0.01342059562
0.01343508932
0.01344379894
0.01345696693
0.01344555133
0.01341904977
0.01339726931
0.01340999322
0.01340479461
0.0133766567
0.01335964833
0.01336659294
0.01336457302
0.01339051802
0.01340076716
0.01343786764
0.01340311697
0.01336398518
0.01339118637
0.01341828479
0.01340261757
0.0133734067
0.01334463282
0.01334537852
0.01334523187
0.01336507667
0.01335515109
0.01337983477
0.01337008817
0.01338619832
0.01339186151
0.01337828295
0.01337856897
0.0133863656
0.01339155619
0.01337567391
0.0133765988
0.01336094766
0.01336048193
0.01333514468
0.01332914087
0.01339761574
0.01340620354
0.01339071679
0.01339754595
0.01337680936
0.01336886455
0.01338694023
0.0133829677
0.01334832777
0.01334917714
0.01336961264
0.01336496432
0.013372182
0.01337878587
0.01337029546
0.01337786087
0.01338807087
0.01337784054
0.01338884008
0.01336838284
0.01333523592
0.01333752616
0.01330589878
0.01330838885
0.01335252195
0.01332729102
0.01330889182
0.01332909765
0.01334428254
0.01336335629
0.01337678555
0.01337193007
0.01338971207
0.0134150792
0.01341393845
0.01332668601
0.01338798568
0.01339489237
0.01343719968
0.01341911153
0.0134166863
0.01339650828
0.01335721321
0.01335765123
0.01334041907
0.01335155368
0.01334529605
0.01333305899
0.01331279063
0.01330223306
0.01327842214
0.0132932762
0.01327502272
0.01327668039
0.01332645771
0.01336298093
0.01339912728
0.01336683481
0.01337971403
0.01337128751
0.0133338326
0.01328418496
0.01332998512
0.01337895392
0.01336718714
0.01339050575
0.01340571776
0.01342592372
0.01338040143
0.01335083129
0.01335267869
0.0133305415
0.01337506208
0.01337160322
0.01336415991
0.01338082179
0.01335474815
0.01336067198
0.01332636922
0.01336339512
0.01338455134
0.01338580174
0.01338933315
0.01337969051
0.01340119989
0.01338575762
0.01336827441
0.01338667442
0.01339880174
0.01341303407
0.01341170606
0.01340191297
0.01339070851
0.01337904538
0.01339560953
0.01341604134
0.01343500247
0.01341605913
0.01343391433
0.01340770353
0.01340533823
0.0133827406
0.01333884981
0.01333368855
0.01331935175
0.01330297422
0.01327559657
0.01327545563
0.01329406541
0.01330453207
0.01332390504
0.01334586796
0.01337960202
0.01340765658
0.01343237494
0.01344128767
0.01342868956
0.01340590437
0.01340800572
0.0133964239
0.01341842027
0.01340520127
0.01339798596
0.01338113947
0.01339229027
0.01341574342
0.0134320074
0.01345103287
0.01339857678
0.01339782411
0.01338236199
0.01337733739
0.01335999695
0.0133821927
0.01341641044
0.01335827681
0.01339257012
0.01338402769
0.01342156064
0.0134156074
0.01343092749
0.01344024754
0.0133939229
0.01341800571
0.01342184554
0.01342721323
0.01346002414
0.01343846911
0.01346463811
0.01345062749
0.01342681252
0.01343346268
0.01343651601
0.01342334482
0.01335467619
0.013391048
0.01337764841
0.01335764309
0.01339316622
0.01340719817
0.01343380278
0.01346238227
0.01349233893
0.01345632708
0.01346393481
0.01343498241
0.01345292112
0.01346482703
0.01345225208
0.01346056832
0.01348216747
0.01345175771
0.01343869905
0.01345311438
0.01344481028
0.01343780663
0.01341576339
0.01343166776
0.01343540367
0.01343709786
0.01345245242
0.01341692835
0.0134186368
0.01343147079
0.01342689279
0.01343088801
0.0134127976
0.01338773408
0.01337398947
0.01334916999
0.01335967062
0.01339589103
0.01342288536
0.01339973717
0.01340473616
0.01339905547
0.01345624707
0.01343559137
0.01343001579
0.01345205396
0.01346637111
0.01348081112
0.01344659853
0.01346085655
0.01342821497
0.01344589278
0.0134255591
0.01340034058
0.01337257124
0.01336486965
0.01340428719
0.01339532282
0.01338984079
0.01340643692
0.01339288087
0.01343087731
0.01343003573
0.01345723164
0.01348080832
0.01344950192
0.0134172028
0.01337583309
0.01337900212
0.01340321312
0.01341522761
0.01339495961
0.01338762415
0.0134142765
0.01343397838
0.01342712611
0.01341972301
0.01344745359
0.01344570559
0.01342478928
0.01343141643
0.01337283041
0.01336586824
0.0133794519
0.01336944681
0.01338857024
0.01338860747
0.01342342986
0.01340931495
0.01342448309
0.01344691388
0.01343453531
0.01342741007
0.0134182229
0.01340541054
0.01340459584
0.01338228033
0.01340597308
0.01339256586
0.01338514275
0.01337811426
0.01335419026
0.01336622325
0.01334657086
0.01334381558
0.01333526598
0.01336248438
0.01336936234
0.01339001154
0.01338654397
0.01336988265
0.01339340277
0.01336614189
0.01337516501
0.01338583502
0.01336913052
0.01338751715
0.01339932257
0.0133356021
0.01333120356
0.01331599618
0.01336558344
0.01333851025
0.01335801876
0.0133767727
0.01339438971
0.01343668296
0.01345105047
0.01342488792
0.0134397157
0.01341646661
0.01343999818
0.0134471648
0.01343657842
0.01341802782
0.01340962385
0.01339615212
0.01335564736
0.01332929343
0.01331933675
0.01331902296
0.01347423369
0.01348897123
0.01346823721
0.01345203144
0.01342403972
0.01338694772
0.01335994666
0.01338000473
0.0133542472
0.01335413515
0.01336570303
0.01334174922
0.01332488231
0.01335406195
0.0133596321
0.01340130529
0.01343485775
0.01342565096
0.01345899453
0.01347304342
0.0134229741
0.01343990168
0.01343033849
0.01339602461
0.01340985543
0.01342425542
0.01340683055
0.01337514649
0.01340120858
0.01339697403
0.01339270428
0.01337671186
0.01338892958
0.0133840125
0.01339204167
0.01338637222
0.01342615735
0.01338733418
0.01342537513
0.01341336559
0.01338652734
0.01341439275
0.01337719277
0.01339740483
0.01340869781
0.01342662852
0.01340544949
0.01337788339
0.01340088013
0.01336013391
0.01337605425
0.01345245314
0.01342498916
0.01343132211
0.0133849504
0.01341940904
0.01342587481
0.01341786569
0.01338749274
0.01338336864
0.0133716113
0.01334594343
0.01335460089
0.01333131789
0.01336950072
0.01338447902
0.01343628445
0.01345224842
0.01342892877
0.01343998622
0.01344363198
0.01339113798
0.01340058472
0.01341797396
0.0134208627
0.01341228036
0.01339411172
0.01339570723
0.01341027417
0.01338570652
0.01341348621
0.01336154281
0.01337400836
0.0133690629
0.0133810697
0.01340571505
0.01346192199
0.01342798436
0.0134061516
0.01339801537
0.01339355199
0.01338683891
0.01338410992
0.01337027454
0.0133968485
0.01343977733
0.01345009001
0.01341364482
0.01340413348
0.01337990601
0.01343050572
0.01348779399
0.01350091657
0.01352146811
0.01346892505
0.01344206117
0.01343263674
0.0133734098
0.01337204181
0.01337472809
0.01337518502
0.01339769362
0.01338267982
0.01335253619
0.0133638181
0.01332718127
0.01333532138
0.01338010259
0.0133911801
0.01339708226
0.01335023444
0.01330656546
0.01335818116
0.01337543656
0.01338572464
0.01340608266
0.013397825
0.01340346388
0.01342768247
0.01343967354
0.01345845097
0.01347884628
0.01346446832
0.01341679423
0.01342354879
0.01336518781
0.01337412458
0.01336158015
0.01337151439
0.01337996459
0.01336787761
0.01340655171
0.01340100609
0.01339649469
0.01343444434
0.01345599637
0.01346871015
0.01345577684
0.01343572006
0.01339305578
0.01339899039
0.01337801234
0.0133886841
0.01339568208
0.01340444179
0.01343185088
0.0134186059
0.01337976071
0.0133480609
0.01334994525
0.013454624
0.01346082618
0.01348575141
0.01347222437
0.01345871262
0.01341522743
0.01340685126
0.01342325311
0.01347629139
0.0134844485
0.01343526855
0.01342111554
0.01341779219
0.01335166987
0.01335064681
0.01337587014
0.01341282903
0.01344825598
0.01347147258
0.01347432858
0.01348425907
0.0134693798
0.01347191017
0.01346720425
0.01342885274
0.01344598438
0.0134596691
0.01344810766
0.01343276565
0.01343092035
0.01343461236
0.0134622568
0.01344665259
0.01347588397
0.01345707788
0.01346930256
0.013489135
0.01349372573
0.01346293351
0.01345175016
0.01339987157
0.01341779977
0.01342489327
0.01342939253
0.01338819563
0.01339469157
0.01339614413
0.01341220705
0.01341209816
0.0134237123
0.01343238088
0.01342657548
0.01343718007
0.01345679454
0.01347570261
0.01345369995
0.01341876514
0.01342952924
0.01338984824
0.01344170113
0.01340256891
0.01340395673
0.01343043804
0.01342454641
0.0134701551
0.01345283527
0.01342398355
0.01345654711
0.01347301599
0.01347370871
0.01344989282
0.013438694
0.01341376036
0.01339457164
0.01336430095
0.01338390938
0.01337619084
0.01340439606
0.0134059405
0.01341927742
0.01341543846
0.01340064162
0.01339963896
0.01334936622
0.0133606772
0.01338119598
0.0134298543
0.01341779274
0.01339263629
0.01340680577
0.01344557997
0.01344003477
0.01343695656
0.01346357754
0.01344022532
0.01341958949
0.01340648476
0.01338494536
0.01341467422
0.01342177515
0.01335979525
0.01338598396
0.01340381224
0.01337088663
0.01337956319
0.01338813646
0.0133991266
0.01339555047
0.01338306647
0.01338683002
0.01335953377
0.01336201657
0.01338612748
0.01339976369
0.01341158294
0.01337722244
0.01336557577
0.01338117655
0.01335692185
0.01334830979
0.01340813439
0.01338929332
0.01337480435
0.01343508897
0.01342331985
0.01341669315
0.01343470147
0.01338904342
0.01338648364
0.0134083887
0.01344466768
0.01343602833
0.0133823545
0.01338722188
0.01335091922
0.01333555102
0.01336228003
0.01338381146
0.01339903693
0.0134285445
0.01341108627
0.0134286235
0.01342321731
0.01344895829
0.01345132504
0.01346088603
0.01345625982
0.01345127834
0.01344172043
0.01348113847
0.01339223177
0.01339795979
0.01343462163
0.01340864788
0.01341631545
0.01340370537
0.01338131712
0.01340405107
0.01343014372
0.01341296969
0.01336396043
0.01335672211
0.01336866647
0.01335232039
0.01334996695
0.01334893799
0.01333268934
0.01330880445
0.01333377508
0.01334064263
0.01339398691
0.01342127781
0.01346277095
0.01344293383
0.01344064991
0.01341467882
0.01340227147
0.01339874583
0.01338156944
0.01334695837
0.01347312373
0.01347285709
0.01347519998
0.01346237809
0.01344084801
0.0134361293
0.01346546521
0.01347625416
0.01348452006
0.01343343038
0.01343135828
0.0134554496
0.01346118614
0.01344969119
0.01344160175
0.01345251648
0.0134685448
0.01353703768
0.01347722763
0.01347192981
0.01347575219
0.01345429071
0.01347372018
0.01345068611
0.01341522086
0.01337769153
0.01339488781
0.01336582355
0.01337613189
0.01339643177
0.01342876483
0.0133882793
0.01339551037
0.01342010598
0.01346720108
0.01346745383
0.01345835527
0.01340656843
0.01343006384
0.01346707427
0.01338313388
0.01343841604
0.01342730423
0.01344671767
0.013457422
0.01346278064
0.01346433778
0.01347704435
0.01352485449
0.01350875639
0.01349356808
0.01350340512
0.0134916481
0.01346129788
0.01344610882
0.01340712069
0.01339809826
0.0133811599
0.013394249
0.01341217114
0.0134020161
0.01336827123
0.01338337729
0.01340391011
0.01341267687
0.01344506089
0.01346477648
0.01346460539
0.01344806046
0.01345218249
0.01348416756
0.0134814898
0.01346252474
0.01343303518
0.01341238161
0.01338863835
0.0134081358
0.01342842632
0.01340184979
0.01340645116
0.01339533417
0.01337081598
0.01338047481
0.01335533182
0.01336083458
0.01335935642
0.01338252375
0.01338515478
0.01338551914
0.01337564446
0.01335525105
0.01335815643
0.01340941088
0.01340510094
0.01341807551
0.01345338243
0.0134199061
0.01340921997
0.01340298797
0.01339781327
0.01336199757
0.01340514241
0.01335792485
0.01332270072
0.01330298817
0.01329620032
0.01331632915
0.01332727083
0.01332090592
0.01335126226
0.01335975692
0.01333433391
0.01331374145
0.01335556058
0.01337151501
0.01338806429
0.01337064896
0.01332265454
0.01333722928
0.01335006224
0.01340922014
0.01340690806
0.01340309408
0.01342229773
0.01341774381
0.01341173964
0.01340404409
0.01340961617
0.01338184641
0.01339138683
0.01335875977
0.01336259893
0.01338233918
0.01338774814
0.01336745765
0.01337465033
0.01342382283
0.01340644798
0.01342360291
0.01337732421
0.0134195306
0.01342457516
0.01341607707
0.01344281705
0.01346256389
0.01345418823
0.01348074799
0.01345448194
0.013420318
0.0134049004
0.01339624606
0.01337827631
0.0134015457
0.01339921282
0.01342034902
0.0134066607
0.01341752585
0.01343241272
0.01341849337
0.01343411578
0.01342770902
0.01342467931
0.01343618983
0.01338744583
0.01340433188
0.01344980809
0.01339946592
0.01341461023
0.01341088072
0.0134352624
0.01345691035
0.01343687932
0.01340529274
0.0134243857
0.01342113077
0.01344388273
0.01340694025
0.01339931467
0.01340764934
0.01342628287
0.01338229514
0.01340493268
0.0133882518
0.01341031678
0.01338672363
0.01339458531
0.01342427178
0.01340777471
0.01338039876
0.01339490692
0.01341573358
0.01344636109
0.01344665829
0.01346624214
0.01340909006
0.01340178552
0.01338310845
0.01339669955
0.01337464695
0.01337621165
0.01343522412
0.01343602827
0.01342582306
0.0134593022
0.01341403591
0.01340607674
0.01339008166
0.01337968583
0.01337570679
0.01335866631
0.01333264253
0.01336349307
0.01336985867
0.01337951862
0.01336482368
0.01338046072
0.01339700804
0.01343700435
0.0134510576
0.0134205552
0.01342751886
0.01342054657
0.01341864651
0.01340199862
0.0133951348
0.01339937039
0.01337449109
0.01337595872
0.01336202049
0.01337440716
0.01336569278
0.01340938936
0.01340936871
0.01341876498
0.01343831593
0.01346290085
0.01345091531
0.01347746951
0.01346507287
0.01345671804
0.01341106749
0.0134184248
0.01340329985
0.01342098429
0.01343157288
0.01342989715
0.01340787682
0.01338459159
0.01342426678
0.01341432676
0.01344412242
0.01342504691
0.01343932987
0.01340136739
0.01340165284
0.01341983615
0.0133848037
0.01340579433
0.01342639973
0.01343029719
0.01343898277
0.01342405893
0.01342155233
0.01340856802
0.01341408552
0.01338558851
0.0134104975
0.01345506344
0.01344054178
0.01346607127
0.01345284188
0.01344421258
0.01346980969
0.01346122844
0.01349149771
0.0134577301
0.01343803498
0.01343830055
0.01340193952
0.01341412294
0.01341825463
0.0134052264
0.01342343629
0.01341200626
0.01339345862
0.01345229596
0.01345476115
0.01345251305
0.01345233003
0.01344831497
0.01342157508
0.01343453146
0.01341193304
0.013411743
0.01344188472
0.01347038322
0.01351817646
0.01351125925
0.0134989383
0.01345566389
0.01343466812
0.01341782863
0.01343594771
0.01344872414
0.01345996836
0.01346027199
0.01346992035
0.01348532801
0.01346769755
0.01346981961
0.01346181587
0.01346036104
0.0134268373
0.01342585844
0.01340054038
0.01340993533
0.01337844327
0.01340126583
0.01341552192
0.01343769464
0.01342064506
0.01342384753
0.01342881105
0.01341198356
0.01341820987
0.01343315215
0.01344020284
0.01345514962
0.01344447403
0.01345054244
0.01346472827
0.01343925421
0.0134471751
0.01346973418
0.01345745903
0.01343728262
0.01341316218
0.01341012304
0.01340043206
0.01339914836
0.0134251698
0.01341882251
0.01344653245
0.01344768886
0.01344921405
0.01344425558
0.01343635651
0.0134427794
0.01345641515
0.01346612162
0.01345546926
0.01344959416
0.01342968121
0.01341539195
0.0134473919
0.0134614023
0.01345975314
0.0134738008
0.01349200373
0.01342554604
0.01346286561
0.01348004182
0.01342415288
0.01342113687
0.01342370517
0.01342942388
0.0134380669
0.01343373857
0.01342230966
0.01341927704
0.01344227072
0.01347173903
0.01343717426
0.013472131
0.01343573556
0.01345127511
0.01342196742
0.01343380644
0.0134508784
0.01344814576
0.0134750555
0.01348822313
0.01347996242
0.01348576596
0.01343797833
0.01340199465
0.01337870193
0.01340117758
0.01340654158
0.01338784892
0.01340083527
0.01337133267
0.0133491446
0.01336283389
0.0133766773
0.01341016831
0.01341691616
0.01342263727
0.0134265147
0.01346748919
0.01336954232
0.01333290516
0.01335773652
0.01335755136
0.01336519679
0.01338462421
0.01336300323
0.01334016381
0.01333085329
0.01335657597
0.01340272003
0.01340313293
0.01342348163
0.01342679924
0.0134291887
0.01343417154
0.01346221999
0.01345688396
0.01343228959
0.01342156283
0.01336471314
0.01337108102
0.01340590615
0.01342321138
0.01339726707
0.0134147532
0.01337261354
0.01339090249
0.01342276699
0.01340671018
0.01344113308
0.01345731449
0.01345074525
0.01339114699
0.01343230273
0.01340491097
0.01340792072
0.01336797117
0.01339419952
0.01337864087
0.01345514671
0.01344909111
0.01346785687
0.01345029501
0.01345573974
0.01343977649
0.01344961102
0.0134225898
0.01341247874
0.01342674566
0.01343754218
0.01345021615
0.01343676367
0.01345960123
0.01340409265
0.01340936217
0.01341832616
0.0134447503
0.01345092322
0.01346161771
0.01342209984
0.01344554072
0.01344180031
0.01344749958
0.01342227563
0.01343992652
0.01339681225
0.0134075299
0.01341520172
0.01346385249
0.01346150045
0.01345163461
0.01343268968
0.01343019257
0.01343416763
0.01344164292
0.01344616316
0.01343677743
0.01342826697
0.0134301311
0.01342143986
0.01344674638
0.01343493726
0.01343868087
0.01345367648
0.01344171234
0.01343846109
0.01341816456
0.01342331535
0.01343044938
0.01342479591
0.013434336
0.0134495695
0.01346180389
0.0134761805
0.01347278671
0.01346174036
0.01347514709
0.01344134624
0.013418649
0.01346729817
0.01344854651
0.01343502696
0.01339145246
0.01341597814
0.01342201731
0.01342410922
0.01344482125
0.01346001612
0.01344900019
0.01343255811
0.0134385565
0.01343365739
0.01343748946
0.01344633689
0.01342542652
0.01342679729
0.01344985776
0.01345026707
0.01345945114
0.01339898861
0.01341620162
0.01342112935
0.01341565502
0.01342139718
0.01342334254
0.01344079885
0.01340290053
0.01340136037
0.0134339719
0.01342298021
0.01339685306
0.01342883169
0.01343454518
0.01345666677
0.01346723473
0.01342452453
0.01343008202
0.0134265936
0.01339020967
0.01337792603
0.01338248447
0.01340251261
0.01341145564
0.01339790102
0.01338252398
0.01337219595
0.01338732449
0.01341346463
0.01345566436
0.01345519845
0.0134655892
0.01347573804
0.01347727645
0.01345584063
0.01344294933
0.01341604042
0.01338912903
0.013355207
0.01338899224
0.01340367263
0.01339778639
0.01342547149
0.01338174085
0.01339934162
0.01340898214
0.01341982581
0.01346106371
0.01350320523
0.0135041734
0.01348130825
0.0134513721
0.01343948126
0.0134219097
0.01341356967
0.01342769977
0.01340729188
0.01337479493
0.01340553967
0.01339639009
0.01344575839
0.01343676771
0.0134179306
0.01339413945
0.01337520364
0.01336609035
0.01339710458
0.01341708095
0.01342019704
0.01341974055
0.01342900354
0.01346324679
0.01344865066
0.01344640994
0.01344223009
0.01348521022
0.01348114757
0.01346787678
0.01343640618
0.01345403081
0.01342628779
0.01342009794
0.01339676111
0.01338685404
0.01340704897
0.01340599066
0.01338127743
0.0133755904
0.01338726796
0.01338823743
0.0133750158
0.01338720302
0.01338541313
0.0134302267
0.013428394
0.01337670495
0.01337245029
0.01337227187
0.01340935974
0.01343871586
0.0134591914
0.0134917255
0.01348167223
0.01349306563
0.0134696739
0.01346339719
0.01345994941
0.01342679951
0.01341697103
0.01340036317
0.01343919317
0.0134305742
0.01344661165
0.01342340077
0.01342940952
0.01345509918
0.01342767167
0.01338506002
0.01340966133
0.01342500346
0.01338198826
0.0133740235
0.01338872008
0.01342580459
0.01337859663
0.0133852286
0.0133694725
0.01336055568
0.01336602998
0.01339127699
0.01335282262
0.01338102973
0.01335258446
0.01333014966
0.013350242
0.01331569469
0.01333831725
0.0133901662
0.0133931626
0.01340200534
0.01336350919
0.01336596363
0.01333800277
0.01336423824
0.01338135951
0.01340130535
0.01343240264
0.01344237851
0.01342494209
0.01338569026
0.01341532839
0.013394985
0.01343450593
0.01341937013
0.01340057455
0.01342014171
0.0133725781
0.01336064366
0.01336860365
0.01338061389
0.01342754773
0.01338861322
0.01343181518
0.01343798542
0.0134458395
0.01345015513
0.01341075538
0.01335779778
0.01336049776
0.01337410701
0.01337053538
0.0133551344
0.01334925028
0.01335987878
0.01339267866
0.0134214724
0.01343579671
0.01345399688
0.01341417084
0.01343518211
0.01338664901
0.01339372418
0.01340930853
0.01339965584
0.01339676208
0.0133810066
0.01339175446
0.01342348189
0.0134611487
0.01348386358
0.01346497193
0.0134547068
0.01346360686
0.01344313982
0.01343314009
0.01343904053
0.01345971105
0.01342524591
0.01344000773
0.01341959196
0.01340788747
0.01336696516
0.01334540316
0.0133518542
0.01339059362
0.01340381397
0.01343911629
0.01344794384
0.01341481232
0.01338689754
0.01337884914
0.01338055276
0.01342466549
0.01344682927
0.01339926373
0.0134017055
0.01336281301
0.01340122184
0.01341895573
0.0134139324
0.01344372661
0.01343593083
0.01340439005
0.01338870098
0.01341362564
0.01342781367
0.01344859797
0.0134265928
0.01343492065
0.01345457296
0.01343838169
0.01342981812
0.01344637202
0.01346092366
0.0134423638
0.01345395306
0.01344088569
0.0134513921
0.01347970499
0.01347865421
0.01346058716
0.01344682695
0.01348440712
0.01348444981
0.01345610951
0.01347021306
0.0134785908
0.0134789429
0.01346506891
0.01345904793
0.01344400233
0.01343575258
0.01339248311
0.01341888442
0.01342938053
0.01344477547
0.01342677688
0.01345300169
0.01345565202
0.01345213265
0.01349502649
0.01347923281
0.01346234403
0.01351164074
0.01348745607
0.01347976055
0.01343500852
0.01343856182
0.01341411159
0.01339249691
0.01338525753
0.01336919953
0.01338383713
0.01342541665
0.01342228959
0.01340348761
0.01342342272
0.01342592205
0.01345783433
0.01348077457
0.01337011971
0.01333569332
0.01334335281
0.01335963524
0.01336723608
0.0133832803
0.01341943784
0.01340456469
0.01340672122
0.01339307588
0.01338158696
0.01338691476
0.01338926418
0.013392441
0.01336862604
0.01336378604
0.01337022005
0.01336890711
0.01336497366
0.0133748606
0.013392849
0.01341668732
0.01339082676
0.01337444412
0.01340423222
0.01339653029
0.01338272619
0.01338307323
0.01339818701
0.01340158036
0.0133804219
0.01340403142
0.01339269625
0.01338172569
0.01334510804
0.0133864961
0.01340111475
0.01338562328
0.0134277127
0.01341174225
0.01343207816
0.01340209748
0.01342665708
0.0134404937
0.01345125481
0.01343153474
0.01341394498
0.01338980913
0.01334832807
0.01338191331
0.01335507006
0.01336675476
0.01336438188
0.01339583895
0.01341933991
0.01339510139
0.01340140353
0.01341326185
0.013382235
0.01341780761
0.01347062434
0.01345218676
0.01342805444
0.01343591667
0.0134453567
0.01345861148
0.01345060749
0.01344905193
0.01346890983
0.01343769618
0.0134248253
0.01342185257
0.01341404861
0.01345323008
0.0134267963
0.01341900906
0.01345020386
0.0134892797
0.0134907025
0.01349818762
0.01346200792
0.01347464044
0.01348607267
0.01348571664
0.01347499766
0.01352657754
0.0135204862
0.0135079636
0.01348629882
0.0134694883
0.0134674425
0.01346157729
0.01342746455
0.01341810421
0.01344497454
0.01344710601
0.01344007893
0.01343436431
0.0134319824
0.01345727747
0.01343008171
0.01342512039
0.01340355805
0.01340998794
0.01343326192
0.01342807275
0.01339445909
0.01341375588
0.01337885778
0.01336307196
0.0133344998
0.01340867247
0.01343242561
0.01347763254
0.01347659026
0.01346935465
0.01346316535
0.01344121197
0.01343676938
0.01344070812
0.01341325788
0.01339688647
0.01341807253
0.01341529399
0.01340791275
0.01337760087
0.01338143959
0.0133963258
0.01335735807
0.0133935058
0.01340169436
0.01340504588
0.01341453894
0.01340560291
0.01343416599
0.01342407363
0.01342219623
0.0134382426
0.0134193737
0.01342270096
0.01337013308
0.01333863305
0.01336789006
0.01337918317
0.01339502921
0.01342599335
0.01340672384
0.01341340872
0.01342542086
0.01340585303
0.01339623094
0.01341927663
0.01342081968
0.01338672616
0.01341148137
0.01339627761
0.01341429892
0.0134345373
0.01341775999
0.01337114868
0.01340461563
0.01344090773
0.01344386357
0.01343674816
0.01343620569
0.01340143402
0.01342531123
0.01344797926
0.01341154186
0.0134016303
0.01339776084
0.01334068084
0.0133309644
0.01334419289
0.01332524181
0.01334595126
0.01338516618
0.01336587582
0.01336398334
0.01337256445
0.0133993108
0.01336410905
0.01334654374
0.01335250719
0.01335021324
0.01336300456
0.01334587821
0.01333910457
0.01334119099
0.01338185839
0.0133691717
0.01339864825
0.01338751587
0.01341964706
0.01341187264
0.0133897304
0.01339945215
0.01344365082
0.0134164308
0.01341857827
0.01343312718
0.0134631171
0.01344017171
0.01343806565
0.01340304227
0.01336494822
0.0133367608
0.01338450775
0.01336700722
0.01334974304
0.01335088214
0.01335395897
0.01334216365
0.01336038124
0.01333082164
0.01331208785
0.01329442274
0.01328863473
0.01335561374
0.0133920221
0.01340013892
0.01337705083
0.01337300091
0.01334997301
0.01335845734
0.01336105113
0.01337207774
0.01337559589
0.01336312748
0.01334115625
0.01334227866
0.01332703676
0.01337399545
0.01340668354
0.01343689266
0.01340486514
0.01341705258
0.01338546894
0.01337353655
0.01338340123
0.01340537871
0.01342326784
0.01343195547
0.01342334151
0.01341363361
0.0133805235
0.01336102088
0.01337176234
0.01337564165
0.01340391522
0.01340905998
0.01341938518
0.01340238621
0.01340464801
0.01341434784
0.01343732262
0.01340295676
0.01342552972
0.01339250719
0.01338434627
0.01342079916
0.01343723039
0.01341773284
0.01344739183
0.0134442315
0.01344452204
0.01343930153
0.01345337984
0.01347202655
0.01344475088
0.01345977563
0.01346357674
0.01345783566
0.0134593564
0.01346019876
0.01347881264
0.01349352226
0.01346523567
0.0134324853
0.01341483377
0.01348831277
0.01346650972
0.01346111959
0.01344323331
0.01341990632
0.01341311202
0.01344291915
0.01343821215
0.01347533727
0.01345117372
0.01346596611
0.01345511159
0.01344257031
0.01345890021
0.01347192336
0.01346491982
0.01345388884
0.01346911327
0.01345174269
0.01348967653
0.01333858925
0.01331274667
0.01334179797
0.01333800238
0.01331706186
0.01337000863
0.01340858757
0.01340009771
0.01338061873
0.01340032795
0.01340004585
0.01339875351
0.01335028223
0.01335269667
0.01336855191
0.01339201908
0.0133779444
0.01339937032
0.01334375289
0.01330299154
0.01341562549
0.01336717064
0.01337411931
0.01335950864
0.01339388715
0.01338115677
0.01334442499
0.01332513971
0.01330503071
0.01331946184
0.01331453529
0.01335935883
0.0133920874
0.01338420055
0.01336792401
0.01337064428
0.01336135734
0.01337420115
0.01340449655
0.0134253376
0.0134077361
0.01340666949
0.01340520825
0.01339669111
0.01335513815
0.01337583798
0.01337198709
0.01339023917
0.01338629603
0.01341696086
0.01340660826
0.01341334003
0.01340189949
0.01342399388
0.01345825398
0.0134615285
0.01343546321
0.01343913013
0.01342139262
0.01340248463
0.01345733775
0.01346645338
0.01345828008
0.01346872158
0.01347015954
0.01343232655
0.01342379883
0.01346739491
0.01349808628
0.01346888371
0.01344729835
0.01349991744
0.01348248647
0.01346134394
0.01342067877
0.01342214073
0.0134343332
0.01339882632
0.01344682387
0.01341608904
0.01338492178
0.01339798316
0.01342491572
0.01344374302
0.01341027726
0.01342765594
0.01342838442
0.0133709641
0.01338592491
0.01334836262
0.01336905451
0.01336905987
0.01336780499
0.01339658196
0.01341762381
0.01343631335
0.01347264381
0.01346105757
0.01343209303
0.01343521233
0.01343111514
0.01344924861
0.0134276183
0.01344840898
0.01346145652
0.01344740752
0.01340924164
0.01340704401
0.0134072141
0.01339306017
0.01342935127
0.01339641635
0.01342956751
0.01338818242
0.01334792369
0.01336632903
0.01335224711
0.0133996259
0.01339972724
0.0134404238
0.0133646291
0.01339041523
0.0134063093
0.01341629571
0.01340392014
0.01340670091
0.01344420157
0.01343064121
0.01344193835
0.01344131416
0.0134174864
0.01336671788
0.01337656646
0.01340679524
0.01337693462
0.0133213717
0.01335766807
0.01335026886
0.01336226189
0.01336193159
0.0133667521
0.01343976471
0.01342177986
0.01342512445
0.01336952525
0.01337878013
0.01339895458
0.01340802118
0.01341671898
0.01341288497
0.01340867433
0.01339504569
0.01337573619
0.01334651688
0.01335365169
0.01338083379
0.01337491897
0.01338124287
0.01338086917
0.01338022388
0.01344630339
0.01343566583
0.01339504579
0.0133857219
0.01337564806
0.0133658101
0.01339032388
0.0133783652
0.01340691212
0.01340401948
0.01339492543
0.01337687368
0.01337259419
0.0133814137
0.01337472804
0.013356876
0.0133980195
0.01339640538
0.01341184674
0.01344151854
0.01340405565
0.01338614229
0.01338162122
0.01336924321
0.01337558878
0.0133801474
0.01338516898
0.01344978747
0.01345150205
0.01348283081
0.01349311993
0.01349319972
0.01345928561
0.01348045185
0.01347856381
0.01347668132
0.01345117899
0.01346052081
0.01342887455
0.01344086503
0.01336692461
0.01339790694
0.01341987415
0.01341786328
0.0134037898
0.01340193867
0.01341612084
0.01338747005
0.01337429988
0.01332515069
0.01331387462
0.01331423287
0.01333812674
0.0133543632
0.0133375173
0.01336989114
0.01337614809
0.01335388383
0.01337657095
0.01337460793
0.01337878388
0.01338965353
0.01339882347
0.01340796343
0.013443276
0.01347161225
0.01347712225
0.01348248245
0.0134611252
0.01344854365
0.0134523037
0.01344087794
0.01340430279
0.01335906421
0.01338705028
0.01341590343
0.01340141594
0.0133382712
0.0133744716
0.01335797852
0.01336619605
0.01331603678
0.01334734549
0.01335820288
0.01333738689
0.01329571269
0.01332210648
0.01335270992
0.0133436005
0.01335825102
0.01336281434
0.01338308533
0.01338968919
0.01339832829
0.01338531666
0.01338347033
0.01340479445
0.01343962306
0.01341027712
0.01339444
0.013433268
0.01343989673
0.01341867588
0.01341297333
0.01341291163
0.01344050544
0.01342846414
0.01344734695
0.01340871484
0.0134619763
0.0134379503
0.01344349646
0.01340469567
0.01340583386
0.0134289088
0.01342745224
0.0134494931
0.0134252801
0.01345114177
0.0134287611
0.01340072077
0.01344804052
0.01341452036
0.01342032994
0.01342657408
0.01342754501
0.01341985402
0.01342908351
0.01344959392
0.01341891194
0.01342062793
0.01341568096
0.01342037045
0.0134169324
0.01342217142
0.01343696077
0.01340115267
0.01340355834
0.01338635481
0.01340875277
0.01337611561
0.01337229455
0.01343587896
0.01345286745
0.01342869517
0.0134570243
0.01346629967
0.01345242802
0.01339085761
0.01342370989
0.01344620519
0.01344682005
0.01344433997
0.01344152864
0.0134166378
0.01340220311
0.01341622754
0.01341933856
0.01340650881
0.01338706005
0.01333713747
0.01337471045
0.01336564565
0.01333542234
0.01338515849
0.01338283563
0.01338459976
0.01342120268
0.01339925742
0.01339480587
0.01336911465
0.01340041932
0.01341637748
0.013404998
0.01341179407
0.0133962295
0.01338872244
0.01336612613
0.01333940676
0.01334187365
0.0134114024
0.01342123877
0.01340160436
0.0133825358
0.01336138224
0.01333892225
0.01337091251
0.0133803607
0.01339168883
0.01342635367
0.01345477837
0.01346053251
0.01342799298
0.01341694314
0.013418746
0.01341725044
0.01345748329
0.01343249624
0.013436337
0.01341960082
0.01340949068
0.01337874841
0.01337071566
0.01342883117
0.01340602736
0.0134326782
0.01339497878
0.01341160633
0.01340649985
0.01341364784
0.01341064606
0.0133977924
0.0133737879
0.01337693523
0.01339216665
0.01338637435
0.01337117938
0.01339514972
0.01339453406
0.01340967397
0.01337741669
0.01345369454
0.01345020295
0.0134496351
0.01342741021
0.01342000445
0.01344961511
0.01344185012
0.01343687238
0.01343496083
0.01344954754
0.0134472927
0.01339418884
0.0133959807
0.01337865672
0.01336498908
0.01337292635
0.01338435932
0.01337693021
0.01339031758
0.01337500059
0.01337792454
0.01336382655
0.01341720136
0.01338793361
0.01340712361
0.01341234407
0.01338477226
0.01340753199
0.01344226539
0.01345476823
0.01347542535
0.01347845456
0.01344402186
0.01339251358
0.0133758444
0.01339939946
0.0133759032
0.01339086068
0.01340445201
0.01344349579
0.01341371703
0.01341070554
0.01338265253
0.01339431155
0.01339294561
0.01335786304
0.01336569653
0.01337451169
0.01334509144
0.01335373466
0.01330732663
0.01334680648
0.01333071059
0.0133991382
0.01340972964
0.01340022246
0.01338128742
0.01338820723
0.01338794779
0.0133805691
0.01334046637
0.01334454257
0.01336481831
0.01338094621
0.01337534134
0.01335273639
0.01336903276
0.01338931062
0.01339274281
0.01344069774
0.01341291572
0.01341178368
0.01341707782
0.01340111099
0.01341233568
0.01337584158
0.01336867639
0.01337859799
0.01336367215
0.01338899566
0.01338957658
0.01338299622
0.01338696707
0.01337928222
0.01342236029
0.01339072287
0.01337544229
0.01338560415
0.013376378
0.01337556248
0.01339863003
0.01338458526
0.01337736084
0.01336733887
0.01339149234
0.01338095715
0.01337956077
0.01335922189
0.0133841214
0.0133490365
0.01335804936
0.01335528414
0.01337612207
0.01338905575
0.01336811362
0.01336790238
0.01336910954
0.01337781627
0.01340813846
0.01343523859
0.01344094004
0.01344638641
0.01346310101
0.01344287503
0.01339320024
0.01337572192
0.01338264563
0.01338118145
0.01337894355
0.01342467091
0.01344103831
0.01344159523
0.01344280899
0.01344590216
0.01344222183
0.01343064418
0.01340481668
0.01343595236
0.01341977114
0.01346058448
0.01347098693
0.01353173315
0.0135065414
0.01345974411
0.01348233861
0.01347745178
0.01348820552
0.01344465307
0.01342456549
0.01347363015
0.01342805752
0.013416894
0.01340126383
0.01343070589
0.01339947946
0.01340899646
0.01338465776
0.01339450583
0.01338404629
0.01337775636
0.01340383866
0.01340990105
0.01338697735
0.01336380545
0.01339647759
0.0133849021
0.0134198188
0.01346410659
0.01348968245
0.01345367197
0.01346288508
0.01348337907
0.01347788869
0.01344716364
0.01346645687
0.01345616265
0.01342728106
0.01344862807
0.0134662004
0.01343756136
0.01343450165
0.01343284604
0.01341638052
0.01343601447
0.01343316053
0.01344655293
0.01343335152
0.01343519641
0.01341241167
0.01334397165
0.01335476839
0.01337940885
0.01335770559
0.01337168439
0.01339349279
0.01338768728
0.01337875446
0.01340145371
0.01341934951
0.01341536573
0.0134104685
0.01342461123
0.0134251758
0.01339765943
0.01338903621
0.0133894805
0.01339397641
0.01339114877
0.0133886843
0.01344471337
0.0134412018
0.01346235016
0.0134779376
0.01346488314
0.01343946216
0.01344597814
0.01341700769
0.01342476137
0.01337242492
0.01336011613
0.01334213498
0.01335134049
0.01335677683
0.01335554363
0.0133699963
0.01338473283
0.01338022604
0.01341053615
0.01340766193
0.01350985641
0.01347278557
0.01348746648
0.01346736214
0.0134544477
0.013473987
0.01346044196
0.01343644482
0.01344734882
0.01345101693
0.01350318254
0.01353759364
0.01358690274
0.01356130144
0.01351603314
0.01347249739
0.01346124932
0.013476989
0.01349012996
0.01349832129
0.01344323061
0.01345313991
0.01341535789
0.01341953777
0.01342062126
0.0134384535
0.01342104041
0.01344342392
0.01343894529
0.01342237483
0.01340173136
0.01335962295
0.01336566332
0.01333854587
0.01334865839
0.01336216186
0.01336914786
0.01339486153
0.01340626746
0.01341922166
0.01342084269
0.01344746086
0.01346770009
0.01348151295
0.01346395475
0.01345290068
0.01346727676
0.0134587765
0.01349093
0.01347671232
0.01343744111
0.0134267279
0.01341113438
0.01340678264
0.01339128776
0.01337397283
0.0133640722
0.01338781097
0.01338608172
0.01342951125
0.0134266691
0.01343742606
0.01342602701
0.01341486591
0.01340203803
0.01340940198
0.01339905086
0.01337820831
0.01336593313
0.0133697296
0.01340971156
0.0134142556
0.01341284452
0.01341570216
0.01339912907
0.013437477
0.01340436847
0.01342236672
0.01344807284
0.01340969137
0.01338763856
0.01342233351
0.01346341282
0.01345555673
0.01346865075
0.01344469712
0.01340908144
0.0134055062
0.0134407881
0.01340860725
0.01339230217
0.01341495903
0.01340815475
0.01340018288
0.01342636665
0.01341365682
0.01338720306
0.01341916279
0.01340753516
0.01339938473
0.01336097925
0.01335942373
0.01335940819
0.01336325176
0.01335569195
0.01342291962
0.01345974751
0.01342540833
0.01339848761
0.01340853132
0.01338082689
0.01336886418
0.01336857796
0.01340239189
0.01342322658
0.01343495427
0.01341735859
0.01337871434
0.01334584252
0.01336704742
0.01343720945
0.01340905888
0.0134002698
0.01338164045
0.01338712432
0.01337073558
0.01338247445
0.01336527885
0.01339120062
0.01338650825
0.01338794907
0.01339297144
0.0133673594
0.01338490006
0.01340570921
0.01345659731
0.01340865418
0.01342448779
0.01346507483
0.01343486657
0.01335050289
0.01335022621
0.01333460504
0.0133432418
0.01334724962
0.01335548586
0.01333873539
0.01334409207
0.01336767944
0.01337507088
0.01334843359
0.01339183438
0.01339720352
0.01338844182
0.01335999249
0.01335616227
0.01338204572
0.01334363879
0.01336182716
0.01334737781
0.01338832773
0.01340296403
0.0133915231
0.01340315838
0.01341307291
0.0134063763
0.01341761284
0.01340071394
0.01340720392
0.01340171443
0.01340379739
0.01341569629
0.01340603193
0.0134243652
0.01344126424
0.01340449795
0.01339412683
0.01340609755
0.01335885835
0.01336247634
0.01339729315
0.01339440991
0.01342743081
0.01341785486
0.01344045909
0.01339312583
0.01337933613
0.01338234614
0.01336185488
0.01334509656
0.01336325657
0.01336832068
0.01339785694
0.0134144124
0.01341129913
0.01340626121
0.01341196966
0.01335737959
0.01339365978
0.01338068148
0.01343284781
0.01343855395
0.0134548474
0.01345808513
0.01345598514
0.01343692659
0.01344596035
0.01347357487
0.01343870236
0.01341808221
0.01340492397
0.01341925292
0.01340901917
0.01341668873
0.01339302489
0.01341045285
0.01344501316
0.01345734861
0.01343720955
0.01344584199
0.01345152572
0.01346378582
0.01346667287
0.01345891399
0.0134458751
0.01345191035
0.01349068287
0.01348546219
0.01351006309
0.01349019172
0.01346032824
0.01344008803
0.01343657184
0.01345054503
0.01349353157
0.01354985199
0.01353275192
0.01353103803
0.01349500374
0.01347298864
0.01342170579
0.0134227062
0.01343030426
0.01342726705
0.01343114795
0.01343138082
0.01343943634
0.01342402753
0.01340242132
0.01344019239
0.01343470468
0.01343704793
0.01341839209
0.01344359937
0.01341683833
0.01340722869
0.01335318226
0.0133840668
0.01338396296
0.01338998299
0.01341003088
0.01342335031
0.01336274482
0.01338914537
0.01339324608
0.01341929737
0.01343649636
0.01346084397
0.01344317002
0.01344447907
0.01345463882
0.01343594954
0.01342916547
0.0134078985
0.01340237079
0.01340875181
0.01344408727
0.01339542646
0.01340619784
0.01341929572
0.01340341831
0.01343177955
0.01344161621
0.01339913522
0.0134314208
0.01341470845
0.01341400546
0.01341858137
0.01341881456
0.01340199044
0.01340081359
0.01340025747
0.01340728812
0.01343496369
0.01341662805
0.01341514857
0.01339691418
0.01339971415
0.01342492882
0.01341299538
0.01334777086
0.01336465513
0.01334212683
0.01338668839
0.01342684401
0.01344561493
0.01344217435
0.0133850209
0.01340218627
0.01341724097
0.01340292585
0.01337977963
0.01339666681
0.01337182217
0.01341288188
0.01338773402
0.01339024044
0.0133667803
0.01335613068
0.01336571344
0.01345482057
0.01347574933
0.01345155568
0.0134682566
0.01347795427
0.01348092001
0.01349043502
0.01348286484
0.01350613969
0.0134788735
0.01346623554
0.01345034198
0.01340108531
0.01341544968
0.01340993509
0.01339182002
0.01339084404
0.01340224751
0.01344850745
0.0134429424
0.01341638404
0.01340993629
0.01345035376
0.01349135924
0.01349006394
0.01344799743
0.01344283119
0.01344424788
0.01344839692
0.01345507441
0.01340991693
0.01345222277
0.01348159642
0.0134811398
0.01349054309
0.01350962883
0.01348226423
0.01344264471
0.01344255672
0.01341073539
0.01339036795
0.01339227293
0.0133576728
0.01331306537
0.01333125258
0.01334334256
0.01338410659
0.01336850351
0.01339820272
0.01335873027
0.01340503139
0.01338382214
0.01338691195
0.01341070091
0.01342671292
0.01343567613
0.01343270808
0.01345188858
0.01342959418
0.0134343049
0.01346446421
0.01343356125
0.01341495249
0.01344857275
0.0134416459
0.01342145942
0.01339762889
0.01339695441
0.01340390401
0.01341842526
0.01338803815
0.01336727854
0.01335787132
0.01333479986
0.01337865469
0.01339922171
0.01340303974
0.01342372358
0.01345923532
0.01347292832
0.01337438924
0.01339325851
0.01336613591
0.01337559989
0.01339484708
0.01338814441
0.01339163299
0.01342573103
0.013402443
0.01342199684
0.01342765054
0.01342519686
0.01343104744
0.01340563921
0.01340061644
0.01339075381
0.01338496368
0.01339130238
0.0133778761
0.01338347742
0.01342436902
0.01341983149
0.01338883426
0.01339194531
0.01338935751
0.01334401448
0.01335540084
0.01340323199
0.01341968091
0.01342308936
0.01339701848
0.01342861469
0.01341991681
0.01338992694
0.01336208713
0.01330150295
0.01332901974
0.01333878045
0.01336959139
0.01339872564
0.01332948506
0.01335715449
0.01334923817
0.01333580491
0.01333901507
0.01339364861
0.01333838679
0.01334197201
0.01333479221
0.01333362568
0.01333015288
0.01335611048
0.01337514851
0.01339786817
0.01342793894
0.01339958604
0.01339861544
0.01338398933
0.0133871229
0.01337019881
0.01333576163
0.01332216397
0.01334071984
0.01334418025
0.01334703404
0.01335440593
0.01337368851
0.0133888384
0.01341206747
0.01340202464
0.01340640185
0.01340563816
0.01340743813
0.01341099612
0.01339364022
0.01340456213
0.01339962477
0.01338337562
0.01339031356
0.01337913367
0.01345751605
0.01342417686
0.01341876717
0.01342766503
0.01341558567
0.01342291024
0.01342663369
0.01344939084
0.0134414533
0.01342466759
0.0134165783
0.01342746752
0.01336947101
0.01334497058
0.01334957871
0.01342006669
0.01343663682
0.01346465333
0.01346389882
0.01343559687
0.01345471449
0.0134139143
0.01343861985
0.01344454527
0.01341971209
0.01343601592
0.01344957983
0.01345325505
0.01346610121
0.01347100417
0.01340989677
0.01338861397
0.01336399208
0.01336683876
0.01337009979
0.01336080236
0.01338971934
0.01340423088
0.01345716753
0.01344977882
0.013433114
0.01342383447
0.01338732722
0.01339204293
0.01338767209
0.01338657696
0.01337316885
0.0133843022
0.01337377711
0.0133876068
0.01340244193
0.01339300866
0.01341087044
0.01341655273
0.01341509816
0.01341687073
0.01340336597
0.01338570887
0.01340035934
0.01339045734
0.01347683881
0.01343173757
0.01344896378
0.01349504693
0.01348635885
0.01346864025
0.01344654674
0.01342056717
0.01345454348
0.01346439433
0.0135289928
0.01354756145
0.01355355137
0.01354424204
0.01352326039
0.01352988988
0.0135265725
0.01350743623
0.01351682066
0.01351523751
0.01343039985
0.01345569488
0.01342882186
0.01344574957
0.01342076879
0.01343846217
0.01345086909
0.01343390152
0.01344172633
0.01341913355
0.01340119319
0.01338438986
0.01340051844
0.01339057852
0.01338202066
0.01338665595
0.01337148795
0.01338556411
0.01338883114
0.01338827108
0.01342717141
0.01339777787
0.01340019102
0.01337372885
0.01338875497
0.01336875323
0.01336369996
0.0134050938
0.01340931568
0.01343724342
0.01340491968
0.01340709475
0.01340056713
0.01344569064
0.01345169074
0.01341453688
0.01343044141
0.01347943003
0.01348396347
0.01347021958
0.01343458706
0.01343781133
0.01347519694
0.01341716533
0.01339120655
0.01339549449
0.01336269931
0.0133900413
0.01340449685
0.01341457385
0.01341280049
0.01344024412
0.01346711527
0.01346074531
0.01344556983
0.01346214032
0.01343348044
0.01342495002
0.01340233581
0.0134281226
0.01336698818
0.01336446024
0.01333445388
0.01338668456
0.01337126469
0.01339727896
0.01339577575
0.01342981403
0.01341933974
0.013394426
0.01338273875
0.01341391545
0.01340778982
0.01340485211
0.01340425388
0.01341715481
0.01341230763
0.0134123096
0.01341518585
0.01337798393
0.01343122843
0.01342744669
0.01343357675
0.01344620799
0.01345782205
0.01345547273
0.01342056335
0.01336784085
0.01339583182
0.01337049968
0.01338406218
0.01337472256
0.01340246998
0.0134090352
0.0133918745
0.0134213126
0.0134493529
0.01344728046
0.01345045797
0.01342822126
0.01341700559
0.01342104367
0.01340811118
0.01338242299
0.01336334204
0.01339446418
0.0133997647
0.01342401716
0.01341805145
0.01339215285
0.01341601272
0.01342329058
0.01343482477
0.0133973975
0.01342120025
0.01341779259
0.01341414197
0.01340127489
0.01341869408
0.01339733895
0.01335271629
0.01332993306
0.01335195812
0.01336864104
0.01338589002
0.01338133146
0.01338047366
0.01339584927
0.01341644146
0.01345122184
0.01342310551
0.013412033
0.0134159915
0.01342610772
0.01341696713
0.01340772697
0.01337831028
0.01338713429
0.01338285251
0.01331802557
0.01342855285
0.01340452246
0.01335259792
0.01333364946
0.01328015007
0.01331934714
0.01331296217
0.01334590895
0.0133250253
0.01332596623
0.01336546031
0.01336953438
0.01342029593
0.01344496693
0.01341638731
0.0134135492
0.01341484454
0.01338246248
0.01334715216
0.01340086759
0.01332527913
0.01332902756
0.01335642355
0.01341166254
0.01339147571
0.01342247063
0.01340596108
0.01335049322
0.01339410753
0.01340179869
0.0134059834
0.0133833572
0.01338013878
0.01343841874
0.0134122104
0.01343943758
0.01343139935
0.01339424799
0.01336152943
0.01332981787
0.01341804191
0.0134173152
0.01339320817
0.01339551542
0.01341371407
0.01346100895
0.01343396306
0.01340683309
0.01339983066
0.01334612923
0.01336142135
0.01340855482
0.01339762172
0.01337912641
0.01338850008
0.01341161847
0.01340751059
0.01344236461
0.01342177336
0.01341801417
0.01340711897
0.01341061986
0.01345844257
0.01345217155
0.01343914606
0.01342180626
0.01344490111
0.01343316214
0.01344799083
0.01345511992
0.01342916006
0.01342571689
0.0134330027
0.01341521006
0.01338431465
0.01338089391
0.01338386809
0.01341331384
0.0134146518
0.01340214834
0.01340035827
0.01342551352
0.01341996517
0.01344626201
0.01344132056
0.01342755152
0.01343218097
0.01338801999
0.01334505546
0.01334740246
0.01337837654
0.01338681953
0.01336676293
0.01335862916
0.01335323864
0.01335264603
0.01337990766
0.01335975231
0.01337545453
0.01340082143
0.01338194022
0.01339518136
0.01340314332
0.01339379866
0.0134057111
0.01342595209
0.01343541432
0.01339462486
0.01343002628
0.0134092582
0.01344684465
0.01344772144
0.01344909755
0.01345868454
0.01343746978
0.01343004311
0.01341510929
0.01339273383
0.01335815252
0.01336323359
0.01345122779
0.01344911789
0.01345462633
0.01346577849
0.01347562145
0.01346630122
0.01348924128
0.01349288648
0.01347634817
0.01348798329
0.01350360823
0.01347137849
0.01344208918
0.01342594583
0.0134731518
0.01343483951
0.01345209193
0.01345499302
0.01346824828
0.01343644108
0.01346927585
0.01348168287
0.0134882534
0.0134495611
0.01349485788
0.01346773065
0.01345423167
0.01345745052
0.01347224053
0.01343861296
0.01339939638
0.01341697885
0.01346192684
0.01345670465
0.01341803356
0.01342374383
0.01341853496
0.01341998583
0.01344486182
0.01346744496
0.0134695656
0.01347649989
0.01342166472
0.01341242252
0.01342044127
0.01346012013
0.01347927473
0.01346873218
0.01341911067
0.01342712248
0.01341900501
0.01342924916
0.01342258715
0.01346026955
0.01347477941
0.01349236183
0.01349651838
0.01350422433
0.01346071543
0.01346776334
0.01338424631
0.01341430255
0.01343980932
0.01348509275
0.01349634223
0.01346821085
0.01341581967
0.01337919929
0.01338666945
0.01338244576
0.01337814529
0.01337071177
0.01339173022
0.01338050469
0.0133782964
0.01342367137
0.01341416386
0.01342969618
0.0134556176
0.01340797643
0.01340804261
0.01339909094
0.0134029107
0.01337299599
0.01341503087
0.01340722061
0.01343985451
0.01343314553
0.01346357139
0.0134081294
0.01342776337
0.01340814298
0.01340253056
0.01338651525
0.01339059416
0.01339344779
0.01342476684
0.01339920775
0.01341947159
0.01343165789
0.0134408289
0.01343609583
0.01342466189
0.01342587515
0.01340219362
0.01339477529
0.0133874878
0.01338713932
0.01341235061
0.01340685268
0.01343513107
0.01344043481
0.01342541134
0.01345130959
0.01347071567
0.01345751978
0.01343651459
0.01346782289
0.01346181617
0.01343690337
0.01342966525
0.01345944902
0.01343552453
0.01342871813
0.01342262268
0.01343188874
0.01344390265
0.01339865199
0.01340003815
0.01344321373
0.01342292328
0.01341365439
0.0134014488
0.01337198977
0.01337318211
0.01341574841
0.01343133487
0.01342497707
0.01342025676
0.01342021195
0.01345409876
0.01346235689
0.01343500614
0.01342683452
0.01339745736
0.0133850631
0.01335587484
0.01339042998
0.01335886973
0.01336459663
0.01331367336
0.01333712907
0.01337698279
0.01341007509
0.01337762763
0.01340502912
0.01341928668
0.01340289616
0.01341709201
0.01346214042
0.01336824239
0.01336470066
0.01335304432
0.01333413403
0.01335856116
0.01335199871
0.01335703129
0.01335822342
0.01338241452
0.01341889553
0.013416503
0.01337394156
0.01336563895
0.01336510903
0.01337094947
0.01334336903
0.01333742223
0.01336611938
0.01336052667
0.01336085136
0.0133744117
0.0133725833
0.01338058094
0.01337217012
0.01338499617
0.01339389704
0.01341070663
0.01339922014
0.01336048295
0.01340066677
0.01343866443
0.01345968675
0.01344823498
0.01342457581
0.01342140952
0.01340297744
0.0133878563
0.01336459772
0.01335583934
0.01334181059
0.01340647105
0.01336935074
0.01333985047
0.01333402854
0.01334765635
0.0133545302
0.01335390212
0.01335679832
0.01338062203
0.01338539196
0.01337349408
0.01339656815
0.01337100945
0.01338806743
0.01337431375
0.01337209219
0.01339240384
0.01337170973
0.0133590591
0.0133848304
0.01342908345
0.01341111391
0.01344310541
0.01341317883
0.01339828976
0.01335340459
0.01335438148
0.01337518058
0.01336516536
0.0133486108
0.01333754639
0.01332870134
0.01330669924
0.01328362119
0.0133470676
0.01336786315
0.01339654544
0.01339740583
0.01341837869
0.0134333947
0.01341867511
0.01341644634
0.01347457563
0.01346248363
0.01346772698
0.01346431565
0.01348871128
0.01347088384
0.01346542242
0.0134527742
0.01343319143
0.01338796339
0.01339507941
0.01341164748
0.01340822216
0.0133709442
0.01336486959
0.0133825557
0.01340150292
0.01343866599
0.01338171986
0.01336686724
0.01338685053
0.01338057846
0.01338414346
0.01334588609
0.0133438634
0.01335085876
0.0133533351
0.01335393671
0.01336505838
0.01336883675
0.01335536743
0.01338007704
0.01337573694
0.01337859674
0.01339052994
0.01337441918
0.01337431803
0.01338046432
0.01338496181
0.01339821908
0.01343193217
0.01337469578
0.01339106809
0.01339377743
0.01340146714
0.01340868117
0.01345444794
0.01342126594
0.01337779382
0.01340356078
0.01337277009
0.01336124837
0.01337855375
0.01337695684
0.01334942379
0.01337010627
0.01337087064
0.01337089214
0.01340885241
0.01339872301
0.01336956598
0.01336124949
0.01332077274
0.01330948124
0.01334566656
0.01340682286
0.01338329326
0.01338762973
0.01340075149
0.0133897952
0.01340601866
0.013402284
0.01340612118
0.01338761505
0.01341076239
0.01340224266
0.0134157
0.0133999908
0.01337615975
0.01337621433
0.0133876174
0.01341461996
0.01338661083
0.013382901
0.01338025463
0.01336417318
0.01336331125
0.01335932401
0.01335268606
0.01339031544
0.01342850301
0.01341033524
0.0134405823
0.01342842498
0.01341798066
0.01341123474
0.01340265641
0.0134067166
0.01341013573
0.01340389129
0.01340622612
0.01340982772
0.01343388975
0.01341294096
0.01339055788
0.01343373407
0.01342941266
0.01344436697
0.01345943409
0.01344269633
0.01340741309
0.01342334597
0.0134234821
0.0134263126
0.01344984429
0.01342993988
0.01343093403
0.01341066807
0.0134129958
0.01339973511
0.01338802952
0.01334377529
0.01337252562
0.01335852666
0.01339572795
0.0133690093
0.01339840028
0.01344277158
0.01344333787
0.01345672623
0.01348674771
0.01350453806
0.01347751827
0.01344817103
0.01344752061
0.01346397864
0.01348065454
0.01343041564
0.01349259027
0.01350135985
0.01349165132
0.01345484752
0.01342844865
0.0134627937
0.01349170169
0.01351948986
0.01349186766
0.01347140612
0.01344356934
0.0134504326
0.0134188904
0.01342609899
0.01343438852
0.01341455344
0.0134080404
0.01341107002
0.0134407057
0.01345813791
0.01341698157
0.01341851318
0.0134373204
0.01346320249
0.01346239621
0.01346020745
0.01344599527
0.01344517192
0.01346527881
0.01346644858
0.01344129728
0.01342688669
0.01340553744
0.01338693566
0.01337760045
0.01341073619
0.01340161984
0.01338562644
0.01334374008
0.01337431878
0.01338362448
0.01340034203
0.013450821
0.01345746468
0.01345536894
0.01343670007
0.01340259626
0.01340327977
0.01338138339
0.01339043366
0.01334954773
0.01335049624
0.01336083551
0.01341400109
0.01341618919
0.01339453482
0.01339314872
0.01340700874
0.01338926552
0.01338743166
0.01339797348
0.01338567044
0.01336642771
0.01336217055
0.01335742934
0.01333747604
0.01340204925
0.01340639505
0.01341874892
0.01341873767
0.01345881363
0.01345259894
0.01341804491
0.01337613161
0.0133841223
0.01333160248
0.01334409112
0.01336919233
0.01336252319
0.01338382342
0.01339415294
0.01339685731
0.0134020911
0.01337308665
0.01337049008
0.01335207889
0.01332017781
0.01331953566
0.01334150166
0.01336415848
0.01336886371
0.01336788104
0.01335436105
0.01333801156
0.01333234038
0.01338037829
0.01341409774
0.01341263126
0.01340697508
0.01340161346
0.01338451191
0.01338434597
0.01339531921
0.01337988985
0.01335433316
0.01336944205
0.01337475981
0.01338332952
0.01340409888
0.0133527284
0.01333408714
0.01337161358
0.01337306806
0.01339632833
0.01339697757
0.01337626052
0.01337375804
0.01339545772
0.01338080519
0.01336376678
0.01341300425
0.01342438171
0.01344174032
0.01344097544
0.01347831322
0.0134182463
0.01338051384
0.01336426256
0.01336421469
0.01334252692
0.01334706972
0.01338345099
0.01340082147
0.01339042904
0.01337565613
0.0134149368
0.01345897737
0.01345513558
0.01342083224
0.01344229061
0.01343242167
0.01344562462
0.01340857566
0.01345086026
0.01340355933
0.01344640843
0.01342512335
0.0134023332
0.01339146222
0.01340174018
0.0134045564
0.01334257812
0.01339601676
0.01341898408
0.01343752106
0.01339121161
0.0133862356
0.01341925537
0.01339030614
0.01340969512
0.01346581087
0.01346917117
0.01347666773
0.01345772777
0.01343412958
0.01342632436
0.01342161682
0.01340953382
0.01342835631
0.0134099683
0.01343438426
0.01343496722
0.01345234721
0.01343592341
0.01341103421
0.01342861372
0.01343814032
0.01342885652
0.01346187641
0.01344429078
0.01341734486
0.01344422205
0.01340432303
0.01340539338
0.0134073698
0.01342845175
0.01345046776
0.01343805285
0.01344867477
0.0134668696
0.01345688911
0.01342664678
0.01340566593
0.01340425425
0.01341619363
0.0134326003
0.01341636502
0.01341602321
0.01342367904
0.01344016348
0.0134012603
0.01336952012
0.01337574531
0.01337525802
0.01336906811
0.01337012858
0.01336437293
0.01335560473
0.01337502976
0.01340413221
0.01343495055
0.01344528235
0.01345899567
0.01342044712
0.01341280279
0.01339397592
0.01342520675
0.0134256216
0.0134254517
0.01339682532
0.01337752291
0.01335719629
0.01335596469
0.01339367452
0.01339614201
0.01336819239
0.0133384443
0.01332862089
0.01331998074
0.01332110978
0.01329603565
0.01328786686
0.01330748118
0.01332332756
0.01334643677
0.01334268653
0.01335501865
0.01335948697
0.01334405483
0.01334285407
0.01338281914
0.01337149598
0.01339370584
0.01333185333
0.01341729916
0.01339903657
0.01338518342
0.01338192095
0.0133892809
0.01340699596
0.01339365235
0.01340391697
0.01339817141
0.01339878906
0.01337517282
0.01335892285
0.01337175729
0.013384303
0.01335997151
0.01338490382
0.01338356743
0.01341365901
0.01344193534
0.01345278509
0.01342541114
0.0134151606
0.01335229333
0.01336249991
0.01336486587
0.01339926779
0.01341259831
0.01340947418
0.01339044426
0.01342221047
0.01341712321
0.01345647023
0.01342961866
0.01338947785
0.01340561494
0.01337980664
0.0134415306
0.01342042643
0.01342154877
0.01338391869
0.01339929188
0.01340754504
0.01344309552
0.01340927115
0.01339238967
0.0133892281
0.01337729594
0.01338828141
0.01340439316
0.01337218657
0.01335393052
0.01334317378
0.01337113251
0.01337829118
0.01341565365
0.01342330881
0.01338507482
0.01340843423
0.0134154573
0.01341619733
0.01342431905
0.01341437199
0.01342495596
0.01344796955
0.01346421599
0.01342762078
0.01342927386
0.01344803387
0.01343829428
0.01344551642
0.01343928654
0.01343208441
0.01344276302
0.01342045291
0.01341276484
0.01341932766
0.01342231545
0.01341468747
0.01343054833
0.0134883136
0.0134612499
0.0134131687
0.01341863602
0.0134031554
0.01340048783
0.01338909945
0.01340206692
0.01341483849
0.01342828818
0.01341288669
0.01340379355
0.01338250025
0.0134296034
0.01339648891
0.01339987432
0.01341123193
0.01342848573
0.01341421297
0.01339614756
0.01338273524
0.01338445816
0.01341638073
0.01341712393
0.01342678506
0.01341158331
0.0134466941
0.01348626478
0.01349649566
0.01349383587
0.01347153803
0.01344588727
0.013437793
0.01340250589
0.01341690953
0.01344053005
0.01341998323
0.01341707831
0.01341781492
0.01340886616
0.01334871041
0.0133622023
0.01336288053
0.01337090803
0.01339743786
0.0133586425
0.0134077775
0.01337974714
0.01339260603
0.0134030844
0.01338047995
0.01338938947
0.01341051697
0.01337563085
0.01338084753
0.01339941947
0.01341702155
0.0133708423
0.01336270499
0.01340232169
0.01343862327
0.01346724821
0.01346219674
0.01347727956
0.01345516137
0.01343083394
0.01342255774
0.01340851887
0.01338966027
0.01340597517
0.01343750448
0.01340489889
0.01342713462
0.0133994657
0.01339059683
0.0133798292
0.01337452068
0.01338024946
0.01336419939
0.01335939169
0.01336509742
0.01339641405
0.0134420197
0.01342883045
0.01340963018
0.01337788695
0.01335359359
0.01337313697
0.01340472645
0.01341569374
0.01344573304
0.01341575493
0.01340503455
0.01335546789
0.01336366685
0.01336103068
0.01335845173
0.01341625341
0.0134264918
0.0134404781
0.01345164177
0.01344334314
0.013364762
0.0133776983
0.01336495814
0.01337818944
0.01340892271
0.01345874355
0.01344444271
0.01339323142
0.0133702194
0.01337485381
0.0133952774
0.01340611347
0.01342095744
0.01342101513
0.01344372504
0.01338598452
0.01338565121
0.0134177121
0.01337137551
0.01343013586
0.01345454289
0.0134547927
0.0134479531
0.01342931522
0.01341002306
0.01337602588
0.0133849115
0.01340768955
0.01344415568
0.01344772835
0.01347824658
0.01343241684
0.01342921677
0.01342326297
0.01341552846
0.01335039741
0.01337034765
0.013392321
0.01342902165
0.01342800952
0.01342528896
0.01344695057
0.01343432583
0.01344843989
0.01343214243
0.01344783148
0.0134745132
0.01344048472
0.01342825041
0.01341093385
0.01338069747
0.01338095449
0.01340902777
0.01343112308
0.01339782052
0.01338077724
0.01339447715
0.01339557896
0.01341616909
0.01346321277
0.01343121834
0.0134459633
0.0134692029
0.01345906347
0.01348686585
0.01343681887
0.01345079433
0.01347876721
0.01346647924
0.01344495314
0.01346043948
0.01341203718
0.01340027135
0.01340460228
0.01337748214
0.01341270744
0.01343460035
0.01345447097
0.01342169717
0.01344776447
0.01344164957
0.01343864158
0.0134346201
0.01342034831
0.01342097047
0.01340370998
0.01344495621
0.01346443337
0.01344944936
0.01346349865
0.01346327645
0.01344212438
0.01345027917
0.01342808538
0.01342052779
0.01342419188
0.01338049941
0.0133863104
0.01340817317
0.01339650042
0.01342831408
0.01342627429
0.01341051925
0.01338964504
0.01340721496
0.01338464335
0.01342251314
0.01344289343
0.01344493816
0.01345600359
0.01345291291
0.01343878409
0.01344129891
0.01341903856
0.01345478165
0.01339019116
0.01341166301
0.01341617505
0.01340576153
0.01341239567
0.01342294563
0.01345078815
0.01347498865
0.01343993574
0.01342183378
0.01339176392
0.01338052506
0.01337548035
0.01335286798
0.0133616801
0.01340687355
0.01341552084
0.01336878517
0.01334925841
0.01337637507
0.01338531183
0.01336967984
0.01335757602
0.01337161978
0.01340007916
0.01338685994
0.01341808847
0.01342113867
0.01345698357
0.01343249262
0.01342571914
0.01338758484
0.01339817902
0.01335986205
0.01338164864
0.01338770498
0.01338516799
0.01336338043
0.01336521949
0.01339325154
0.01343126575
0.01344412316
0.01342220982
0.01339429124
0.01337261564
0.01335819569
0.01339072229
0.01335692215
0.013331294
0.01331025179
0.01331592633
0.01338292279
0.0134664227
0.013476996
0.01344581883
0.01341578967
0.01341436431
0.01342486653
0.0134175311
0.01339788809
0.01341711137
0.01340812814
0.01342293289
0.01342921931
0.01344168808
0.01344489443
0.01345612794
0.01347044718
0.01345385418
0.01345132519
0.01342681232
0.0133627733
0.01332210722
0.01334392475
0.01338367275
0.01339631802
0.01339160694
0.01341373938
0.01341902382
0.01341121059
0.01338824163
0.0134100755
0.01342618989
0.01341584874
0.01340189954
0.01341699276
0.01340969556
0.01337317996
0.01336414179
0.01340305026
0.01343192676
0.01343294854
0.0134158626
0.01341599805
0.01340568857
0.0134477158
0.01342882343
0.01343154574
0.01339120961
0.01337407936
0.0133803535
0.01336064493
0.01335233329
0.01337260294
0.01339079738
0.01339038879
0.01338996185
0.01343128189
0.01339273979
0.01338274834
0.01338319475
0.01338610669
0.01339284442
0.01337639492
0.0133975851
0.01338263797
0.01336045409
0.01337448249
0.01338972269
0.01341060311
0.0133989605
0.01337578851
0.01337350653
0.01335540201
0.01330407364
0.0133060397
0.01330036551
0.013326884
0.01334433759
0.01336638656
0.01338217418
0.01337106218
0.01339501724
0.01338987676
0.01343052941
0.01344896387
0.01344801208
0.01341422502
0.01339451211
0.0133858695
0.0133886681
0.01337888314
0.01335436498
0.01337173897
0.01341525741
0.01339407372
0.01341746949
0.01342404193
0.01344311646
0.0134577506
0.01344186923
0.01343535718
0.01344596752
0.01343918125
0.01342620475
0.01336878504
0.01340088693
0.01341910254
0.01344931647
0.01345077753
0.01343122261
0.01344565751
0.01344987018
0.01341991295
0.01346042849
0.01340903693
0.01340763637
0.01345715723
0.01343714544
0.01341178427
0.01341708368
0.01340141684
0.01341725758
0.01339081642
0.01340674124
0.01337278806
0.013397807
0.01338231843
0.01342718659
0.01341684045
)
;

boundaryField
{
    xPeriodic_half0
    {
        type            cyclic;
    }
    xPeriodic_half1
    {
        type            cyclic;
    }
    yPeriodic_half0
    {
        type            cyclic;
    }
    yPeriodic_half1
    {
        type            cyclic;
    }
    zPeriodic_half0
    {
        type            cyclic;
    }
    zPeriodic_half1
    {
        type            cyclic;
    }
}


// ************************************************************************* //
