/*--------------------------------*- C++ -*----------------------------------*\
| =========                 |                                                 |
| \\      /  F ield         | OpenFOAM: The Open Source CFD Toolbox           |
|  \\    /   O peration     | Version:  v1706                                 |
|   \\  /    A nd           | Web:      www.OpenFOAM.com                      |
|    \\/     M anipulation  |                                                 |
\*---------------------------------------------------------------------------*/
FoamFile
{
    version     2.0;
    format      ascii;
    class       volScalarField;
    location    "0.02";
    object      vibrationalT_mixture;
}
// * * * * * * * * * * * * * * * * * * * * * * * * * * * * * * * * * * * * * //

dimensions      [0 0 0 1 0 0 0];


internalField   nonuniform List<scalar> 
5120
(
320.2223842
320.4743424
316.5655984
317.7808768
315.6269504
311.2838476
310.8235408
308.4142499
306.4668478
307.9274628
292.8614321
299.8865315
301.3370027
311.1699012
307.7508492
311.6586648
307.0580957
311.6168913
308.6248616
315.1657473
309.3936229
313.6866027
314.4322079
311.0808574
304.6924595
305.3451398
311.3438077
320.6305511
310.006763
318.5960968
313.2831074
309.0943138
287.2985452
310.2993517
62.96642053
61.32600758
274.8585392
295.7919615
304.9236225
292.0618588
305.9359986
298.2728507
296.6669965
304.6877515
305.1875268
293.7053974
62.06511499
287.2476424
305.8161593
302.0631329
311.1446644
302.0539044
294.8890343
301.4669805
302.4549561
309.6844238
289.4968157
298.4443015
314.1608279
309.4232711
67.03978448
67.46855039
68.46454358
68.35408978
70.96758405
301.0986167
313.9439231
317.1962307
300.7880261
318.5973533
309.0583963
307.4479627
313.2634526
304.7773883
291.22896
299.2179141
305.2268887
303.8299715
65.6789049
66.02235298
288.160914
293.5480803
296.8863553
297.3988639
303.6588518
295.3793301
297.4303002
304.1363214
298.570295
291.8330336
297.8920718
299.0613406
299.7083889
290.4734491
296.8446216
276.4777371
66.05150698
290.9559149
291.5642786
297.3768839
315.3722322
319.0181167
314.5433863
314.9663519
321.3111385
320.0264865
309.7551815
297.7105194
289.2519325
273.7241784
63.56924529
298.7298902
307.7519483
321.3057305
315.1687779
299.3175608
306.4684255
320.090814
311.7592218
314.5651469
299.2731025
70.11437195
280.8787154
306.6629864
299.9454781
70.61892584
278.9523413
315.1612272
310.9412527
315.3334162
318.1313189
305.9417649
305.7483241
312.6427218
309.177131
314.6684376
318.3020643
287.0750426
310.4542432
299.0921341
64.72610414
66.29197433
65.96338171
296.5529927
289.9970768
303.2695813
310.1184475
310.5362889
309.7206614
297.7033651
311.5532124
309.3882254
308.6978095
65.23717792
65.8577931
67.34729054
67.47682107
68.00905062
290.3322358
63.82428028
318.9830638
309.4369576
305.7499748
299.5775101
291.9963443
298.2646301
296.896624
296.4486954
64.79325379
288.939481
65.0537583
64.12140715
287.2761413
301.2492469
304.5743236
308.4767946
294.5969256
306.3849137
296.3450896
311.6010098
64.52729515
65.65394489
66.42658663
68.02846357
66.92929721
65.37580471
63.96161285
63.90425271
64.85627187
295.9811829
307.1769328
310.9506228
290.9962019
69.12097569
70.08888548
71.01035961
69.48464618
67.66073688
297.1529681
275.1688145
306.5667375
316.4349288
311.2735184
305.4325684
313.7556086
290.0759844
304.6030183
304.7753229
307.6031774
307.3075004
303.5559216
64.84014756
66.5338548
289.7923031
305.1583386
305.3345487
299.4396781
307.3285734
317.364359
307.6936866
290.7987341
298.2003935
308.3089136
308.7567085
309.7960257
306.2362513
321.8563886
323.283739
318.769238
307.0660178
314.5841122
321.8576299
317.0144508
316.4944849
297.5609962
289.8494232
289.8561716
276.22915
288.7389553
306.0147092
308.099983
303.6016549
284.727542
299.475422
295.0530433
295.0724231
65.24745614
296.7461689
295.9423516
294.1621384
298.0838782
308.8608962
304.414022
299.1842777
304.039921
304.4201801
313.1059764
312.5129892
313.5707344
312.9580768
65.59020731
290.8714743
298.0023785
289.5337903
309.9548546
309.3849495
310.4217371
291.2871627
299.0824666
67.33323919
65.05415489
272.5761602
299.5712378
303.465363
307.582749
286.9061068
296.0586619
67.76979979
67.02753891
67.48791846
63.44352324
64.21693387
301.7555676
321.2960315
314.0835871
314.154202
307.6812178
308.3734946
303.5814482
324.7789557
329.3981327
320.5204003
304.2017993
67.31519108
65.49631523
290.2386166
298.369422
290.0570125
295.7899508
64.09705073
67.43594659
65.24549447
63.29502784
64.91010394
276.9763021
291.3268046
309.9461785
312.9818007
311.8302151
311.3613767
296.454121
66.79568223
67.60392355
290.7485195
69.19036439
299.0700298
299.452271
289.3045453
296.3394284
277.3646827
285.8249426
284.7631592
285.1567492
284.4203573
297.9538671
297.1238492
305.3045035
285.8046237
64.34207607
65.58245968
66.94615839
67.63122159
65.87691127
66.16991786
67.38629734
67.82637684
276.4665482
288.9033794
287.0879178
288.2196934
297.4357629
301.6619618
299.5470161
304.7982728
292.6700006
286.0080419
66.86739445
65.13610115
65.51240093
64.15539691
61.16466136
59.23433385
283.8992504
283.0905418
286.0510518
307.1362505
303.0405553
290.2638301
297.9690331
301.4837818
285.4305074
295.7771823
294.7016836
301.2842739
309.7914419
311.5063623
310.3025142
284.7585571
62.46560052
65.22619483
66.56153248
67.69566436
66.48078578
63.79876348
63.10318805
61.56290257
286.0152584
288.786658
296.0568266
64.9129809
276.2875346
66.65871193
65.24156511
66.39033181
66.88655604
67.11311279
275.6612033
313.0589564
316.784507
318.3946861
310.3164797
290.8422625
298.3553725
280.9709268
307.2921098
299.9715104
292.303203
299.4375003
299.0323167
299.0219066
309.2783405
316.8296063
302.0779759
296.8539545
290.6850047
300.5087946
291.774022
298.6866735
288.0111341
297.0498149
65.03726583
65.81957581
67.12606461
66.4100202
67.08385476
292.0065381
298.8485944
289.2750294
296.164202
304.2385552
307.2369587
304.3243111
304.7315288
303.6664978
295.5439166
294.971025
300.9583762
306.3713122
306.0794644
310.0138794
314.9145928
304.8989538
298.2456228
285.7002745
301.2397076
302.8706099
297.7487165
290.716561
299.0578681
302.5610759
299.6388322
312.7892442
301.660342
313.9954389
309.8782598
323.9260518
328.0155942
317.4361621
320.6471112
315.3971717
323.7602701
303.9783598
304.6646773
289.3764695
297.7996127
290.8965151
286.1520844
294.4444844
288.0974867
68.21536589
316.7246299
321.9678443
328.777846
316.9512852
311.5086344
276.603675
65.85748314
66.21733336
66.51992008
304.46821
291.6780213
67.66271803
67.9958813
290.469351
297.7779478
290.426051
289.1154875
288.8650818
297.572337
310.4756732
66.39359124
288.5799143
295.76959
309.7239792
299.1393138
299.3487788
300.1030415
301.6854572
301.7774128
281.64598
280.4942852
300.4766489
291.3030131
280.4004066
278.997134
289.4721116
289.922283
296.4570141
302.2094342
278.4201967
69.97321263
67.75418591
66.26332723
68.87144502
71.11781917
70.44455183
70.43914104
71.30525125
70.46873021
68.84067595
67.81594065
68.74702339
279.3168907
304.8524549
317.1330368
312.1418495
312.3089592
315.2619431
70.36979848
70.95484579
301.1838789
292.3196879
71.07433725
69.64197788
70.11094618
69.76971119
69.60283331
68.63011409
294.506618
308.0499649
319.2233554
309.3983948
309.4828155
302.3148723
303.1910311
296.5199696
304.3483637
309.0197667
308.061544
308.1877021
68.82396861
70.1158306
72.75265204
296.5041177
295.7018853
295.3665616
295.1689181
302.8403222
281.3721202
292.6027084
279.801927
279.9408134
71.8284944
281.9796544
294.2642874
292.1294623
278.2566888
276.6761498
67.13424218
67.97837243
296.8258996
288.3151805
287.7336402
274.7694859
272.944555
285.0585925
286.1099962
306.6801006
301.2354627
288.2385017
276.6190937
275.8696241
295.8005416
288.0864745
65.49453633
66.67971664
67.24108847
66.65679935
276.6948971
290.7047409
315.5924253
314.1449206
303.6120139
310.0175496
278.8342362
279.6548628
67.79876504
65.29937694
65.2001708
274.2649635
294.6409989
297.2811251
289.8322398
277.3916362
66.67779513
65.31657578
65.72507682
65.56096423
274.9209262
289.3439691
314.7600955
321.1535325
323.7791267
321.7013674
322.031655
302.7474038
297.4639666
295.752441
294.6912613
302.4303074
315.1165535
321.2675386
311.0011944
311.1475034
317.7195666
316.0209077
319.2596677
327.6709384
323.6788186
322.0488575
293.6245639
274.7915945
62.51431636
63.72796818
63.89545124
285.4388132
302.5278786
304.2336516
303.9082675
273.9762328
62.52456626
293.7374956
305.887764
312.3230454
286.6328762
62.50255681
64.57552394
61.43358805
63.08790921
286.8435552
68.17121734
67.23156753
67.27894179
67.96889745
65.84069333
63.72436806
65.36231178
289.7599675
308.2158227
304.4549294
306.5966939
310.3759909
280.7822162
66.86482693
64.98401613
287.9077517
300.2539185
301.3647953
294.7292315
64.364856
286.1666348
277.2324572
66.15022692
67.32806028
67.33293556
67.36740928
63.75870079
273.1678207
285.9204723
307.8791351
296.3356594
305.2700138
296.3657943
290.0445208
297.8050843
275.6719462
287.8685634
288.8220021
302.3640896
288.0977736
297.8072167
303.5861882
303.3132023
298.7608262
304.3879474
303.326513
304.0173062
312.7116892
313.4548086
304.875062
308.9069539
311.8473107
306.8788313
289.2045833
289.0487289
301.374336
287.8794163
62.94339601
62.82132934
287.5803072
296.2128698
307.1283175
304.5931104
312.2957531
302.6924644
313.0924168
307.8358476
275.9589448
275.1828747
285.4927713
295.5371349
301.3528802
318.1621229
321.28016
324.3416377
318.0386466
317.771025
320.9146142
321.1891736
312.9119217
313.7963214
319.4895795
332.1408033
331.8364377
332.1407252
328.4366868
324.6836343
321.2850208
313.9162541
304.1185644
307.6139057
310.1120439
276.1568965
66.11398741
65.0385472
287.0705615
301.6045159
310.1182719
315.1228986
312.8816447
61.26801816
63.02337689
64.90382038
65.41236093
64.88267836
62.72607661
64.44735801
66.93665319
67.53042955
66.68091702
66.60460018
295.048171
295.8724635
312.4461586
296.6408415
289.1245995
289.3738665
65.57071963
273.0483891
283.7337318
318.2917672
317.6991619
287.2084084
63.23193356
61.8747852
62.20987844
63.39998743
63.16187788
65.49659091
289.6599676
311.023971
321.3683117
326.1870532
329.8757298
326.4476126
335.9611269
335.3826624
329.8921057
332.5277275
329.4053613
291.192464
303.3803899
309.781825
312.8569421
307.7992834
305.9259236
305.524576
305.7920408
302.84855
285.0510242
63.1624593
273.9394829
295.7786227
297.1691109
297.1594213
64.64269125
64.43068946
295.9413893
296.7094837
298.5941859
63.62260469
65.06426893
66.17428664
67.73590007
303.7557272
305.8676908
323.1881401
324.2363926
310.1381416
302.5023462
283.073715
61.8865149
63.10838157
62.87461439
64.33603205
66.05994395
66.04706263
65.84624329
65.83293508
306.3276284
69.27597572
70.10993703
70.5591746
69.78796753
67.5990114
66.44812114
68.91034261
68.17111953
307.4911728
316.9478956
320.3560556
321.6268668
318.6318101
312.7472479
300.1988231
278.0301344
69.76595107
291.1267853
299.898135
278.7933475
313.0961078
318.1020053
323.6072768
320.1060397
311.9406177
303.3647202
304.2998642
302.994734
303.1434379
314.2297776
317.7534118
316.5094079
310.5528897
300.9825461
280.5804333
282.510967
301.4751139
294.6761267
294.2109561
306.9846104
294.3412972
302.597612
294.7626523
302.9747737
304.1293481
314.3394886
293.0355218
298.4830057
310.4425006
298.4279216
299.0255825
292.2696958
292.4552995
310.7074864
299.6016114
300.2202626
299.0341372
301.2930022
301.1259723
302.9208538
65.92136578
65.34516274
66.16492416
276.2128729
289.7626151
290.1439132
289.7109137
291.5260594
291.7462963
298.8237353
303.4705833
296.9526205
67.05657192
69.05729844
280.6957137
68.3171057
67.35471391
64.7686863
63.14694505
63.82027748
63.87094687
60.33570864
61.21711313
62.29462255
65.76586064
289.1752183
311.4241811
307.6947857
310.5068658
292.7299451
70.63841575
69.78895252
68.56673818
67.20045812
64.94483024
65.33353724
64.69263149
66.03891266
64.5608158
64.38183682
290.4267
292.6563302
67.7714522
64.61314327
64.41063124
63.50561714
65.17272224
65.17092718
66.93847528
68.32404564
299.4889765
298.0472994
306.9099581
312.7130901
305.4069254
308.3628392
290.1299154
289.3135844
291.2412246
303.7530413
67.02587985
64.70244125
66.59021148
66.1845178
276.3802991
304.0301085
275.1423992
62.60269453
62.43693562
61.12245832
61.33241318
61.11718196
58.21284262
58.8263115
293.819822
287.8896583
62.38800126
64.85541146
66.66365095
64.19725112
305.5664588
299.3814209
298.3143048
289.682609
290.5038124
290.9417817
69.08537764
70.71668391
70.47970028
69.39192703
67.10551796
68.59664205
304.0225556
306.8020952
304.2952628
308.5535528
304.3566288
304.4524367
310.2625351
309.6675612
298.5537596
304.4612613
300.7418906
304.6710237
307.0049101
305.9578507
306.8077814
308.028411
295.255118
295.8537767
295.6380819
66.0658787
67.19441981
67.91376096
68.31197982
281.2213198
292.4107069
278.5595295
64.52900865
300.8411693
288.8023824
289.3688457
287.8463431
295.1052451
66.16173565
67.45654134
66.94748049
65.32966687
296.1582244
287.9270764
296.458794
300.8716916
312.2060647
316.435183
308.9276863
294.7623946
310.6849555
318.3332813
323.6201832
312.5392561
323.2244786
316.4324639
313.2248495
313.313637
317.5171355
309.277643
309.7822977
330.0626503
327.9192524
327.3548399
331.4172749
330.4467708
322.7800477
314.3325331
310.477524
312.1005205
316.4200939
312.9547401
304.3926881
315.6156274
312.5956022
318.0307773
302.6461064
301.8057163
61.04944351
61.35513408
62.91908906
62.26664041
285.871137
286.7805158
294.1356185
295.57742
308.7647688
314.4362952
312.6545901
296.7328799
315.0312148
304.8175918
306.5119572
312.8412143
306.9924988
304.3913914
306.7313961
301.4008803
321.7286177
325.6359141
320.9086513
316.7058053
311.3583037
317.1519247
308.1471923
300.7258532
290.2900836
295.5241928
311.1124227
319.2398257
320.6578245
311.1437052
318.4794385
314.1556885
63.20876235
296.9438329
308.3897311
308.8992381
310.3065709
305.3508496
313.219955
320.4827219
322.3742478
313.1474636
312.8410834
301.6161364
300.1446261
68.94860908
70.40479668
69.47447618
277.9363465
288.2310715
287.0832222
65.1581861
288.6055076
288.3401467
289.3591046
304.4598782
289.1210128
295.7958647
65.63820985
275.4426121
66.07632481
64.42338348
63.05780465
286.4793444
60.75041363
61.94218481
61.62436286
62.66930845
290.3319457
67.18640917
277.619933
288.3582822
306.5630711
298.6155981
308.1173028
288.7577167
296.7162145
286.9357817
286.9566936
293.3956362
294.9647768
293.0125956
296.5818618
65.32225489
66.97090925
68.56877666
67.70973843
65.75661457
276.2227963
289.2610544
291.3932493
291.9230687
317.0822177
304.3939462
290.4346984
66.42658706
291.9244887
301.6433082
300.4229163
291.3995837
67.44232059
299.9443212
312.1557951
312.8588391
314.3814488
317.5805061
311.0278561
316.2290482
310.120177
314.3917264
309.2009682
310.0300363
69.40052316
279.0580098
321.8999303
316.3225867
308.5046279
289.5624791
298.7926024
291.4779013
290.6112137
66.97769814
67.84855205
71.09993073
71.07400832
293.0909237
291.4522409
291.3422731
300.1652327
314.8001924
306.2333945
292.8156687
69.1779413
68.00987739
68.65193153
69.70845883
300.4594807
300.6806971
327.99851
320.2230272
311.8761554
316.3742791
311.1673079
299.6328779
68.34545727
299.0684076
289.8185043
298.0111521
296.9308562
67.12266414
65.42763537
67.36009866
299.4564909
304.2985365
323.8033206
316.2352473
311.9048186
301.8979361
303.139416
301.5059335
297.7770174
290.5881469
299.4270129
292.2228769
314.8229535
298.9809531
291.7066717
299.5753132
300.536366
300.860275
300.0522294
299.843411
277.9882423
278.5757357
291.6262179
299.3491901
290.4302369
288.8552723
65.064863
66.43060505
64.48186274
66.01836267
65.87838283
67.10294248
66.61374596
66.71601035
69.36924806
70.11873642
67.28536164
69.14012144
70.77687121
70.57239712
64.75827593
66.17912424
276.3928634
307.44998
308.192088
290.4870465
304.6392727
318.0970318
320.4107103
316.0277921
299.5111147
295.8602287
63.69052155
65.01991543
65.81866759
67.74212747
68.24914427
67.09619934
64.56025177
64.45788083
287.1160392
297.0827938
65.3340755
66.52064846
67.21010712
291.2020785
303.4770018
288.851632
298.2207074
288.0736106
297.2694563
312.3931224
306.9626257
305.8029718
312.0887471
301.9861536
302.7695665
296.5997553
295.5639342
286.7559316
308.824706
313.5349162
313.2155451
312.8639134
303.1372491
66.3058784
66.02439059
64.69312134
63.80668958
66.0254876
66.03501747
66.59154957
66.2247739
65.98807773
64.41921019
64.12236769
275.6505461
285.3821096
295.4846091
297.0399933
288.5661564
301.8952555
297.359131
67.7024929
278.5480531
304.403806
292.2565372
292.4083284
290.5550511
289.0865352
66.4355773
289.3180546
303.8091595
307.0320589
302.3967861
298.3108813
297.124674
296.0213961
295.44168
295.7209193
275.7956949
287.1603527
287.7651574
302.0024071
303.0216127
305.6541576
301.0517933
307.5949458
297.9710542
289.0496614
301.0846756
317.7774448
312.7680081
305.4829969
313.8384489
324.6029494
305.3682785
311.8047311
302.5631222
297.2992169
294.8663501
307.6343152
308.1487521
316.8454013
305.056873
305.4372814
322.0875072
314.0992702
309.0893092
315.105709
308.3243553
278.9808879
69.48659616
294.5000758
293.4895152
293.3421937
279.8325461
289.5542445
289.2612217
296.7189197
311.0927079
295.2979175
295.5872198
301.0482856
316.1726574
318.2097505
313.3339873
307.7634221
303.1442768
296.1625381
288.9640353
302.7635484
320.5063755
298.1635283
303.7274584
311.6245179
302.0462229
311.4206311
320.9554637
320.4525251
328.5985103
326.6132031
319.7399644
327.0434729
300.2454207
291.850405
299.9614703
305.4639353
305.4900386
314.9303053
319.2773834
319.2367156
319.333652
320.1672059
326.8820447
331.8574689
335.6977117
334.6049647
331.5571831
334.7361288
309.3862979
308.901941
310.4136227
306.1960066
315.9759037
320.9898783
322.9685134
305.3894665
311.3829974
314.4081539
317.9307124
323.79568
323.5830825
319.1768512
307.8473433
297.8444226
295.8537991
288.6016044
288.1557685
295.8564888
64.52360502
64.92904211
66.30606739
289.5471173
298.2113838
297.5511759
290.0654406
66.79060593
65.71118407
69.25059289
69.32238168
68.30323846
288.8594907
299.7509251
304.9735601
315.5446711
301.4739412
309.9768059
297.2752425
276.8585473
280.0668775
280.0184279
66.7890674
66.56607678
274.6358036
64.62438092
66.87035799
69.13306365
68.02639307
67.85702383
288.464394
301.9205709
314.1288179
304.6526869
304.5681859
290.1641727
297.9661919
290.8896884
67.07172448
66.70339605
62.93350368
295.3226874
303.6366981
310.710574
307.8366276
300.4044903
309.7704741
304.6313151
308.8325
309.1630141
287.871897
63.17241271
64.26162428
65.2433273
64.84413552
64.8851996
62.64210308
62.66574842
65.03649925
64.28444996
309.7542863
307.9481507
280.3329783
277.5225165
309.045978
304.880009
294.297272
293.9199998
300.2638856
294.5286563
295.7603628
298.6903339
299.0210799
291.4326195
305.9525723
310.7671378
316.3989819
292.6614604
311.147432
310.0861632
310.7699983
304.2002718
299.0412521
289.2250919
297.1897386
296.7062288
63.73886809
64.57968072
64.6179929
64.95693135
275.7382794
312.7274324
312.9952266
313.6179066
311.9706634
302.2672529
302.3320936
316.3433502
311.3415875
315.8544474
321.5607424
304.3802977
276.3087602
66.03588621
66.64526408
66.30214995
65.58643924
66.49718244
67.23723356
68.50442819
68.83127557
67.97480471
292.4593887
291.3586454
302.8242398
307.7134473
307.1816471
314.8357649
312.7129262
320.685868
307.2719121
289.9110473
291.5588802
314.690726
303.2408344
298.126171
279.3976178
66.34082163
66.2166888
66.05797884
66.09399833
65.66943891
65.5262025
296.5169768
309.8538889
296.3549843
288.8708426
286.9630339
287.0031299
302.4401986
307.9881795
312.9879923
313.2967774
305.7222654
298.0795207
303.2557588
320.5712617
309.7851668
299.0085383
315.0874284
314.5483513
310.9604576
316.6908669
310.4406035
309.5622255
303.5601753
302.6225337
312.8814866
308.4794886
303.6112409
287.0263981
293.3911848
299.7804886
308.7605576
314.7065811
316.4430266
308.7242661
315.1233293
313.3229533
289.7844238
276.1112504
286.6713839
297.5988838
288.6588507
289.8721396
297.0137208
277.455671
287.3459598
288.6481549
286.4094475
66.0125598
66.0042789
67.57392617
68.38983963
278.6707907
308.7098146
303.8790418
303.4480733
299.3396287
290.1882908
67.19325135
65.25100357
63.68552495
287.801109
289.3319497
290.0568127
292.029201
298.7504472
67.88394212
63.10716955
293.0626125
279.7194767
298.8949494
297.8701516
299.5646617
291.1522806
303.1670842
318.2982304
298.6471311
303.3509775
313.2349608
66.65070917
66.28771697
277.8394052
291.0741006
289.553328
66.27176908
66.23577566
291.3792779
292.0699454
299.5686775
291.3888019
290.5536662
288.9820559
286.5540893
296.7295858
287.7603604
65.34512114
63.54127
62.92311679
274.5723471
294.6133402
295.5378823
294.9600896
288.6727713
66.53870214
299.5330445
292.3781827
304.9593252
305.801822
308.9457925
313.3056642
309.4142279
291.2734052
67.93989767
67.86693538
66.56764912
67.06828355
66.34530896
67.62583345
297.7045254
292.0096275
299.3113972
298.7407952
278.5176146
305.2257031
297.8105212
298.2311326
290.9279731
300.6839901
323.166305
325.6653056
324.9031107
318.4589335
316.4185145
314.8952706
313.0545384
309.8161797
316.6494078
322.1913127
321.4723116
325.5947957
316.5773813
301.3540803
70.58270233
277.8682592
297.0771507
298.0277884
311.2932283
313.8575591
69.66726502
68.83559138
67.74039418
309.4529559
309.7864495
324.0531984
312.6970053
319.2876346
314.0163914
318.7666886
313.3684996
308.8971913
317.7834981
331.7042044
319.5051453
321.4651925
310.3598909
303.3688377
290.5759883
67.94540686
305.3623214
314.2288168
311.2104686
306.2911459
68.93027334
69.30600226
280.1907083
308.4592359
312.489065
311.8199608
314.8297378
316.3882934
310.4417474
311.5703163
332.7336675
304.8238409
312.4867806
308.1497593
316.8154616
318.4598673
303.3882685
291.354208
290.9161905
278.5015374
66.60840929
67.8885127
67.46601834
314.9047975
324.7437277
322.1863775
305.1996696
290.3200024
277.7016696
68.75447005
67.88010598
291.1835806
291.2989074
298.0643102
289.886221
295.0662701
287.6755596
284.0618883
285.1385681
293.4530657
310.1013681
326.3301038
321.219709
305.4328148
299.2009107
284.9387446
297.9632991
67.03148646
67.08837489
68.15642518
65.85217843
66.13253332
62.79825641
275.4837487
295.8773354
287.3528589
286.4017301
294.3589116
286.4383617
291.5969784
59.19687782
62.05806835
63.0890972
64.35875144
63.92192953
63.07848508
63.82894861
62.98137083
63.46061601
60.40080078
281.8884238
298.1489257
308.0004175
305.1764499
304.7796847
293.4774024
287.090088
287.9250743
296.7102917
289.4839978
66.93071688
70.53402808
70.1090006
69.9045428
68.75613779
298.1786351
295.7089157
286.5429393
293.4682229
275.4687097
64.09621793
65.10997093
63.7732208
65.90783688
65.3873524
64.77604606
299.5613986
298.1023119
309.4761236
307.7482682
301.2172284
300.1549746
305.4226345
314.8853035
311.0873158
299.001042
290.8238426
68.71087125
68.30793851
68.69009689
68.6180608
68.6244541
279.8749761
292.6594591
308.1900396
305.5177619
273.4213081
284.4614058
272.7842072
62.09384687
65.03944467
64.63145571
62.9448197
64.12238648
63.17445196
62.84290477
66.35037405
66.07177595
67.04419576
67.9107937
299.9826644
293.1203176
300.2038054
299.2443319
288.5616715
300.8234682
292.0369874
293.1884238
300.4121482
285.8032571
286.7266752
289.6323359
290.7607287
291.3653918
293.7405763
283.2043446
69.27726153
298.8183171
289.4269176
286.5558558
64.32146365
66.59841862
66.61686522
274.0478148
284.0912087
285.1825401
314.1028529
309.8043375
278.6268423
65.68347833
64.39781453
64.4523851
65.42896015
65.54756982
274.3166197
301.8408109
301.5976937
306.9694699
296.0216373
290.8289377
291.2769334
278.5079552
298.2878935
280.3047482
69.26289593
300.7784335
66.61908667
67.10314823
297.7240497
291.4355399
306.3995678
299.6777552
305.4647735
290.3782726
67.04302782
277.5246666
303.6205097
289.3878161
296.4255175
63.40026965
275.4932844
301.0977637
288.5247711
274.0932317
63.0856514
64.14137926
299.2606629
280.5081769
289.1621858
296.9445446
295.2980105
274.615968
63.35908359
64.84030189
289.8740681
297.3696107
315.5956823
319.6243185
308.6291216
305.3010703
289.8977226
291.7229424
292.3018331
301.4484587
293.7008949
291.5090167
68.23294427
278.7865904
306.2697751
310.5123139
291.630699
65.87270924
66.04717818
66.37396335
275.9518226
307.0960789
296.9528795
289.6821535
296.9178323
288.4691718
64.34827232
64.71083705
63.33419238
64.65439394
67.75912986
67.2994856
297.6127571
289.4716317
276.8225488
278.2133612
298.0888592
309.6979946
299.0940447
290.5125312
289.1551809
66.16189849
64.60061325
63.70654278
66.33421519
66.73283724
67.56579773
303.6808468
312.0155711
304.577617
303.8755817
290.7778277
62.52714475
64.10339661
64.34646351
67.00065115
67.22241118
66.41656282
63.82148264
65.87269932
302.9756758
291.601754
299.1755062
291.609851
298.3884167
287.1511349
305.5066237
274.4117958
61.33946748
63.36890939
60.79646481
61.72773187
290.4155404
305.4368265
310.4912431
308.7024818
313.5746073
310.0735804
314.8140271
289.2020891
66.3993318
68.16703432
70.5137872
69.54357225
67.51639942
290.9832946
309.8586328
301.0468222
293.4305157
299.5959909
291.2359556
291.4499167
294.0644516
62.86105185
62.05230507
305.3440934
311.5049881
301.6559357
302.9899867
323.9441571
314.9404922
300.6954971
293.0545828
279.8478995
306.6900886
305.1663468
320.6913685
309.0770901
308.5536064
287.9425903
296.4461735
286.4106098
317.0517659
322.0822425
327.1289838
325.1239689
337.2040198
330.0120457
327.3163235
310.1645777
306.1209484
313.8524915
323.6286644
320.9407069
319.8578344
316.4126657
300.2455724
304.7500209
308.8366164
312.6265503
304.8155403
310.1875361
310.0838286
314.2952759
318.0802292
312.0988036
287.8349903
288.1052166
64.86584078
64.16063606
66.0592598
68.0834749
303.7252365
324.9363577
317.7350111
305.2957668
312.3881594
304.3313953
298.4978278
302.8011362
301.833287
305.5818168
66.61593925
64.28291923
62.73499075
61.95280323
63.81309676
62.51331231
63.38331308
287.3694589
294.7512833
295.5738206
64.26496487
64.30684215
63.56631737
64.93690678
65.93110294
67.24800884
68.5463596
68.58824925
68.24190858
66.19108341
66.81949418
67.32516727
67.82410014
68.34995648
68.97905014
291.3344189
291.2801443
300.5932735
292.6623621
301.1838826
306.6198491
293.3565283
300.7983793
300.5504842
280.47042
67.74604648
67.13802568
66.10623404
65.63554595
65.95320768
277.5004748
66.42759403
68.13979031
68.10258588
69.00152542
66.10998875
63.58339027
276.5057778
294.7757046
304.4279084
293.8987615
274.3417141
64.89021664
274.034485
295.6395742
276.5590694
67.29852401
67.54604421
67.28080006
290.3134578
67.57286649
68.99532238
299.7067567
298.9737646
312.5890622
322.3568446
312.088763
302.8441554
298.6355067
300.0679693
69.22375918
279.4319415
289.984598
289.4551065
297.2363236
312.9169782
308.8182546
315.5774398
310.6952267
295.8690031
68.46124959
68.74200505
290.9947878
298.4349524
292.8209931
69.1878371
69.293195
68.09517055
66.64667973
68.0962791
289.1291817
313.017504
321.2582849
318.2558646
307.8173062
298.5199659
297.038248
297.0521872
291.6728744
69.01201162
305.5705385
300.9167617
274.3320069
64.09618534
64.86727502
65.0171791
287.8667493
297.4734159
287.2299998
295.5110159
289.0940213
66.16573271
65.40018984
66.45348231
301.7951016
306.4991333
305.0699097
295.1397299
303.380613
303.3813092
67.22933628
65.85622513
65.29627619
67.69964346
67.30556614
66.71431725
65.44512413
65.67872659
66.65799021
64.07208999
65.52517959
65.29277841
64.74042825
63.07284107
60.45853893
60.91618815
296.4947279
287.6602931
288.9938121
277.6490773
312.6857949
320.7284032
307.626492
301.4621998
292.7453376
286.1258814
293.8663723
296.2004476
307.7851746
297.7879821
67.40130565
66.15369311
297.5863223
306.0089234
307.0207747
292.8755802
290.2379595
318.4097455
317.1671155
317.3851555
289.4621
287.3966138
303.4060732
309.1809422
309.2169704
297.6175435
308.0948414
325.9458774
323.5228245
330.1750196
304.1528726
303.6940595
307.299009
310.3638103
325.5997342
331.4398056
319.8052662
304.3972582
303.800967
291.2937644
299.6543344
311.1296757
304.2592035
298.1942441
312.982828
332.0568632
331.812471
322.3049232
316.0917378
281.0578452
299.9409579
291.3967873
297.3015637
290.5411132
297.6495511
297.925435
287.91109
295.9522127
287.6813581
298.7971795
305.8508562
308.2285573
304.6515433
298.0829779
297.7925108
65.05558414
289.6811381
289.2197273
65.15105355
64.58865489
63.72167829
66.60748623
65.84382056
66.82113955
66.33322424
66.72895961
277.6856047
288.2130075
307.1695025
306.3720487
298.6459683
277.7287466
296.5212017
296.5394864
273.3036559
63.79202271
65.52701243
65.79331509
300.5013455
305.1479415
309.6114345
302.1649039
288.6252895
290.2606286
290.4374037
65.95564001
65.32951817
65.29233878
279.7750407
299.276596
63.16402015
64.44446245
65.92841095
64.99087383
291.1346981
298.2756306
305.8911933
311.3413207
301.350293
291.3352289
276.903678
296.6330158
289.8356935
297.1003953
288.2997226
286.4223451
295.8795368
294.4274106
273.0898876
62.05218171
295.9231356
302.3679712
296.1568518
276.0145511
63.31130119
61.63385584
63.50392447
275.6635083
286.3368563
297.0700658
297.2711123
296.3213923
296.558639
288.1433702
300.5052068
313.0730377
311.3618768
316.0728691
299.6404367
296.3988142
311.5675081
306.5818002
302.686754
298.1197395
303.7046733
314.9061303
309.7012889
315.1565574
305.5123588
316.7455951
297.7724558
316.1356448
321.7252209
314.8706046
311.1810085
308.3009189
315.6172841
306.9362163
313.2553478
303.3251562
66.55469454
68.08730741
66.81336405
289.7335439
309.5211898
307.7740234
322.8494482
316.6896243
321.3706281
324.2644432
320.724917
298.7964042
291.1471204
290.5017896
289.6697765
295.0609508
286.1693055
284.8135848
293.8183147
277.0495744
310.8747818
304.0843315
307.7567441
302.8891842
311.1977532
305.9842958
299.5086504
313.4633437
294.6940715
287.2501977
294.9083762
272.3614728
273.1022255
284.9382891
305.5331032
301.7722289
317.3085282
315.0795235
329.6385876
316.6980935
329.2815049
327.5617877
310.628827
318.1856186
316.7377079
302.3309899
289.5890041
66.59846369
65.81179383
65.88880922
65.96400602
298.2665682
313.7581951
310.0196069
291.6105552
300.9024757
300.5105234
304.3802948
309.8691639
314.4247257
276.4195544
297.4604812
308.4514087
297.3315508
295.8696278
274.0699691
286.4552326
289.8563626
278.0989156
69.49691389
67.12139497
65.64794493
65.46781116
66.72992104
65.83047363
65.48599737
66.26848495
66.50134892
277.2341001
66.3089749
310.2006851
311.0824053
278.3515235
68.28413763
68.75138052
300.6442564
292.5356303
298.1436057
67.39652046
277.1588134
309.4677929
304.5484675
307.6454614
309.325229
305.9675539
287.1840565
275.4223949
65.05991251
288.776589
313.8486298
64.32173619
63.77895665
288.2647551
294.612483
297.9430078
297.5703514
303.1868698
303.9021462
314.2024995
312.1972157
303.2432502
308.802557
307.2262453
302.9070808
286.4263958
62.46443988
63.52520791
286.1612709
289.3992829
64.6783533
68.00565786
70.15262402
69.14250812
299.1822618
304.2879738
289.9849955
275.8189151
62.98762191
63.58084614
277.0754264
277.2928194
67.42489675
67.08180927
278.6315071
277.7587444
290.5525152
67.12838459
65.71908806
65.44915172
65.51755928
61.92429024
62.72983849
64.57637912
65.5714703
66.19229451
66.21743804
66.02805248
67.05491869
66.89036467
63.01170975
61.59334722
64.13296148
65.34361777
67.91138023
68.59850695
278.8609802
290.5240892
291.4769633
297.5437383
64.68695609
66.98030229
63.21395457
63.94241843
63.15688083
64.18505234
63.54206169
65.17064398
64.09043831
64.08611807
65.29069235
68.84893114
66.15698969
64.45928816
62.36658993
61.80879442
63.25276586
293.0801912
285.4772421
297.5563389
275.6628748
299.1355658
299.9799079
291.3797526
68.74997681
69.19534895
70.00026004
279.9667547
299.4280292
303.9926547
304.5399178
306.2764952
306.5353146
310.3796513
314.8843381
302.2287731
298.8411543
292.6650591
291.0443841
291.7881425
304.0702818
304.008396
307.8784711
306.2631361
313.7891504
306.8585942
312.0815871
71.54244474
72.4951532
69.85464388
68.36103974
69.42289134
69.16453804
68.28381662
69.06846411
67.11429251
289.248391
292.0144547
291.6645604
306.014938
290.8784192
302.2835481
297.427479
303.2747629
309.4694161
295.9447849
299.7612446
296.651101
295.5574548
288.0896093
298.2590989
291.5379588
298.8998939
287.7638888
295.1912816
296.8234183
306.1895235
306.4022801
305.301975
310.2180499
309.8215702
301.3855251
296.5593103
62.79884685
63.54011248
288.3928157
288.3684822
288.288667
294.2360734
295.9129863
285.313543
314.4249512
319.9874083
316.9089589
312.1526432
322.1090049
321.4322655
313.9638693
307.0593421
302.4801125
293.8953401
300.0967563
290.942945
290.7400238
289.8405041
298.3967753
290.6605303
303.5355159
307.2560184
301.0066228
294.763521
64.35980115
64.8683162
290.4880612
66.46209001
64.53530457
65.29497936
67.83511531
68.1386648
291.3260053
291.2828915
324.5414523
301.8319159
299.8430112
293.1269971
276.5520361
64.0198135
61.97127087
62.82512562
64.21750403
62.97180206
64.06453471
64.29078015
62.01408523
63.15542992
62.67833098
275.4462394
296.1835156
297.7951361
311.4945518
324.1362228
65.56809649
304.7233761
291.5905306
290.8087453
292.5038216
299.9679857
292.738119
68.13613059
67.28676001
67.73852666
69.42854117
67.54222946
62.92735854
61.57400815
286.4955761
285.9136113
296.2941102
289.9753107
297.4464367
65.27630073
65.78953679
65.52879009
65.12570322
67.49038081
67.29949006
64.79495776
65.96245377
66.04851204
63.88516383
285.4628838
291.2614629
293.8168911
306.9188698
309.6251637
277.945599
68.44410318
66.89353314
65.15532279
67.0740857
65.84544724
63.60185427
66.47855416
64.66422134
274.3315266
296.8567686
289.843263
298.9942113
289.9046832
298.8032048
64.61261875
276.749272
290.8779211
296.086932
287.6442632
298.7654023
306.8813118
302.6104962
302.0612849
286.6764689
289.056819
297.2521857
288.480978
304.3163241
304.1178701
299.2341768
292.2425429
298.8970427
296.682438
290.7699976
299.926516
293.0291632
279.6478971
68.53971582
278.5551046
299.0010649
288.602439
289.7900172
276.6655364
297.040719
298.1948252
64.99872923
67.97731427
69.63513404
68.75157651
67.11961277
68.97098536
292.0859745
300.6061831
292.4981048
290.1078588
298.7119681
303.5802738
310.1922641
297.3580154
297.0937454
295.7801033
286.7387917
295.0061425
275.7377834
64.56765113
68.16565909
67.6566694
65.87000856
276.3955628
298.8277193
289.5472288
67.33080359
299.2082423
295.1023475
296.0053367
64.08705696
64.98091107
66.98265161
66.62147509
67.44954765
69.19783318
292.4353939
292.2640951
301.7643195
68.85805067
62.99904794
273.6946849
296.4813531
289.2110664
289.4174077
307.3950805
296.4417939
63.82476558
68.59398286
67.34649875
290.1023041
296.9365693
295.990895
286.9640526
295.7398145
289.1016267
295.5728499
276.1311512
63.21114403
64.30022964
316.84323
315.9767517
308.4920963
290.0745962
64.95092697
66.07855686
289.7783035
289.0631668
286.837396
284.5051281
60.88501004
272.0651051
285.5158615
287.229775
275.1318582
62.62243328
287.0463368
287.4717109
297.5301847
316.3695013
64.64290549
64.46349724
62.08246088
66.06005371
290.1431619
288.6784682
65.56618067
66.78212184
66.92557109
69.34795412
69.57814438
68.18053178
67.24560057
66.75379655
290.2442152
298.2361181
299.3290055
297.2274651
297.4331228
275.4336953
62.8537198
61.82833
62.42402414
61.38066676
60.52210499
62.53092446
64.96976508
67.14763372
66.96218017
288.5338845
296.729198
311.7841722
312.8291062
302.860431
276.2643207
64.5571812
62.79382341
65.26069415
64.75709238
63.0306118
287.330585
297.2239669
291.9389002
306.1670504
304.3633038
313.3852759
313.9663568
306.8478166
313.279675
297.6777376
64.93884362
64.23826641
63.55781303
63.85825352
62.15917159
60.88544917
61.68212481
63.50639992
274.8447803
62.59901764
319.3917712
321.6001064
328.0664399
325.8335352
308.9911594
307.4006135
303.291264
286.8350957
286.391492
63.46136996
62.79640642
62.89773597
63.61422149
64.6258517
275.9733752
296.0924593
305.0708163
301.3802776
301.595294
317.9283298
300.6135374
65.2478335
64.61407306
64.62041222
298.0200362
292.8112118
298.8742054
314.0500453
290.7156561
310.445804
316.2486373
323.7356423
329.4848098
330.4703953
332.9983212
330.3483688
326.0966846
321.4828744
320.2341581
306.940024
312.4376214
317.0004557
321.9513555
323.6627766
319.3797843
317.6371742
315.0137931
316.4511123
323.0108424
333.8363562
329.7962476
318.7378472
333.9724865
323.5594281
313.3821483
299.1568366
296.7780069
308.1303292
309.4631412
320.194276
293.7853615
290.640832
288.5743207
296.9145699
309.0765281
311.9943113
313.5881699
310.8432679
299.9176313
301.903312
303.3295006
308.6981204
306.2648843
308.4680141
314.7656435
305.2920188
316.8325383
311.630267
302.3583141
301.0174264
316.6499485
316.598664
317.4489679
304.1588709
290.7703157
67.45824237
67.94151042
66.0058871
67.24184922
66.99416454
63.69842277
62.11545747
64.37562625
66.18415345
66.45197028
65.34750128
64.78275584
65.42844782
288.0688555
311.1023631
64.46869348
277.1342632
296.0683001
296.704802
278.032212
296.9345263
301.9135298
308.2114721
313.099106
309.4645913
307.8703502
309.1178715
297.4941257
288.7136853
290.250529
299.4575671
289.8548868
299.0864668
277.3664286
66.15976422
63.68562872
63.82255347
64.86257797
288.3694675
288.903677
289.3690182
298.1929022
309.3449429
304.6536658
290.3780039
290.8174614
278.8698872
67.80762942
65.42169024
64.57391556
65.64578979
66.0422926
66.65003267
63.18069565
62.31920153
68.31213486
68.81254095
68.9063366
69.31763221
67.44356986
66.82835604
65.15441117
64.15383966
61.91225647
287.048776
276.5308756
63.95950877
65.15943798
66.03847019
65.25861078
64.54974088
63.53020679
64.16694966
66.39063673
66.59511488
66.72385443
65.53618232
63.71582322
62.461076
62.98023002
64.1165939
63.56238307
65.09778521
64.86806552
66.91365417
66.30149904
68.22568948
68.73911991
67.19914912
299.2743079
299.7211636
300.4303929
299.8626006
66.96348976
65.80594387
65.79312277
64.39055481
63.20291038
61.77317616
65.5101287
66.05250045
65.98488311
68.09328939
68.46023629
69.82739237
68.42199595
67.43430649
66.0077128
67.46424174
66.84858393
63.70660309
63.60399314
64.48389726
65.64821937
66.06353145
309.8842859
301.9471152
297.6841417
276.775256
66.54913308
289.2261929
290.1209048
288.1083067
65.78291078
67.12905609
68.77548309
69.02428547
68.19493461
68.77019673
67.7237131
65.84836637
67.32920802
69.04414723
277.5040924
303.4194255
61.18972292
63.50023115
287.9008428
293.5076059
285.5719641
295.5767945
305.9559791
310.6521535
314.0260077
314.5525379
315.3118029
317.2388729
307.4088142
311.7117394
301.0930066
292.4683463
291.0973262
297.6664033
275.8300161
63.36460273
65.5682585
66.19600081
63.82546086
62.54991001
65.01455662
66.14004988
65.85205723
67.35940328
64.3842148
63.9051659
276.5419208
65.42195745
67.33593941
67.40511515
279.5293944
304.1415602
292.5845742
300.1447435
278.3278933
66.15300843
67.70959325
66.54337948
290.2286646
292.0103094
279.0273135
68.56090151
68.9907546
66.78727804
66.91280108
275.9979525
65.33975947
66.93106336
65.82085095
64.6385527
287.8708012
276.9085637
65.26501385
65.96292089
66.20708237
68.26807072
291.4036032
290.7858329
65.57320593
277.2893736
288.2731096
288.4926445
287.1439008
291.7179952
284.848198
295.2449404
307.4490991
64.75409077
66.04952428
64.96623595
65.28550525
63.84697501
64.07257448
64.4430137
64.34585224
297.8296281
65.9553423
65.38836488
65.43683112
65.52349525
64.15143702
64.1092857
65.40975599
288.93531
296.4337892
288.1964598
277.7852856
291.9868815
301.2205625
310.7829498
310.3254968
311.5713104
294.9489525
70.39496803
70.32274043
68.98926602
297.1865571
65.8959613
63.62916741
64.53995429
288.1861818
305.4356079
306.8021455
294.521894
285.5786991
287.0871227
274.577952
286.0375266
286.0294454
295.9909256
295.1890688
286.952101
294.6445601
295.7954155
289.1195153
297.6122392
278.1188064
291.44278
310.4175915
308.7130171
296.2947642
65.08935121
64.3113032
66.51704697
64.28420549
65.70476816
64.24551966
64.87115038
60.57728781
63.39571663
62.91366948
62.12008214
63.33147538
66.28056544
64.10957473
65.23161317
72.3123141
282.4544836
71.39077326
68.65680623
300.2724633
300.839906
306.1195942
299.2850818
300.2123151
292.4239761
70.59606268
292.6846585
281.2628242
282.2539634
308.084424
309.5298877
308.9903213
294.7060132
295.9643621
284.5752752
305.1098505
312.4769283
310.8236627
308.7240552
305.5382208
312.7674485
314.9403569
321.5650714
318.8483256
304.2634036
308.4261026
276.7253261
67.98629116
277.6286192
289.8853405
295.8905021
306.4566611
308.7756424
305.1673394
309.814668
302.5731397
311.5770684
322.9616426
317.8755913
309.8915847
313.9903054
313.4477894
314.0204624
304.067471
298.9396493
300.43059
317.6685518
313.6688981
312.0996735
311.9775695
294.4237174
302.706747
300.7895954
299.4065924
298.2148806
288.4711385
290.5141115
291.1280335
292.7998342
309.9689002
299.6272101
300.9597177
290.8555506
276.9257624
64.33556881
64.10803908
64.10801324
289.0734505
66.41619441
275.9859027
289.0242579
303.4234908
309.5703755
275.2844468
296.9632011
301.1830469
300.2751874
294.2840926
63.55352705
64.29932076
64.74430398
65.46419992
66.29457747
290.0109163
278.0285848
66.05425248
64.4609134
272.3604558
296.6218178
295.2257755
286.6594557
287.8307721
286.9236777
295.5124949
305.7909852
63.29482707
63.23281871
297.5578977
287.3286822
285.8425711
288.1561604
64.50598997
287.6148227
65.96464381
65.10786647
63.80680005
63.48509928
62.28695424
64.66202181
66.64852923
65.92974771
65.79410684
64.28995317
63.60155902
63.29779676
287.0396959
284.0584279
282.8928962
291.6798378
286.2305295
294.4189276
300.7164221
305.8733666
314.9472615
302.5547483
314.7798634
305.2879755
310.0679484
305.3364227
285.5134593
286.4613754
302.4303965
310.0011963
301.6142021
289.5991718
305.7167037
302.98526
303.2604186
304.8320482
290.1695275
289.1983387
296.1895386
64.07949287
62.58115351
63.05646246
63.32901464
61.09217822
63.42670696
63.30001963
65.17845521
65.45523087
64.83708171
65.42943839
64.27898205
285.9104935
64.89537372
66.90410906
289.4975511
295.67541
306.8203879
64.81688632
67.4174711
292.8552344
293.436102
292.1002474
288.7652759
297.8945437
288.9511815
285.5358321
286.2752384
295.868547
287.5657306
288.6314214
287.4951062
287.9862848
290.3508519
289.207205
297.177554
290.5491878
299.3726492
278.1523253
67.97336954
69.3996365
68.65270539
68.31321376
67.30941982
64.46807422
60.10418035
60.88810135
62.38702055
62.2588339
61.9586489
63.69219374
66.16966078
276.9101651
292.3714048
288.1577151
297.7195089
290.2577469
290.6982694
295.6139811
286.8255894
287.9686287
290.5666742
297.8985522
66.05041773
65.98692441
67.28254765
65.06571198
65.45179927
66.84265848
66.34013847
65.58739502
63.5205931
274.9067188
65.64781125
65.47893274
66.65847522
65.46797268
64.64599014
66.28931136
70.31810999
70.25712862
70.16430241
280.914476
293.197608
292.3073531
291.1461747
299.5907233
298.4979827
278.7294837
67.00173687
66.27822604
67.0163539
65.83547501
291.0282951
278.6298306
66.32604751
65.74185664
66.59589093
65.78822821
65.18933005
64.4216151
67.64328782
67.92999828
277.4264596
298.6581896
299.7118041
300.5938174
68.72427436
69.54399214
291.882657
305.4457483
307.5743589
299.7982695
65.10853043
64.9643755
65.68041385
65.26480741
65.33269114
278.8284051
298.870247
299.874832
298.9013967
292.0618999
309.3134808
312.7404904
316.2487599
291.9355726
291.9286678
68.43963091
65.4588342
67.57837707
66.60608326
67.27757184
67.72738174
67.42429339
67.41088508
66.0515606
64.64002827
66.70929166
66.96184989
65.6088815
66.22706003
289.4984932
297.1578446
277.9341987
67.18869113
66.33779576
66.60760486
298.7246498
292.0785722
66.4094325
67.27392081
67.4643245
289.5904909
298.0410437
289.5329989
296.4614459
288.5162344
288.561905
66.61181296
66.19667732
66.43771984
66.10303681
65.94317402
66.62576493
65.04204638
65.40979581
64.12722742
60.21485485
61.37817796
285.5653124
287.6578002
297.8727029
289.756396
290.3540109
66.67734383
67.63157243
66.86625261
66.78125475
66.91915108
64.96993698
61.87658488
62.46006217
286.4822885
303.6025292
300.0146021
306.1590319
69.84980481
69.30958331
67.54414353
69.67168515
67.40018416
289.0659924
278.4388965
65.84122557
67.00412849
68.73767697
65.55116939
62.70203801
61.56186841
64.48758547
300.1749816
315.8718042
311.7531118
297.185466
306.8645094
307.0901692
306.8101263
312.1930083
309.5891397
315.5766538
311.6189726
303.5691861
297.6529264
298.9622582
290.9113697
289.1061763
290.0322173
289.0383782
66.54037094
290.0715471
306.1512431
299.5657714
296.8870986
311.5095798
319.7579116
323.6944766
316.8335383
303.3688916
290.3449688
291.7953006
290.8770061
67.1061129
289.2545093
288.0689867
297.049463
289.9641789
292.1679199
300.4507122
314.8093064
299.3748076
299.747258
304.1238254
303.2236465
307.9309316
304.9305033
289.3821047
289.2044066
290.7373145
290.9481572
297.8120314
303.1118194
307.9572331
298.9657228
278.5773498
65.7951977
64.46648513
64.8576583
61.74090693
64.48230619
65.83600435
65.80786941
277.4228609
297.6311012
290.9418183
277.6323136
298.5005582
299.0974427
298.4799014
297.0977028
298.8540607
310.5679009
299.4766846
64.54952311
301.3332173
287.6003489
295.8324463
286.9983447
296.3919702
286.4807161
62.90978396
62.87025787
65.14928522
66.29527912
68.07785785
290.4314958
303.9284912
307.6366236
303.8651678
278.3568019
67.79330256
66.96967554
66.92642935
66.80020191
67.56375365
67.57026649
67.08585651
67.63870567
65.76479522
289.6746351
297.6763525
303.4829586
302.9918893
274.8841776
295.7893511
286.3700735
295.8343854
296.0766107
295.2306473
299.7691161
287.5918581
289.2464886
287.9928859
276.2616347
61.37394628
65.38049899
64.20712517
64.81102846
65.1670928
290.2355969
288.6108066
64.38264885
274.851184
295.8391665
288.1288213
307.8292258
277.1848147
64.89557464
64.99537048
67.94222153
68.41902465
67.21286897
67.22841156
66.92706666
67.72999665
66.93845644
67.03531974
69.29439099
291.4529805
65.82487637
65.54855965
65.75679521
66.61998817
66.66922916
67.05647569
66.18715252
298.1186601
290.9525989
290.9722319
291.5824845
68.67006085
67.94817617
67.21261804
70.9543128
70.40261006
70.93922028
71.76261708
70.30932448
69.08202427
69.66643722
67.37264216
68.10083844
65.78985671
63.71585952
62.55878083
67.68342324
68.0689527
66.88107619
64.49764906
274.2526715
302.8645584
290.0403406
301.1578888
307.8565498
310.0361734
291.9023067
292.0655194
67.03379211
67.32482856
64.61007692
65.51734524
64.56337626
275.7576425
288.1110203
299.6845967
289.3619352
289.6991717
299.0078644
302.6539761
308.5464812
302.5287142
322.1585634
310.8016149
68.67748202
68.28443197
289.0510078
297.867322
308.0395456
304.932788
318.3028166
313.5287542
304.7260757
300.1375697
68.53801558
67.30066398
67.65210282
64.58238321
62.40587498
289.0160354
297.8947057
298.9633032
277.6366148
66.60087383
67.50301214
277.583143
67.65168157
67.36750721
70.35105539
70.11138115
70.66540583
279.9668215
292.3492586
292.6576267
299.8547303
67.24123403
66.81716626
67.94146345
69.34609618
65.28856138
66.15387367
66.30413506
64.44381666
65.6927232
66.80893538
66.72313553
291.4026409
300.5665651
301.8073363
292.201117
65.95727091
65.93740225
66.05990474
66.56193241
68.69878393
68.49154161
278.2569538
288.0931743
64.77821986
65.74738831
66.46448258
66.21415474
65.96308106
65.83714509
66.01238175
68.01966712
69.15506535
69.00802602
69.12551213
70.25885262
69.56507728
280.8395552
307.2201039
300.0720691
67.11597714
64.42026399
66.89187885
66.12163203
67.56150537
67.59677075
63.53663339
285.4963272
284.8776676
62.5144385
286.6499024
294.3020903
63.35775027
66.68547422
67.42520881
279.1882266
279.2097475
66.66703803
66.74580802
289.7275228
290.1034904
296.1061991
295.2783689
292.4207138
294.7765858
295.6242817
295.8266521
275.6742808
275.6728229
287.7181757
298.3732014
65.73255281
290.6356726
289.0214383
307.3314595
291.1618759
278.5013875
310.5740349
310.2188769
314.689924
301.3002343
292.8038273
283.3452542
290.5347814
292.1772558
285.9074928
296.1994576
290.0385394
298.410977
290.9356347
296.9930508
306.6500232
321.1242098
315.5170528
308.5506673
303.2096
315.7825615
312.9634661
317.7573747
314.16154
317.4072622
314.9405532
300.9668902
292.919687
69.2542117
66.92241713
289.6955613
297.1636252
303.3578209
296.76894
67.42958076
278.3130173
297.5969766
296.1065244
306.7657344
287.7193924
287.4029605
275.4374764
63.37396639
63.7165607
66.98807114
277.8580672
288.6695999
65.14213101
276.1889979
302.9747993
275.9857388
62.71797521
64.44673034
67.92155791
66.67584286
66.02837055
67.467211
66.26959375
65.73955308
274.3418398
297.246907
300.5717536
293.575772
285.2320941
294.8022476
288.4510948
297.8862229
277.6708343
65.87187042
276.1838984
276.1868367
65.17940246
67.31120624
66.01491908
65.25629189
66.11409764
66.18231684
277.6979823
296.701287
274.9202985
65.18772035
66.8022708
66.39210009
67.39817425
65.44261598
288.8807105
288.0815596
294.6680428
285.0555013
296.761033
65.07777176
68.46603374
67.66868701
65.56954594
305.0318324
290.4668084
304.4249235
313.2136668
298.2575467
297.6468281
308.7726885
307.7247445
303.6208566
297.5562602
290.3726423
296.9584522
65.12309234
64.27992286
275.7528613
292.7855827
299.4728709
305.2684349
299.6746812
311.5320657
295.9637939
298.1435191
307.8946415
316.1675509
311.5467446
313.8636937
277.9900693
66.04365536
288.778906
295.7961742
62.67834772
64.19929085
66.24161222
67.44109441
63.09020702
63.04723115
62.38836931
59.86096509
276.3314418
296.4565612
65.11429075
65.88878791
67.19347612
67.7708641
65.84105146
66.85143029
68.22973154
299.4399006
311.378682
309.2498594
309.7696031
290.0650562
276.3214463
288.2187544
298.9053767
289.8655342
289.4046455
287.649544
288.2274412
65.04687857
61.38682427
61.86290781
64.28053599
66.29375343
67.62498452
291.6288183
298.4384667
289.7466341
290.5446801
289.1914141
289.1762186
288.4697503
276.966548
64.0207018
62.1349252
60.17980312
58.8969452
61.46070036
61.1821863
60.82871996
288.0638943
289.3832542
300.7675242
304.1356454
290.9450712
62.41246269
62.50902578
63.629175
63.52341504
65.59006384
65.29135764
64.43142403
64.50526938
66.39165988
67.40997068
68.14567029
67.2145891
67.81624122
299.4030882
291.3244119
300.4906358
298.4659753
277.8803354
65.2946331
66.00170085
63.81021787
65.6704232
275.498681
297.7156237
289.3748815
295.9083523
295.0663804
300.776075
310.8514474
314.9878807
300.9797753
295.8858089
66.49953607
67.99688177
277.2680131
279.3510405
279.1450142
299.3538067
292.8960129
291.7237167
291.7158395
65.97596436
65.02953849
60.34201709
62.94991801
297.4119121
289.8878746
299.7419192
280.1356154
72.09060219
282.3554586
294.1151765
298.6086272
316.5349494
305.2149712
66.96416849
69.52317865
279.1817979
299.5364139
292.3321774
279.5875624
69.44999503
70.15124409
70.56118117
69.8679259
70.83297699
70.65792267
68.87345427
279.2320227
290.8442821
299.3222503
299.9423207
291.3432573
67.61712753
65.74986238
292.3960687
299.8247715
277.4556266
67.06039495
279.2428743
300.9579207
293.612498
301.1658239
291.4510472
289.7532255
64.23912902
64.39565163
69.18486103
69.10731911
66.76614722
63.64741738
62.58236558
63.31387329
67.49404661
300.9692664
65.62892244
65.30615359
63.5463703
63.33286849
66.03951743
303.0254046
297.4919976
287.7730303
276.4237385
291.7561662
300.3315875
312.754643
292.4152913
291.0593995
288.8556549
289.5147113
68.81913326
69.08349902
66.83406444
66.59275113
288.0858224
288.3483339
275.9256842
65.58934674
65.47743892
296.6552807
297.6530239
290.0750084
297.7283557
276.2075941
64.2357898
65.27103585
63.72223782
65.84819736
65.89331049
66.74157986
297.5590615
290.6230717
289.9610094
289.2647364
310.0193654
303.0453205
315.840048
306.8168578
289.2727194
299.3855357
295.7765775
274.5328005
61.61765077
63.06018634
67.49955641
68.16849276
69.06044421
69.97850757
68.32018984
67.63529015
68.14656278
67.7839651
67.47133311
67.55103309
62.16639792
65.90605464
64.38050648
277.4151759
303.1617084
316.2116764
320.3191584
321.5903557
311.3265111
311.6733063
310.119489
308.8181519
306.349274
308.991386
316.3147683
306.994738
289.1568367
275.6977062
275.7325418
287.9603067
309.027981
298.3479084
297.5523972
278.1867475
65.78725866
66.14298625
63.90519175
62.57481433
63.62442256
63.94299479
63.59586358
64.34130089
64.21739256
61.95515775
63.07144305
294.0054551
305.7680135
309.9808601
308.7188511
303.7319306
60.37694155
62.90629519
63.60536408
63.98036536
66.41862624
65.67126568
68.82779859
67.78596604
69.46639346
69.27683941
69.91982363
68.35913032
67.80011678
277.3581207
297.0433084
64.34179276
62.84905828
61.86428844
58.74369277
60.42875528
64.09836189
64.70287199
65.5531074
68.00013148
69.49880153
66.04999708
64.71644268
62.79756018
272.4447829
63.71327842
273.9613919
275.957727
65.15219014
65.32940376
66.02894441
68.16995893
65.91671722
66.08680259
65.32545493
64.96759559
291.9609511
315.6987167
318.0878323
289.5460608
307.3449348
290.3151203
289.9484956
289.8500451
302.5963581
305.8691331
298.7676573
293.0926752
301.0372813
313.2937732
305.7273573
288.870563
298.5079382
298.9154687
290.3384065
299.3318175
301.8816157
299.8528141
301.3638825
302.5067192
296.3840085
62.01028668
62.13305746
64.39477715
65.06972835
63.5834653
286.9244775
297.3445903
297.681723
294.8138615
297.0074273
288.9558698
296.9142551
276.7297307
62.899225
286.4678573
287.6037243
64.93374446
66.06471514
64.3422426
274.9542813
294.7659279
294.6796963
274.9359189
64.05611687
62.22491306
274.1085061
295.070097
287.5582768
66.01471449
66.11466223
66.74131504
67.12776975
66.08856247
276.5214264
295.6049349
65.57637017
64.53213326
64.21467064
62.26163107
61.81469579
64.5212051
274.8616451
294.6436787
296.8819793
65.28341532
64.12426805
64.42291274
65.05181954
64.03324666
63.89951367
65.11709377
65.38000231
63.71381687
63.05380201
65.68332154
60.97103349
59.38782078
59.78589335
60.05323806
293.171092
296.9835774
288.5481293
66.32634836
64.56720244
65.94943723
66.88836734
64.94998573
66.03329634
66.21796341
65.74939602
67.03504445
66.59165112
66.13798218
66.70621576
63.93301512
63.65464118
65.77500055
65.74256953
276.0531219
63.34965753
294.5295082
305.9915191
303.451256
288.2788932
296.4939154
288.7150379
289.6631206
276.4828144
65.35901613
64.45225142
64.82861923
65.97820221
65.69363428
64.33689061
62.66563067
301.5415247
301.3060455
295.9778353
289.9757741
308.1558596
320.0251314
320.1506633
321.3876553
319.9838581
310.598526
298.5820891
291.6108537
300.5420156
278.9329001
68.87492302
67.85081144
68.43486847
292.1304528
297.9938881
297.9748367
317.2475464
311.3374695
299.0189155
297.5006707
275.3465968
289.2606073
291.3384608
292.2947265
279.8932854
71.51185833
68.88048774
68.28515925
67.12423588
289.7683494
289.5518596
297.4030857
299.359667
290.6320547
299.2108902
291.5129882
275.9268836
65.40924755
68.21516362
68.21249906
290.4556833
288.2988898
288.9515231
276.5300109
288.5144979
289.7768332
299.6533487
290.8657149
290.8437432
290.1608391
292.3514207
300.460621
293.2562378
290.1013486
297.3830135
275.6906824
64.87252489
62.80700107
62.98260323
63.76391184
286.048633
63.06866703
62.34024969
63.44238805
64.04965332
65.84477688
290.3730856
67.52298021
65.94099988
65.52451934
65.60819125
66.29500746
65.85927789
66.26568392
66.49385196
64.9752891
66.46737121
69.24390371
306.5755916
299.9998548
275.5853962
64.76122435
64.7919902
63.20184803
67.03076615
65.62675626
63.85965426
61.39799216
291.6638525
292.7994594
295.8411462
296.4331506
64.54999911
66.17621553
65.48429066
65.53879939
279.5101528
66.93525597
291.3547913
303.0438765
305.7076743
301.4582719
300.2084999
285.5067738
273.0389497
62.70799722
65.73239757
64.8941901
65.26850166
65.52725688
65.18716609
275.1340195
302.6445922
306.2910464
317.3405971
323.5277011
335.2536744
329.5597164
316.9466482
313.2797607
305.8374148
67.69303805
68.87993996
67.50915013
277.8968293
287.0525057
64.94877744
287.9400353
288.7429949
297.1690578
297.5843137
309.2003006
310.4818069
317.2550347
315.4913852
316.4528637
68.50718862
66.99284079
65.67615753
63.95669487
274.3088425
285.5325968
64.57834999
63.77011824
65.6539793
66.77622178
276.8032439
277.449114
68.96483938
67.78899797
290.1110292
298.9704489
298.486292
290.3066476
289.1765995
66.60283559
68.13079885
68.04263248
66.83024656
66.31446762
66.08778852
67.31387594
67.48859566
289.7402455
296.5434633
294.9825822
299.7905488
299.1475817
299.4990715
301.0216236
298.0346512
307.9552559
66.7527298
66.99241142
68.42234251
67.91493429
69.77386621
68.48030157
277.9844929
295.5464536
286.4143288
296.7966147
290.3949315
298.106654
67.74350312
298.5241435
299.67394
305.4804528
297.6186337
295.4093001
289.5249948
286.9206519
309.3625803
309.9365335
292.22214
301.5903824
294.7149037
294.6729206
294.7299527
311.2990416
314.9031365
323.3819673
328.8763241
320.6081223
318.5583347
312.628131
300.8101949
300.2791911
291.9170051
290.7056154
288.3499773
291.6497624
290.8633305
289.8054009
64.82190917
64.62220175
322.7159785
323.4477828
310.6861772
317.4883905
304.3339865
310.01722
305.612631
310.7033998
314.2852239
311.7174533
311.9514731
313.1080727
310.5806773
318.0225655
299.9574024
66.61722512
66.26791368
294.7090914
311.6577812
307.4456871
274.6951671
306.5941401
311.2568546
302.3631996
275.6894104
65.75751335
65.39778904
64.59313221
61.84522979
65.95993086
65.48441049
297.370266
304.3521849
303.7816513
317.426155
324.7372331
329.2060915
320.7468849
318.852727
295.0910557
303.8370062
305.9558535
291.1744899
289.8968259
290.7666832
296.6798719
63.16975012
64.19964885
64.13145009
296.6826563
298.9631848
67.27780939
66.29247584
63.23695765
65.31564148
275.7463178
288.9990853
302.2500935
289.646621
289.6606036
65.67128698
62.9798117
288.455122
291.3263491
293.1720294
294.2543394
313.7961532
310.6286411
308.0442557
307.4660798
298.7448176
285.159773
63.87441173
65.78811181
66.50480489
64.82121595
65.31932271
65.31227469
65.13575823
64.48454557
314.2124727
291.9554772
300.2899456
280.0342683
68.47180081
63.86559641
60.13792688
62.09665453
62.92959105
62.52265227
65.46774179
278.4814133
299.3141238
291.477288
299.3945847
299.5693325
299.8791318
299.5243506
292.3746003
306.1395202
315.7664875
318.2339535
326.0321916
322.0760534
327.2662092
315.0255645
308.9012588
309.6093136
304.1813928
316.7201341
303.7967989
313.9026933
307.2237923
304.4242402
308.7151557
307.0472371
307.4729675
298.2259597
290.6978283
300.1374091
319.0915646
309.2784332
316.2100704
313.4925622
72.1315735
69.38865271
66.68527039
65.39078326
65.85439342
65.4864897
66.46728535
65.51817863
278.4866222
291.6012453
298.9014152
292.1622682
306.0678805
320.6901277
322.0154573
316.130546
64.02537555
64.26376271
64.96654841
65.31092529
65.42995487
65.7253579
67.38559774
68.42516564
66.51024646
67.41738621
289.572911
304.3792926
305.4629614
305.1670909
314.3391886
314.5398371
314.4564759
306.9560119
301.2625957
288.5890334
64.45819397
63.6752699
61.38260238
61.29599877
60.84848925
61.42430351
60.78981661
62.76981173
64.44250934
64.30137954
301.4428488
298.7877451
312.8302927
297.7490628
317.5553213
309.1961021
309.6487486
278.9372253
67.27264092
66.2168168
298.6501405
296.6046844
66.0333037
68.85032986
69.93342096
69.24188791
292.6006046
300.7619312
298.7603122
296.6174845
65.8938839
276.4023017
287.0451439
64.69379784
65.16405272
64.55533454
63.64399033
62.92616233
64.17770839
296.9108173
69.00763916
69.57381079
69.81603633
68.83908817
67.85561083
67.11740516
67.7833625
66.58096039
278.3587845
279.3448045
67.86453588
68.1242142
278.5447116
289.2054307
288.4148634
276.6569084
64.52109872
67.86133656
67.74134777
67.45871233
68.00841596
66.45675552
307.2765431
313.7996972
313.897332
309.8975873
312.0604284
312.3568619
318.3662804
298.4717603
305.6419231
309.5208163
308.4528604
307.6159154
303.2159882
296.9751885
298.080813
303.3695601
290.2778709
65.99677915
302.9477305
287.9438679
66.0218603
63.36512393
64.0559155
285.5365537
302.4875192
296.4671474
295.33466
302.4408859
306.323662
300.0053982
292.9894818
299.4254544
291.4818792
299.4729673
277.9454792
277.250598
302.4644961
297.863001
279.1424957
277.8130379
290.0584536
300.1046484
291.1194562
306.2961677
301.9616104
286.4806504
65.53021028
65.88507904
63.01672532
283.7245493
292.8964811
288.2391663
296.4879258
277.9561976
306.7419164
315.4449109
293.9159853
300.5781435
307.3988875
310.3441653
302.4049045
289.3810399
295.8231749
65.72810288
64.53796185
63.19374981
64.01748807
64.70051109
65.04901326
66.16739416
66.36792166
66.11080385
66.03325995
66.83376728
64.30294973
63.83441223
283.115708
291.1029358
64.74445005
63.92744374
64.47044701
66.1200483
67.45188952
69.75811225
69.91548247
69.97405906
66.63928534
64.48181347
64.59187635
65.39929089
65.79425943
68.10717697
65.29019256
274.8618019
306.7437777
273.3204918
294.4095208
275.1712861
290.7932455
68.04686123
65.13109608
61.99989818
62.85491064
63.3883388
64.87131187
65.99368285
68.63036582
68.39040523
291.1692189
298.2311474
65.53632361
65.51343191
66.74634215
309.8524883
299.5398574
306.18125
300.6717877
315.4586046
313.160249
308.051782
302.181413
309.8641932
312.5410313
319.0493543
312.7639075
309.0937911
308.6193651
316.3800228
313.7211494
328.2752233
336.2429454
334.4918969
338.9223588
329.052904
332.6825685
325.3426376
317.4577559
305.3650473
316.7222937
304.5273503
317.8855104
310.63885
311.4573477
302.7157855
315.5667403
310.3636301
300.1957501
290.5391506
291.2287888
66.84904123
67.61091882
67.31218762
65.75795079
277.0333989
67.52152321
278.1296594
308.2981595
315.7740294
278.4313203
308.6502221
286.9414218
287.5656771
295.5881081
285.8250437
273.3552527
295.6620175
307.5241335
309.5534246
317.7933165
311.3349312
304.0579347
308.4594605
317.7560775
319.4921649
316.8326646
320.6280758
312.8511939
298.7209623
66.11622503
64.8591483
65.76002711
64.26443986
65.53985632
64.41897809
64.37802819
63.35773958
66.54144522
66.04643703
67.47922946
289.3141209
303.6179128
314.5617964
309.8856619
299.9946158
290.5854444
296.8850488
290.7129028
296.8734817
308.9074602
313.2889307
298.3917959
296.5385194
286.4416279
286.9939427
286.751055
286.7585566
287.0959061
301.7064588
302.4478596
309.0157682
297.2107096
289.9299264
287.0622261
287.5043885
295.8378407
289.6757637
290.1982412
298.587588
305.2052458
291.8171592
291.6365264
290.9827712
309.7659364
310.6263982
310.620567
307.1537802
307.9690317
311.923178
323.6026543
315.8882686
319.8954366
318.5746602
323.9623034
317.1025075
315.7986653
303.7826981
303.652912
302.6642622
)
;

boundaryField
{
    xPeriodic_half0
    {
        type            cyclic;
    }
    xPeriodic_half1
    {
        type            cyclic;
    }
    yPeriodic_half0
    {
        type            cyclic;
    }
    yPeriodic_half1
    {
        type            cyclic;
    }
    zPeriodic_half0
    {
        type            cyclic;
    }
    zPeriodic_half1
    {
        type            cyclic;
    }
}


// ************************************************************************* //
