# Probe 0 (5e-06 5e-06 5e-06)
#           Probe                 0
#            Time
            5e-09       18125.22545
            1e-08       17369.46259
          1.5e-08       16915.93381
            2e-08       16613.51732
          2.5e-08       16388.08423
            3e-08       16225.34176
          3.5e-08       16090.45085
            4e-08       15971.27689
          4.5e-08       15869.87304
            5e-08       15770.45381
          5.5e-08       15696.66678
            6e-08       15638.09812
          6.5e-08       15584.04225
            7e-08       15538.63269
          7.5e-08       15499.90283
            8e-08       15459.49406
          8.5e-08       15419.88808
            9e-08       15386.72208
          9.5e-08       15355.22103
            1e-07       15328.01602
         1.05e-07       15302.85493
          1.1e-07       15276.99069
         1.15e-07       15255.82264
          1.2e-07        15237.2526
         1.25e-07       15218.66873
          1.3e-07         15200.526
         1.35e-07       15182.44323
          1.4e-07       15166.36609
         1.45e-07       15150.04608
          1.5e-07       15133.74539
         1.55e-07       15122.24629
          1.6e-07       15109.91377
         1.65e-07       15098.75671
          1.7e-07       15087.77464
         1.75e-07       15077.70996
          1.8e-07       15067.65288
         1.85e-07       15056.24012
          1.9e-07       15048.18127
         1.95e-07       15040.36545
            2e-07       15031.72302
         2.05e-07       15024.97159
          2.1e-07       15016.48796
         2.15e-07        15008.8347
          2.2e-07       15002.94938
         2.25e-07       14996.67012
          2.3e-07       14989.66427
         2.35e-07       14982.91367
          2.4e-07       14976.74315
         2.45e-07       14970.96165
          2.5e-07       14966.05933
         2.55e-07        14960.7721
          2.6e-07       14957.65289
         2.65e-07       14953.31521
          2.7e-07       14947.34614
         2.75e-07       14943.40884
          2.8e-07       14938.12754
         2.85e-07       14933.02364
          2.9e-07       14929.62941
         2.95e-07       14925.48215
            3e-07       14921.69972
         3.05e-07       14918.40037
          3.1e-07       14916.34454
         3.15e-07        14912.4994
          3.2e-07       14909.12274
         3.25e-07       14905.47316
          3.3e-07       14902.52449
         3.35e-07       14899.80743
          3.4e-07       14896.86503
         3.45e-07       14893.33941
          3.5e-07       14890.26426
         3.55e-07       14887.24549
          3.6e-07       14884.26445
         3.65e-07       14881.44707
          3.7e-07       14878.26281
         3.75e-07       14875.86848
          3.8e-07       14874.17772
         3.85e-07       14871.25905
          3.9e-07       14868.26507
         3.95e-07       14867.04849
            4e-07       14864.59526
         4.05e-07       14863.24448
          4.1e-07       14860.90516
         4.15e-07        14858.4116
          4.2e-07       14857.13956
         4.25e-07       14854.65779
          4.3e-07       14853.01755
         4.35e-07       14850.88338
          4.4e-07         14849.485
         4.45e-07       14847.62214
          4.5e-07        14845.1569
         4.55e-07       14843.33044
          4.6e-07       14841.89409
         4.65e-07       14841.05014
          4.7e-07       14839.71038
         4.75e-07       14837.97597
          4.8e-07       14836.47255
         4.85e-07       14835.32044
          4.9e-07       14833.97282
         4.95e-07       14832.14118
            5e-07       14830.58875
         5.05e-07       14829.58866
          5.1e-07       14827.52098
         5.15e-07       14825.80982
          5.2e-07       14823.88889
         5.25e-07       14822.63073
          5.3e-07       14821.72625
         5.35e-07       14820.35921
          5.4e-07       14818.89797
         5.45e-07       14818.63545
          5.5e-07       14817.54195
         5.55e-07        14816.9347
          5.6e-07        14816.1563
         5.65e-07       14814.76926
          5.7e-07        14814.3084
         5.75e-07       14813.07862
          5.8e-07       14812.29908
         5.85e-07        14811.4461
          5.9e-07       14810.82819
         5.95e-07       14810.06259
            6e-07       14808.97286
         6.05e-07       14807.57258
          6.1e-07       14806.38138
         6.15e-07        14804.8528
          6.2e-07       14804.37219
         6.25e-07       14803.83755
          6.3e-07       14802.29072
         6.35e-07       14801.85713
          6.4e-07       14800.78495
         6.45e-07        14800.4735
          6.5e-07       14799.71238
         6.55e-07       14798.55568
          6.6e-07        14797.7402
         6.65e-07       14795.96734
          6.7e-07       14795.87261
         6.75e-07        14794.5904
          6.8e-07       14793.65992
         6.85e-07       14793.03192
          6.9e-07       14792.60081
         6.95e-07       14791.67262
            7e-07       14790.73703
         7.05e-07       14790.04594
          7.1e-07       14789.96116
         7.15e-07       14790.04198
          7.2e-07       14789.25859
         7.25e-07       14788.46545
          7.3e-07       14787.92938
         7.35e-07       14787.49724
          7.4e-07       14786.48535
         7.45e-07       14786.42332
          7.5e-07       14785.83856
         7.55e-07       14784.59402
          7.6e-07       14784.27605
         7.65e-07       14783.21095
          7.7e-07       14782.75447
         7.75e-07       14782.49926
          7.8e-07       14782.05617
         7.85e-07       14781.04412
          7.9e-07       14781.74702
         7.95e-07       14781.81854
            8e-07       14781.82562
         8.05e-07       14781.03269
          8.1e-07       14780.68949
         8.15e-07       14780.50616
          8.2e-07       14780.30567
         8.25e-07       14779.38762
          8.3e-07       14779.06883
         8.35e-07        14778.5835
          8.4e-07       14778.37906
         8.45e-07       14777.76116
          8.5e-07       14777.06897
         8.55e-07       14776.78975
          8.6e-07       14776.37029
         8.65e-07        14775.5961
          8.7e-07       14774.81243
         8.75e-07        14773.8699
          8.8e-07       14773.19949
         8.85e-07       14772.64738
          8.9e-07       14772.57431
         8.95e-07        14771.6367
            9e-07       14771.08907
         9.05e-07       14771.07288
          9.1e-07       14771.00389
         9.15e-07       14770.66807
          9.2e-07       14769.64554
         9.25e-07       14769.62604
          9.3e-07        14769.1154
         9.35e-07       14768.95213
          9.4e-07       14768.46044
         9.45e-07       14767.82001
          9.5e-07       14768.56173
         9.55e-07       14769.06367
          9.6e-07       14768.91466
         9.65e-07       14768.67225
          9.7e-07       14768.87241
         9.75e-07       14767.96892
          9.8e-07       14767.88482
         9.85e-07       14767.38054
          9.9e-07        14767.0644
         9.95e-07       14766.79895
            1e-06       14766.40799
        1.005e-06        14765.5305
         1.01e-06       14765.40261
        1.015e-06       14765.52375
         1.02e-06       14765.08757
        1.025e-06        14763.9763
         1.03e-06       14763.82652
        1.035e-06       14763.32335
         1.04e-06       14762.64994
        1.045e-06       14762.50393
         1.05e-06       14761.83831
        1.055e-06       14760.85155
         1.06e-06        14760.4113
        1.065e-06       14759.54065
         1.07e-06       14759.11275
        1.075e-06       14758.52631
         1.08e-06       14758.52026
        1.085e-06       14758.39447
         1.09e-06       14758.19333
        1.095e-06       14757.47072
          1.1e-06       14757.43964
        1.105e-06       14757.26082
         1.11e-06       14757.09847
        1.115e-06       14756.68163
         1.12e-06       14756.12986
        1.125e-06       14755.88323
         1.13e-06       14755.61309
        1.135e-06       14755.45924
         1.14e-06         14755.484
        1.145e-06        14755.5494
         1.15e-06       14755.28385
        1.155e-06       14755.59667
         1.16e-06       14755.60501
        1.165e-06       14754.95962
         1.17e-06       14754.95651
        1.175e-06       14754.61161
         1.18e-06       14754.30998
        1.185e-06       14754.56024
         1.19e-06       14754.24298
        1.195e-06       14754.41876
          1.2e-06       14754.01881
        1.205e-06       14753.51013
         1.21e-06       14753.59183
        1.215e-06        14753.8578
         1.22e-06       14753.83614
        1.225e-06       14753.69206
         1.23e-06       14754.46429
        1.235e-06        14753.7349
         1.24e-06       14753.06022
        1.245e-06       14753.07362
         1.25e-06       14753.20359
        1.255e-06       14753.22874
         1.26e-06       14753.76722
        1.265e-06       14753.73723
         1.27e-06       14753.32027
        1.275e-06       14753.62286
         1.28e-06        14752.9767
        1.285e-06       14752.69488
         1.29e-06       14752.20495
        1.295e-06        14751.2472
          1.3e-06       14750.79438
        1.305e-06       14750.93956
         1.31e-06       14751.08598
        1.315e-06       14750.77726
         1.32e-06       14750.55273
        1.325e-06       14750.42541
         1.33e-06       14750.44081
        1.335e-06       14750.45349
         1.34e-06       14750.04129
        1.345e-06       14749.26758
         1.35e-06       14749.12099
        1.355e-06       14749.21606
         1.36e-06       14748.77631
        1.365e-06       14748.07725
         1.37e-06       14748.77946
        1.375e-06        14749.3088
         1.38e-06       14749.22749
        1.385e-06       14748.86279
         1.39e-06       14749.03214
        1.395e-06       14748.40672
          1.4e-06       14747.78887
        1.405e-06       14747.62332
         1.41e-06       14747.32487
        1.415e-06       14747.17947
         1.42e-06       14747.89948
        1.425e-06       14746.87867
         1.43e-06       14746.13246
        1.435e-06       14745.90465
         1.44e-06       14745.90092
        1.445e-06       14746.27873
         1.45e-06       14745.78596
        1.455e-06       14746.12146
         1.46e-06       14746.27638
        1.465e-06       14746.52007
         1.47e-06       14746.29141
        1.475e-06       14745.80036
         1.48e-06       14745.34848
        1.485e-06       14745.14828
         1.49e-06       14745.02906
        1.495e-06       14744.30388
          1.5e-06        14743.9246
        1.505e-06       14744.37274
         1.51e-06       14744.41002
        1.515e-06       14744.08267
         1.52e-06       14743.85574
        1.525e-06       14744.46554
         1.53e-06       14744.70361
        1.535e-06       14745.06416
         1.54e-06        14744.5594
        1.545e-06       14744.87562
         1.55e-06       14744.66641
        1.555e-06       14744.41764
         1.56e-06       14744.42913
        1.565e-06       14744.45738
         1.57e-06       14744.53259
        1.575e-06       14744.55402
         1.58e-06       14744.14009
        1.585e-06       14743.43279
         1.59e-06       14743.26096
        1.595e-06       14743.29788
          1.6e-06       14742.40671
        1.605e-06       14741.78212
         1.61e-06       14742.11059
        1.615e-06       14742.12044
         1.62e-06       14742.76994
        1.625e-06       14742.69161
         1.63e-06       14742.50066
        1.635e-06       14742.64163
         1.64e-06        14742.7684
        1.645e-06       14742.20494
         1.65e-06        14742.7389
        1.655e-06       14742.98167
         1.66e-06       14742.79388
        1.665e-06       14742.19242
         1.67e-06        14742.1541
        1.675e-06       14742.03648
         1.68e-06       14741.70352
        1.685e-06        14742.2149
         1.69e-06       14742.68199
        1.695e-06       14741.89156
          1.7e-06       14741.41365
        1.705e-06       14741.47088
         1.71e-06       14741.45697
        1.715e-06        14741.5589
         1.72e-06       14741.56736
        1.725e-06       14741.33807
         1.73e-06       14741.23044
        1.735e-06       14740.78791
         1.74e-06       14740.68357
        1.745e-06       14741.02055
         1.75e-06       14741.22971
        1.755e-06       14741.20982
         1.76e-06       14741.16548
        1.765e-06       14740.66772
         1.77e-06       14739.61297
        1.775e-06       14739.72383
         1.78e-06       14739.62841
        1.785e-06       14739.82243
         1.79e-06        14739.4699
        1.795e-06       14739.65196
          1.8e-06       14739.92642
        1.805e-06       14739.90169
         1.81e-06       14740.12221
        1.815e-06       14739.71982
         1.82e-06       14739.61165
        1.825e-06       14739.14024
         1.83e-06       14739.54893
        1.835e-06       14738.93802
         1.84e-06       14739.93096
        1.845e-06       14739.01495
         1.85e-06        14738.5686
        1.855e-06       14738.50257
         1.86e-06       14738.78679
        1.865e-06       14738.98858
         1.87e-06        14738.6241
        1.875e-06       14739.26102
         1.88e-06       14738.85278
        1.885e-06       14738.72214
         1.89e-06       14738.50984
        1.895e-06       14738.35217
          1.9e-06       14738.34565
        1.905e-06       14738.13991
         1.91e-06        14737.7323
        1.915e-06       14737.36218
         1.92e-06       14737.25728
        1.925e-06       14736.78485
         1.93e-06       14737.24985
        1.935e-06       14736.90529
         1.94e-06       14736.72913
        1.945e-06       14736.58029
         1.95e-06       14736.19429
        1.955e-06       14735.91862
         1.96e-06        14735.7688
        1.965e-06       14735.62659
         1.97e-06       14735.75015
        1.975e-06        14735.8493
         1.98e-06       14735.65341
        1.985e-06       14735.34893
         1.99e-06       14735.35928
        1.995e-06       14735.44265
            2e-06       14734.91727
        2.005e-06       14734.68536
         2.01e-06       14735.00727
        2.015e-06       14735.40621
         2.02e-06       14734.97862
        2.025e-06       14734.81495
         2.03e-06       14734.99443
        2.035e-06         14735.226
         2.04e-06       14734.77715
        2.045e-06       14734.69549
         2.05e-06        14734.3081
        2.055e-06       14734.55217
         2.06e-06       14734.99231
        2.065e-06       14735.52801
         2.07e-06        14735.8322
        2.075e-06       14736.24359
         2.08e-06        14735.7909
        2.085e-06       14735.76791
         2.09e-06       14736.19804
        2.095e-06       14735.86847
          2.1e-06       14736.31162
        2.105e-06       14736.27288
         2.11e-06       14735.77818
        2.115e-06       14736.20932
         2.12e-06        14736.1193
        2.125e-06       14735.84957
         2.13e-06        14736.1293
        2.135e-06       14736.10962
         2.14e-06       14736.20414
        2.145e-06       14736.22631
         2.15e-06       14735.53967
        2.155e-06       14735.56832
         2.16e-06        14735.9039
        2.165e-06       14736.53141
         2.17e-06       14736.36872
        2.175e-06       14735.43562
         2.18e-06       14736.14449
        2.185e-06       14736.38363
         2.19e-06       14736.06777
        2.195e-06       14735.59146
          2.2e-06       14735.99232
        2.205e-06       14735.94535
         2.21e-06       14736.06956
        2.215e-06        14737.1254
         2.22e-06          14737.47
        2.225e-06       14736.99519
         2.23e-06       14737.15487
        2.235e-06       14736.63178
         2.24e-06       14736.37483
        2.245e-06       14735.73891
         2.25e-06       14735.29552
        2.255e-06        14735.3813
         2.26e-06       14736.04267
        2.265e-06       14736.23469
         2.27e-06       14736.05864
        2.275e-06       14736.56263
         2.28e-06       14737.16168
        2.285e-06       14737.47564
         2.29e-06        14737.4251
        2.295e-06       14737.03817
          2.3e-06       14737.05388
        2.305e-06       14736.79384
         2.31e-06       14737.12939
        2.315e-06       14736.77206
         2.32e-06       14736.62128
        2.325e-06       14736.85128
         2.33e-06       14736.69692
        2.335e-06       14736.34848
         2.34e-06       14735.88971
        2.345e-06       14736.73432
         2.35e-06       14736.67606
        2.355e-06       14736.62521
         2.36e-06       14736.41979
        2.365e-06       14736.54225
         2.37e-06       14737.09269
        2.375e-06       14737.13374
         2.38e-06       14736.89569
        2.385e-06       14736.86398
         2.39e-06       14737.34716
        2.395e-06       14737.08484
          2.4e-06       14736.50951
        2.405e-06       14736.48506
         2.41e-06       14736.53222
        2.415e-06       14736.70488
         2.42e-06        14736.9317
        2.425e-06       14736.62403
         2.43e-06       14736.98387
        2.435e-06       14737.01344
         2.44e-06       14736.17941
        2.445e-06       14736.88278
         2.45e-06       14737.01113
        2.455e-06       14736.51103
         2.46e-06       14736.72519
        2.465e-06       14736.54595
         2.47e-06       14736.21361
        2.475e-06       14736.23554
         2.48e-06       14736.49554
        2.485e-06       14735.92555
         2.49e-06       14735.85927
        2.495e-06       14735.97185
          2.5e-06       14736.29144
        2.505e-06       14736.71732
         2.51e-06       14736.99153
        2.515e-06       14737.09175
         2.52e-06       14736.62111
        2.525e-06       14736.58773
         2.53e-06       14736.17682
        2.535e-06       14735.62461
         2.54e-06       14735.66259
        2.545e-06       14735.37652
         2.55e-06       14735.68312
        2.555e-06       14735.71156
         2.56e-06       14735.99195
        2.565e-06       14736.29597
         2.57e-06       14735.46936
        2.575e-06       14735.40811
         2.58e-06       14735.77075
        2.585e-06       14735.66752
         2.59e-06       14735.91472
        2.595e-06       14735.90114
          2.6e-06       14735.58458
        2.605e-06       14735.41761
         2.61e-06       14735.50761
        2.615e-06       14735.36571
         2.62e-06       14735.54167
        2.625e-06       14735.47546
         2.63e-06       14735.10441
        2.635e-06        14735.5469
         2.64e-06        14735.7447
        2.645e-06        14735.4135
         2.65e-06        14735.2492
        2.655e-06       14735.16006
         2.66e-06       14735.82904
        2.665e-06       14735.48612
         2.67e-06       14735.36067
        2.675e-06       14735.22233
         2.68e-06       14734.79464
        2.685e-06       14734.88531
         2.69e-06       14734.26892
        2.695e-06       14734.32689
          2.7e-06       14734.19824
        2.705e-06       14734.49316
         2.71e-06       14734.65276
        2.715e-06       14734.53026
         2.72e-06       14734.83777
        2.725e-06       14734.82301
         2.73e-06       14735.02241
        2.735e-06         14735.202
         2.74e-06       14735.02515
        2.745e-06       14735.56165
         2.75e-06        14735.9382
        2.755e-06       14735.91012
         2.76e-06       14736.17937
        2.765e-06       14736.36311
         2.77e-06       14735.85861
        2.775e-06       14735.48925
         2.78e-06       14735.49614
        2.785e-06       14735.65971
         2.79e-06       14735.22566
        2.795e-06       14735.06208
          2.8e-06       14734.96728
        2.805e-06       14735.07002
         2.81e-06       14735.20645
        2.815e-06       14734.86349
         2.82e-06       14735.44953
        2.825e-06       14735.71191
         2.83e-06       14735.70897
        2.835e-06        14736.2013
         2.84e-06        14735.9188
        2.845e-06       14736.28279
         2.85e-06       14736.19163
        2.855e-06       14736.38521
         2.86e-06       14736.09378
        2.865e-06       14735.89185
         2.87e-06       14735.58412
        2.875e-06       14735.32037
         2.88e-06       14735.39824
        2.885e-06       14735.23919
         2.89e-06       14734.85521
        2.895e-06       14734.55552
          2.9e-06       14734.84048
        2.905e-06       14734.98896
         2.91e-06       14735.65402
        2.915e-06       14735.42837
         2.92e-06       14735.33133
        2.925e-06       14735.34274
         2.93e-06       14735.13755
        2.935e-06       14734.95303
         2.94e-06       14734.51527
        2.945e-06       14734.27223
         2.95e-06       14733.61408
        2.955e-06       14733.73776
         2.96e-06       14733.68605
        2.965e-06       14733.10725
         2.97e-06       14733.35175
        2.975e-06       14733.50809
         2.98e-06       14733.91576
        2.985e-06       14733.75869
         2.99e-06       14733.81644
        2.995e-06       14733.59436
            3e-06       14733.08521
        3.005e-06       14732.57269
         3.01e-06       14732.51956
        3.015e-06       14732.16938
         3.02e-06       14731.90955
        3.025e-06       14732.26064
         3.03e-06       14732.47909
        3.035e-06       14732.55994
         3.04e-06       14732.69777
        3.045e-06       14732.32339
         3.05e-06       14732.72548
        3.055e-06       14732.24472
         3.06e-06       14731.98369
        3.065e-06       14732.39027
         3.07e-06       14732.44729
        3.075e-06       14732.50261
         3.08e-06       14732.60258
        3.085e-06       14732.96648
         3.09e-06       14733.20255
        3.095e-06       14733.04081
          3.1e-06       14732.86283
        3.105e-06        14732.8665
         3.11e-06        14732.8558
        3.115e-06       14732.65999
         3.12e-06       14733.18552
        3.125e-06       14733.60135
         3.13e-06       14733.22607
        3.135e-06        14733.4536
         3.14e-06        14733.1186
        3.145e-06       14733.47776
         3.15e-06       14733.85406
        3.155e-06       14733.84304
         3.16e-06       14733.86361
        3.165e-06       14734.38759
         3.17e-06       14733.96864
        3.175e-06       14734.37077
         3.18e-06       14734.42894
        3.185e-06       14734.14069
         3.19e-06       14734.82063
        3.195e-06       14735.18523
          3.2e-06       14734.98764
        3.205e-06       14734.65748
         3.21e-06       14734.02637
        3.215e-06       14734.19474
         3.22e-06       14734.34713
        3.225e-06       14733.92756
         3.23e-06       14733.76121
        3.235e-06       14733.67364
         3.24e-06        14733.5552
        3.245e-06        14733.3593
         3.25e-06       14733.56927
        3.255e-06       14733.47606
         3.26e-06       14733.44055
        3.265e-06       14734.04345
         3.27e-06       14734.25632
        3.275e-06       14734.23368
         3.28e-06       14734.04393
        3.285e-06       14734.32013
         3.29e-06       14734.37266
        3.295e-06       14734.98973
          3.3e-06       14734.73283
        3.305e-06       14735.36573
         3.31e-06       14735.14348
        3.315e-06       14734.74851
         3.32e-06       14734.87863
        3.325e-06       14734.39788
         3.33e-06       14734.70273
        3.335e-06       14733.98256
         3.34e-06       14733.91615
        3.345e-06       14734.09167
         3.35e-06       14733.51374
        3.355e-06        14734.1828
         3.36e-06       14733.93396
        3.365e-06       14734.46012
         3.37e-06       14734.03664
        3.375e-06       14733.95453
         3.38e-06       14733.98126
        3.385e-06        14734.0857
         3.39e-06       14733.74091
        3.395e-06       14733.49301
          3.4e-06       14733.28549
        3.405e-06        14732.8233
         3.41e-06       14733.51011
        3.415e-06       14733.36607
         3.42e-06       14733.58847
        3.425e-06       14733.68621
         3.43e-06       14733.54276
        3.435e-06       14733.90696
         3.44e-06       14734.29405
        3.445e-06       14734.32762
         3.45e-06       14734.02328
        3.455e-06       14733.67467
         3.46e-06       14733.70118
        3.465e-06       14733.47148
         3.47e-06       14733.32898
        3.475e-06       14733.19782
         3.48e-06       14733.82767
        3.485e-06       14733.76943
         3.49e-06        14733.9707
        3.495e-06       14734.54471
          3.5e-06       14734.55885
        3.505e-06       14734.54897
         3.51e-06        14734.3527
        3.515e-06       14734.51695
         3.52e-06       14734.80993
        3.525e-06       14734.70483
         3.53e-06       14734.37144
        3.535e-06       14734.17681
         3.54e-06       14734.45789
        3.545e-06       14734.11382
         3.55e-06       14733.43295
        3.555e-06       14733.20337
         3.56e-06       14733.00311
        3.565e-06       14733.35048
         3.57e-06       14733.09839
        3.575e-06       14732.87762
         3.58e-06       14733.21672
        3.585e-06       14733.42749
         3.59e-06       14733.58349
        3.595e-06       14733.76344
          3.6e-06       14733.80828
        3.605e-06       14734.10407
         3.61e-06       14734.17273
        3.615e-06       14734.38214
         3.62e-06       14734.46304
        3.625e-06       14734.38917
         3.63e-06       14733.89312
        3.635e-06       14733.96883
         3.64e-06       14734.79762
        3.645e-06       14735.06646
         3.65e-06       14734.48403
        3.655e-06       14734.46838
         3.66e-06       14734.47056
        3.665e-06       14734.84254
         3.67e-06       14735.44458
        3.675e-06        14735.4501
         3.68e-06       14736.05111
        3.685e-06       14735.25661
         3.69e-06       14735.62507
        3.695e-06       14735.26646
          3.7e-06        14735.6481
        3.705e-06       14735.45184
         3.71e-06       14735.72885
        3.715e-06       14735.07337
         3.72e-06       14734.79696
        3.725e-06       14734.70264
         3.73e-06       14734.87337
        3.735e-06       14734.52623
         3.74e-06       14734.43886
        3.745e-06        14734.4162
         3.75e-06        14734.3089
        3.755e-06       14734.46826
         3.76e-06       14734.62643
        3.765e-06       14734.94836
         3.77e-06       14735.09174
        3.775e-06       14735.49323
         3.78e-06       14735.21011
        3.785e-06       14735.01891
         3.79e-06       14734.37743
        3.795e-06       14734.60471
          3.8e-06       14734.36687
        3.805e-06       14734.32133
         3.81e-06       14734.79663
        3.815e-06       14734.02061
         3.82e-06       14733.76386
        3.825e-06       14733.88386
         3.83e-06       14733.24036
        3.835e-06       14733.90843
         3.84e-06       14733.89906
        3.845e-06       14733.83574
         3.85e-06       14733.98348
        3.855e-06       14733.53793
         3.86e-06       14733.85391
        3.865e-06        14734.4886
         3.87e-06       14734.91836
        3.875e-06       14734.35623
         3.88e-06       14734.62739
        3.885e-06       14734.49093
         3.89e-06       14734.65361
        3.895e-06       14734.67574
          3.9e-06       14734.62815
        3.905e-06       14735.03168
         3.91e-06       14735.46025
        3.915e-06       14735.28676
         3.92e-06       14735.21401
        3.925e-06       14735.10536
         3.93e-06        14734.7801
        3.935e-06       14735.06002
         3.94e-06       14735.15292
        3.945e-06       14735.20715
         3.95e-06       14735.71358
        3.955e-06       14735.27909
         3.96e-06       14734.92816
        3.965e-06          14735.26
         3.97e-06       14735.08036
        3.975e-06       14735.05337
         3.98e-06       14735.19679
        3.985e-06        14735.1132
         3.99e-06          14735.09
        3.995e-06       14735.36053
            4e-06       14735.75189
