# Probe 0 (5e-06 5e-06 5e-06)
#           Probe                 0
#            Time
            5e-09        9.9999e+22
            1e-08        9.9999e+22
          1.5e-08        9.9999e+22
            2e-08        9.9999e+22
          2.5e-08        9.9999e+22
            3e-08        9.9999e+22
          3.5e-08        9.9999e+22
            4e-08        9.9999e+22
          4.5e-08        9.9999e+22
            5e-08        9.9999e+22
          5.5e-08        9.9999e+22
            6e-08        9.9999e+22
          6.5e-08        9.9999e+22
            7e-08        9.9999e+22
          7.5e-08        9.9999e+22
            8e-08        9.9999e+22
          8.5e-08        9.9999e+22
            9e-08        9.9999e+22
          9.5e-08        9.9999e+22
            1e-07        9.9999e+22
         1.05e-07        9.9999e+22
          1.1e-07        9.9999e+22
         1.15e-07        9.9999e+22
          1.2e-07        9.9999e+22
         1.25e-07        9.9999e+22
          1.3e-07        9.9999e+22
         1.35e-07        9.9999e+22
          1.4e-07        9.9999e+22
         1.45e-07        9.9999e+22
          1.5e-07        9.9999e+22
         1.55e-07        9.9999e+22
          1.6e-07        9.9999e+22
         1.65e-07        9.9999e+22
          1.7e-07        9.9999e+22
         1.75e-07        9.9999e+22
          1.8e-07        9.9999e+22
         1.85e-07        9.9999e+22
          1.9e-07        9.9999e+22
         1.95e-07        9.9999e+22
            2e-07        9.9999e+22
         2.05e-07        9.9999e+22
          2.1e-07        9.9999e+22
         2.15e-07        9.9999e+22
          2.2e-07        9.9999e+22
         2.25e-07        9.9999e+22
          2.3e-07        9.9999e+22
         2.35e-07        9.9999e+22
          2.4e-07        9.9999e+22
         2.45e-07        9.9999e+22
          2.5e-07        9.9999e+22
         2.55e-07        9.9999e+22
          2.6e-07        9.9999e+22
         2.65e-07        9.9999e+22
          2.7e-07        9.9999e+22
         2.75e-07        9.9999e+22
          2.8e-07        9.9999e+22
         2.85e-07        9.9999e+22
          2.9e-07        9.9999e+22
         2.95e-07        9.9999e+22
            3e-07        9.9999e+22
         3.05e-07        9.9999e+22
          3.1e-07        9.9999e+22
         3.15e-07        9.9999e+22
          3.2e-07        9.9999e+22
         3.25e-07        9.9999e+22
          3.3e-07        9.9999e+22
         3.35e-07        9.9999e+22
          3.4e-07        9.9999e+22
         3.45e-07        9.9999e+22
          3.5e-07        9.9999e+22
         3.55e-07        9.9999e+22
          3.6e-07        9.9999e+22
         3.65e-07        9.9999e+22
          3.7e-07        9.9999e+22
         3.75e-07        9.9999e+22
          3.8e-07        9.9999e+22
         3.85e-07        9.9999e+22
          3.9e-07        9.9999e+22
         3.95e-07        9.9999e+22
            4e-07        9.9999e+22
         4.05e-07        9.9999e+22
          4.1e-07        9.9999e+22
         4.15e-07        9.9999e+22
          4.2e-07        9.9999e+22
         4.25e-07        9.9999e+22
          4.3e-07        9.9999e+22
         4.35e-07        9.9999e+22
          4.4e-07        9.9999e+22
         4.45e-07        9.9999e+22
          4.5e-07        9.9999e+22
         4.55e-07        9.9999e+22
          4.6e-07        9.9999e+22
         4.65e-07        9.9999e+22
          4.7e-07        9.9999e+22
         4.75e-07        9.9999e+22
          4.8e-07        9.9999e+22
         4.85e-07        9.9999e+22
          4.9e-07        9.9999e+22
         4.95e-07        9.9999e+22
            5e-07        9.9999e+22
         5.05e-07        9.9999e+22
          5.1e-07        9.9999e+22
         5.15e-07        9.9999e+22
          5.2e-07        9.9999e+22
         5.25e-07        9.9999e+22
          5.3e-07        9.9999e+22
         5.35e-07        9.9999e+22
          5.4e-07        9.9999e+22
         5.45e-07        9.9999e+22
          5.5e-07        9.9999e+22
         5.55e-07        9.9999e+22
          5.6e-07        9.9999e+22
         5.65e-07        9.9999e+22
          5.7e-07        9.9999e+22
         5.75e-07        9.9999e+22
          5.8e-07        9.9999e+22
         5.85e-07        9.9999e+22
          5.9e-07        9.9999e+22
         5.95e-07        9.9999e+22
            6e-07        9.9999e+22
         6.05e-07        9.9999e+22
          6.1e-07        9.9999e+22
         6.15e-07        9.9999e+22
          6.2e-07        9.9999e+22
         6.25e-07        9.9999e+22
          6.3e-07        9.9999e+22
         6.35e-07        9.9999e+22
          6.4e-07        9.9999e+22
         6.45e-07        9.9999e+22
          6.5e-07        9.9999e+22
         6.55e-07        9.9999e+22
          6.6e-07        9.9999e+22
         6.65e-07        9.9999e+22
          6.7e-07        9.9999e+22
         6.75e-07        9.9999e+22
          6.8e-07        9.9999e+22
         6.85e-07        9.9999e+22
          6.9e-07        9.9999e+22
         6.95e-07        9.9999e+22
            7e-07        9.9999e+22
         7.05e-07        9.9999e+22
          7.1e-07        9.9999e+22
         7.15e-07        9.9999e+22
          7.2e-07        9.9999e+22
         7.25e-07        9.9999e+22
          7.3e-07        9.9999e+22
         7.35e-07        9.9999e+22
          7.4e-07        9.9999e+22
         7.45e-07        9.9999e+22
          7.5e-07        9.9999e+22
         7.55e-07        9.9999e+22
          7.6e-07        9.9999e+22
         7.65e-07        9.9999e+22
          7.7e-07        9.9999e+22
         7.75e-07        9.9999e+22
          7.8e-07        9.9999e+22
         7.85e-07        9.9999e+22
          7.9e-07        9.9999e+22
         7.95e-07        9.9999e+22
            8e-07        9.9999e+22
         8.05e-07        9.9999e+22
          8.1e-07        9.9999e+22
         8.15e-07        9.9999e+22
          8.2e-07        9.9999e+22
         8.25e-07        9.9999e+22
          8.3e-07        9.9999e+22
         8.35e-07        9.9999e+22
          8.4e-07        9.9999e+22
         8.45e-07        9.9999e+22
          8.5e-07        9.9999e+22
         8.55e-07        9.9999e+22
          8.6e-07        9.9999e+22
         8.65e-07        9.9999e+22
          8.7e-07        9.9999e+22
         8.75e-07        9.9999e+22
          8.8e-07        9.9999e+22
         8.85e-07        9.9999e+22
          8.9e-07        9.9999e+22
         8.95e-07        9.9999e+22
            9e-07        9.9999e+22
         9.05e-07        9.9999e+22
          9.1e-07        9.9999e+22
         9.15e-07        9.9999e+22
          9.2e-07        9.9999e+22
         9.25e-07        9.9999e+22
          9.3e-07        9.9999e+22
         9.35e-07        9.9999e+22
          9.4e-07        9.9999e+22
         9.45e-07        9.9999e+22
          9.5e-07        9.9999e+22
         9.55e-07        9.9999e+22
          9.6e-07        9.9999e+22
         9.65e-07        9.9999e+22
          9.7e-07        9.9999e+22
         9.75e-07        9.9999e+22
          9.8e-07        9.9999e+22
         9.85e-07        9.9999e+22
          9.9e-07        9.9999e+22
         9.95e-07        9.9999e+22
            1e-06        9.9999e+22
        1.005e-06        9.9999e+22
         1.01e-06        9.9999e+22
        1.015e-06        9.9999e+22
         1.02e-06        9.9999e+22
        1.025e-06        9.9999e+22
         1.03e-06        9.9999e+22
        1.035e-06        9.9999e+22
         1.04e-06        9.9999e+22
        1.045e-06        9.9999e+22
         1.05e-06        9.9999e+22
        1.055e-06        9.9999e+22
         1.06e-06        9.9999e+22
        1.065e-06        9.9999e+22
         1.07e-06        9.9999e+22
        1.075e-06        9.9999e+22
         1.08e-06        9.9999e+22
        1.085e-06        9.9999e+22
         1.09e-06        9.9999e+22
        1.095e-06        9.9999e+22
          1.1e-06        9.9999e+22
        1.105e-06        9.9999e+22
         1.11e-06        9.9999e+22
        1.115e-06        9.9999e+22
         1.12e-06        9.9999e+22
        1.125e-06        9.9999e+22
         1.13e-06        9.9999e+22
        1.135e-06        9.9999e+22
         1.14e-06        9.9999e+22
        1.145e-06        9.9999e+22
         1.15e-06        9.9999e+22
        1.155e-06        9.9999e+22
         1.16e-06        9.9999e+22
        1.165e-06        9.9999e+22
         1.17e-06        9.9999e+22
        1.175e-06        9.9999e+22
         1.18e-06        9.9999e+22
        1.185e-06        9.9999e+22
         1.19e-06        9.9999e+22
        1.195e-06        9.9999e+22
          1.2e-06        9.9999e+22
        1.205e-06        9.9999e+22
         1.21e-06        9.9999e+22
        1.215e-06        9.9999e+22
         1.22e-06        9.9999e+22
        1.225e-06        9.9999e+22
         1.23e-06        9.9999e+22
        1.235e-06        9.9999e+22
         1.24e-06        9.9999e+22
        1.245e-06        9.9999e+22
         1.25e-06        9.9999e+22
        1.255e-06        9.9999e+22
         1.26e-06        9.9999e+22
        1.265e-06        9.9999e+22
         1.27e-06        9.9999e+22
        1.275e-06        9.9999e+22
         1.28e-06        9.9999e+22
        1.285e-06        9.9999e+22
         1.29e-06        9.9999e+22
        1.295e-06        9.9999e+22
          1.3e-06        9.9999e+22
        1.305e-06        9.9999e+22
         1.31e-06        9.9999e+22
        1.315e-06        9.9999e+22
         1.32e-06        9.9999e+22
        1.325e-06        9.9999e+22
         1.33e-06        9.9999e+22
        1.335e-06        9.9999e+22
         1.34e-06        9.9999e+22
        1.345e-06        9.9999e+22
         1.35e-06        9.9999e+22
        1.355e-06        9.9999e+22
         1.36e-06        9.9999e+22
        1.365e-06        9.9999e+22
         1.37e-06        9.9999e+22
        1.375e-06        9.9999e+22
         1.38e-06        9.9999e+22
        1.385e-06        9.9999e+22
         1.39e-06        9.9999e+22
        1.395e-06        9.9999e+22
          1.4e-06        9.9999e+22
        1.405e-06        9.9999e+22
         1.41e-06        9.9999e+22
        1.415e-06        9.9999e+22
         1.42e-06        9.9999e+22
        1.425e-06        9.9999e+22
         1.43e-06        9.9999e+22
        1.435e-06        9.9999e+22
         1.44e-06        9.9999e+22
        1.445e-06        9.9999e+22
         1.45e-06        9.9999e+22
        1.455e-06        9.9999e+22
         1.46e-06        9.9999e+22
        1.465e-06        9.9999e+22
         1.47e-06        9.9999e+22
        1.475e-06        9.9999e+22
         1.48e-06        9.9999e+22
        1.485e-06        9.9999e+22
         1.49e-06        9.9999e+22
        1.495e-06        9.9999e+22
          1.5e-06        9.9999e+22
        1.505e-06        9.9999e+22
         1.51e-06        9.9999e+22
        1.515e-06        9.9999e+22
         1.52e-06        9.9999e+22
        1.525e-06        9.9999e+22
         1.53e-06        9.9999e+22
        1.535e-06        9.9999e+22
         1.54e-06        9.9999e+22
        1.545e-06        9.9999e+22
         1.55e-06        9.9999e+22
        1.555e-06        9.9999e+22
         1.56e-06        9.9999e+22
        1.565e-06        9.9999e+22
         1.57e-06        9.9999e+22
        1.575e-06        9.9999e+22
         1.58e-06        9.9999e+22
        1.585e-06        9.9999e+22
         1.59e-06        9.9999e+22
        1.595e-06        9.9999e+22
          1.6e-06        9.9999e+22
        1.605e-06        9.9999e+22
         1.61e-06        9.9999e+22
        1.615e-06        9.9999e+22
         1.62e-06        9.9999e+22
        1.625e-06        9.9999e+22
         1.63e-06        9.9999e+22
        1.635e-06        9.9999e+22
         1.64e-06        9.9999e+22
        1.645e-06        9.9999e+22
         1.65e-06        9.9999e+22
        1.655e-06        9.9999e+22
         1.66e-06        9.9999e+22
        1.665e-06        9.9999e+22
         1.67e-06        9.9999e+22
        1.675e-06        9.9999e+22
         1.68e-06        9.9999e+22
        1.685e-06        9.9999e+22
         1.69e-06        9.9999e+22
        1.695e-06        9.9999e+22
          1.7e-06        9.9999e+22
        1.705e-06        9.9999e+22
         1.71e-06        9.9999e+22
        1.715e-06        9.9999e+22
         1.72e-06        9.9999e+22
        1.725e-06        9.9999e+22
         1.73e-06        9.9999e+22
        1.735e-06        9.9999e+22
         1.74e-06        9.9999e+22
        1.745e-06        9.9999e+22
         1.75e-06        9.9999e+22
        1.755e-06        9.9999e+22
         1.76e-06        9.9999e+22
        1.765e-06        9.9999e+22
         1.77e-06        9.9999e+22
        1.775e-06        9.9999e+22
         1.78e-06        9.9999e+22
        1.785e-06        9.9999e+22
         1.79e-06        9.9999e+22
        1.795e-06        9.9999e+22
          1.8e-06        9.9999e+22
        1.805e-06        9.9999e+22
         1.81e-06        9.9999e+22
        1.815e-06        9.9999e+22
         1.82e-06        9.9999e+22
        1.825e-06        9.9999e+22
         1.83e-06        9.9999e+22
        1.835e-06        9.9999e+22
         1.84e-06        9.9999e+22
        1.845e-06        9.9999e+22
         1.85e-06        9.9999e+22
        1.855e-06        9.9999e+22
         1.86e-06        9.9999e+22
        1.865e-06        9.9999e+22
         1.87e-06        9.9999e+22
        1.875e-06        9.9999e+22
         1.88e-06        9.9999e+22
        1.885e-06        9.9999e+22
         1.89e-06        9.9999e+22
        1.895e-06        9.9999e+22
          1.9e-06        9.9999e+22
        1.905e-06        9.9999e+22
         1.91e-06        9.9999e+22
        1.915e-06        9.9999e+22
         1.92e-06        9.9999e+22
        1.925e-06        9.9999e+22
         1.93e-06        9.9999e+22
        1.935e-06        9.9999e+22
         1.94e-06        9.9999e+22
        1.945e-06        9.9999e+22
         1.95e-06        9.9999e+22
        1.955e-06        9.9999e+22
         1.96e-06        9.9999e+22
        1.965e-06        9.9999e+22
         1.97e-06        9.9999e+22
        1.975e-06        9.9999e+22
         1.98e-06        9.9999e+22
        1.985e-06        9.9999e+22
         1.99e-06        9.9999e+22
        1.995e-06        9.9999e+22
            2e-06        9.9999e+22
        2.005e-06        9.9999e+22
         2.01e-06        9.9999e+22
        2.015e-06        9.9999e+22
         2.02e-06        9.9999e+22
        2.025e-06        9.9999e+22
         2.03e-06        9.9999e+22
        2.035e-06        9.9999e+22
         2.04e-06        9.9999e+22
        2.045e-06        9.9999e+22
         2.05e-06        9.9999e+22
        2.055e-06        9.9999e+22
         2.06e-06        9.9999e+22
        2.065e-06        9.9999e+22
         2.07e-06        9.9999e+22
        2.075e-06        9.9999e+22
         2.08e-06        9.9999e+22
        2.085e-06        9.9999e+22
         2.09e-06        9.9999e+22
        2.095e-06        9.9999e+22
          2.1e-06        9.9999e+22
        2.105e-06        9.9999e+22
         2.11e-06        9.9999e+22
        2.115e-06        9.9999e+22
         2.12e-06        9.9999e+22
        2.125e-06        9.9999e+22
         2.13e-06        9.9999e+22
        2.135e-06        9.9999e+22
         2.14e-06        9.9999e+22
        2.145e-06        9.9999e+22
         2.15e-06        9.9999e+22
        2.155e-06        9.9999e+22
         2.16e-06        9.9999e+22
        2.165e-06        9.9999e+22
         2.17e-06        9.9999e+22
        2.175e-06        9.9999e+22
         2.18e-06        9.9999e+22
        2.185e-06        9.9999e+22
         2.19e-06        9.9999e+22
        2.195e-06        9.9999e+22
          2.2e-06        9.9999e+22
        2.205e-06        9.9999e+22
         2.21e-06        9.9999e+22
        2.215e-06        9.9999e+22
         2.22e-06        9.9999e+22
        2.225e-06        9.9999e+22
         2.23e-06        9.9999e+22
        2.235e-06        9.9999e+22
         2.24e-06        9.9999e+22
        2.245e-06        9.9999e+22
         2.25e-06        9.9999e+22
        2.255e-06        9.9999e+22
         2.26e-06        9.9999e+22
        2.265e-06        9.9999e+22
         2.27e-06        9.9999e+22
        2.275e-06        9.9999e+22
         2.28e-06        9.9999e+22
        2.285e-06        9.9999e+22
         2.29e-06        9.9999e+22
        2.295e-06        9.9999e+22
          2.3e-06        9.9999e+22
        2.305e-06        9.9999e+22
         2.31e-06        9.9999e+22
        2.315e-06        9.9999e+22
         2.32e-06        9.9999e+22
        2.325e-06        9.9999e+22
         2.33e-06        9.9999e+22
        2.335e-06        9.9999e+22
         2.34e-06        9.9999e+22
        2.345e-06        9.9999e+22
         2.35e-06        9.9999e+22
        2.355e-06        9.9999e+22
         2.36e-06        9.9999e+22
        2.365e-06        9.9999e+22
         2.37e-06        9.9999e+22
        2.375e-06        9.9999e+22
         2.38e-06        9.9999e+22
        2.385e-06        9.9999e+22
         2.39e-06        9.9999e+22
        2.395e-06        9.9999e+22
          2.4e-06        9.9999e+22
        2.405e-06        9.9999e+22
         2.41e-06        9.9999e+22
        2.415e-06        9.9999e+22
         2.42e-06        9.9999e+22
        2.425e-06        9.9999e+22
         2.43e-06        9.9999e+22
        2.435e-06        9.9999e+22
         2.44e-06        9.9999e+22
        2.445e-06        9.9999e+22
         2.45e-06        9.9999e+22
        2.455e-06        9.9999e+22
         2.46e-06        9.9999e+22
        2.465e-06        9.9999e+22
         2.47e-06        9.9999e+22
        2.475e-06        9.9999e+22
         2.48e-06        9.9999e+22
        2.485e-06        9.9999e+22
         2.49e-06        9.9999e+22
        2.495e-06        9.9999e+22
          2.5e-06        9.9999e+22
        2.505e-06        9.9999e+22
         2.51e-06        9.9999e+22
        2.515e-06        9.9999e+22
         2.52e-06        9.9999e+22
        2.525e-06        9.9999e+22
         2.53e-06        9.9999e+22
        2.535e-06        9.9999e+22
         2.54e-06        9.9999e+22
        2.545e-06        9.9999e+22
         2.55e-06        9.9999e+22
        2.555e-06        9.9999e+22
         2.56e-06        9.9999e+22
        2.565e-06        9.9999e+22
         2.57e-06        9.9999e+22
        2.575e-06        9.9999e+22
         2.58e-06        9.9999e+22
        2.585e-06        9.9999e+22
         2.59e-06        9.9999e+22
        2.595e-06        9.9999e+22
          2.6e-06        9.9999e+22
        2.605e-06        9.9999e+22
         2.61e-06        9.9999e+22
        2.615e-06        9.9999e+22
         2.62e-06        9.9999e+22
        2.625e-06        9.9999e+22
         2.63e-06        9.9999e+22
        2.635e-06        9.9999e+22
         2.64e-06        9.9999e+22
        2.645e-06        9.9999e+22
         2.65e-06        9.9999e+22
        2.655e-06        9.9999e+22
         2.66e-06        9.9999e+22
        2.665e-06        9.9999e+22
         2.67e-06        9.9999e+22
        2.675e-06        9.9999e+22
         2.68e-06        9.9999e+22
        2.685e-06        9.9999e+22
         2.69e-06        9.9999e+22
        2.695e-06        9.9999e+22
          2.7e-06        9.9999e+22
        2.705e-06        9.9999e+22
         2.71e-06        9.9999e+22
        2.715e-06        9.9999e+22
         2.72e-06        9.9999e+22
        2.725e-06        9.9999e+22
         2.73e-06        9.9999e+22
        2.735e-06        9.9999e+22
         2.74e-06        9.9999e+22
        2.745e-06        9.9999e+22
         2.75e-06        9.9999e+22
        2.755e-06        9.9999e+22
         2.76e-06        9.9999e+22
        2.765e-06        9.9999e+22
         2.77e-06        9.9999e+22
        2.775e-06        9.9999e+22
         2.78e-06        9.9999e+22
        2.785e-06        9.9999e+22
         2.79e-06        9.9999e+22
        2.795e-06        9.9999e+22
          2.8e-06        9.9999e+22
        2.805e-06        9.9999e+22
         2.81e-06        9.9999e+22
        2.815e-06        9.9999e+22
         2.82e-06        9.9999e+22
        2.825e-06        9.9999e+22
         2.83e-06        9.9999e+22
        2.835e-06        9.9999e+22
         2.84e-06        9.9999e+22
        2.845e-06        9.9999e+22
         2.85e-06        9.9999e+22
        2.855e-06        9.9999e+22
         2.86e-06        9.9999e+22
        2.865e-06        9.9999e+22
         2.87e-06        9.9999e+22
        2.875e-06        9.9999e+22
         2.88e-06        9.9999e+22
        2.885e-06        9.9999e+22
         2.89e-06        9.9999e+22
        2.895e-06        9.9999e+22
          2.9e-06        9.9999e+22
        2.905e-06        9.9999e+22
         2.91e-06        9.9999e+22
        2.915e-06        9.9999e+22
         2.92e-06        9.9999e+22
        2.925e-06        9.9999e+22
         2.93e-06        9.9999e+22
        2.935e-06        9.9999e+22
         2.94e-06        9.9999e+22
        2.945e-06        9.9999e+22
         2.95e-06        9.9999e+22
        2.955e-06        9.9999e+22
         2.96e-06        9.9999e+22
        2.965e-06        9.9999e+22
         2.97e-06        9.9999e+22
        2.975e-06        9.9999e+22
         2.98e-06        9.9999e+22
        2.985e-06        9.9999e+22
         2.99e-06        9.9999e+22
        2.995e-06        9.9999e+22
            3e-06        9.9999e+22
        3.005e-06        9.9999e+22
         3.01e-06        9.9999e+22
        3.015e-06        9.9999e+22
         3.02e-06        9.9999e+22
        3.025e-06        9.9999e+22
         3.03e-06        9.9999e+22
        3.035e-06        9.9999e+22
         3.04e-06        9.9999e+22
        3.045e-06        9.9999e+22
         3.05e-06        9.9999e+22
        3.055e-06        9.9999e+22
         3.06e-06        9.9999e+22
        3.065e-06        9.9999e+22
         3.07e-06        9.9999e+22
        3.075e-06        9.9999e+22
         3.08e-06        9.9999e+22
        3.085e-06        9.9999e+22
         3.09e-06        9.9999e+22
        3.095e-06        9.9999e+22
          3.1e-06        9.9999e+22
        3.105e-06        9.9999e+22
         3.11e-06        9.9999e+22
        3.115e-06        9.9999e+22
         3.12e-06        9.9999e+22
        3.125e-06        9.9999e+22
         3.13e-06        9.9999e+22
        3.135e-06        9.9999e+22
         3.14e-06        9.9999e+22
        3.145e-06        9.9999e+22
         3.15e-06        9.9999e+22
        3.155e-06        9.9999e+22
         3.16e-06        9.9999e+22
        3.165e-06        9.9999e+22
         3.17e-06        9.9999e+22
        3.175e-06        9.9999e+22
         3.18e-06        9.9999e+22
        3.185e-06        9.9999e+22
         3.19e-06        9.9999e+22
        3.195e-06        9.9999e+22
          3.2e-06        9.9999e+22
        3.205e-06        9.9999e+22
         3.21e-06        9.9999e+22
        3.215e-06        9.9999e+22
         3.22e-06        9.9999e+22
        3.225e-06        9.9999e+22
         3.23e-06        9.9999e+22
        3.235e-06        9.9999e+22
         3.24e-06        9.9999e+22
        3.245e-06        9.9999e+22
         3.25e-06        9.9999e+22
        3.255e-06        9.9999e+22
         3.26e-06        9.9999e+22
        3.265e-06        9.9999e+22
         3.27e-06        9.9999e+22
        3.275e-06        9.9999e+22
         3.28e-06        9.9999e+22
        3.285e-06        9.9999e+22
         3.29e-06        9.9999e+22
        3.295e-06        9.9999e+22
          3.3e-06        9.9999e+22
        3.305e-06        9.9999e+22
         3.31e-06        9.9999e+22
        3.315e-06        9.9999e+22
         3.32e-06        9.9999e+22
        3.325e-06        9.9999e+22
         3.33e-06        9.9999e+22
        3.335e-06        9.9999e+22
         3.34e-06        9.9999e+22
        3.345e-06        9.9999e+22
         3.35e-06        9.9999e+22
        3.355e-06        9.9999e+22
         3.36e-06        9.9999e+22
        3.365e-06        9.9999e+22
         3.37e-06        9.9999e+22
        3.375e-06        9.9999e+22
         3.38e-06        9.9999e+22
        3.385e-06        9.9999e+22
         3.39e-06        9.9999e+22
        3.395e-06        9.9999e+22
          3.4e-06        9.9999e+22
        3.405e-06        9.9999e+22
         3.41e-06        9.9999e+22
        3.415e-06        9.9999e+22
         3.42e-06        9.9999e+22
        3.425e-06        9.9999e+22
         3.43e-06        9.9999e+22
        3.435e-06        9.9999e+22
         3.44e-06        9.9999e+22
        3.445e-06        9.9999e+22
         3.45e-06        9.9999e+22
        3.455e-06        9.9999e+22
         3.46e-06        9.9999e+22
        3.465e-06        9.9999e+22
         3.47e-06        9.9999e+22
        3.475e-06        9.9999e+22
         3.48e-06        9.9999e+22
        3.485e-06        9.9999e+22
         3.49e-06        9.9999e+22
        3.495e-06        9.9999e+22
          3.5e-06        9.9999e+22
        3.505e-06        9.9999e+22
         3.51e-06        9.9999e+22
        3.515e-06        9.9999e+22
         3.52e-06        9.9999e+22
        3.525e-06        9.9999e+22
         3.53e-06        9.9999e+22
        3.535e-06        9.9999e+22
         3.54e-06        9.9999e+22
        3.545e-06        9.9999e+22
         3.55e-06        9.9999e+22
        3.555e-06        9.9999e+22
         3.56e-06        9.9999e+22
        3.565e-06        9.9999e+22
         3.57e-06        9.9999e+22
        3.575e-06        9.9999e+22
         3.58e-06        9.9999e+22
        3.585e-06        9.9999e+22
         3.59e-06        9.9999e+22
        3.595e-06        9.9999e+22
          3.6e-06        9.9999e+22
        3.605e-06        9.9999e+22
         3.61e-06        9.9999e+22
        3.615e-06        9.9999e+22
         3.62e-06        9.9999e+22
        3.625e-06        9.9999e+22
         3.63e-06        9.9999e+22
        3.635e-06        9.9999e+22
         3.64e-06        9.9999e+22
        3.645e-06        9.9999e+22
         3.65e-06        9.9999e+22
        3.655e-06        9.9999e+22
         3.66e-06        9.9999e+22
        3.665e-06        9.9999e+22
         3.67e-06        9.9999e+22
        3.675e-06        9.9999e+22
         3.68e-06        9.9999e+22
        3.685e-06        9.9999e+22
         3.69e-06        9.9999e+22
        3.695e-06        9.9999e+22
          3.7e-06        9.9999e+22
        3.705e-06        9.9999e+22
         3.71e-06        9.9999e+22
        3.715e-06        9.9999e+22
         3.72e-06        9.9999e+22
        3.725e-06        9.9999e+22
         3.73e-06        9.9999e+22
        3.735e-06        9.9999e+22
         3.74e-06        9.9999e+22
        3.745e-06        9.9999e+22
         3.75e-06        9.9999e+22
        3.755e-06        9.9999e+22
         3.76e-06        9.9999e+22
        3.765e-06        9.9999e+22
         3.77e-06        9.9999e+22
        3.775e-06        9.9999e+22
         3.78e-06        9.9999e+22
        3.785e-06        9.9999e+22
         3.79e-06        9.9999e+22
        3.795e-06        9.9999e+22
          3.8e-06        9.9999e+22
        3.805e-06        9.9999e+22
         3.81e-06        9.9999e+22
        3.815e-06        9.9999e+22
         3.82e-06        9.9999e+22
        3.825e-06        9.9999e+22
         3.83e-06        9.9999e+22
        3.835e-06        9.9999e+22
         3.84e-06        9.9999e+22
        3.845e-06        9.9999e+22
         3.85e-06        9.9999e+22
        3.855e-06        9.9999e+22
         3.86e-06        9.9999e+22
        3.865e-06        9.9999e+22
         3.87e-06        9.9999e+22
        3.875e-06        9.9999e+22
         3.88e-06        9.9999e+22
        3.885e-06        9.9999e+22
         3.89e-06        9.9999e+22
        3.895e-06        9.9999e+22
          3.9e-06        9.9999e+22
        3.905e-06        9.9999e+22
         3.91e-06        9.9999e+22
        3.915e-06        9.9999e+22
         3.92e-06        9.9999e+22
        3.925e-06        9.9999e+22
         3.93e-06        9.9999e+22
        3.935e-06        9.9999e+22
         3.94e-06        9.9999e+22
        3.945e-06        9.9999e+22
         3.95e-06        9.9999e+22
        3.955e-06        9.9999e+22
         3.96e-06        9.9999e+22
        3.965e-06        9.9999e+22
         3.97e-06        9.9999e+22
        3.975e-06        9.9999e+22
         3.98e-06        9.9999e+22
        3.985e-06        9.9999e+22
         3.99e-06        9.9999e+22
        3.995e-06        9.9999e+22
            4e-06        9.9999e+22
