# Probe 0 (5e-06 5e-06 5e-06)
#           Probe                 0
#            Time
            5e-09       1463.543129
            1e-08       1962.058473
          1.5e-08       2374.418994
            2e-08       2729.346367
          2.5e-08       3055.768197
            3e-08       3335.596011
          3.5e-08       3604.090916
            4e-08       3875.682885
          4.5e-08       4137.719244
            5e-08       4428.054618
          5.5e-08       4669.424072
            6e-08        4879.03963
          6.5e-08       5088.504758
            7e-08       5278.550914
          7.5e-08       5451.434039
            8e-08       5643.695894
          8.5e-08       5845.136144
            9e-08        6024.53691
          9.5e-08       6204.869702
            1e-07       6368.350242
         1.05e-07       6529.257687
          1.1e-07       6701.695477
         1.15e-07       6849.802583
          1.2e-07       6984.686579
         1.25e-07       7124.930636
          1.3e-07       7267.989257
         1.35e-07       7414.925561
          1.4e-07       7551.137267
         1.45e-07       7694.734911
          1.5e-07       7843.313583
         1.55e-07       7951.020748
          1.6e-07       8069.732262
         1.65e-07       8181.350097
          1.7e-07       8293.027504
         1.75e-07       8399.299716
          1.8e-07       8507.277779
         1.85e-07       8633.554176
          1.9e-07       8724.151914
         1.95e-07       8813.259001
            2e-07       8915.887615
         2.05e-07       8998.093028
          2.1e-07       9101.149133
         2.15e-07        9198.21303
          2.2e-07       9272.861963
         2.25e-07       9354.926472
          2.3e-07       9446.923858
         2.35e-07       9537.914457
          2.4e-07       9622.518498
         2.45e-07       9703.804448
          2.5e-07       9769.790262
         2.55e-07       9848.770978
          2.6e-07       9894.587734
         2.65e-07       9958.574577
          2.7e-07       10047.63261
         2.75e-07       10107.55212
          2.8e-07       10186.65216
         2.85e-07       10265.97912
          2.9e-07       10319.34512
         2.95e-07       10386.17327
            3e-07       10448.98146
         3.05e-07       10501.54896
          3.1e-07       10535.41282
         3.15e-07       10601.46922
          3.2e-07        10657.2531
         3.25e-07       10719.93193
          3.3e-07       10770.84554
         3.35e-07        10817.5752
          3.4e-07       10869.02504
         3.45e-07       10931.41208
          3.5e-07       10985.67336
         3.55e-07       11041.25538
          3.6e-07       11094.45513
         3.65e-07       11146.08843
          3.7e-07       11206.03965
         3.75e-07       11250.83856
          3.8e-07       11281.91432
         3.85e-07       11338.56065
          3.9e-07       11396.73087
         3.95e-07       11417.27449
            4e-07       11463.79276
         4.05e-07       11492.55123
          4.1e-07       11540.04969
         4.15e-07        11589.7181
          4.2e-07       11614.87368
         4.25e-07       11663.62105
          4.3e-07       11697.70179
         4.35e-07       11741.62455
          4.4e-07       11771.12009
         4.45e-07       11807.47052
          4.5e-07       11859.70252
         4.55e-07       11898.01759
          4.6e-07       11929.54399
         4.65e-07       11945.22194
          4.7e-07       11975.01607
         4.75e-07        12012.3422
          4.8e-07       12044.47538
         4.85e-07       12069.95719
          4.9e-07       12098.05083
         4.95e-07        12139.0701
            5e-07       12166.48315
         5.05e-07       12195.32028
          5.1e-07       12240.37233
         5.15e-07       12277.99325
          5.2e-07        12321.6507
         5.25e-07       12348.21059
          5.3e-07       12370.19065
         5.35e-07       12399.86974
          5.4e-07       12433.82156
         5.45e-07       12441.35118
          5.5e-07       12462.51522
         5.55e-07       12478.35404
          5.6e-07       12498.39811
         5.65e-07        12529.8031
          5.7e-07       12534.89022
         5.75e-07        12569.6854
          5.8e-07       12587.99819
         5.85e-07        12606.7176
          5.9e-07       12623.46983
         5.95e-07       12640.49309
            6e-07       12666.26484
         6.05e-07       12700.95399
          6.1e-07       12729.50473
         6.15e-07       12762.73387
          6.2e-07       12776.16087
         6.25e-07        12790.6727
          6.3e-07       12824.84934
         6.35e-07       12838.85196
          6.4e-07       12865.29712
         6.45e-07       12871.56927
          6.5e-07        12891.1653
         6.55e-07       12918.18557
          6.6e-07       12940.56071
         6.65e-07       12981.78407
          6.7e-07       12985.24189
         6.75e-07       13017.48042
          6.8e-07       13042.36212
         6.85e-07        13057.9214
          6.9e-07       13068.26023
         6.95e-07       13091.98837
            7e-07       13116.32616
         7.05e-07       13130.56252
          7.1e-07       13135.74858
         7.15e-07       13130.93538
          7.2e-07       13150.32367
         7.25e-07       13174.25354
          7.3e-07       13187.81133
         7.35e-07        13199.5048
          7.4e-07       13224.78944
         7.45e-07       13227.19586
          7.5e-07       13241.26145
         7.55e-07       13275.18768
          7.6e-07       13282.20327
         7.65e-07       13310.70585
          7.7e-07        13322.9404
         7.75e-07       13328.22732
          7.8e-07       13340.69893
         7.85e-07       13366.01457
          7.9e-07       13348.66308
         7.95e-07         13346.223
            8e-07       13346.86691
         8.05e-07       13365.98068
          8.1e-07       13374.65634
         8.15e-07       13381.94249
          8.2e-07        13386.7886
         8.25e-07       13410.30725
          8.3e-07       13415.96657
         8.35e-07       13431.31777
          8.4e-07       13437.55309
         8.45e-07       13454.53061
          8.5e-07        13473.8122
         8.55e-07       13481.16556
          8.6e-07       13492.00915
         8.65e-07       13513.59439
          8.7e-07       13534.36604
         8.75e-07       13558.35638
          8.8e-07       13577.94139
         8.85e-07       13594.00224
          8.9e-07       13594.74767
         8.95e-07       13620.26164
            9e-07       13636.99962
         9.05e-07       13635.13609
          9.1e-07       13637.74503
         9.15e-07       13647.16429
          9.2e-07       13676.09928
         9.25e-07        13675.6927
          9.3e-07       13686.02648
         9.35e-07       13692.32835
          9.4e-07       13708.42171
         9.45e-07       13727.49633
          9.5e-07       13705.88067
         9.55e-07       13692.49776
          9.6e-07       13694.93718
         9.65e-07       13703.61066
          9.7e-07       13698.25751
         9.75e-07       13720.48313
          9.8e-07       13723.63399
         9.85e-07       13739.35431
          9.9e-07       13747.99362
         9.95e-07       13754.53237
            1e-06       13765.88192
        1.005e-06        13790.2408
         1.01e-06        13795.2887
        1.015e-06       13789.08893
         1.02e-06       13803.18234
        1.025e-06       13828.04873
         1.03e-06       13839.60095
        1.035e-06       13853.72773
         1.04e-06       13871.98731
        1.045e-06       13874.42642
         1.05e-06       13895.63295
        1.055e-06       13923.34324
         1.06e-06       13936.24968
        1.065e-06       13960.50399
         1.07e-06       13971.71639
        1.075e-06       13990.55031
         1.08e-06       13990.34707
        1.085e-06        13994.6829
         1.09e-06       13999.22197
        1.095e-06       14019.64757
          1.1e-06       14022.69614
        1.105e-06       14026.55766
         1.11e-06       14031.50309
        1.115e-06       14043.93435
         1.12e-06        14056.7381
        1.125e-06       14067.10296
         1.13e-06       14074.14831
        1.135e-06       14076.34998
         1.14e-06       14079.22907
        1.145e-06       14077.80646
         1.15e-06       14084.44531
        1.155e-06       14074.69026
         1.16e-06       14076.34998
        1.165e-06       14093.25189
         1.17e-06       14090.67766
        1.175e-06       14105.41166
         1.18e-06       14113.87941
        1.185e-06       14107.51166
         1.19e-06       14116.86004
        1.195e-06       14110.86489
          1.2e-06       14121.97453
        1.205e-06       14138.13077
         1.21e-06       14135.79371
        1.215e-06       14124.81966
         1.22e-06       14120.11164
        1.225e-06        14129.7309
         1.23e-06       14109.98425
        1.235e-06       14130.71315
         1.24e-06       14150.45952
        1.245e-06       14151.34014
         1.25e-06       14146.76768
        1.255e-06       14140.09525
         1.26e-06       14124.24386
        1.265e-06       14130.71315
         1.27e-06       14141.45006
        1.275e-06       14135.15018
         1.28e-06       14152.72882
        1.285e-06         14162.314
         1.29e-06       14174.10064
        1.295e-06       14203.97327
          1.3e-06       14217.08047
        1.305e-06       14212.44046
         1.31e-06       14208.44396
        1.315e-06       14213.18558
         1.32e-06       14226.39429
        1.325e-06       14229.47631
         1.33e-06       14228.86668
        1.335e-06        14229.1715
         1.34e-06       14240.99149
        1.345e-06       14258.53503
         1.35e-06       14268.69529
        1.355e-06       14265.68109
         1.36e-06       14278.31361
        1.365e-06       14298.70153
         1.37e-06       14278.07654
        1.375e-06       14259.48332
         1.38e-06       14263.10715
        1.385e-06       14276.17997
         1.39e-06       14271.23534
        1.395e-06       14290.74282
          1.4e-06       14307.13434
        1.405e-06       14312.04498
         1.41e-06       14320.64704
        1.415e-06       14324.88032
         1.42e-06       14304.93301
        1.425e-06       14333.85484
         1.43e-06       14357.79791
        1.435e-06       14362.26815
         1.44e-06       14363.38571
        1.445e-06       14354.71615
         1.45e-06       14366.63678
        1.455e-06       14356.88354
         1.46e-06       14353.86951
        1.465e-06       14347.60437
         1.47e-06       14350.75388
        1.475e-06       14367.04316
         1.48e-06        14378.0832
        1.485e-06       14388.37814
         1.49e-06       14391.35824
        1.495e-06       14415.30044
          1.5e-06        14423.4617
        1.505e-06       14411.71082
         1.51e-06       14412.52357
        1.515e-06       14422.31032
         1.52e-06       14426.78037
        1.525e-06         14405.175
         1.53e-06       14401.38217
        1.535e-06         14390.918
         1.54e-06       14406.25866
        1.545e-06       14397.45388
         1.55e-06       14402.09333
        1.555e-06       14409.67896
         1.56e-06       14410.55944
        1.565e-06       14409.54351
         1.57e-06       14408.39212
        1.575e-06       14406.86822
         1.58e-06       14419.77051
        1.585e-06        14440.5291
         1.59e-06       14443.37364
        1.595e-06       14443.71228
          1.6e-06       14471.92044
        1.605e-06        14488.2762
         1.61e-06       14482.14704
        1.615e-06       14480.28458
         1.62e-06       14460.50855
        1.625e-06       14463.14989
         1.63e-06         14467.823
        1.635e-06       14458.37517
         1.64e-06       14458.13812
        1.645e-06        14479.2687
         1.65e-06       14462.64194
        1.655e-06       14456.03859
         1.66e-06       14462.10013
        1.665e-06         14480.183
         1.67e-06        14480.9957
        1.675e-06        14484.2804
         1.68e-06       14492.84766
        1.685e-06       14480.01368
         1.69e-06       14463.65783
        1.695e-06       14488.03916
          1.7e-06       14504.97042
        1.705e-06       14502.29529
         1.71e-06        14503.8191
        1.715e-06       14498.19794
         1.72e-06       14498.19794
        1.725e-06       14505.95243
         1.73e-06       14509.06776
        1.735e-06       14524.67818
         1.74e-06        14526.8792
        1.745e-06       14516.38199
         1.75e-06       14509.88045
        1.755e-06       14507.40851
         1.76e-06       14511.03177
        1.765e-06       14525.62631
         1.77e-06       14558.97995
        1.775e-06       14550.17601
         1.78e-06       14558.33658
        1.785e-06       14553.79917
         1.79e-06       14563.78823
        1.795e-06       14558.43817
          1.8e-06       14549.66809
        1.805e-06       14550.61621
         1.81e-06       14545.33382
        1.815e-06       14555.22135
         1.82e-06       14561.04548
        1.825e-06       14572.82912
         1.83e-06       14561.89201
        1.835e-06       14581.05731
         1.84e-06       14549.49878
        1.845e-06       14576.11363
         1.85e-06       14591.45253
        1.855e-06       14595.54965
         1.86e-06       14585.52692
        1.865e-06       14580.00762
         1.87e-06       14591.72341
        1.875e-06       14571.57627
         1.88e-06       14584.61268
        1.885e-06       14582.54718
         1.89e-06       14595.48193
        1.895e-06       14599.07113
          1.9e-06       14600.76415
        1.905e-06       14607.40076
         1.91e-06       14619.99671
        1.915e-06       14625.10956
         1.92e-06       14634.52257
        1.925e-06       14643.69851
         1.93e-06       14634.01467
        1.935e-06       14646.20411
         1.94e-06       14651.35073
        1.945e-06       14654.63508
         1.95e-06       14662.05024
        1.955e-06       14675.83083
         1.96e-06       14681.55296
        1.965e-06       14686.29317
         1.97e-06       14683.00889
        1.975e-06       14679.62302
         1.98e-06       14684.97269
        1.985e-06       14694.85938
         1.99e-06       14694.72394
        1.995e-06       14691.98141
            2e-06       14708.74128
        2.005e-06       14714.09086
         2.01e-06       14706.84522
        2.015e-06       14694.38536
         2.02e-06       14707.52238
        2.025e-06       14711.89008
         2.03e-06       14705.76176
        2.035e-06       14698.65152
         2.04e-06       14713.44755
        2.045e-06       14714.22629
         2.05e-06       14728.10803
        2.055e-06       14719.40656
         2.06e-06        14703.4594
        2.065e-06       14688.25697
         2.07e-06       14680.87579
        2.075e-06       14666.28262
         2.08e-06       14681.01122
        2.085e-06       14682.36557
         2.09e-06       14667.90785
        2.095e-06       14674.23947
          2.1e-06       14663.74319
        2.105e-06       14663.60776
         2.11e-06       14682.36557
        2.115e-06       14668.55117
         2.12e-06       14666.28262
        2.125e-06        14679.5553
         2.13e-06       14669.16063
        2.135e-06       14671.02287
         2.14e-06       14667.50154
        2.145e-06        14666.9598
         2.15e-06       14689.78061
        2.155e-06       14688.42626
         2.16e-06       14677.04975
        2.165e-06       14655.95559
         2.17e-06       14662.76128
        2.175e-06       14691.06723
         2.18e-06       14670.27798
        2.185e-06       14662.15182
         2.19e-06       14671.56462
        2.195e-06        14687.0042
          2.2e-06       14674.67963
        2.205e-06       14676.60959
         2.21e-06       14671.76777
        2.215e-06       14636.85888
         2.22e-06       14627.88606
        2.225e-06       14643.02132
         2.23e-06       14638.01011
        2.235e-06       14654.09333
         2.24e-06       14661.27148
        2.245e-06       14683.71992
         2.25e-06       14695.70584
        2.255e-06       14693.30189
         2.26e-06       14673.83316
        2.265e-06       14666.68893
         2.27e-06       14672.17408
        2.275e-06       14655.51542
         2.28e-06       14637.67151
        2.285e-06       14627.61518
         2.29e-06       14630.25625
        2.295e-06        14635.1659
          2.3e-06       14640.78659
        2.305e-06        14649.0483
         2.31e-06         14638.518
        2.315e-06       14649.42075
         2.32e-06       14654.83824
        2.325e-06       14647.69392
         2.33e-06       14651.85862
        2.335e-06       14663.33688
         2.34e-06       14674.30719
        2.345e-06       14650.19951
         2.35e-06       14653.68702
        2.355e-06        14651.9602
         2.36e-06       14661.74551
        2.365e-06       14655.04139
         2.37e-06       14639.39835
        2.375e-06       14636.45257
         2.38e-06       14639.83853
        2.385e-06       14647.05059
         2.39e-06        14631.4752
        2.395e-06       14638.38256
          2.4e-06       14658.96906
        2.405e-06       14658.32573
         2.41e-06       14657.51311
        2.415e-06       14643.49535
         2.42e-06       14644.71429
        2.425e-06       14652.97598
         2.43e-06       14642.58115
        2.435e-06       14642.37799
         2.44e-06        14667.5354
        2.445e-06       14647.42305
         2.45e-06       14640.24484
        2.455e-06       14655.75244
         2.46e-06       14651.68932
        2.465e-06       14657.51311
         2.47e-06       14666.92594
        2.475e-06       14666.62121
         2.48e-06       14658.52889
        2.485e-06       14676.13556
         2.49e-06       14679.01356
        2.495e-06       14673.08827
          2.5e-06       14664.79282
        2.505e-06       14652.40037
         2.51e-06       14643.59693
        2.515e-06       14640.07554
         2.52e-06       14655.34613
        2.525e-06       14656.19261
         2.53e-06        14668.2803
        2.535e-06       14686.73334
         2.54e-06         14685.616
        2.545e-06        14694.7578
         2.55e-06       14685.34513
        2.555e-06       14683.88921
         2.56e-06       14672.98669
        2.565e-06       14665.74088
         2.57e-06       14691.37196
        2.575e-06       14692.82787
         2.58e-06        14681.1128
        2.585e-06       14684.97269
         2.59e-06       14677.04975
        2.595e-06       14677.55763
          2.6e-06       14687.91839
        2.605e-06       14691.84598
         2.61e-06       14685.75144
        2.615e-06       14692.38771
         2.62e-06       14683.11046
        2.625e-06       14689.03572
         2.63e-06       14703.76412
        2.635e-06       14685.78529
         2.64e-06       14681.41753
        2.645e-06        14692.7263
         2.65e-06       14695.67198
        2.655e-06       14700.95388
         2.66e-06       14680.09704
        2.665e-06       14690.86408
         2.67e-06       14694.14835
        2.675e-06       14696.78931
         2.68e-06        14713.6507
        2.685e-06       14710.73891
         2.69e-06       14729.83477
        2.695e-06       14725.90727
          2.7e-06       14732.50953
        2.705e-06        14722.3522
         2.71e-06       14716.56249
        2.715e-06       14721.64118
         2.72e-06       14710.53576
        2.725e-06       14711.44993
         2.73e-06        14705.7279
        2.735e-06       14698.24522
         2.74e-06        14706.3712
        2.745e-06       14686.42861
         2.75e-06       14676.50801
        2.755e-06       14676.13556
         2.76e-06       14666.14718
        2.765e-06       14663.70933
         2.77e-06       14676.57573
        2.775e-06       14688.83257
         2.78e-06       14690.59321
        2.785e-06       14685.92073
         2.79e-06       14698.38065
        2.795e-06       14703.76412
          2.8e-06        14706.3712
        2.805e-06       14704.64444
         2.81e-06       14698.07593
        2.815e-06       14709.85859
         2.82e-06       14692.52314
        2.825e-06       14684.56638
         2.83e-06       14680.84193
        2.835e-06       14667.33225
         2.84e-06       14678.03165
        2.845e-06       14664.28494
         2.85e-06        14665.6393
        2.855e-06       14661.77937
         2.86e-06       14671.66619
        2.865e-06       14677.15133
         2.87e-06       14685.51443
        2.875e-06       14695.70584
         2.88e-06       14691.54125
        2.885e-06       14698.14364
         2.89e-06       14711.58536
        2.895e-06       14720.86245
          2.9e-06       14707.75939
        2.905e-06       14706.64207
         2.91e-06       14684.90497
        2.915e-06       14691.77826
         2.92e-06       14696.68773
        2.925e-06       14695.90899
         2.93e-06       14700.64916
        2.935e-06       14706.30349
         2.94e-06       14720.82859
        2.945e-06       14730.37649
         2.95e-06       14747.13598
        2.955e-06       14746.35726
         2.96e-06       14749.47214
        2.965e-06       14766.02829
         2.97e-06       14757.90259
        2.975e-06       14753.63658
         2.98e-06       14741.34636
        2.985e-06       14746.42497
         2.99e-06       14743.51324
        2.995e-06       14750.72486
            3e-06       14768.73685
        3.005e-06       14784.64954
         3.01e-06         14782.652
        3.015e-06       14796.80403
         3.02e-06       14806.18222
        3.025e-06       14794.94193
         3.03e-06       14787.08722
        3.035e-06        14781.8733
         3.04e-06       14773.20596
        3.045e-06       14791.65785
         3.05e-06       14779.94346
        3.055e-06       14791.25157
         3.06e-06       14800.18967
        3.065e-06       14790.94686
         3.07e-06       14788.91547
        3.075e-06       14785.86838
         3.08e-06       14778.21677
        3.085e-06       14771.98711
         3.09e-06       14764.06458
        3.095e-06         14766.807
          3.1e-06       14774.15395
        3.105e-06       14773.67996
         3.11e-06       14773.54453
        3.115e-06       14778.92776
         3.12e-06       14763.96301
        3.125e-06       14749.57371
         3.13e-06        14762.9473
        3.135e-06       14754.04287
         3.14e-06       14766.77315
        3.145e-06       14753.50116
         3.15e-06       14740.12749
        3.155e-06       14743.31009
         3.16e-06       14739.34876
        3.165e-06       14725.83955
         3.17e-06       14739.41648
        3.175e-06       14725.53483
         3.18e-06       14722.82621
        3.185e-06       14734.50713
         3.19e-06       14707.42081
        3.195e-06       14699.83656
          3.2e-06       14706.40506
        3.205e-06       14717.88295
         3.21e-06       14736.43701
        3.215e-06       14731.66309
         3.22e-06       14720.49001
        3.225e-06        14741.5495
         3.23e-06       14741.48179
        3.235e-06       14749.84457
         3.24e-06       14752.35001
        3.245e-06       14758.81674
         3.25e-06       14753.12873
        3.255e-06       14753.60273
         3.26e-06       14756.17588
        3.265e-06       14737.79132
         3.27e-06       14728.95447
        3.275e-06       14729.02219
         3.28e-06       14736.87716
        3.285e-06       14728.78518
         3.29e-06       14724.24824
        3.295e-06       14707.62396
          3.3e-06       14713.85385
        3.305e-06       14694.01292
         3.31e-06       14700.85231
        3.315e-06       14712.36409
         3.32e-06       14707.14994
        3.325e-06        14721.7089
         3.33e-06       14714.66644
        3.335e-06       14739.38262
         3.34e-06       14741.61722
        3.345e-06       14735.15043
         3.35e-06       14754.38144
        3.355e-06       14733.59297
         3.36e-06       14740.94007
        3.365e-06       14723.26636
         3.37e-06       14734.71028
        3.375e-06       14739.04405
         3.38e-06       14738.23147
        3.385e-06       14733.66069
         3.39e-06       14745.03682
        3.395e-06       14755.05859
          3.4e-06       14762.10088
        3.405e-06       14776.18536
         3.41e-06        14754.4153
        3.415e-06       14755.26173
         3.42e-06       14749.60757
        3.425e-06       14749.30285
         3.43e-06       14753.50116
        3.435e-06        14739.9582
         3.44e-06       14727.66788
        3.445e-06       14727.09229
         3.45e-06       14738.02832
        3.455e-06       14746.79741
         3.46e-06       14747.74541
        3.465e-06       14754.04287
         3.47e-06       14753.16258
        3.475e-06       14763.35359
         3.48e-06       14744.32582
        3.485e-06       14743.71638
         3.49e-06       14739.75506
        3.495e-06       14721.84433
          3.5e-06        14719.3727
        3.505e-06       14720.35458
         3.51e-06       14726.61828
        3.515e-06       14722.75849
         3.52e-06       14709.89245
        3.525e-06       14715.17431
         3.53e-06       14726.48285
        3.535e-06       14730.98593
         3.54e-06       14723.70651
        3.545e-06       14735.31971
         3.55e-06       14757.29316
        3.555e-06       14764.67401
         3.56e-06       14767.11172
        3.565e-06       14759.18916
         3.57e-06       14766.67158
        3.575e-06       14775.03423
         3.58e-06       14760.17102
        3.585e-06       14756.14202
         3.59e-06       14751.36815
        3.595e-06       14744.22424
          3.6e-06       14744.08881
        3.605e-06         14735.726
         3.61e-06       14732.81425
        3.615e-06        14722.5892
         3.62e-06       14723.67265
        3.625e-06       14725.46712
         3.63e-06       14742.46366
        3.635e-06       14737.85903
         3.64e-06       14713.17669
        3.645e-06        14704.9153
         3.65e-06       14720.15143
        3.655e-06       14721.87819
         3.66e-06       14720.59159
        3.665e-06       14711.99166
         3.67e-06       14692.65858
        3.675e-06       14689.57745
         3.68e-06       14672.30951
        3.685e-06       14696.51844
         3.69e-06       14686.76719
        3.695e-06       14697.33104
          3.7e-06       14685.48057
        3.705e-06       14690.62707
         3.71e-06       14683.55062
        3.715e-06        14704.1027
         3.72e-06       14711.44993
        3.725e-06       14712.90582
         3.73e-06       14707.52238
        3.735e-06       14721.53961
         3.74e-06       14721.40418
        3.745e-06       14722.25062
         3.75e-06       14726.99072
        3.755e-06       14723.50336
         3.76e-06       14717.00264
        3.765e-06       14707.01451
         3.77e-06       14701.90192
        3.775e-06       14690.79636
         3.78e-06       14698.48223
        3.785e-06       14704.64444
         3.79e-06       14726.75372
        3.795e-06       14715.41132
          3.8e-06         14726.923
        3.805e-06        14728.2096
         3.81e-06       14713.04126
        3.815e-06       14736.91102
         3.82e-06       14743.58095
        3.825e-06       14742.39594
         3.83e-06       14760.78045
        3.835e-06       14741.71879
         3.84e-06       14740.12749
        3.845e-06       14741.71879
         3.85e-06       14739.41648
        3.855e-06       14749.26899
         3.86e-06       14743.31009
        3.865e-06       14722.79235
         3.87e-06       14709.24915
        3.875e-06       14725.73798
         3.88e-06       14717.57823
        3.885e-06       14720.62544
         3.89e-06       14718.15382
        3.895e-06       14715.51289
          3.9e-06       14717.37508
        3.905e-06       14703.25625
         3.91e-06       14691.91369
        3.915e-06       14697.39876
         3.92e-06       14698.75309
        3.925e-06       14702.71452
         3.93e-06       14712.97354
        3.935e-06       14703.49326
         3.94e-06       14700.68302
        3.945e-06       14698.95624
         3.95e-06       14684.26166
        3.955e-06       14695.90899
         3.96e-06       14704.37357
        3.965e-06       14697.33104
         3.97e-06       14702.10507
        3.975e-06       14704.44129
         3.98e-06       14699.59955
        3.985e-06       14701.46176
         3.99e-06       14701.36018
        3.995e-06       14693.74205
            4e-06       14682.43329
