/*--------------------------------*- C++ -*----------------------------------*\
| =========                 |                                                 |
| \\      /  F ield         | OpenFOAM: The Open Source CFD Toolbox           |
|  \\    /   O peration     | Version:  v1706                                 |
|   \\  /    A nd           | Web:      www.OpenFOAM.com                      |
|    \\/     M anipulation  |                                                 |
\*---------------------------------------------------------------------------*/
FoamFile
{
    version     2.0;
    format      ascii;
    class       volScalarField;
    location    "0.01";
    object      dsmcRhoNMean_O2;
}
// * * * * * * * * * * * * * * * * * * * * * * * * * * * * * * * * * * * * * //

dimensions      [0 -3 0 0 0 0 0];


internalField   nonuniform List<scalar> 
5120
(
2.7923
2.8032
2.7957
2.7985
2.8
2.8055
2.7922
2.7798
2.7737
2.7758
2.7834
2.799
2.794
2.7887
2.7921
2.7948
2.8079
2.7966
2.7783
2.7868
2.8141
2.8152
2.7943
2.7887
2.7981
2.7872
2.7965
2.785
2.7897
2.7826
2.7896
2.7891
2.8015
2.8073
2.8224
2.8055
2.8267
2.8221
2.8184
2.8257
2.7706
2.7616
2.7683
2.7697
2.7427
2.749
2.7671
2.7709
2.7875
2.7583
2.7794
2.7786
2.7706
2.7402
2.7605
2.7748
2.7846
2.7721
2.7726
2.7658
2.7891
2.7749
2.7746
2.772
2.7952
2.7917
2.812
2.82
2.813
2.7945
2.7885
2.771
2.7731
2.7925
2.7916
2.7994
2.7858
2.796
2.7939
2.7988
2.8591
2.871
2.865
2.8425
2.8189
2.8205
2.8068
2.7982
2.8113
2.7968
2.7768
2.7631
2.7801
2.7743
2.7688
2.7852
2.8047
2.8093
2.8115
2.8256
2.7948
2.7656
2.7557
2.7927
2.8076
2.805
2.8047
2.8048
2.8056
2.7965
2.8134
2.8186
2.7884
2.7667
2.7765
2.7684
2.7648
2.7539
2.7676
2.7803
2.7879
2.7581
2.7701
2.8109
2.7897
2.7902
2.7911
2.7822
2.7844
2.7867
2.7906
2.7611
2.7707
2.7733
2.7762
2.7819
2.8088
2.8177
2.7817
2.8082
2.7477
2.7743
2.7797
2.7906
2.7757
2.7562
2.7843
2.7802
2.7946
2.8093
2.8135
2.8108
2.8095
2.7991
2.7933
2.7611
2.7226
2.7384
2.7493
2.7375
2.8007
2.7944
2.7781
2.7864
2.7762
2.7918
2.7675
2.7566
2.7321
2.729
2.7534
2.7629
2.7913
2.8052
2.7989
2.8106
2.8053
2.8202
2.7845
2.7862
2.7654
2.7559
2.7851
2.782
2.7952
2.8204
2.83
2.8363
2.8436
2.8422
2.8181
2.8567
2.8506
2.8331
2.8167
2.8016
2.7846
2.7995
2.7865
2.7747
2.8198
2.8349
2.8589
2.8273
2.8147
2.7943
2.7885
2.8035
2.822
2.8394
2.8392
2.8332
2.8349
2.8295
2.8494
2.8461
2.8327
2.8054
2.8089
2.8114
2.7705
2.7655
2.7694
2.753
2.7495
2.7415
2.7599
2.781
2.7847
2.7932
2.804
2.8139
2.8163
2.8101
2.7993
2.8074
2.8076
2.8274
2.8515
2.8177
2.8182
2.8237
2.8131
2.8186
2.8264
2.8154
2.7829
2.7697
2.7789
2.7911
2.7827
2.8251
2.8258
2.813
2.8124
2.81
2.7865
2.7891
2.7945
2.8053
2.7321
2.7547
2.7792
2.783
2.7803
2.7925
2.8056
2.7921
2.7907
2.7839
2.7865
2.7598
2.7324
2.7779
2.7971
2.7858
2.7971
2.7665
2.7769
2.7523
2.812
2.7908
2.7722
2.7453
2.7549
2.7471
2.7585
2.7469
2.7711
2.7969
2.8047
2.7865
2.782
2.7725
2.7806
2.7823
2.8011
2.7991
2.8001
2.8185
2.7672
2.7461
2.7495
2.768
2.763
2.759
2.7708
2.7859
2.773
2.7446
2.7516
2.7453
2.7421
2.7237
2.7282
2.7308
2.7368
2.7534
2.7635
2.7851
2.7377
2.771
2.7737
2.7847
2.7602
2.7735
2.784
2.7705
2.7537
2.7661
2.7626
2.7624
2.7652
2.786
2.7923
2.8016
2.8251
2.8074
2.795
2.7825
2.7429
2.7802
2.7748
2.7618
2.7649
2.7748
2.7499
2.7478
2.7685
2.7639
2.7715
2.7764
2.7836
2.7952
2.7983
2.8019
2.7964
2.8085
2.7837
2.7658
2.8226
2.8184
2.8346
2.8348
2.7842
2.7959
2.7986
2.7884
2.7913
2.8039
2.8018
2.7983
2.7863
2.7846
2.7535
2.7596
2.7378
2.7364
2.7779
2.8011
2.7795
2.7924
2.7897
2.7927
2.8056
2.7907
2.7749
2.7818
2.7814
2.7912
2.7846
2.8177
2.8111
2.789
2.7589
2.7442
2.7636
2.7728
2.795
2.8013
2.7707
2.7519
2.7706
2.7874
2.7847
2.787
2.8004
2.7797
2.7924
2.7803
2.8008
2.8078
2.8136
2.8193
2.8308
2.8379
2.8247
2.8068
2.798
2.7728
2.75
2.7423
2.7485
2.7367
2.7559
2.7728
2.7786
2.778
2.7699
2.8072
2.7723
2.7672
2.7532
2.7771
2.7665
2.7777
2.7849
2.7941
2.7599
2.7365
2.8392
2.8364
2.8313
2.8201
2.8112
2.8106
2.821
2.8374
2.828
2.8146
2.8211
2.7988
2.8129
2.7949
2.8167
2.8141
2.8095
2.8081
2.8328
2.8524
2.7985
2.7954
2.799
2.787
2.7909
2.8073
2.8005
2.7775
2.7861
2.8063
2.8107
2.7889
2.7785
2.7829
2.7746
2.7742
2.7803
2.782
2.7634
2.7805
2.7923
2.7915
2.7933
2.8011
2.8023
2.7781
2.79
2.7783
2.7985
2.7825
2.7455
2.7442
2.7548
2.7621
2.7668
2.7859
2.8029
2.7884
2.8004
2.7975
2.7802
2.7691
2.788
2.7587
2.7592
2.7603
2.7877
2.7792
2.7795
2.7642
2.782
2.7891
2.7843
2.7817
2.7843
2.7984
2.8252
2.8211
2.8003
2.7837
2.7882
2.7913
2.7808
2.7751
2.777
2.8123
2.8015
2.8127
2.8163
2.8109
2.8322
2.8002
2.805
2.798
2.7871
2.8083
2.8005
2.7981
2.8182
2.7936
2.7643
2.7686
2.7685
2.8058
2.8389
2.8318
2.7869
2.7878
2.7797
2.7631
2.7856
2.7941
2.7812
2.7842
2.7672
2.721
2.731
2.7409
2.7294
2.7484
2.7689
2.7371
2.7579
2.7814
2.7643
2.7581
2.77
2.7644
2.7435
2.7466
2.7531
2.7578
2.755
2.754
2.7809
2.7919
2.7726
2.7433
2.76
2.782
2.8304
2.8148
2.8035
2.7818
2.7842
2.7996
2.8008
2.7874
2.7961
2.8137
2.7824
2.7902
2.7831
2.7896
2.7666
2.7741
2.7607
2.7715
2.7805
2.8223
2.8151
2.8079
2.7988
2.8141
2.7872
2.8173
2.7726
2.7874
2.771
2.7773
2.78
2.7799
2.7753
2.786
2.789
2.7984
2.8241
2.8239
2.8294
2.8131
2.8269
2.7982
2.7856
2.7875
2.7531
2.744
2.7463
2.7458
2.7432
2.7678
2.7745
2.7791
2.793
2.799
2.8111
2.8007
2.7907
2.77
2.7604
2.7863
2.8109
2.7999
2.7848
2.8001
2.8053
2.8169
2.792
2.7912
2.7976
2.8232
2.8071
2.7913
2.7774
2.7634
2.7672
2.7474
2.7405
2.7689
2.7791
2.8024
2.7828
2.7983
2.7936
2.7963
2.8208
2.8078
2.809
2.8346
2.8148
2.8089
2.8054
2.79
2.7745
2.7724
2.7426
2.7645
2.7657
2.7969
2.7963
2.7768
2.7929
2.795
2.7747
2.7971
2.8239
2.8246
2.8008
2.7795
2.7785
2.7639
2.7616
2.7555
2.7719
2.7574
2.8042
2.8049
2.8222
2.8033
2.7977
2.7991
2.7839
2.7709
2.7765
2.7689
2.7735
2.7813
2.7771
2.8052
2.7866
2.7879
2.7979
2.7845
2.7852
2.8078
2.7847
2.7984
2.7884
2.7864
2.7933
2.7804
2.8257
2.8226
2.8228
2.8282
2.8142
2.8198
2.8267
2.8176
2.8037
2.8002
2.7917
2.783
2.7753
2.7727
2.795
2.7672
2.7675
2.7975
2.7755
2.7931
2.771
2.7668
2.7678
2.7724
2.7679
2.7778
2.7952
2.8119
2.8091
2.8042
2.8197
2.8127
2.8152
2.8103
2.8112
2.8009
2.7747
2.7563
2.763
2.7634
2.8035
2.8141
2.8293
2.8361
2.8571
2.8374
2.8197
2.8213
2.7764
2.7825
2.7818
2.802
2.7985
2.8189
2.8172
2.8344
2.8189
2.8259
2.8203
2.8154
2.7507
2.7225
2.7488
2.766
2.7511
2.7655
2.7368
2.7593
2.751
2.7671
2.7684
2.7752
2.7626
2.756
2.7525
2.7831
2.7804
2.7909
2.7814
2.7583
2.7723
2.7989
2.8028
2.8078
2.8087
2.7852
2.7819
2.7924
2.797
2.7907
2.7867
2.7844
2.7835
2.7841
2.7721
2.7528
2.7389
2.7244
2.7853
2.7917
2.786
2.7742
2.7639
2.7712
2.7747
2.7851
2.7651
2.7725
2.7545
2.7657
2.7703
2.7562
2.7553
2.7465
2.7685
2.7606
2.7698
2.7658
2.7751
2.7864
2.7648
2.7726
2.7857
2.7747
2.7624
2.7594
2.7462
2.7645
2.7556
2.7584
2.754
2.7748
2.7933
2.8022
2.7901
2.7702
2.734
2.7427
2.7476
2.7407
2.7934
2.8021
2.7721
2.7607
2.771
2.7833
2.7751
2.7705
2.7512
2.7545
2.7553
2.7638
2.761
2.7407
2.7363
2.7742
2.7897
2.7856
2.7772
2.7746
2.8334
2.8332
2.8172
2.8013
2.7903
2.8121
2.8192
2.8298
2.833
2.8368
2.8088
2.8022
2.8027
2.8121
2.7926
2.798
2.7903
2.811
2.8263
2.832
2.7403
2.7547
2.7621
2.7939
2.7905
2.7728
2.777
2.7748
2.7912
2.7959
2.7957
2.792
2.8157
2.816
2.8109
2.8037
2.8271
2.8013
2.7667
2.7562
2.7427
2.7564
2.7667
2.7874
2.7873
2.7776
2.7499
2.7608
2.7589
2.7538
2.7676
2.7873
2.8084
2.8265
2.8144
2.8102
2.7946
2.7828
2.7702
2.7485
2.7685
2.7842
2.7817
2.7634
2.7659
2.7649
2.789
2.7999
2.7938
2.799
2.7825
2.7923
2.756
2.7555
2.7753
2.7617
2.8026
2.805
2.7787
2.7676
2.8002
2.7989
2.8022
2.8014
2.7919
2.7867
2.7927
2.7881
2.7873
2.7948
2.8023
2.7922
2.8089
2.8015
2.8111
2.8268
2.8293
2.795
2.7878
2.8118
2.8384
2.8472
2.8305
2.8291
2.7844
2.7867
2.7795
2.7825
2.7927
2.7931
2.7852
2.7708
2.7787
2.767
2.7832
2.7933
2.8046
2.7948
2.7857
2.8276
2.7653
2.775
2.7857
2.7802
2.8042
2.8049
2.7958
2.817
2.7842
2.7688
2.7726
2.7579
2.7766
2.7858
2.7631
2.7409
2.7543
2.7772
2.7715
2.7636
2.8102
2.7887
2.7915
2.7496
2.7573
2.7694
2.771
2.7641
2.804
2.8078
2.823
2.8334
2.8234
2.807
2.8285
2.8218
2.8214
2.8269
2.8262
2.8181
2.7471
2.784
2.7949
2.8164
2.7948
2.7943
2.7875
2.7891
2.7805
2.7834
2.7905
2.8047
2.7993
2.7824
2.7845
2.7859
2.7796
2.754
2.754
2.7622
2.7701
2.7517
2.7415
2.7484
2.7856
2.779
2.7877
2.7852
2.8042
2.8045
2.7899
2.7883
2.7798
2.7778
2.7583
2.7399
2.7627
2.7773
2.7669
2.7727
2.8006
2.8058
2.7856
2.8202
2.8094
2.7972
2.7903
2.7813
2.7726
2.7555
2.7486
2.7918
2.7827
2.7617
2.7449
2.7342
2.7493
2.7664
2.7847
2.802
2.7719
2.7718
2.7626
2.7476
2.7336
2.7082
2.7329
2.7505
2.7288
2.725
2.7454
2.7352
2.7546
2.7373
2.7536
2.7666
2.7633
2.7705
2.7616
2.7502
2.7479
2.7349
2.7327
2.7248
2.7313
2.7299
2.72
2.7162
2.7396
2.7503
2.7529
2.7539
2.7677
2.787
2.7691
2.7514
2.7614
2.7432
2.7295
2.7324
2.7757
2.7524
2.7564
2.7242
2.7546
2.7281
2.7171
2.7729
2.7368
2.7383
2.7545
2.7617
2.7785
2.7657
2.7696
2.7628
2.8018
2.8028
2.8097
2.7793
2.7444
2.7436
2.7342
2.7204
2.7243
2.72
2.7425
2.7296
2.7712
2.7775
2.7922
2.7876
2.7603
2.7625
2.7807
2.7848
2.7686
2.7606
2.7572
2.7592
2.7592
2.7768
2.7871
2.7978
2.7829
2.7629
2.7404
2.7525
2.7451
2.7471
2.7284
2.7381
2.7298
2.7594
2.769
2.7844
2.7963
2.7832
2.7844
2.7662
2.7618
2.752
2.7712
2.7871
2.8144
2.7766
2.7833
2.776
2.7943
2.8014
2.7964
2.7765
2.7527
2.7634
2.7789
2.7689
2.7405
2.7373
2.7363
2.766
2.7963
2.7759
2.7876
2.7663
2.7765
2.7762
2.7744
2.7938
2.7847
2.7942
2.7899
2.7736
2.7689
2.7627
2.746
2.7487
2.766
2.7985
2.8042
2.8002
2.8182
2.8082
2.7857
2.7728
2.7861
2.7925
2.8133
2.8212
2.8471
2.8491
2.8321
2.8074
2.7921
2.7738
2.7763
2.7986
2.7734
2.7629
2.7692
2.8042
2.7631
2.7714
2.7626
2.7661
2.791
2.7943
2.7858
2.7766
2.7832
2.7561
2.7541
2.7661
2.7674
2.7988
2.8117
2.7925
2.7781
2.7739
2.7873
2.782
2.7429
2.7776
2.7532
2.7593
2.8027
2.8134
2.8154
2.8127
2.8186
2.8229
2.8041
2.837
2.8302
2.8234
2.8179
2.8099
2.7935
2.7795
2.7825
2.7872
2.7889
2.764
2.7814
2.755
2.7678
2.7713
2.7744
2.7872
2.7675
2.7522
2.7632
2.7784
2.7754
2.7721
2.7871
2.7767
2.7702
2.771
2.7746
2.7524
2.7743
2.7866
2.7904
2.7917
2.7695
2.7809
2.771
2.7821
2.7724
2.8049
2.796
2.7895
2.7644
2.7584
2.7338
2.7756
2.7669
2.7422
2.7439
2.7565
2.814
2.784
2.797
2.7961
2.7935
2.759
2.7843
2.7982
2.7748
2.7633
2.7611
2.7509
2.7788
2.7967
2.8013
2.7997
2.771
2.7952
2.8193
2.8122
2.7983
2.8095
2.8218
2.7787
2.764
2.7801
2.7964
2.8161
2.8421
2.8223
2.8041
2.7904
2.7674
2.775
2.7415
2.7762
2.7763
2.813
2.8096
2.8046
2.8027
2.7964
2.7954
2.7779
2.7769
2.7468
2.7451
2.7499
2.7446
2.7548
2.766
2.782
2.7987
2.8285
2.8248
2.824
2.819
2.7864
2.7513
2.7986
2.7687
2.7504
2.7992
2.7944
2.7737
2.7849
2.7739
2.7591
2.7563
2.7409
2.7195
2.7475
2.7264
2.7414
2.7622
2.7561
2.777
2.7678
2.7803
2.7522
2.7615
2.7616
2.7601
2.7366
2.7486
2.7619
2.778
2.7926
2.8317
2.8673
2.8334
2.8266
2.7795
2.7729
2.7513
2.7404
2.723
2.7521
2.7595
2.7631
2.741
2.7781
2.7742
2.8017
2.8038
2.7962
2.7952
2.7448
2.7539
2.7391
2.7613
2.7421
2.7482
2.7635
2.7469
2.7721
2.798
2.7842
2.7761
2.7543
2.7486
2.7077
2.7087
2.7142
2.7224
2.7273
2.7531
2.7701
2.7891
2.7823
2.7705
2.7497
2.766
2.7831
2.7803
2.7563
2.7439
2.7538
2.7543
2.7511
2.7745
2.7519
2.7741
2.7508
2.7565
2.7846
2.7509
2.7506
2.7582
2.7474
2.7445
2.7508
2.734
2.7305
2.728
2.7401
2.7424
2.7533
2.7388
2.7357
2.7801
2.786
2.7505
2.7602
2.7677
2.7719
2.8046
2.7897
2.7719
2.7562
2.7656
2.7777
2.7662
2.7494
2.7587
2.7429
2.7275
2.7516
2.7806
2.7928
2.7976
2.802
2.8143
2.8186
2.7803
2.7831
2.7882
2.7726
2.7705
2.7734
2.7554
2.759
2.7768
2.7846
2.7866
2.7895
2.8045
2.7828
2.7706
2.7758
2.8016
2.8116
2.8021
2.7923
2.7997
2.8005
2.808
2.8051
2.7924
2.7728
2.7579
2.739
2.7637
2.7666
2.7814
2.7946
2.7619
2.7707
2.77
2.8018
2.8039
2.8275
2.8252
2.8193
2.8324
2.8296
2.812
2.8136
2.7885
2.7846
2.8026
2.8083
2.8196
2.8185
2.7833
2.7749
2.7753
2.8054
2.791
2.7704
2.7552
2.7835
2.817
2.8261
2.7951
2.7829
2.7685
2.7816
2.784
2.8166
2.7928
2.7906
2.7729
2.7497
2.7465
2.7467
2.7547
2.7651
2.7781
2.7659
2.7767
2.7711
2.7615
2.7668
2.786
2.7764
2.7901
2.7616
2.7647
2.7968
2.7988
2.7761
2.7743
2.7727
2.7704
2.7829
2.7921
2.7839
2.7888
2.7593
2.7959
2.7797
2.7832
2.7982
2.7849
2.7732
2.7709
2.762
2.7767
2.7647
2.7664
2.7874
2.8166
2.8043
2.8202
2.7864
2.754
2.7708
2.7731
2.8008
2.7527
2.7635
2.7241
2.7346
2.7443
2.7754
2.7909
2.7856
2.7857
2.7703
2.8018
2.8185
2.7827
2.7754
2.796
2.7911
2.803
2.8265
2.8096
2.7654
2.7503
2.7829
2.777
2.7915
2.7687
2.7864
2.7626
2.7583
2.7667
2.7528
2.735
2.7465
2.7693
2.7566
2.7561
2.7504
2.7579
2.7258
2.7156
2.7274
2.8036
2.7835
2.7647
2.8002
2.8064
2.7744
2.7879
2.7688
2.7633
2.791
2.7802
2.7576
2.7718
2.7684
2.7696
2.7924
2.7827
2.7798
2.8072
2.8023
2.7515
2.7414
2.7321
2.7252
2.7481
2.7801
2.7865
2.7896
2.7936
2.8164
2.7935
2.7705
2.7803
2.7897
2.782
2.792
2.7626
2.7997
2.791
2.7832
2.7905
2.8055
2.7877
2.7825
2.7984
2.7852
2.7684
2.747
2.7335
2.7564
2.7825
2.804
2.7981
2.7628
2.7574
2.785
2.7786
2.7558
2.7588
2.7638
2.7564
2.7361
2.7449
2.7465
2.7727
2.7505
2.7648
2.7742
2.7895
2.7734
2.7754
2.7796
2.7946
2.8077
2.8037
2.7995
2.8069
2.8118
2.8047
2.7835
2.8114
2.8071
2.7907
2.787
2.8146
2.7814
2.7802
2.7917
2.7675
2.7561
2.7565
2.7659
2.7853
2.7871
2.8092
2.8197
2.7828
2.7636
2.7739
2.8005
2.8053
2.7971
2.784
2.7751
2.7535
2.7608
2.7434
2.753
2.7639
2.771
2.7692
2.7772
2.7642
2.7613
2.7441
2.7586
2.7835
2.7958
2.7984
2.8031
2.751
2.77
2.8026
2.8007
2.7653
2.7615
2.7616
2.7784
2.7637
2.77
2.7755
2.7814
2.7851
2.7788
2.7887
2.7755
2.7517
2.7652
2.7571
2.743
2.7545
2.7634
2.7779
2.7792
2.7875
2.8
2.802
2.7877
2.7872
2.766
2.7532
2.7536
2.7749
2.771
2.7743
2.7866
2.7969
2.7545
2.7637
2.7545
2.7845
2.7764
2.7941
2.7897
2.8041
2.8109
2.8286
2.82
2.814
2.8235
2.8121
2.8127
2.787
2.7874
2.75
2.7325
2.724
2.7305
2.7707
2.7748
2.772
2.7766
2.7659
2.7603
2.7779
2.7852
2.7874
2.793
2.7925
2.7539
2.7678
2.7976
2.8059
2.7938
2.8
2.8153
2.8526
2.8648
2.8171
2.7865
2.7801
2.7872
2.7907
2.7887
2.7727
2.7663
2.7746
2.753
2.7665
2.7853
2.817
2.8354
2.8009
2.7842
2.7734
2.7701
2.7391
2.7425
2.7516
2.7562
2.7715
2.7775
2.7771
2.7983
2.8116
2.8069
2.7963
2.8137
2.7956
2.7832
2.7738
2.7675
2.7733
2.7869
2.8009
2.7818
2.7997
2.8048
2.7771
2.7599
2.8011
2.8107
2.8204
2.8117
2.7961
2.773
2.7704
2.7394
2.7698
2.7728
2.8216
2.8203
2.8057
2.8021
2.7803
2.7806
2.778
2.7889
2.7808
2.8014
2.7814
2.7709
2.7718
2.7494
2.7455
2.7769
2.7841
2.8324
2.8411
2.8227
2.7995
2.7888
2.7689
2.7769
2.7721
2.8072
2.8073
2.7774
2.784
2.7704
2.7285
2.732
2.7399
2.7321
2.7293
2.7345
2.7293
2.7361
2.7422
2.7829
2.778
2.792
2.7901
2.7847
2.7794
2.7798
2.7783
2.7896
2.7486
2.7432
2.78
2.7614
2.747
2.7513
2.7444
2.7425
2.7002
2.7418
2.7166
2.7053
2.7502
2.7598
2.7582
2.7709
2.7614
2.7632
2.7418
2.7423
2.7575
2.7921
2.7681
2.7653
2.7882
2.7992
2.7846
2.7626
2.7783
2.7693
2.7556
2.7463
2.7499
2.7555
2.7458
2.745
2.7311
2.759
2.7758
2.7861
2.7718
2.7666
2.7495
2.7422
2.7424
2.7647
2.7888
2.767
2.7504
2.7479
2.7676
2.7606
2.7531
2.7645
2.7568
2.7658
2.7744
2.7772
2.7689
2.7584
2.7484
2.758
2.734
2.7455
2.7666
2.7585
2.737
2.784
2.7849
2.8224
2.7962
2.7888
2.7891
2.7568
2.7829
2.8097
2.8197
2.7778
2.7647
2.7661
2.7815
2.7439
2.8082
2.8264
2.79
2.7813
2.7873
2.8024
2.7889
2.7898
2.7907
2.7692
2.781
2.799
2.7795
2.7634
2.7464
2.7575
2.7665
2.7453
2.7516
2.7726
2.7789
2.7861
2.8118
2.8409
2.8196
2.8227
2.8229
2.8108
2.8061
2.8079
2.8269
2.8086
2.7832
2.7866
2.7879
2.778
2.7671
2.7919
2.7958
2.7669
2.8065
2.808
2.8122
2.7943
2.8057
2.7858
2.7892
2.7859
2.7781
2.7802
2.775
2.7507
2.7637
2.7575
2.7676
2.7871
2.8302
2.8072
2.8085
2.8012
2.7722
2.7515
2.7215
2.716
2.7516
2.7444
2.7404
2.7457
2.7461
2.779
2.7834
2.7976
2.8043
2.806
2.8079
2.8153
2.7972
2.8013
2.7822
2.7863
2.7545
2.7743
2.77
2.768
2.7682
2.7579
2.7389
2.739
2.7377
2.7274
2.7381
2.7585
2.7332
2.7558
2.7675
2.7666
2.7628
2.7422
2.7635
2.7363
2.7425
2.762
2.7515
2.7456
2.7537
2.7417
2.7603
2.7675
2.7568
2.7663
2.7721
2.7777
2.7749
2.7618
2.7662
2.7791
2.7455
2.7339
2.742
2.7484
2.7569
2.7559
2.7317
2.7474
2.7393
2.7412
2.7283
2.7253
2.744
2.7396
2.7709
2.7592
2.7553
2.7719
2.7627
2.7818
2.7902
2.7772
2.7585
2.7658
2.7984
2.8004
2.8062
2.8055
2.8009
2.801
2.812
2.8047
2.8012
2.789
2.7701
2.7699
2.7951
2.7878
2.7965
2.7625
2.7787
2.7751
2.783
2.8081
2.7936
2.7874
2.7638
2.7561
2.7689
2.7973
2.8241
2.8059
2.7971
2.7783
2.7705
2.7574
2.7337
2.7703
2.7477
2.7611
2.7632
2.7766
2.7821
2.7935
2.7946
2.807
2.8108
2.829
2.8348
2.8098
2.8043
2.7962
2.7758
2.7683
2.7731
2.7885
2.7956
2.7762
2.8107
2.7873
2.7871
2.7773
2.7915
2.7785
2.7977
2.8072
2.7888
2.769
2.7833
2.7885
2.7921
2.7904
2.788
2.8031
2.796
2.7991
2.8085
2.7766
2.7764
2.7833
2.798
2.8182
2.8256
2.8125
2.8113
2.8256
2.8164
2.7956
2.7929
2.7994
2.8025
2.7917
2.7768
2.7693
2.745
2.7414
2.7255
2.7547
2.7695
2.8142
2.7665
2.7843
2.7811
2.8007
2.778
2.7808
2.7764
2.8067
2.8032
2.7946
2.7664
2.764
2.7779
2.7811
2.7585
2.7957
2.7919
2.7937
2.782
2.7545
2.7633
2.7778
2.7834
2.7805
2.7533
2.7813
2.7665
2.7364
2.7536
2.7544
2.7882
2.7965
2.7977
2.7607
2.7427
2.7417
2.7324
2.7607
2.7351
2.7583
2.7623
2.7361
2.7455
2.7419
2.7442
2.7657
2.7664
2.7566
2.8028
2.8024
2.7958
2.8106
2.8053
2.8161
2.8255
2.817
2.7902
2.773
2.7515
2.7461
2.7347
2.7587
2.7323
2.7426
2.7822
2.7629
2.7748
2.813
2.7688
2.7619
2.7678
2.7641
2.7607
2.7754
2.7722
2.7609
2.7674
2.7857
2.7885
2.808
2.8094
2.8406
2.8262
2.8176
2.7782
2.7947
2.8079
2.7732
2.776
2.7595
2.7594
2.764
2.7394
2.7294
2.7317
2.7324
2.7262
2.7572
2.7815
2.7787
2.7826
2.7827
2.7773
2.7832
2.8454
2.8129
2.7955
2.8026
2.8032
2.7925
2.7904
2.7716
2.7557
2.7755
2.7634
2.7921
2.7762
2.7722
2.7551
2.7576
2.7705
2.785
2.7928
2.8021
2.7739
2.7643
2.7466
2.7703
2.7472
2.7652
2.7902
2.7794
2.7695
2.7585
2.7421
2.7479
2.776
2.7631
2.809
2.779
2.7501
2.7122
2.7297
2.756
2.7674
2.7619
2.779
2.7846
2.7863
2.7671
2.7359
2.7429
2.7506
2.761
2.7767
2.7607
2.7751
2.7707
2.7526
2.7607
2.7519
2.7915
2.7952
2.7694
2.7801
2.7709
2.7832
2.7567
2.7633
2.7429
2.7629
2.7591
2.7895
2.7781
2.7767
2.789
2.7911
2.7794
2.7791
2.7866
2.8052
2.8051
2.8069
2.7908
2.778
2.7725
2.7643
2.7959
2.7958
2.7721
2.7422
2.7708
2.7736
2.7847
2.784
2.787
2.777
2.7854
2.7797
2.7412
2.7268
2.7298
2.7451
2.7644
2.7328
2.7165
2.7076
2.6604
2.6724
2.6903
2.7122
2.7425
2.7506
2.747
2.7191
2.7271
2.7057
2.7106
2.7421
2.7497
2.7817
2.7735
2.7769
2.7653
2.7687
2.7562
2.7805
2.7949
2.7826
2.7701
2.7547
2.7365
2.733
2.751
2.7535
2.7416
2.7472
2.758
2.7381
2.7627
2.7484
2.7713
2.7669
2.7649
2.7597
2.7463
2.728
2.7405
2.7366
2.7508
2.7312
2.7289
2.7631
2.7693
2.7452
2.7329
2.7511
2.7642
2.7618
2.7518
2.7665
2.7816
2.7861
2.7724
2.7876
2.7848
2.8013
2.8067
2.7971
2.7639
2.735
2.734
2.7399
2.746
2.7605
2.7408
2.7677
2.7924
2.7978
2.7769
2.7769
2.7778
2.7556
2.7763
2.812
2.8194
2.8269
2.8685
2.8894
2.8702
2.8524
2.8441
2.8311
2.816
2.8024
2.809
2.795
2.7866
2.7857
2.773
2.7716
2.7772
2.801
2.7999
2.798
2.8001
2.7794
2.7584
2.7492
2.7693
2.7837
2.802
2.8073
2.7983
2.806
2.8254
2.8081
2.7927
2.7835
2.793
2.8064
2.784
2.8171
2.7989
2.8068
2.7795
2.8035
2.8134
2.7894
2.77
2.7693
2.762
2.7752
2.7893
2.814
2.8247
2.8195
2.8036
2.7989
2.8088
2.8066
2.7851
2.7815
2.8022
2.7815
2.771
2.7911
2.8062
2.8345
2.8229
2.8404
2.821
2.8196
2.7924
2.802
2.7732
2.794
2.7791
2.7976
2.7792
2.7887
2.7776
2.7586
2.7652
2.7572
2.79
2.7841
2.7561
2.7399
2.7475
2.7556
2.7657
2.7732
2.7667
2.7803
2.7854
2.7612
2.7579
2.7534
2.7695
2.7857
2.7782
2.7703
2.7722
2.7631
2.7624
2.7317
2.7409
2.7344
2.7429
2.7231
2.7285
2.7284
2.7425
2.7708
2.7856
2.7896
2.77
2.7498
2.7329
2.7231
2.7115
2.7336
2.744
2.75
2.7579
2.7441
2.7517
2.7487
2.7397
2.7633
2.7752
2.7927
2.7965
2.7845
2.7905
2.7978
2.7921
2.7938
2.8068
2.7827
2.7628
2.7521
2.7599
2.7643
2.7762
2.7708
2.7587
2.7356
2.7299
2.7326
2.7614
2.7566
2.7564
2.7533
2.7467
2.7396
2.7515
2.7451
2.7386
2.763
2.7939
2.7872
2.7863
2.7353
2.752
2.7577
2.7701
2.7755
2.7972
2.7884
2.7934
2.7934
2.7844
2.7743
2.7932
2.7952
2.7898
2.7695
2.746
2.7339
2.7281
2.7306
2.7282
2.7797
2.797
2.7864
2.7607
2.7915
2.7858
2.8115
2.8007
2.7917
2.7978
2.7784
2.7881
2.7653
2.7438
2.7324
2.716
2.7203
2.7373
2.7233
2.764
2.7937
2.7836
2.7701
2.7779
2.7514
2.7739
2.773
2.7871
2.7948
2.7866
2.7735
2.8003
2.7564
2.8013
2.783
2.7787
2.8015
2.8016
2.7734
2.7853
2.742
2.7452
2.7354
2.718
2.7347
2.7524
2.7686
2.785
2.781
2.7854
2.7876
2.8007
2.7978
2.7991
2.8197
2.7927
2.785
2.7814
2.7508
2.7451
2.7668
2.7898
2.7665
2.7817
2.788
2.7888
2.7685
2.7529
2.7551
2.7589
2.7324
2.7361
2.7605
2.7669
2.7526
2.7366
2.753
2.7556
2.7655
2.7543
2.7406
2.7552
2.7825
2.8061
2.812
2.8102
2.7963
2.8017
2.7843
2.7717
2.7802
2.7654
2.7684
2.7709
2.7663
2.7693
2.7504
2.7436
2.7273
2.72
2.7611
2.75
2.7728
2.747
2.745
2.7309
2.7736
2.7565
2.7516
2.7295
2.7553
2.7721
2.7708
2.7497
2.7412
2.7514
2.7498
2.7355
2.7472
2.7543
2.789
2.7531
2.7173
2.7238
2.7152
2.7316
2.7307
2.73
2.7428
2.7487
2.7697
2.7854
2.8308
2.8343
2.8468
2.8492
2.8473
2.8212
2.8069
2.8053
2.8069
2.7959
2.8109
2.8055
2.8312
2.8151
2.8222
2.8367
2.837
2.8418
2.818
2.7953
2.7742
2.7826
2.7961
2.8085
2.8147
2.8294
2.8106
2.8177
2.806
2.8074
2.8075
2.8082
2.7978
2.8075
2.7918
2.8107
2.8011
2.8337
2.8145
2.8123
2.8196
2.8518
2.831
2.8141
2.7985
2.8049
2.8075
2.8121
2.771
2.7917
2.8037
2.8304
2.8494
2.8483
2.866
2.8433
2.8216
2.8102
2.8168
2.8218
2.8382
2.8282
2.8106
2.7915
2.7858
2.7822
2.7862
2.7729
2.8427
2.7987
2.798
2.7858
2.7808
2.7898
2.8092
2.8102
2.8084
2.7932
2.8204
2.817
2.8134
2.8169
2.8189
2.8129
2.8003
2.8171
2.8208
2.8136
2.8123
2.783
2.7913
2.7886
2.808
2.7912
2.7853
2.788
2.785
2.8064
2.8093
2.8001
2.8079
2.8134
2.8125
2.785
2.7983
2.8184
2.839
2.8295
2.7926
2.7876
2.7982
2.8067
2.7918
2.7812
2.7758
2.7929
2.804
2.8047
2.7954
2.79
2.7888
2.7903
2.819
2.8279
2.8218
2.8068
2.7998
2.7847
2.7965
2.7923
2.773
2.7664
2.7818
2.8089
2.8015
2.7508
2.7403
2.7399
2.7137
2.7258
2.7333
2.7598
2.7652
2.764
2.7772
2.7777
2.7676
2.7752
2.7808
2.7672
2.7622
2.7624
2.7899
2.8088
2.7948
2.7932
2.7739
2.7865
2.788
2.7987
2.7746
2.7835
2.7619
2.7602
2.7582
2.7753
2.7923
2.7858
2.7727
2.7734
2.7984
2.8178
2.8077
2.8099
2.7976
2.8196
2.8091
2.8205
2.8261
2.782
2.8153
2.8078
2.8224
2.8258
2.8441
2.8271
2.7859
2.7628
2.7787
2.7804
2.8075
2.7988
2.8041
2.784
2.7868
2.7656
2.7593
2.789
2.7743
2.7566
2.7466
2.7534
2.7494
2.7818
2.764
2.7566
2.773
2.7904
2.7563
2.7635
2.7665
2.7635
2.7982
2.8034
2.8205
2.7786
2.7725
2.7683
2.7716
2.757
2.7483
2.7582
2.7662
2.7581
2.7542
2.7425
2.7513
2.7545
2.7634
2.7435
2.7737
2.776
2.7774
2.7823
2.7693
2.7694
2.7841
2.78
2.7889
2.8009
2.7952
2.8045
2.7746
2.7844
2.7983
2.7922
2.808
2.7966
2.808
2.8013
2.8049
2.8262
2.8097
2.7979
2.7768
2.7851
2.7691
2.7558
2.769
2.7669
2.7762
2.7531
2.7629
2.7996
2.8007
2.8204
2.8263
2.8172
2.7898
2.8038
2.8038
2.7573
2.7586
2.7344
2.7448
2.764
2.7845
2.7872
2.7728
2.7849
2.7846
2.7936
2.7894
2.776
2.7647
2.7791
2.7876
2.7948
2.7411
2.738
2.742
2.7347
2.7318
2.7285
2.6968
2.733
2.7345
2.7296
2.7693
2.7745
2.7437
2.7428
2.7755
2.8058
2.8278
2.8087
2.7781
2.7741
2.7852
2.8107
2.7947
2.7858
2.7789
2.7752
2.7872
2.7837
2.7739
2.7726
2.7484
2.7854
2.7642
2.7688
2.756
2.7528
2.7566
2.7553
2.7836
2.7875
2.7734
2.7786
2.7753
2.7723
2.7928
2.7933
2.7905
2.7831
2.8045
2.7949
2.7761
2.7809
2.7953
2.7653
2.7655
2.7519
2.7709
2.7806
2.7559
2.7761
2.7773
2.7637
2.7456
2.7425
2.7458
2.7463
2.7339
2.7236
2.7126
2.743
2.7759
2.783
2.7722
2.7727
2.7815
2.7871
2.8093
2.8196
2.794
2.7868
2.8012
2.8108
2.8135
2.8123
2.8066
2.8078
2.8147
2.8124
2.7853
2.7717
2.7393
2.7254
2.7289
2.7337
2.7516
2.7818
2.8006
2.8135
2.8249
2.8264
2.8479
2.8633
2.8513
2.8187
2.8347
2.7966
2.7991
2.7929
2.7945
2.8086
2.8081
2.7992
2.8099
2.8132
2.8095
2.8222
2.8313
2.8239
2.8429
2.8486
2.8011
2.8206
2.7904
2.7894
2.7826
2.7861
2.7961
2.7905
2.7813
2.7613
2.7643
2.7948
2.8202
2.8222
2.8272
2.8083
2.8332
2.8173
2.8134
2.8023
2.8305
2.8253
2.8081
2.826
2.8168
2.8365
2.8143
2.8202
2.8453
2.8465
2.8224
2.8261
2.8151
2.8191
2.8124
2.8265
2.8086
2.8071
2.8044
2.824
2.7929
2.7581
2.7963
2.8145
2.8179
2.7906
2.7918
2.8067
2.7905
2.79
2.8209
2.8013
2.798
2.8024
2.8305
2.8185
2.7992
2.7876
2.7911
2.7892
2.7834
2.789
2.7871
2.7728
2.7721
2.7453
2.7586
2.7573
2.7856
2.7705
2.7819
2.7984
2.7687
2.7676
2.7507
2.7321
2.7326
2.7545
2.7581
2.7797
2.7806
2.7957
2.7894
2.7882
2.7862
2.7831
2.8025
2.7878
2.7957
2.8136
2.7909
2.7472
2.7607
2.7639
2.7973
2.803
2.7874
2.7806
2.7847
2.7756
2.8022
2.7885
2.7999
2.7986
2.8149
2.8234
2.8223
2.8039
2.8118
2.7715
2.7871
2.8119
2.7958
2.789
2.7724
2.7559
2.7649
2.7474
2.7611
2.7721
2.794
2.7829
2.7649
2.7737
2.7878
2.7709
2.7775
2.7563
2.7562
2.7649
2.7527
2.7481
2.7759
2.7576
2.767
2.7785
2.78
2.7912
2.8
2.7892
2.7583
2.7575
2.7614
2.7568
2.7491
2.758
2.7755
2.8023
2.7824
2.7973
2.8028
2.7877
2.7879
2.7786
2.8018
2.8072
2.7985
2.7857
2.773
2.7688
2.7949
2.8024
2.7936
2.8033
2.7938
2.7983
2.7684
2.7777
2.7758
2.7669
2.7715
2.804
2.8075
2.8089
2.8246
2.8105
2.8223
2.812
2.8163
2.8244
2.782
2.792
2.7778
2.7808
2.7767
2.7865
2.7907
2.7756
2.7769
2.792
2.7612
2.7513
2.7539
2.7536
2.7442
2.7572
2.7602
2.7568
2.7504
2.7716
2.7843
2.7902
2.7898
2.7983
2.7847
2.8057
2.8117
2.7996
2.7942
2.8081
2.7978
2.7843
2.7928
2.777
2.77
2.7429
2.7457
2.7683
2.7943
2.7995
2.7541
2.762
2.7806
2.7772
2.7962
2.7841
2.8078
2.8177
2.8137
2.8197
2.8339
2.8137
2.7836
2.7735
2.7553
2.753
2.7487
2.771
2.7749
2.7589
2.778
2.7899
2.7783
2.7822
2.7484
2.7422
2.7672
2.7722
2.7645
2.775
2.7699
2.776
2.7856
2.7994
2.7752
2.8156
2.8016
2.8007
2.806
2.802
2.7588
2.7727
2.7683
2.75
2.7618
2.7798
2.7582
2.7726
2.7907
2.7696
2.8029
2.7912
2.7856
2.8025
2.7993
2.7695
2.7553
2.7208
2.7502
2.7615
2.7468
2.7539
2.7606
2.7816
2.7705
2.7946
2.7937
2.803
2.7813
2.7797
2.7796
2.7907
2.793
2.8238
2.7981
2.7973
2.7911
2.7761
2.761
2.7601
2.7726
2.7827
2.8029
2.7791
2.7743
2.7743
2.7771
2.768
2.812
2.8189
2.8298
2.8289
2.807
2.7676
2.7627
2.769
2.7675
2.7683
2.7429
2.7439
2.8009
2.8077
2.8023
2.8408
2.8299
2.8067
2.8046
2.7849
2.7833
2.7813
2.7789
2.767
2.7779
2.773
2.7759
2.8133
2.8285
2.822
2.8225
2.828
2.7811
2.7954
2.8014
2.7779
2.7831
2.7982
2.8184
2.814
2.7944
2.803
2.8136
2.8125
2.7999
2.7973
2.8076
2.8306
2.8074
2.8054
2.7949
2.7837
2.8063
2.7829
2.7711
2.7613
2.7659
2.7374
2.732
2.74
2.767
2.7705
2.7638
2.7656
2.7781
2.7796
2.8102
2.7966
2.7993
2.7915
2.8093
2.8038
2.7622
2.7518
2.7441
2.7582
2.7473
2.7767
2.7958
2.7954
2.8001
2.795
2.7961
2.8334
2.8265
2.7823
2.748
2.7633
2.7507
2.7319
2.7332
2.7339
2.7737
2.7657
2.7521
2.7594
2.7692
2.7675
2.7625
2.775
2.768
2.7534
2.746
2.7773
2.7587
2.7814
2.7724
2.7773
2.7806
2.7774
2.7904
2.7797
2.8244
2.8189
2.7857
2.7831
2.7794
2.7815
2.7655
2.807
2.7804
2.7855
2.7809
2.7706
2.7689
2.7556
2.7442
2.7864
2.7884
2.8193
2.8301
2.8093
2.7905
2.7871
2.8192
2.8131
2.8086
2.8
2.7944
2.7925
2.7872
2.7834
2.8125
2.8366
2.8297
2.8264
2.8292
2.808
2.7991
2.8004
2.8009
2.7975
2.7748
2.7644
2.7689
2.7626
2.7418
2.7375
2.7796
2.7512
2.7724
2.7726
2.7655
2.759
2.7762
2.7958
2.8153
2.7994
2.7968
2.7953
2.7588
2.7542
2.7661
2.7668
2.7789
2.7856
2.765
2.7612
2.7619
2.7419
2.7391
2.7501
2.7748
2.7709
2.7544
2.7665
2.7457
2.7307
2.7455
2.7456
2.753
2.7541
2.768
2.748
2.757
2.777
2.7845
2.7767
2.7633
2.7757
2.7732
2.7729
2.7639
2.7776
2.7712
2.7527
2.7402
2.7569
2.7408
2.7702
2.7667
2.7622
2.7914
2.7831
2.812
2.8147
2.819
2.8314
2.8038
2.8132
2.8135
2.8129
2.8185
2.8102
2.8114
2.7999
2.8106
2.7854
2.7741
2.7579
2.7432
2.7919
2.7816
2.8138
2.7924
2.7968
2.8239
2.8004
2.7803
2.7704
2.7921
2.7924
2.7803
2.7775
2.7793
2.7884
2.7931
2.7745
2.7755
2.7675
2.7462
2.7555
2.7405
2.7464
2.7552
2.7563
2.7459
2.7476
2.747
2.7526
2.7574
2.7776
2.7569
2.7675
2.7646
2.7715
2.7858
2.8127
2.7997
2.774
2.7566
2.7526
2.7931
2.7831
2.7753
2.7758
2.7811
2.7665
2.792
2.8007
2.8023
2.7869
2.7666
2.7654
2.7401
2.7341
2.7577
2.7811
2.7789
2.7886
2.7751
2.7755
2.8167
2.8079
2.7989
2.7976
2.8161
2.8213
2.7918
2.77
2.7938
2.7951
2.7886
2.7869
2.8002
2.7794
2.7523
2.7175
2.7384
2.7745
2.79
2.796
2.7795
2.7769
2.7833
2.7986
2.7984
2.7861
2.7748
2.7371
2.721
2.7156
2.7091
2.7266
2.7301
2.7596
2.7716
2.79
2.7785
2.7586
2.7566
2.7726
2.776
2.7953
2.7772
2.7682
2.7998
2.8132
2.826
2.8718
2.8414
2.8254
2.8138
2.7731
2.772
2.7782
2.7613
2.7635
2.758
2.76
2.7639
2.7915
2.8311
2.8458
2.8337
2.8243
2.813
2.8189
2.8196
2.8147
2.8443
2.8308
2.8197
2.8489
2.8036
2.7963
2.7956
2.798
2.7998
2.8077
2.807
2.8147
2.8126
2.7979
2.7754
2.7726
2.8049
2.8198
2.8
2.797
2.775
2.7761
2.7724
2.7893
2.7723
2.7924
2.8038
2.8185
2.8214
2.8254
2.8212
2.8189
2.7407
2.741
2.7741
2.8049
2.808
2.7839
2.7945
2.7961
2.7928
2.818
2.8048
2.7888
2.8024
2.7866
2.7795
2.7454
2.7752
2.7712
2.763
2.757
2.8265
2.8159
2.8213
2.7992
2.803
2.7889
2.8069
2.8138
2.8258
2.8145
2.8088
2.7887
2.7601
2.77
2.7844
2.7822
2.7923
2.8123
2.815
2.8224
2.7453
2.7627
2.789
2.7912
2.7726
2.7808
2.7656
2.7664
2.7676
2.7871
2.7751
2.7677
2.7624
2.7956
2.8115
2.8098
2.7877
2.7755
2.7482
2.7524
2.8125
2.8041
2.7982
2.7909
2.7876
2.8106
2.8212
2.8185
2.8099
2.8053
2.7854
2.7972
2.7894
2.8028
2.8027
2.805
2.8065
2.8105
2.8041
2.8314
2.8289
2.816
2.8113
2.8027
2.7935
2.8109
2.8065
2.7982
2.7989
2.7914
2.7826
2.7873
2.7685
2.777
2.778
2.8067
2.812
2.7914
2.8197
2.8262
2.7611
2.7861
2.7634
2.7843
2.821
2.7901
2.7787
2.798
2.8191
2.817
2.8058
2.7652
2.7682
2.7327
2.7186
2.7274
2.7504
2.7466
2.7456
2.7495
2.8063
2.8385
2.8056
2.769
2.7625
2.7712
2.7813
2.7832
2.7559
2.7306
2.7201
2.7299
2.7267
2.751
2.7599
2.766
2.7628
2.7698
2.7792
2.7912
2.7537
2.7396
2.7262
2.7439
2.7425
2.7594
2.7575
2.7547
2.7401
2.7454
2.7481
2.7494
2.7654
2.7538
2.7524
2.7663
2.7865
2.7812
2.7908
2.7737
2.7948
2.7828
2.7984
2.8081
2.8122
2.8231
2.8575
2.8276
2.8043
2.7875
2.7691
2.7847
2.8046
2.8022
2.8143
2.7908
2.8001
2.8061
2.7835
2.7906
2.7667
2.7711
2.7939
2.7678
2.7592
2.7494
2.7345
2.7563
2.7848
2.7661
2.7753
2.7735
2.7687
2.7503
2.7396
2.7357
2.7513
2.7575
2.7467
2.7578
2.7722
2.7813
2.7613
2.7611
2.8013
2.794
2.7983
2.7743
2.7944
2.8126
2.8193
2.8048
2.816
2.8304
2.8101
2.7868
2.7659
2.7863
2.775
2.7639
2.7968
2.7846
2.7934
2.8305
2.8046
2.7795
2.7907
2.8142
2.8006
2.7795
2.7973
2.7973
2.7897
2.7834
2.8011
2.8047
2.807
2.8003
2.7975
2.7997
2.8268
2.8193
2.8064
2.7961
2.7749
2.7766
2.7703
2.7892
2.792
2.8061
2.7929
2.7814
2.7815
2.7849
2.8097
2.8015
2.7765
2.7955
2.8064
2.8359
2.8182
2.8153
2.8175
2.8152
2.8021
2.8179
2.8313
2.8146
2.8276
2.8119
2.7998
2.8243
2.8259
2.8234
2.801
2.7925
2.8312
2.8115
2.8296
2.828
2.8063
2.8289
2.8479
2.8506
2.8352
2.8128
2.813
2.7849
2.7888
2.7898
2.8035
2.8033
2.8129
2.8168
2.8219
2.817
2.8199
2.8135
2.8212
2.8326
2.7772
2.8068
2.7997
2.818
2.8012
2.7885
2.7996
2.8097
2.8086
2.7969
2.793
2.8101
2.817
2.8524
2.8401
2.8319
2.8141
2.8029
2.822
2.7868
2.8097
2.8224
2.8212
2.8302
2.8321
2.8186
2.808
2.8086
2.7826
2.7989
2.8024
2.7986
2.7934
2.7909
2.7943
2.7997
2.8067
2.8114
2.7956
2.8148
2.7872
2.7927
2.7799
2.7862
2.8198
2.7985
2.7977
2.8045
2.7962
2.8253
2.8288
2.8186
2.842
2.838
2.8302
2.8506
2.8321
2.836
2.8297
2.8179
2.8602
2.8445
2.8132
2.7883
2.7821
2.8122
2.8069
2.8094
2.8101
2.8174
2.8115
2.8381
2.8872
2.8721
2.849
2.8346
2.8339
2.8459
2.8499
2.8423
2.7606
2.7633
2.7966
2.8002
2.7852
2.7909
2.7942
2.8142
2.8242
2.8033
2.8199
2.8257
2.7747
2.8061
2.7723
2.7594
2.7755
2.7534
2.7297
2.7317
2.835
2.8407
2.8313
2.8073
2.8024
2.8063
2.8039
2.7957
2.8043
2.8079
2.7963
2.7991
2.8154
2.8169
2.8357
2.8071
2.8063
2.8304
2.8385
2.8341
2.7551
2.7553
2.7533
2.7558
2.7535
2.7537
2.7506
2.7428
2.761
2.7503
2.7695
2.7725
2.7751
2.8058
2.8112
2.8322
2.8278
2.8157
2.8023
2.7647
2.7392
2.7477
2.7654
2.7737
2.7692
2.7778
2.7664
2.7782
2.7616
2.7749
2.7899
2.7834
2.792
2.8097
2.8259
2.8182
2.8047
2.7942
2.7722
2.7458
2.8071
2.8072
2.8032
2.7795
2.8113
2.7981
2.8072
2.7844
2.8052
2.8158
2.8398
2.8103
2.8009
2.7899
2.7783
2.7965
2.787
2.7921
2.8211
2.8231
2.7923
2.7676
2.7709
2.7747
2.7884
2.7806
2.776
2.7667
2.788
2.8014
2.778
2.8041
2.7862
2.7914
2.7778
2.766
2.7586
2.7855
2.8219
2.8142
2.7956
2.7799
2.7862
2.7947
2.7861
2.7935
2.7666
2.7585
2.7553
2.7413
2.7468
2.7387
2.7206
2.7595
2.7577
2.7637
2.7682
2.7446
2.7603
2.7713
2.7584
2.7486
2.7416
2.7666
2.7707
2.7737
2.7709
2.7817
2.7742
2.7896
2.7821
2.7981
2.8279
2.7912
2.8008
2.7949
2.7941
2.7848
2.7719
2.7715
2.7872
2.7875
2.8042
2.8085
2.81
2.8102
2.8233
2.8283
2.8268
2.8243
2.7979
2.7758
2.764
2.7627
2.7685
2.7719
2.7755
2.7736
2.7809
2.7961
2.7957
2.8145
2.789
2.7923
2.8024
2.8207
2.7946
2.7833
2.7894
2.7858
2.8045
2.8091
2.81
2.8278
2.8289
2.8309
2.8363
2.8178
2.7904
2.7745
2.7633
2.7518
2.7331
2.7307
2.7544
2.7652
2.7921
2.8123
2.8303
2.8345
2.814
2.8247
2.8157
2.7928
2.788
2.7872
2.8146
2.827
2.8306
2.8128
2.7936
2.7653
2.7645
2.7642
2.7625
2.7465
2.7402
2.7597
2.7791
2.8096
2.8116
2.8038
2.8029
2.8145
2.8088
2.8069
2.8021
2.7859
2.7908
2.7826
2.7888
2.7711
2.7928
2.801
2.7808
2.8
2.8006
2.7957
2.7799
2.7663
2.7659
2.7768
2.7973
2.8093
2.768
2.7721
2.7719
2.7928
2.8005
2.784
2.7884
2.7955
2.809
2.7876
2.7863
2.7914
2.7969
2.7825
2.788
2.781
2.78
2.8072
2.7888
2.7701
2.7646
2.772
2.7769
2.7863
2.8025
2.7944
2.8236
2.8097
2.795
2.7955
2.7995
2.8212
2.8361
2.8142
2.8092
2.8356
2.8241
2.8248
2.8031
2.8155
2.8086
2.8179
2.8277
2.796
2.8104
2.8318
2.7877
2.7751
2.7781
2.7819
2.8057
2.7892
2.7829
2.7874
2.804
2.789
2.7741
2.7925
2.7604
2.784
2.8003
2.7898
2.771
2.7963
2.7684
2.7811
2.8046
2.8338
2.8089
2.8206
2.8171
2.8079
2.7863
2.787
2.7903
2.8112
2.7944
2.7601
2.7616
2.7691
2.763
2.7851
2.7925
2.7937
2.8052
2.807
2.8407
2.8575
2.8378
2.886
2.8641
2.857
2.8438
2.8085
2.8053
2.7958
2.8068
2.8188
2.8332
2.7968
2.7654
2.7768
2.7716
2.7904
2.8171
2.8338
2.7591
2.7659
2.7905
2.7945
2.8001
2.7805
2.7991
2.8121
2.8218
2.8176
2.8349
2.7965
2.7918
2.7904
2.7939
2.7856
2.7944
2.7645
2.7569
2.7751
2.7765
2.7908
2.7795
2.7931
2.8018
2.804
2.8016
2.8075
2.8063
2.8148
2.8252
2.8429
2.8227
2.7997
2.8015
2.7933
2.7785
2.7618
2.7663
2.7529
2.8103
2.8285
2.838
2.8264
2.8063
2.8088
2.827
2.8426
2.8352
2.8427
2.8266
2.8125
2.7973
2.782
2.8005
2.7989
2.8111
2.8126
2.7839
2.8278
2.7316
2.7278
2.7387
2.7958
2.7802
2.7919
2.8024
2.7949
2.7797
2.7775
2.7718
2.7989
2.7918
2.7812
2.7529
2.7526
2.7471
2.7295
2.7515
2.7416
2.7902
2.7961
2.7819
2.77
2.7602
2.754
2.7689
2.8102
2.808
2.8083
2.7893
2.7842
2.7922
2.7844
2.7816
2.8058
2.7829
2.7892
2.7964
2.7803
2.7904
2.7957
2.7655
2.7685
2.7555
2.7358
2.749
2.7565
2.7616
2.7608
2.7657
2.7749
2.777
2.7926
2.7822
2.7759
2.7766
2.7921
2.792
2.8013
2.7593
2.7748
2.7597
2.7426
2.7758
2.7688
2.782
2.7782
2.7586
2.7827
2.8253
2.8281
2.8223
2.8251
2.8006
2.8144
2.7954
2.7722
2.7635
2.7597
2.8094
2.7854
2.7833
2.7704
2.7935
2.7941
2.7809
2.7511
2.7631
2.7656
2.7415
2.7754
2.8008
2.8082
2.8264
2.8108
2.8154
2.7979
2.816
2.8148
2.8073
2.8549
2.8633
2.8501
2.8308
2.7934
2.8029
2.8079
2.8115
2.8163
2.8337
2.8239
2.8422
2.8379
2.845
2.8291
2.7969
2.819
2.8004
2.7931
2.7943
2.8054
2.8059
2.7911
2.7759
2.7863
2.8047
2.8074
2.811
2.7706
2.7869
2.8067
2.8001
2.8135
2.8085
2.7659
2.7609
2.761
2.7773
2.787
2.7685
2.7546
2.7507
2.7533
2.778
2.7943
2.7842
2.7784
2.7661
2.7641
2.7191
2.723
2.7005
2.7175
2.7473
2.7668
2.7925
2.7917
2.7892
2.7845
2.7941
2.8095
2.8094
2.808
2.8154
2.786
2.7614
2.7671
2.7868
2.7933
2.7933
2.7767
2.7794
2.7706
2.7829
2.7769
2.7715
2.775
2.7663
2.796
2.806
2.8242
2.8216
2.8064
2.8245
2.798
2.8068
2.8147
2.8102
2.8025
2.795
2.8147
2.8093
2.8143
2.7986
2.8144
2.7955
2.7976
2.7937
2.7987
2.8211
2.8247
2.8318
2.8202
2.8305
2.8278
2.8252
2.8128
2.7867
2.7998
2.8068
2.8083
2.8135
2.783
2.7872
2.8054
2.7882
2.7928
2.7963
2.7942
2.788
2.7633
2.7597
2.7676
2.784
2.8102
2.813
2.8139
2.8047
2.7891
2.7969
2.7945
2.8006
2.8034
2.789
2.7833
2.8212
2.8288
2.7998
2.796
2.8131
2.8031
2.8114
2.7916
2.7583
2.7798
2.7986
2.7984
2.7978
2.76
2.7731
2.7736
2.7637
2.763
2.7734
2.7911
2.8077
2.7945
2.8
2.8114
2.7972
2.7816
2.7891
2.7775
2.7867
2.7771
2.7625
2.7586
2.7809
2.7802
2.76
2.766
2.7768
2.7784
2.7806
2.7992
2.8064
2.8149
2.794
2.7838
2.7835
2.7756
2.7684
2.7757
2.7882
2.8025
2.8058
2.8061
2.8043
2.7786
2.7922
2.799
2.8015
2.7979
2.7675
2.7669
2.7554
2.7666
2.7877
2.7888
2.7581
2.7574
2.7537
2.7356
2.7474
2.7524
2.7386
2.7581
2.7661
2.7605
2.7527
2.7487
2.7777
2.8248
2.8082
2.8112
2.7935
2.7822
2.7807
2.7801
)
;

boundaryField
{
    xPeriodic_half0
    {
        type            cyclic;
    }
    xPeriodic_half1
    {
        type            cyclic;
    }
    yPeriodic_half0
    {
        type            cyclic;
    }
    yPeriodic_half1
    {
        type            cyclic;
    }
    zPeriodic_half0
    {
        type            cyclic;
    }
    zPeriodic_half1
    {
        type            cyclic;
    }
}


// ************************************************************************* //
