/*--------------------------------*- C++ -*----------------------------------*\
| =========                 |                                                 |
| \\      /  F ield         | OpenFOAM: The Open Source CFD Toolbox           |
|  \\    /   O peration     | Version:  v1706                                 |
|   \\  /    A nd           | Web:      www.OpenFOAM.com                      |
|    \\/     M anipulation  |                                                 |
\*---------------------------------------------------------------------------*/
FoamFile
{
    version     2.0;
    format      ascii;
    class       volScalarField;
    location    "0.01";
    object      overallT_O2;
}
// * * * * * * * * * * * * * * * * * * * * * * * * * * * * * * * * * * * * * //

dimensions      [0 0 0 1 0 0 0];


internalField   nonuniform List<scalar> 
5120
(
300.7910126
299.6277968
299.0916283
297.5176582
298.4477598
298.8237886
299.5604587
299.2571913
298.1820059
296.4020731
296.403424
298.7441378
297.6426342
297.7240706
296.4905012
297.2307712
299.0585663
299.4347133
300.7941546
302.5356077
297.6603261
296.7218959
297.8087364
296.6784865
295.6591457
294.7293354
295.8166719
293.57189
296.2373076
297.3271658
295.3777965
295.4124343
297.0886278
299.0113194
300.1402175
298.1025207
300.2583515
301.0810973
298.7706272
298.3736066
299.7290647
299.4148569
296.9936011
298.0878779
298.2190017
297.6392283
298.2418143
298.9116834
299.4927852
296.578777
297.8414386
298.7672743
299.1804826
297.9398891
297.8172157
299.8253782
300.1079629
300.6505794
300.4278212
299.3774003
301.6929766
300.9056244
300.5559289
298.4327591
298.0229981
298.5488144
297.4316134
296.8961511
296.8264144
297.8255289
296.31422
297.5311954
296.8660661
297.5198791
299.2906892
300.8519364
300.4137308
298.3599198
299.927873
300.9099598
297.5986701
296.7343308
296.0184589
296.1911764
296.9356049
297.6192791
297.8537278
298.7669696
301.7412274
302.0670571
301.4061703
298.54694
297.7908505
298.3968263
298.6652054
298.2205938
299.4335537
297.537278
298.4347254
297.0962735
299.5817729
297.7860436
297.1951286
298.3593126
296.7120829
296.8872289
297.3785634
297.6720295
299.6980142
299.9879157
299.3386976
299.6769905
298.4679051
298.6763276
297.7924391
298.5879825
298.015427
296.8232483
297.1618087
299.6051816
300.9223669
300.9246754
299.9250579
300.1081447
299.0964962
299.0673032
298.4654397
298.8152725
299.4677682
300.2056488
298.8128876
298.3134737
298.1319825
298.4773099
297.9872899
299.1570064
298.7118919
300.0916716
300.0344015
300.4146945
296.9117112
296.6504328
298.1852273
298.9454084
298.9757723
297.5420977
298.1024153
298.6073396
297.2404063
294.561325
297.4863491
295.8776626
296.2826314
296.8054894
300.8867659
299.6919471
299.220229
299.7191051
302.0375995
299.2953409
300.6007586
300.1695879
299.4328335
298.852831
298.185654
299.2612835
300.5170323
299.6059871
299.2393168
298.9920456
296.476716
297.4491874
296.5359218
299.3386834
297.5122196
296.696468
299.8314085
300.4343705
299.9087131
300.249851
300.6414419
299.0465919
299.4584941
300.4348113
301.8616916
301.5195527
300.1492951
298.375105
298.0071478
296.1682494
296.1171997
298.4473739
300.3766547
298.5114503
298.9532688
296.89035
297.1527142
299.2857247
300.2985845
300.9030547
298.7447944
298.0187609
297.6074271
296.2137744
295.965421
295.5171755
298.7935892
298.9705154
299.0630703
299.1890595
299.3274695
296.7524955
296.9295725
297.9996617
297.5314588
297.9866038
298.1736974
296.4248287
297.4358856
299.6837851
296.4797984
299.018429
298.0773359
298.6526397
299.5367686
298.4095683
298.0582797
297.7424334
297.6210126
298.1665508
296.4517129
297.6101883
297.7331934
299.6984155
298.3538588
295.9437282
294.4951003
297.3847971
299.0388664
300.5507669
299.2988657
299.9190713
301.8123988
300.0491053
300.7020557
299.7025377
299.2117782
294.9160932
295.0770908
295.7116707
293.3025211
293.0928309
296.1419642
296.5233389
298.5744567
298.9157606
301.1412102
301.0698894
300.64245
298.4122179
301.7223117
301.7829243
301.0085995
299.3424411
296.7446048
297.7442069
297.4560491
297.7284774
298.5432741
296.0985123
296.5464964
298.4873137
298.4764755
297.7167193
298.126371
297.1108605
298.0408922
298.8471256
300.7126097
300.5231205
298.1281795
299.7434321
299.894551
301.7563638
298.8689263
299.6926104
298.4294176
297.3789108
297.5830084
297.9511521
297.3765065
298.9566497
298.4890827
298.1770932
299.1203641
298.1497619
298.0346856
297.0635864
296.4675883
297.969423
300.6334341
297.8128488
297.2014522
298.1424478
297.4627631
297.3857361
297.1420001
298.2180047
296.9751007
298.1304912
299.9722819
298.4418035
296.8501038
296.8077969
299.5694786
300.7764574
298.1490603
299.2071513
299.1340509
300.6550538
299.1805828
300.3900941
300.6206237
301.3453547
299.9646573
300.2447333
300.6912797
299.8332596
298.0773988
298.1535311
298.514787
299.1266327
299.9920223
299.1902029
301.8430031
304.232451
302.383484
302.0249775
298.9062021
298.7808082
300.5910783
300.1613293
301.0553559
301.9422767
301.7734427
301.2678575
300.1212633
299.9121477
298.3956881
298.7569473
300.178753
299.6197594
299.3364612
299.1710865
299.0012701
297.909662
297.0408179
297.245944
297.6455172
298.4603965
296.9658707
295.7727946
296.8936904
298.3428557
297.8317378
297.7083358
297.1823835
297.7963874
297.8452784
299.7184039
301.7345942
302.7108451
301.4179786
299.5445607
298.6804699
299.3821802
298.6841392
299.5817574
301.0742358
298.4575232
300.1312729
300.4322288
299.0115366
298.3325349
298.3495141
299.1943523
300.4437374
300.6358002
300.0295822
301.9505996
301.3633031
301.4438971
301.2531274
300.1771059
298.9620301
297.7537007
298.4799948
297.9864485
299.9163063
298.5497079
298.4155566
299.4740781
300.3931329
301.2922503
301.6128179
300.9199251
301.642077
302.5258005
300.6906104
298.9118908
298.8770955
300.6230285
299.7810714
300.5440604
301.0738551
299.7413949
298.460946
299.151573
297.6036823
299.0491848
299.8546951
300.9330613
300.4688596
299.5648822
301.738908
301.4463732
297.4352165
297.7766805
298.3164808
298.7314825
297.49722
297.3452075
298.1803396
298.6238814
297.1709728
299.0118737
299.2345137
300.5904421
300.8881353
300.6123609
299.8303154
298.9145721
300.7906182
300.6757098
299.1161737
299.5890012
302.4368193
302.7738928
299.2576201
298.8017668
299.4466318
299.6930753
299.8376258
297.868682
297.3996042
298.184638
297.193917
298.1954034
298.6271818
299.9552854
300.6062354
301.056551
299.8935388
296.7746613
298.0749921
300.6067766
299.5497058
299.959956
299.6118142
302.1527979
301.6411776
302.8492026
300.1874054
299.2306822
297.7941936
299.7316603
300.2928939
302.2417874
298.8318451
299.0110006
300.191454
299.3531202
299.6369829
301.7453659
302.7253919
302.4006472
299.8826441
298.2517185
298.7818829
299.304388
298.5216453
297.6003154
297.6940348
299.3963121
301.1077249
300.4045975
298.1399829
298.3702548
299.6380179
300.4196302
299.453649
301.6287245
300.8459073
300.0697318
297.2214366
299.1653712
298.4264916
296.7756176
297.5554781
297.1945001
300.3933419
300.4676795
299.5250169
299.1325205
301.2956849
301.0452197
302.871566
300.195753
299.6036515
299.4236552
297.1833327
296.8623763
295.4127968
296.4671823
296.9505141
297.3878328
295.4178371
297.8682372
299.464813
299.0722769
299.1145882
300.6658102
299.3097767
298.7291896
300.6251338
300.1281125
300.2599511
299.3065066
299.3869264
296.5861453
301.1626003
299.6713337
298.1446655
299.0256088
297.7232978
296.5722457
298.4146944
296.334573
299.2711805
298.5590151
300.4943529
301.416693
299.0647501
298.1698795
297.6791658
297.0504054
299.0374521
299.9874244
299.4671953
301.5610733
298.3941681
298.3422858
297.5837504
297.1942247
296.4298773
297.5201938
297.8946419
299.6095412
298.5127014
296.9506606
296.6917168
298.1529286
297.9189184
298.7060221
299.5992446
299.3131654
299.2407092
299.3592204
299.868373
299.5142509
298.9844891
297.4590049
297.3177033
298.0540462
299.5342954
299.5395268
298.445726
296.6606977
297.5699342
299.2507809
297.5670367
296.1927635
295.614136
294.4274261
295.584748
296.5118414
295.7616954
295.5758113
296.4913994
297.7673551
298.0368617
299.3043753
299.0104746
300.3639066
299.0543297
298.0721908
297.7602147
298.3958293
298.8880859
298.445053
297.844097
299.0755377
301.4131409
302.2427252
300.9808771
300.111128
300.7660507
296.7358555
294.8347585
297.4590459
297.3656522
299.6932852
299.6618514
299.1996396
297.6400414
298.1201994
299.8780143
299.2827004
300.3091028
301.2084542
299.9759676
298.7706279
300.1487948
300.8640217
299.4838881
299.4018767
300.8060012
300.4891528
299.1033005
299.1593297
302.0612284
300.0631179
297.794129
298.695782
300.2171515
299.8079552
297.9331453
298.5681605
299.4079661
297.3466087
295.7599699
296.4687122
297.0852155
298.8138126
300.5611899
298.8595833
297.4556099
299.7002912
300.3907936
302.1367592
298.5941096
299.0438822
299.3352954
299.7007368
297.3341037
297.5868186
297.4690671
297.5169679
300.3050706
298.7534343
297.5592928
295.6782199
294.879908
297.7578123
296.6162463
300.1120746
301.2726474
301.7396572
301.4521664
299.6541132
297.2919958
298.7738773
296.1215296
298.0101911
298.1276039
299.2218656
298.6408806
298.3535089
296.882776
297.6002393
297.9031073
298.5593922
297.5956814
297.1910871
297.3450047
298.626252
299.6825178
297.5775303
294.0949853
296.8622513
299.2526673
299.4786337
298.2953586
297.462708
298.0466007
299.3724053
298.6836892
298.997945
299.3836419
298.6076787
297.753071
298.2278517
299.4906836
300.2263085
299.4671333
299.6647805
299.3784798
298.2808294
298.115122
299.7096251
298.4358903
299.3786666
300.8517949
302.1491647
302.2903482
302.1622803
303.7973741
302.9251131
303.762539
301.795515
302.2207795
302.7430245
302.9544376
301.194077
301.9929512
300.5268647
299.868745
298.1905093
299.337628
297.9860464
299.9302751
299.1919745
299.9200656
299.4547965
300.7948314
300.6703851
300.8594801
299.3348464
298.645318
299.2027799
299.3684489
301.7303872
300.5595827
299.3925395
300.8090847
298.8187792
298.9869361
297.4301576
298.6150976
299.207866
293.7348225
296.0440389
296.4591744
298.1424427
299.5229438
298.521597
296.9074766
295.5501242
295.9171181
296.7918656
297.2201683
295.3114604
294.6947049
296.7200112
295.6457706
294.5846449
294.5204916
294.9835196
293.9386957
296.1852545
296.3865662
295.6601762
298.2721817
298.4568831
297.7900221
297.0298946
299.0077518
302.8553819
303.1383596
301.1298676
302.4505295
302.3998097
300.9784445
299.7600071
299.4572726
299.8658632
299.222422
300.1014039
299.2946264
296.4038594
300.3837661
300.9398476
301.0283779
301.4978835
301.0615459
299.0610425
297.709888
297.9611318
297.6636255
297.3225312
298.6199086
299.0784702
300.2152502
301.1237763
300.8829989
298.2006093
298.06436
297.0052817
298.9757847
300.2795436
300.2046277
300.3736234
301.1540476
302.3869721
300.3345612
299.6479561
300.2925111
299.1218662
297.841461
298.3967115
299.5707591
299.0220277
301.4708526
302.5773607
303.1560486
301.7402758
301.1192528
300.2790395
299.4266409
301.1894902
300.4060504
302.0854414
301.7078986
301.5901537
300.5799604
301.6661866
302.8501581
302.8966835
302.1991437
301.9998973
299.7300296
298.6490631
302.1589916
301.7197117
299.601732
296.9210068
297.4349288
299.6923418
301.1512979
300.4941054
298.4395544
299.6702912
299.6035552
296.9504423
299.0819618
300.7646515
300.895994
301.6416056
299.6606319
300.3240992
300.4890102
300.079785
299.5111497
299.8133101
300.3255833
300.1642579
299.0976985
298.1108409
299.2028114
298.8596118
298.5664073
299.0535472
298.9112316
297.9650081
298.9134456
296.8236204
297.4275112
298.3583454
298.2446055
297.7506786
296.9040551
297.1198694
298.4235504
296.613066
299.4935224
298.6905767
297.5954185
297.2360569
296.6718717
296.0058662
299.052118
297.2593727
298.4976466
297.4659134
298.2886398
297.29303
297.6818707
297.9378276
298.0769977
297.7906928
299.4582128
297.400848
297.8336985
299.098517
296.8877787
296.0879667
298.0735169
299.1322998
298.9743286
299.4355935
297.738414
297.0465176
296.6329758
299.5178073
299.5838139
299.3907056
299.5485495
298.5455539
299.9774017
300.1024333
297.7497645
298.7418602
297.4858726
298.4537933
299.0203472
299.3613052
298.8653619
300.1961778
299.9303854
298.1438933
294.6602399
296.0874118
301.0871971
299.0263895
297.0991289
298.7721593
301.5781998
299.9199558
299.2704853
300.8284094
303.2014966
303.6531806
301.8604074
300.7819722
298.6545018
299.9025077
300.2628008
299.4372892
297.8970699
294.6600991
299.8472717
296.7902691
298.1808901
298.2554287
298.8420498
299.3048636
298.7282844
296.4534418
294.4050749
294.8294395
294.355455
295.5731037
295.6132224
295.8146382
296.4408024
296.962581
294.5843116
295.2859847
300.1395696
301.1216983
297.3904889
299.386994
299.8466242
299.5789209
299.8705416
300.1046862
299.4537551
298.8148495
299.3908141
300.4615877
300.0177768
301.2408837
299.8103241
301.0403675
299.6416941
295.974899
295.7728858
296.0222953
294.8135804
296.379239
301.6697984
301.8284372
303.5262355
301.7402609
300.7591734
299.8690064
302.7467127
303.1455415
302.8923756
301.4165385
300.1682999
297.7144652
300.8691651
300.440414
300.9821499
300.8889717
300.856479
303.3700621
304.0706739
303.0056155
299.5164954
298.282151
299.0599416
299.2224049
299.506126
299.799024
299.217646
297.8776243
297.4480671
299.5076833
298.9873276
299.4930055
298.2031025
299.1146097
300.0069168
299.2971007
299.9504267
299.5953676
299.8620171
301.1513429
298.0174526
298.5229687
298.3972602
299.7500911
297.9598364
298.1480024
297.8164798
297.4538106
296.9293143
298.4396385
299.8171537
298.2746678
298.3772208
299.3876052
298.1807882
297.8974253
297.9297615
297.9535524
298.2946192
298.3055061
297.2826511
299.1392432
298.227029
298.6001526
297.8226124
296.5148714
298.7469708
299.3665272
300.51836
298.6977401
297.811393
296.006766
295.3541236
296.4570385
293.9551679
295.1548037
294.5833898
296.7749887
299.5719433
298.9259277
298.5752192
298.5503519
297.7073071
297.1313369
297.5447394
297.7989136
297.9500616
298.0388014
298.1219602
299.6652846
299.0007647
301.3554743
301.2683416
298.9948179
296.2749908
295.8679784
298.3263679
298.992724
298.3901395
298.4740768
300.4529774
300.1873704
297.1801785
296.9780931
297.3921462
296.9960373
300.3803619
301.147525
301.997192
301.1010268
300.5517898
298.8940342
298.2665307
297.7963078
300.6281272
299.9858668
299.8398662
299.8185642
299.4368201
299.5297627
299.7243879
299.8408574
300.4590396
302.5828842
301.1266011
300.710841
299.8639607
298.8719347
300.2033305
300.0814302
300.1791557
297.7222669
299.5480082
299.909216
299.4455004
300.7347946
301.0032134
299.9184083
298.5079992
298.4462793
299.613436
299.2342052
299.5059451
299.6074865
300.3619481
300.3478251
299.6072632
301.1085195
301.3125259
299.9418565
301.6666032
302.322132
299.7904021
298.4630364
296.7452231
297.7352826
298.9610838
299.2926851
299.2463568
300.2111969
296.9963844
297.2396279
297.438881
297.3000396
300.1851112
299.5658056
300.2316096
300.1383611
299.4410507
300.2166532
300.3862318
301.5989104
301.1182406
299.2780517
298.9470956
301.015479
299.292753
297.3902183
296.5587838
297.2408856
298.167302
301.1297444
302.8257572
302.0897658
300.1173305
300.4430223
300.5665115
300.9577357
298.6510031
298.4205696
297.3174542
296.7168944
297.9227872
299.4940094
298.6831528
297.4936851
298.6579993
297.6165114
298.4903069
297.8097532
299.0597517
299.2728472
298.0532963
298.0579435
300.1522484
299.3941631
297.8814637
296.5151841
297.7439878
297.7104444
298.5946008
298.8307078
298.5042559
296.9736024
295.6599177
297.3466808
297.3285967
297.4191573
299.7961208
298.6468161
297.6393864
296.4915276
297.729453
297.3252763
298.6463477
297.2762137
299.1028258
299.3405837
298.9249712
299.9708897
298.5023551
298.5153104
297.4419917
298.5026007
299.1704695
299.0420101
297.4566115
298.4170481
298.619077
298.1829694
299.3646499
297.4965143
297.7770715
296.2503919
296.4330666
295.7371242
296.729637
298.9310794
299.5512401
298.0889076
298.0769666
297.2333427
297.9542081
296.4083973
298.4918547
299.8528564
296.4048448
296.4105637
295.6786239
296.9329677
299.1988592
299.2738974
296.220712
296.6411539
298.949921
299.3942329
298.5168526
299.7269517
300.6481717
299.341401
300.2761869
300.3930786
301.2096799
299.8664712
298.1563864
298.9915984
300.8044771
299.6958146
298.1568156
298.8953884
299.8248966
298.7926859
298.7149505
299.9576163
300.4270585
299.9505703
298.2486445
297.1934258
297.7862331
298.9715833
295.8712551
298.2297212
299.2936627
299.74316
298.5171269
297.8902413
297.1506526
296.4836843
297.1141664
299.5437669
300.9754871
301.2854036
301.3546751
298.7958916
297.3091288
297.1614323
300.7381552
302.377948
301.9736087
300.630571
300.7109671
301.9496821
300.3527101
299.1338441
299.6947981
300.9419956
300.3964167
300.1643951
299.8922758
299.5924708
301.6469894
300.1221995
297.6332455
300.0605215
300.1233466
301.8263898
300.1929487
298.8982444
300.4014817
301.9760511
300.6431111
299.3622706
298.580053
299.564791
299.5825129
299.932126
301.3315654
299.581949
299.9242674
301.2859844
301.6829245
301.4791565
301.0377143
298.6035831
298.090256
297.5992359
297.9850027
301.4018215
299.4910202
298.0926427
299.3196178
301.7297437
301.34697
300.9767956
299.9687068
300.8262453
301.0323248
300.920825
301.3503197
302.0800229
296.070379
295.9713852
296.7416258
299.4859315
297.5309699
297.3588012
296.9844363
297.3300621
297.4841443
297.1925931
295.8547877
298.1486001
298.6352558
296.9317664
297.1836673
295.9873681
295.4574147
296.3961866
296.3593979
296.7698327
297.9839467
298.4511527
298.9174628
297.6165518
298.2183034
299.8091432
297.5546141
298.48135
298.9554927
298.9834643
297.3449967
297.1207101
295.2991455
297.4159378
298.1378047
299.130905
300.1020146
299.2866147
296.9846208
296.2228735
297.7144592
297.77017
298.0152218
299.6340533
299.7910266
298.1466792
297.0987707
297.5618775
296.7518073
297.1926344
300.1858667
298.5979434
300.5543563
300.3596737
300.304657
299.3813692
297.7171355
297.49958
297.9457342
297.2499101
298.7963175
298.3313263
299.549737
299.0403532
300.4345132
300.4281495
300.2155466
301.1766177
302.0230825
301.654702
299.7371748
301.1951914
297.7326854
298.3001387
298.0598018
298.4358758
298.1972291
298.6455923
298.0896303
299.1679095
300.3596277
301.3568325
302.8930279
302.3734037
301.2246672
301.2344457
300.5749678
300.6102354
300.3946856
299.8457129
299.4180669
299.0525576
301.1874078
300.8840844
299.94045
299.4471372
301.3880642
302.4950737
300.4680507
300.7464634
302.7805444
301.8229015
299.2379941
297.4276854
299.2565852
298.5768357
298.1579259
299.2057339
298.6453367
299.3819018
297.9976536
299.0011147
301.8203416
300.8447892
303.7343622
302.9531827
301.4281007
300.4930994
302.2330179
303.8352279
297.277684
297.3376189
298.1372175
298.0589767
299.3588965
301.3875498
299.4481707
301.109052
303.9645223
304.3166087
302.4033573
301.8573272
300.4223258
299.3651682
299.5613403
297.8151508
299.4867074
299.8321269
300.0971659
298.872808
297.1740756
297.2208129
297.5859236
299.8443586
299.6983922
298.1270585
299.3925572
301.0423415
300.5995723
299.6238754
300.0650496
296.4709556
295.0491708
295.9910042
297.9317586
296.0633592
295.4877323
296.6614239
297.4820913
298.7203345
298.3412984
298.8365465
299.2239167
297.611829
298.0805046
297.5606024
300.8529823
298.5832956
297.7241557
297.99785
298.7134199
296.3407479
295.9516438
296.306232
297.0879656
295.9800627
297.1065676
295.8463634
295.9443632
295.6363797
296.9527184
297.1640497
297.2469536
298.8039679
298.8613383
300.569477
300.6641881
300.7072257
301.1424612
299.9187939
298.5573075
296.6961915
296.0053027
296.9607459
295.0368133
296.6939487
296.7120622
297.9433835
297.946506
297.1139994
302.4716429
303.402244
302.6585857
298.2677984
296.8969875
296.7852465
299.2594642
298.0185192
298.2339577
298.3151534
298.9042446
298.8973403
300.3293387
299.3077143
297.6278134
295.886588
297.9359626
297.7031543
298.1899796
300.2757103
300.2579299
300.2058972
302.5265724
304.7019575
303.2788896
303.5304486
303.7588605
302.8417852
302.2715633
301.370189
301.6593144
302.1355979
301.1983569
299.4402052
301.3637075
302.1272286
301.8711127
302.5522321
301.6378762
301.1335565
296.455178
296.7849961
298.7767244
298.3647394
298.6736285
298.6715897
299.5476565
299.80108
298.8795526
300.4126112
300.7964239
299.7480751
298.8219664
298.2311023
299.1999459
298.2612864
298.988597
298.2152386
297.4813953
298.0237309
300.0505395
298.2993195
297.3848098
298.0216639
297.6374649
298.0433289
295.5984018
298.2636432
296.7160757
297.1530193
298.4913898
300.5877396
301.0367969
300.4848549
299.5797617
298.8574623
298.4947366
300.0285822
300.5048109
299.4461245
298.0246192
297.115631
297.6525052
298.4258538
298.7993734
300.0898614
300.5521985
300.0436652
299.680007
299.7396504
299.7622232
302.0008588
302.3221577
299.7830825
298.4663415
299.6500657
300.4563928
299.4498562
298.2975054
296.8869879
299.1473582
299.1846013
300.654884
298.9805203
298.80242
298.3571299
298.4100992
298.7047507
299.9922662
299.8655273
300.2360213
300.3510066
302.0670422
304.6963873
304.115741
304.4667032
300.5086976
300.5172552
300.9707295
298.3647788
301.3072737
300.2497879
298.1380763
298.8969937
299.2629695
299.9761431
299.850894
297.071739
298.2885554
299.8290905
298.6700474
300.083561
299.8954362
300.1425778
300.0881401
299.0572876
301.3791343
302.2962245
302.8507967
302.058288
300.0502305
298.8562128
298.0903743
296.757881
296.1261208
299.452877
300.2107476
299.9213156
300.1922424
298.1442566
296.7486228
295.1411502
297.0459687
298.3346859
300.5812588
299.5255127
299.5173516
299.5895876
300.1988582
300.5140355
300.178603
299.0248334
297.0315278
297.3510252
296.7360178
297.8222735
297.8198436
297.4720538
297.7113496
297.9003385
298.4810499
300.3273402
300.3741621
299.2500757
296.9565778
298.8996151
297.5399982
297.0170494
296.2604169
298.1427839
296.5635012
297.9887441
298.4451084
299.3441545
301.4434876
301.070142
301.8580383
300.7475196
299.4629831
298.848597
299.5286654
299.0247921
300.0341393
301.1224544
302.070754
301.4887913
301.2390362
298.7428766
299.5011878
297.273132
301.2418978
300.4437101
299.9247076
298.9908829
299.7200523
299.8521945
300.5546478
298.4061986
295.7229311
295.8879667
297.9575578
298.2316251
296.9142517
296.6914482
295.611893
296.9244442
296.8355683
295.5938139
295.2884903
299.3885447
299.7522397
300.4947478
299.5389197
299.2509035
297.5235671
299.4542341
297.837546
297.5461787
299.6689503
298.7046278
299.6908014
298.5068056
297.3145573
297.1518838
298.2005427
296.9733459
296.5505747
297.941934
299.2603191
298.988864
301.9278515
300.5544492
302.8738093
301.9412582
298.7371233
297.7422364
299.8257868
299.3105072
297.5992968
298.2905466
299.6937642
300.4834018
300.0752522
301.3562733
299.6032709
299.3021243
302.1447123
301.5571779
302.9038755
301.5317068
299.5617147
300.0852649
299.8792493
298.464554
298.5878016
298.7620775
298.0165211
298.142995
298.6463255
298.1267572
296.8592289
297.7901864
298.3755655
296.6558972
298.1148115
298.7683504
298.5228514
299.5179743
299.4214139
299.3294467
302.7174082
300.887588
302.5299935
301.5627564
300.8062966
300.6670923
300.4715196
300.1337777
298.3760872
297.2301204
295.9884537
297.5859924
299.1844956
299.1050045
298.7623574
299.5550621
299.6603871
301.077088
300.5921861
301.9950858
297.5959161
298.1861728
296.9957106
297.0461968
298.1065229
298.8317942
297.1744123
295.8566438
295.5183666
294.0771665
295.6590629
297.0945556
296.9233424
297.2784364
298.2234168
298.3550456
299.2620209
296.434149
296.594793
298.108252
294.8758173
294.5879521
295.0199429
296.0598763
295.9832199
295.5328506
297.6220386
297.0443824
297.781127
297.2709725
296.3567992
299.1578366
299.6293974
298.7804668
299.9485281
298.4457568
298.7776225
296.9956026
296.872152
296.2918838
298.9026991
300.4192083
301.7286213
301.2155163
302.6283192
301.4226407
300.7983062
300.1103797
299.5541215
300.8231903
301.6507555
298.4060275
298.0161398
299.6380838
297.9285207
298.0160584
299.2891146
299.6853339
298.3408881
298.8154149
298.5256906
298.9323369
298.6100657
298.8194196
298.3125915
297.7229202
298.8448534
299.4875831
300.0568034
297.7196423
297.9555368
298.0313209
298.4202936
299.1263005
297.958168
300.8693469
303.1479793
301.7005733
299.2597654
297.9412398
298.6909329
298.1521417
296.8857118
296.6913996
294.557387
294.6049222
294.8646587
295.3654192
298.8019217
299.4576862
298.4332725
298.963016
298.5652559
300.3146281
299.6581386
299.9095373
299.557464
297.6734832
299.4740381
298.2592585
297.2127264
296.683803
297.9407967
296.9800903
296.1112353
296.1698999
297.9514546
298.1653024
299.1657164
299.5142815
299.771165
298.6189163
299.209717
299.1672456
298.85601
300.2203633
298.6306614
298.8399377
297.1916887
298.0065319
300.6541859
299.8882968
298.1589338
298.7788793
299.1060459
300.2458349
301.1091007
301.8546388
299.4906566
300.1070605
300.6382134
301.4893119
300.7724861
300.8363483
301.6770438
300.3299895
301.3261668
297.6961986
298.0975217
302.0164845
299.5622163
299.1363336
300.8655655
300.8407886
298.7096991
297.1334934
296.3733019
297.1889291
297.4230163
297.4406761
298.5458348
299.5710874
301.1465874
300.4131577
298.6615982
299.7157573
298.4065338
298.8467588
300.0995803
300.8062365
296.8961909
297.1011941
298.4583056
299.2812336
300.4286485
298.9518103
298.9319462
299.1962648
298.9147991
298.1846812
298.3317049
296.6834711
297.2973644
297.7513224
298.1953649
299.6527217
300.1686781
298.2791233
297.2523649
296.0269685
299.1305993
297.2021574
297.5017073
295.3377023
293.4193218
294.4233532
294.6563111
295.8882151
299.0540063
298.4862254
299.1667422
296.9114596
295.8800957
295.9883946
296.5202237
295.6616903
296.4472076
300.9559221
301.1396627
300.6529709
300.2072382
300.8265892
301.4475312
300.7303617
301.4554737
302.4192282
299.5726853
300.9881579
298.9483154
301.8793571
301.6028537
301.7436672
301.026674
300.5134219
297.6229602
299.2409747
297.426829
297.732194
297.7666911
297.1230049
298.2834525
300.5949663
300.3355628
301.5722015
299.537906
297.1039746
299.0049209
298.5697959
299.5444184
297.9573381
297.4401444
297.4795342
298.7312062
298.041398
297.3418339
297.1094748
299.1697242
299.7911203
300.446168
299.4045215
298.9081549
298.0730529
298.6102581
297.1799284
296.4202632
296.8378769
299.269502
300.0482981
299.6258631
298.8814731
299.9713687
298.6402864
298.9782199
297.4961785
297.836639
299.1308498
296.5488729
298.0456123
298.6110699
298.9112804
297.891535
299.2145414
296.9784913
298.6934917
300.3264623
300.5756046
300.4550453
297.7830125
298.2416413
298.325815
298.4661299
298.8582342
296.9488211
296.2763865
297.1862147
297.8143773
298.845748
298.2187201
299.6950271
297.4241323
298.7164179
298.1217059
298.4954828
298.5250602
298.1647023
297.9856691
298.0974043
299.7450968
300.9263853
299.0896933
299.2257132
299.5086023
296.9452229
298.817842
299.4093862
301.1894905
301.6655235
301.0877745
299.056232
297.0124884
294.9774629
297.6432927
297.9830556
298.0191921
297.6982142
296.2968909
298.5191705
298.4500555
298.9537874
298.9252464
300.8776565
299.957198
299.481994
300.5966478
301.3009873
302.3672227
299.5600966
297.6699454
298.1296129
298.1769649
296.9450238
297.6899681
298.5973105
299.3214485
299.882174
298.7071265
299.1653017
298.2789616
298.2030707
298.438756
298.8975125
298.0931998
297.9083614
296.5860765
297.0432156
297.3547907
298.6411887
299.4946024
299.4806937
297.6988264
297.4718142
296.3219632
296.9745845
298.6522428
296.8824554
301.3983365
301.6618279
300.700776
297.613168
296.2313103
297.8215649
296.9481623
298.1338404
298.6003781
299.4450187
297.3475148
296.4978891
298.3199512
299.1944648
299.1920467
300.2539553
298.9342647
297.3731655
295.1335437
296.4579961
295.5388599
296.523323
298.5856565
298.6097609
300.1344047
300.518818
299.477972
298.7970244
298.9923034
300.5679951
299.5456273
298.1022366
298.274573
299.943695
300.4559265
296.894793
297.7855164
296.6282369
297.4423676
297.1020366
297.3381802
298.439033
298.8679724
296.611663
296.4330531
297.4202447
295.8155672
296.920303
295.6212655
295.5228455
295.9960509
295.4171523
296.7730411
296.5690893
297.4322899
298.7423647
298.5306212
299.1136978
300.4032922
299.1866318
299.4281699
297.7192307
299.0681103
298.257863
298.5424912
298.9630402
299.8232958
300.3810127
300.0620129
300.634672
298.462561
297.8972898
299.0698303
299.7213882
298.7897337
302.0758844
301.3028131
300.6466376
298.8827392
299.3845552
302.2813544
299.6562801
300.305142
299.9835264
297.9787656
298.5137976
296.3043829
296.0935905
296.0411968
295.8157213
296.3389466
298.1524955
297.4543837
298.3507318
298.1395586
298.1091112
297.5038048
296.9881936
299.2855991
299.5946141
297.8769988
298.0081449
297.5821846
300.4105854
300.011194
299.9434286
299.250369
298.6798683
298.5173864
300.3551368
297.3834379
296.9055432
297.3463849
299.4908125
298.8613055
296.0592394
299.1784386
297.9135334
296.6563036
297.5240317
299.8517871
300.3123104
302.3314154
300.5740796
301.4125561
301.0643461
300.4090344
301.0004844
300.9339674
299.9168431
300.5060981
299.840471
298.5250608
297.9611602
296.4653876
300.023035
297.1675831
297.8767778
298.4025328
299.6143614
298.7411894
297.6772912
297.0280989
298.1733951
299.0723392
295.918048
299.5027169
298.7315712
297.7099547
296.973012
296.8179158
298.312602
298.680756
300.4109496
299.5586085
297.7498595
297.7665447
298.1065177
299.9385215
299.6290509
299.2307053
298.3784334
297.4357157
296.3515735
297.3641184
298.2728346
299.9578963
297.526795
298.7413148
297.4988249
298.9539862
298.8898628
299.7453967
297.4006846
298.82106
297.9211027
296.5570865
298.253926
299.1407473
298.3115823
299.1179094
298.4465024
296.9651599
298.4484641
298.6118393
298.3440703
298.1153176
299.0294281
299.0148045
300.1710773
299.3994113
299.2702483
297.8092644
298.6779024
297.8059678
299.1412113
298.6505121
298.9567893
297.1560797
300.015405
299.5335567
298.9427414
297.7483107
299.3847296
297.5443624
298.1326934
298.0976861
297.3109682
296.2891172
297.6461577
297.8132601
297.0561794
297.9166049
297.261059
297.3024061
300.6763923
298.7299789
298.4428593
299.7414779
300.1242418
299.6649108
300.2814218
299.3781151
297.7567145
298.3022998
297.9840875
297.1553243
298.0131316
301.4768173
300.7621151
301.287049
301.1548341
300.3369912
302.0499934
302.5473778
296.1323823
296.7519863
299.0645515
302.1823294
301.9429878
301.3510962
299.1190352
298.7543906
300.0548544
300.9113986
301.9692348
300.2528369
301.2581777
300.6537724
301.016495
299.9213097
298.9734378
298.3118464
298.934826
296.055384
299.0076697
299.4558663
299.9638299
298.5264571
298.7298544
297.7176358
299.0844375
300.6872755
301.1641494
301.5010022
300.8392199
303.7040793
302.4010871
300.666137
301.1643449
301.0707081
301.3923579
297.8979766
297.7424118
298.4020073
298.6179519
298.090123
297.8030742
298.9793637
300.2933935
300.4166554
297.1101699
296.7341678
297.0639565
299.1491606
300.2105324
299.2264349
300.2950769
300.1539207
299.6742709
298.3261512
298.7566301
297.894169
297.2624306
297.4444059
302.5483249
302.906404
303.1736349
303.320722
302.6826547
303.4006338
301.9558008
302.7519787
301.015435
302.5002126
299.454866
296.5351734
294.876822
296.5860143
298.7182022
299.8880357
301.4484314
301.7731941
302.1502623
302.9147587
300.4887518
298.5480233
296.9809804
298.2442836
301.438524
297.5317988
298.594683
300.1338126
301.7434992
300.2674012
301.0228615
300.3650802
299.069913
299.8441274
298.9711083
298.9772578
298.0669854
300.2204254
300.0533207
300.881159
299.9917663
301.2648771
301.4723224
300.6669814
300.4645869
300.8368093
300.1001089
297.6434762
299.5819939
299.602572
297.4416783
297.3289516
297.0143644
298.0923666
298.2833823
296.4271153
298.2037952
297.2554504
299.8487756
300.3381733
299.7338377
301.5460591
301.4304745
302.5459502
301.2811584
301.0426397
299.9463188
300.2933637
301.6506219
298.5172883
297.6014381
299.1722094
300.7884956
301.6100023
300.8483205
300.4000213
300.477892
297.8015245
299.0333242
300.0338963
295.8632425
295.9441996
294.1905059
295.8996419
298.411248
298.9507238
299.9650284
300.1766154
298.0674819
297.3595308
297.7551716
298.9847858
297.0974069
295.8928081
298.1735539
299.8116433
298.6507758
298.8200089
296.8196496
296.0662382
297.3519037
299.1740033
297.5513153
299.3968414
299.691917
301.4228088
300.2751162
299.1040691
298.01414
296.7848615
298.0229252
297.2474016
297.011072
298.1298433
298.4020315
299.1141749
298.5156869
297.8633509
297.8532343
298.682664
299.2278637
298.8568991
300.8724737
300.1573973
297.5430688
296.9863204
296.9150086
296.9197088
296.0896759
296.5307376
295.3574125
299.7209498
299.6585604
298.4696533
298.2934263
298.4129522
298.9350668
298.884196
298.706924
299.4063958
298.4791122
299.4787684
298.0506451
300.5919164
300.7277471
300.4931382
299.6552307
298.7406184
301.2088278
301.2207496
301.6389891
298.8950774
298.398002
298.9954887
297.9467447
297.9429129
297.6303434
298.4822582
296.5687505
297.3922781
300.8221571
302.9583886
302.3401211
299.9519898
299.6847251
302.5140827
302.2575741
302.3330664
303.030652
302.0212743
302.580868
302.5840256
301.6096192
301.0639191
301.0615197
300.8921169
299.6731155
300.7404815
299.9425717
301.0576192
299.5532514
299.303523
300.9800063
300.0520007
300.3480093
299.3372289
299.6927851
300.6355355
298.471113
298.3956138
298.257773
300.9867198
300.5247648
298.7483692
298.4223483
297.294958
298.3891616
298.2911896
298.7192236
299.9741484
300.5875547
303.2927546
300.0355623
298.6663311
296.9147922
296.5305249
299.4648059
299.7447504
299.2396785
299.6763514
298.8685931
297.6349726
297.8704355
299.8041956
300.0417758
301.2306954
301.6733529
299.0275138
298.6595131
299.4795167
301.1948991
301.5169244
302.4215924
300.9614131
299.4385821
298.6711275
298.2283196
297.9450544
300.8438794
300.0031609
298.2602129
297.9944082
299.3820274
297.6042964
296.8994551
295.7276424
296.0449335
297.7632567
298.2760379
299.3870194
300.231647
302.0616019
301.0928122
300.2402913
301.0185355
299.9791486
300.5997649
299.7173287
298.8235227
297.897503
299.8024894
300.7140368
299.0118731
298.8582702
300.9339453
299.3958229
299.6327803
298.3610334
297.6703088
298.3228407
299.6662422
300.3636434
300.1239741
297.1630189
297.3253974
296.724287
298.4784886
300.5396367
302.4403143
303.4807051
302.5537276
303.3193125
303.0606901
303.1201792
300.4362817
302.5490811
300.6171989
300.1433943
299.4427425
299.4007465
295.5924496
297.3004991
297.4520301
297.9743924
297.2945708
299.6434545
301.6930372
301.3131547
300.9442596
299.2915842
299.8599431
299.3892859
297.0567025
299.2011213
298.0561024
298.2111433
297.8481827
297.8222545
298.2374825
295.4068865
301.8740232
299.0781847
297.0369276
294.1590916
295.4708343
295.7039875
297.7026661
299.0167349
300.2846482
299.1119954
300.0911151
299.2282624
300.3683795
300.4278603
301.0129647
302.3550756
300.6752829
302.1749102
302.8832138
303.4530586
300.9772521
300.7767281
299.4327473
297.9552611
297.2854958
298.1773756
299.7861874
299.8612685
302.4092944
302.4078026
299.9968172
300.1937563
301.0892284
303.0516864
303.3466773
301.8272627
302.8804049
305.4034755
303.3919137
301.0139945
299.8949372
300.6509008
301.1974588
301.1434879
298.897818
299.6172218
297.7970479
296.2724117
295.665541
297.8277125
298.3564662
300.3145606
303.6592063
302.4766882
302.3328581
302.9011614
302.2917987
300.9188371
299.6622706
301.1599989
302.4673616
301.3789073
301.5701901
301.14507
300.7510759
300.7372957
299.5951984
299.228323
297.4411144
295.6875932
298.7849311
298.8050964
298.0484428
298.0142923
296.5330049
299.200677
299.5484341
299.3047258
298.6822467
299.1690339
299.5975434
299.1732403
298.7635184
297.7371764
297.922767
296.6964702
296.6063927
297.038222
296.630657
296.2656463
298.2465469
299.2202449
299.4210466
297.994177
299.4843578
299.8310726
298.0409289
299.0699206
297.8045468
298.9598573
295.6455321
294.8107905
296.7667212
298.2314789
299.6241958
298.4029146
298.9621372
297.531053
299.4059847
300.7512827
300.8662557
299.783969
295.9024337
295.5254118
295.7502261
295.6093646
296.9092539
297.9446883
298.6246163
298.7956237
299.6272265
298.9428062
298.6968244
298.72715
298.6171881
297.8664809
297.3744686
298.6838795
298.0004739
298.5810853
298.0151243
296.796355
299.6861695
298.7358602
297.7700995
297.7711505
298.9670558
298.3153874
298.5126267
298.7985607
297.5746869
297.8613938
298.4185614
295.5294316
294.4565699
295.4494753
295.6313264
295.4765905
294.8573712
294.9477918
296.3327464
296.5644227
297.2051059
295.7589983
295.6839546
295.6567906
294.9013244
297.1395678
298.6554211
297.2616396
294.4876889
293.9366127
296.1632643
298.6012419
297.1846727
297.1813194
297.6977238
296.7075509
296.5157438
297.5229743
297.7155926
296.9428088
297.1463485
299.0979192
297.7685983
297.0469949
296.0698389
295.5724838
297.2251529
297.2569217
303.1703109
300.7892819
298.9965159
297.2815043
297.6738936
296.2778238
296.0837542
297.0062348
296.4475693
296.9053269
295.6263281
296.2136607
298.1637069
298.1799418
298.1927706
298.3176215
299.5010631
301.2809829
303.1303911
302.5590144
301.6576354
300.7802379
299.7899804
300.6097975
299.432648
298.5323687
297.5512016
297.1595085
299.4800374
300.2727273
302.1195979
300.0797222
299.8352455
299.9024957
300.1658095
300.8369955
300.6067191
300.529596
300.9886949
301.3183911
298.0861393
298.2711157
298.4642965
298.2398807
298.6542542
299.5518461
298.0803119
296.9870246
295.086296
294.3708835
295.6868242
298.6781919
297.307566
298.053054
298.3521112
299.1128304
299.2389162
298.6724871
300.4541681
299.5244814
300.6700511
299.9711632
300.6655781
301.4336023
301.5589926
299.5781593
298.3602173
297.5072529
298.4172263
299.1151701
299.3792705
298.8496246
298.3327487
297.5070868
297.079799
297.5285074
297.8056533
298.9358724
299.6515369
301.3687358
296.2718137
296.6872039
298.322279
300.5152415
299.9456179
301.3691239
300.8302945
301.1971797
301.2657732
299.1141864
300.0063863
300.6824797
301.2982612
299.8183701
298.6445632
299.301781
299.7425979
299.0927981
298.2341913
298.2237651
299.2683021
300.3093765
301.9171735
302.6921516
304.6747508
304.0874301
303.815252
303.3869399
302.972595
304.0609153
303.9921759
303.848597
302.3257614
304.6079078
304.7506774
303.2247653
300.8496284
300.2167216
300.1405597
299.4981082
298.1824965
297.4713503
298.2154727
300.6832741
302.39522
301.840591
302.995096
300.9501885
301.5312386
301.3739868
301.2032324
300.7402427
300.6445562
302.0011134
304.3166158
299.9463972
299.9078315
298.4405333
297.8166599
297.5959249
299.8848557
301.2359588
299.9843085
300.1507547
299.9970136
301.1798264
300.099432
298.9928671
298.2022203
295.8080007
296.6597761
297.8378852
297.991515
298.8153837
299.0483879
299.6693539
301.056405
302.0853603
303.6006483
301.4436985
301.0452138
299.5991519
299.1192704
302.6858816
301.4475037
301.1924904
303.2466862
303.0845899
301.4614724
299.5943869
301.6069822
301.67271
301.0182278
299.4118762
298.1071638
300.5265456
300.1034157
298.2733843
298.2387167
298.088999
297.0884746
296.6627455
298.1365614
296.7843319
298.7971804
298.7393688
298.4569061
299.3582658
298.3808135
300.6998682
300.3634599
300.6403729
301.3421591
301.8696772
301.3138539
301.5338256
299.9587792
300.6124927
300.3474468
297.9233341
299.8864359
300.1665989
298.2839062
299.6760966
299.9712713
299.2572985
298.3969979
298.0363183
300.1017059
301.6582988
302.9853856
301.3064358
301.469179
300.345906
300.8230777
300.9774305
300.889076
301.3251623
301.4152284
299.7547351
298.4549332
299.8304971
299.6904749
298.9473313
298.266196
300.2927904
300.9442013
300.7488394
300.7407297
299.1881455
299.6559974
297.6949126
299.0978833
301.1575905
296.4048338
295.0523248
297.792347
296.796581
297.0820342
297.8136504
298.7430571
299.0651699
298.9693629
297.8485467
301.0789128
300.9531512
301.6777158
302.3832036
301.1297686
300.0876492
298.5176403
298.9233025
299.5882965
299.3824282
301.6701912
300.9386987
299.6440596
300.0567778
298.2015022
297.7376529
297.5385779
297.5650305
298.3652117
299.8171365
300.7349146
302.3223181
301.6987675
301.1310386
298.6745986
297.1509931
298.557696
297.6540885
298.0619037
298.7506806
297.9072041
299.5976793
299.6755116
298.3372693
297.7506292
297.8325083
295.8158219
295.4505689
294.4661676
294.8115174
295.7506402
296.5371805
297.7884503
298.9230553
300.6502339
299.9553141
298.136051
299.1622728
299.1494617
296.7736389
297.381424
297.2819418
298.6633523
297.7403542
297.4621772
296.6636287
299.8639484
301.6358793
300.692005
298.7496019
299.9271473
297.3143049
297.0255966
298.3472733
297.6172699
299.1394102
299.1355683
299.7631515
298.4352093
298.4747448
298.8610927
296.9786799
295.0885877
293.1517279
294.7613913
297.5065663
299.8247804
300.4974994
301.3894908
300.142996
299.3704523
300.4180334
301.2402827
301.5318088
301.4528084
300.7773818
301.2968609
300.5888073
300.9800594
301.9404745
301.9113919
301.5400342
302.3993489
301.7499245
301.6559875
300.1958827
297.9534372
297.1350571
298.0943939
296.8813127
297.4262534
299.1555164
299.8595153
298.9221527
298.1131883
297.1140478
297.2646377
298.9550514
296.6528162
297.1933918
296.6296798
297.7401067
299.1344251
300.0077567
297.9060305
298.0333544
298.1956158
296.3668538
296.7400357
299.5546842
298.4000954
300.2285786
300.229966
299.3635387
298.8322467
298.8194225
300.2719331
298.7814535
297.7719219
298.8836125
302.6324501
301.5900764
298.3351617
296.1961357
295.3885323
296.7291277
295.7126351
295.671141
295.3939309
295.74094
295.5445277
296.5981652
296.4810668
297.9171355
300.9531691
298.7322948
296.7550992
296.7105612
297.3937669
298.6443542
298.3370744
298.0443325
295.9039718
298.7148456
299.0521939
297.1544774
299.257776
300.2925421
299.7836425
301.0052167
299.7075323
298.6326369
298.2428754
299.8443581
299.9893795
299.8798
297.2821357
294.5750787
296.4358006
296.8882747
298.1136569
299.8781342
300.3858321
298.6296768
298.4711528
299.7828397
299.5102363
299.8573556
298.7066073
297.977645
297.1971811
298.5021836
299.6412748
301.1712793
298.7234517
299.0507647
299.0041721
300.4293165
299.9172172
300.8274144
299.7967916
299.7710598
298.4264495
300.8343976
300.2654701
298.5842455
300.6203454
298.5258348
297.5924915
299.6032819
300.6904392
299.5249456
299.3636639
298.0778875
299.6439307
301.0495545
299.9191007
299.8003409
300.0059552
299.274505
296.855794
298.4637369
299.9785207
300.7376363
301.8527358
300.0171059
302.6401236
303.2997489
301.5659869
300.6577344
297.8779516
298.0248351
297.8303216
298.49112
297.5253216
296.0641121
296.2952185
296.278914
298.4251221
299.0297732
299.9600161
300.6056935
299.2206544
298.805853
298.6624512
301.5026154
299.9222749
299.5856934
298.7117211
298.3002916
299.2579138
300.1641863
298.0386268
298.0519586
300.3362939
300.0672577
298.2826491
300.0952329
301.1536727
300.9288598
301.1708531
298.1975534
299.086509
298.7643481
298.2646456
299.1994494
303.4634422
303.430726
300.3593136
300.8781065
302.3246798
301.0880535
300.285247
301.2637683
298.7790491
299.8441594
300.2284792
300.2413405
301.3432743
300.1552744
300.9291311
301.2375121
301.6135253
303.1241537
302.4121222
302.5928655
299.3793148
300.8321935
301.6690783
300.9651703
300.3073115
299.1351541
299.3248268
299.8296867
297.7936586
299.4127013
297.3842286
296.8056972
296.3261455
297.5883649
299.4873701
299.8197404
298.3095328
299.0905762
300.5349311
299.978143
298.1783541
297.0264126
297.0184303
297.5010638
298.3712542
297.4351777
296.4556721
297.5412669
299.096456
300.2569801
300.2582632
300.8341658
299.4209713
297.4667933
298.8655319
299.0772106
297.9440442
296.8658637
295.6237671
297.3071282
297.3290613
296.9321673
296.8718214
299.4004526
297.3799609
298.0379944
297.5267693
298.2963529
297.315783
296.8253959
296.8845922
300.4979527
302.6330949
301.0973519
301.2552036
300.9530512
301.1716385
301.7979688
301.5982652
299.863868
300.4704315
301.2953221
300.382288
297.4377443
297.8623609
298.4661659
298.7192358
299.9979173
300.2422506
298.4942795
299.3188108
298.8531559
297.4666402
298.211146
297.1062572
295.6919242
296.1865542
297.1442301
297.6903416
300.183208
298.8641582
297.419562
297.9660647
298.7712754
298.1983867
298.996152
297.0125984
297.1894278
296.141187
296.933431
297.1920372
296.5711803
295.6407859
297.3770242
297.8367338
298.6827676
299.4192254
298.8127486
298.215494
298.5836178
299.2541791
299.9893782
300.5437333
300.3445977
300.9218483
301.2524909
299.5982752
301.4221694
300.7494524
299.7132287
299.8701978
297.7701975
299.4531493
299.3804453
299.8547338
300.9736669
299.7829059
297.7585343
297.9769563
297.8744681
297.5925387
299.3676987
300.1012499
301.9653389
302.6481188
301.7737615
300.4467461
298.5515656
300.0271731
300.1347721
300.8139561
300.316163
299.279611
298.6451381
298.6684527
298.1050916
298.5213273
298.4807582
298.4792851
297.9548503
298.0462301
297.9011108
297.6970061
296.4897701
296.030949
293.8125423
293.090254
295.4128673
297.2778458
297.1979768
297.6966845
297.7028286
299.0481083
296.6962199
297.8589072
296.616985
296.5315892
298.6494001
298.6320068
298.1860742
297.0898686
297.0792094
297.287968
296.8529564
297.31097
299.1035713
298.0587362
297.4212334
299.9790067
301.0123325
299.8473785
300.3116308
300.7405719
301.1748347
299.4500014
298.1505009
299.2714256
297.3254749
297.7202415
297.3523389
300.732137
301.8019725
299.9626358
299.3917317
297.5084352
298.4267389
299.3260269
298.5986455
297.2720321
296.1739575
297.4707478
298.2302895
297.4834706
296.075572
294.7783393
297.2997571
298.3990477
300.6526516
299.5844451
299.1193291
300.7981678
301.2976535
298.6247262
298.9101226
298.9742218
298.6726471
298.8331154
296.6536016
298.2874561
298.5225575
295.7563892
296.2398043
295.9632713
296.322399
299.0520211
298.5423604
298.7550682
299.3310203
300.2023624
300.8874084
298.2046864
299.1427633
298.243834
299.1035698
300.2621429
300.5495579
300.8475403
301.0587057
302.8272762
304.3764425
304.1158732
301.8169216
300.6668761
300.2717841
299.2779106
300.429191
300.5374654
299.4754116
298.8259372
298.3274454
298.711775
296.80239
299.4355815
298.9558509
299.7623439
299.2276832
300.0599554
301.3640551
299.8450763
297.4814019
297.5657483
298.2294908
298.44588
298.1545029
300.5443642
299.9302672
300.4719835
300.1875924
299.7431387
300.8938744
302.7909209
301.7360615
301.4421453
301.5237013
300.8539514
301.1217549
300.982352
298.7332144
297.4745446
298.4164975
298.8321327
297.3144185
295.3285309
297.514842
301.3335393
300.2150956
302.2558347
300.4257461
298.2781764
300.428617
300.5857465
299.5780733
300.2293949
301.1568473
300.8235544
300.6097133
298.2583214
298.726136
298.712308
301.0620464
301.1108593
302.2329155
300.7139347
301.5914253
300.9069539
299.0324628
300.8708445
301.3516358
303.9846037
301.8664066
300.3823929
300.2983117
302.2433669
301.3949662
302.4841937
302.4538568
301.2952565
299.7801161
301.8788064
301.8081044
299.140205
298.7199423
297.6660615
297.821027
299.0684985
300.3908446
298.4505396
298.8051731
296.6985532
298.9812987
298.3754649
297.7040528
297.3438489
298.1887276
297.1258557
296.6961825
298.1697981
298.1204351
297.5202054
297.8082606
299.0614314
300.0260154
297.0956091
297.4670208
298.0862355
298.976494
300.1587544
298.1532533
297.5631518
298.4094106
300.2459917
300.9921055
301.1007621
299.3343696
298.4728801
300.3137268
299.9599775
300.4372539
300.8130135
303.3663875
301.6144782
299.2628817
299.6330397
301.277371
300.7824844
300.9869673
299.9939455
300.9694375
299.7240718
298.3843202
296.4926449
297.6297306
298.4590238
298.9590792
300.1194294
300.6386756
300.6734841
300.3480869
299.718742
298.4957234
299.0032877
296.8720285
298.1500301
300.1433005
300.5290908
301.2552666
299.0576483
298.7688078
299.0270078
298.2583632
300.0177559
299.3064741
299.7210555
299.1045491
299.1006311
296.8682015
298.1006348
298.6156724
297.9312092
299.4153372
297.8230922
297.8639136
297.4041668
296.5062668
298.5431123
299.0048675
297.3170711
295.9113632
295.3660081
297.1299266
300.7946832
298.0137309
299.0781274
299.7634786
300.4725106
299.752081
300.2002053
296.3925274
296.867435
295.3479703
296.6500677
296.9757701
299.2257078
297.632076
296.5434006
294.6931726
296.2550529
297.3999886
298.9914044
299.8658129
296.9709061
299.2274092
299.7281267
297.2120018
300.0684589
300.2693499
300.6311759
300.2198338
299.2148228
299.3938235
299.836483
298.4368229
300.2537974
300.359678
301.5445523
300.9106562
301.9032495
300.0176514
299.8607035
298.9368294
301.3184175
298.7514663
297.81488
298.5058889
299.9453276
300.4594012
300.3272569
298.9086934
296.8914117
296.9399519
297.4954697
297.8864361
300.5296128
300.7633031
301.2888082
300.5367135
299.3491466
301.104624
299.2873503
299.695992
297.7419405
299.3815822
298.7569753
298.9045239
299.2902622
299.2723206
299.8994266
299.737389
300.5653947
298.7695217
299.8533242
300.0074158
299.532711
296.2822144
296.5582526
297.512839
299.7599794
299.360354
297.8414108
296.7819337
301.0957983
298.5035473
298.8445051
299.7527501
299.4842005
297.5326036
298.1166835
297.7234592
298.0596209
299.2098624
302.2113445
300.7842621
302.1426609
300.6080824
300.3501965
297.5895373
296.335752
295.8167955
297.204752
298.5860919
296.2060432
295.5868433
296.9852729
297.8622063
298.8168406
298.9023518
298.9118954
300.4566431
298.8136475
297.5309119
297.2918277
295.0650891
297.1154735
296.9626515
297.6331237
298.3868195
300.0168313
299.3939716
300.1584707
299.3341493
298.6147982
297.7908877
297.3634891
294.531319
295.3997063
296.5618169
297.9853058
296.9118847
298.4837632
298.1167458
298.8724053
298.4070899
297.7865458
297.33353
297.2129493
296.1540227
295.0674045
296.5917718
296.2309387
297.74367
298.1053603
299.0450545
299.3383501
298.3665602
298.6535281
298.329885
298.1920219
298.8118678
298.539716
298.7229758
298.4231242
298.6461935
298.8187998
298.3939853
297.2747849
295.8271235
294.0650396
297.3896495
300.0074708
299.8878813
297.8074302
298.2280218
299.0805264
299.8541106
300.0530765
299.6581213
298.317569
297.3166007
300.2049719
301.1610088
301.0549553
301.2151277
299.8701618
299.1414363
298.9004706
297.9520873
296.0946557
295.3199613
294.0103547
296.2129372
299.3705134
299.7315026
299.5744539
299.3564515
299.590239
298.7869605
298.4148574
300.540532
298.7497321
298.2369664
296.8806495
298.1376192
298.6186082
296.3236597
294.7908495
295.6980528
296.6896077
298.4874298
300.5207014
299.506532
300.3996787
300.0493796
300.1901369
299.8222507
300.9748962
299.4375172
300.0778758
300.2813637
299.7762261
298.4522521
298.4607947
298.0908508
298.1908022
299.1881544
298.7495686
298.2738421
299.6313881
299.4435748
299.5589616
300.6632794
299.7073686
300.3625873
299.4233682
296.3723938
296.1045817
297.1019835
298.4777973
298.0189138
299.3811329
299.4686201
299.0646726
299.2176705
297.5510007
295.4603608
296.9153378
295.9351797
295.9929022
297.2772515
298.2638258
298.9459503
296.4312939
297.0945121
298.2491022
299.6822025
300.476
302.0160335
300.7429695
300.9831023
299.1355502
299.3754307
300.752408
299.2713281
300.1493736
300.10488
300.5987475
298.7753718
300.4289664
300.0505044
301.0067462
299.2201906
298.6586432
301.1635857
301.5687445
303.1168891
301.1615902
300.4976222
298.4962046
300.1794876
299.9213106
300.1187202
299.739147
301.1492927
299.3545618
299.3526913
299.748961
298.5847488
297.1239102
298.2274002
297.6414035
297.9744378
299.9763664
298.4744228
298.6914396
298.8217224
297.6260647
297.6117842
298.7630161
299.2811777
299.4951326
296.8201872
294.78279
297.1210452
298.9125805
299.935707
300.0579865
301.8161432
302.2646323
301.6180923
300.4905061
300.7751813
296.501129
294.7528284
297.887337
298.1348971
298.8010092
297.7105936
297.1115419
298.9455265
298.8136835
300.2031265
300.010093
299.3763322
298.4789522
300.0797854
298.1948738
296.1559604
298.1640788
300.5413273
301.3689692
300.0733668
298.7433933
298.7422344
297.4758831
297.8257006
299.3647271
299.2090275
300.2532179
300.3429329
301.5629837
300.8010512
299.0476721
299.4202344
295.6686096
293.8540393
296.2719238
297.1864624
297.2373725
296.7978428
297.1863079
296.8119155
301.3310042
299.3582361
298.3682621
297.4169949
295.5802236
297.4851507
298.8507501
298.1710834
297.9743093
300.249062
297.8571024
299.2535218
298.060601
299.7258517
299.8430099
300.2614435
299.7899224
299.5418705
298.9276153
300.1692351
298.0434796
298.5663941
296.6978276
298.7347722
298.4885765
297.0650187
297.6350532
299.1681531
300.28594
298.8808461
299.6729635
300.4882298
299.7614145
299.766775
296.8755583
298.3873215
298.8618452
300.1469839
300.7875612
300.3038058
300.1978473
300.6608722
301.5859019
301.7886219
297.9422812
298.4792981
298.7185405
297.7978156
296.1552125
295.9736037
298.7521625
298.5033177
299.6005819
299.0786505
302.1171971
303.3093632
301.8501972
299.916457
298.6255868
299.2260718
298.8522233
297.7309324
296.6458623
297.9556522
297.511665
299.5387471
297.4846406
298.3454644
300.6161831
300.6105362
300.2585638
298.6276319
299.3999138
300.7745844
299.7980397
298.989585
298.6828571
298.8253734
298.1986751
299.7024663
293.4378786
293.3994725
295.1381696
294.7456867
297.1436535
297.4497598
300.3282069
302.178455
299.2576238
297.377869
296.5419566
298.1531486
297.2006298
295.9590582
295.8815968
297.9991805
297.379945
295.8482976
294.2704275
293.6188938
295.9858939
297.0797077
297.1205802
298.8061431
298.02893
298.9741121
296.7652462
293.3118901
294.6388614
296.901426
297.1027834
295.6595726
295.8432195
296.7058812
297.2773588
295.9806789
296.1304752
296.5739476
295.3108688
294.3165241
298.8993451
298.92117
296.4851613
297.400298
297.4651592
298.5735293
298.8142785
299.8985971
298.3475643
298.1160392
297.2594348
298.4748341
300.458099
297.0370424
297.7098013
297.7698908
297.5351643
298.1570759
297.3058443
297.7844361
297.6475573
299.3249532
299.48197
300.1198036
300.8327803
297.4965282
299.4886706
298.6363491
298.2998852
297.3230258
298.9711848
298.1878947
299.266697
298.4742618
299.1431203
299.4692226
298.8462137
300.3920843
299.1389351
299.4593154
299.3205032
299.9435075
298.7117452
301.620577
300.287208
300.2250338
301.4460339
302.3534891
299.818309
300.4167097
298.5360531
298.3475763
297.126419
297.0464499
298.3903315
297.8584318
297.1410011
298.9196983
299.08714
300.5210321
296.4829479
299.5297261
299.3287796
298.7369182
299.3896178
300.2743493
299.6764918
297.2360902
298.5777644
298.5522201
299.0415792
299.8247601
298.7208558
298.5476372
297.8920784
299.8037299
298.6053061
298.9869578
298.4134994
296.5883332
298.6783115
296.7444507
296.0603708
297.4283273
298.9710897
295.9493768
296.8178232
298.6613388
297.1401921
298.4624259
299.1146157
298.5537409
300.0675546
300.6625716
300.5608504
300.9992815
299.2424088
296.8148462
297.4274672
297.2952547
298.2495379
296.9089336
296.4272341
295.1943465
296.8792989
296.8050637
298.2681356
298.7755103
299.4651331
299.0670821
299.544745
299.2866819
298.1500669
298.5258014
298.0438387
299.1073406
298.2878348
297.724776
299.9410376
298.4731776
298.9628671
299.9659117
300.1723803
301.1596543
300.3398416
303.5921678
302.5015295
300.1389999
298.445395
298.7672284
298.1502798
297.718666
299.4640635
300.0230482
299.6309327
296.6442761
297.9702569
299.5786043
299.0403079
298.7792903
296.5856128
295.9876429
296.4139745
297.6128231
300.6494154
301.5003163
300.8916394
303.2054012
303.1153344
303.7213892
303.0995681
302.527159
298.3827078
298.7666179
298.9083267
301.8333421
300.3089872
298.5043713
298.1936407
298.3075414
301.071955
301.7111367
301.8941479
303.1430249
301.5111331
302.427043
303.0731551
301.6131698
299.130813
298.264286
298.5963551
300.2059296
301.1050835
299.9152721
299.317271
297.7602265
297.0929586
297.6893536
297.8361839
298.9679192
294.7670375
296.6263827
297.6712074
298.2780145
300.4203752
299.4264569
298.2935269
296.9798772
297.0597997
299.1600513
298.7348171
298.2882465
299.2776171
299.4017682
298.3185476
298.7985499
296.901542
296.6381827
295.4040076
294.9373266
301.8742141
302.2847136
300.9054079
300.8777396
298.5114319
297.8395439
298.9100443
299.1821849
301.5922871
301.1989902
299.8133099
298.2633404
298.3495637
297.5597387
296.6017202
295.6906033
297.9679907
300.823665
302.1980795
299.7378211
298.9784184
298.0596363
296.9453161
296.0550628
295.9635871
296.734613
297.0093002
297.3649105
298.8145842
299.9495288
301.4404632
302.7343685
303.2113775
302.0544796
300.6951369
299.4765537
300.8374895
300.505408
299.8251241
299.0839712
301.8459648
300.4727961
300.3218181
298.5186139
299.0475165
298.3076859
295.4055477
294.5809553
295.4115889
298.976884
297.609012
298.0728883
299.8730104
300.4125029
298.8719401
298.2812767
297.9809526
299.4274963
300.7484895
300.6918081
295.0116089
295.9991534
296.1823718
296.5080299
296.0713128
298.4371433
297.8461449
297.3233097
296.8364381
297.8036552
298.9094824
297.9528973
297.1395865
296.3898838
295.4506513
297.59953
298.0923334
297.8461233
296.6804144
296.7298515
297.5442984
298.7509736
298.7173442
298.8708599
298.2502831
299.1061582
299.8382377
298.8030759
298.6203645
299.2023884
297.6065927
297.9525906
298.0409245
297.7413007
297.3276257
298.7894677
298.6316408
297.9475359
298.6820551
297.4761365
298.398326
298.0613173
297.1418664
295.5848015
296.4296712
297.0573333
297.2287476
297.5230417
295.5788019
295.5938712
296.2331833
298.7877312
299.1144756
299.826862
298.9181765
300.0545039
301.03476
298.8100941
297.6707857
298.7634798
301.9637214
300.0253282
298.0096684
298.39752
296.1965636
296.0981195
295.2222952
295.8228398
299.0103013
299.4442377
299.91912
298.1765184
298.8558448
297.6268651
297.7562434
298.8481321
297.7009593
299.3136382
300.535847
299.2123048
295.6010105
297.074827
297.9450578
296.4108265
296.458445
297.2007868
294.8398265
295.5961878
295.7313755
296.7621946
296.220435
297.1421757
296.4256236
298.5681005
299.2821603
298.1253626
296.7282905
296.5673389
296.8614742
297.9271791
300.4101566
300.055161
297.3566378
296.8910023
297.7737886
297.8423769
299.428989
297.2607068
299.0873223
299.2355098
299.0392116
299.883715
300.0721714
298.0127548
298.2135427
295.4653542
294.0991876
295.2545316
296.0503108
298.1094907
294.4400498
295.8472928
296.2831016
299.3720141
298.2207267
298.0803872
298.0864267
296.9481331
295.8059996
298.2497093
299.0530628
298.6302819
299.9300577
300.6570257
297.3353006
300.3369005
298.7859281
298.3404895
295.9402034
297.405177
301.31418
301.0732805
299.7302194
298.4287615
298.583113
299.2073838
299.7231715
300.6425772
300.4157944
298.9822679
298.4296596
298.9498522
297.5025349
298.2481859
299.6910922
298.5075617
297.7701602
298.0338737
299.150266
297.9297239
300.2596229
302.2605172
300.6694844
300.8118159
297.7301547
296.8524705
297.1273137
297.9431624
298.728459
298.3286308
298.9574961
299.5485711
298.5936729
297.938423
299.223775
300.0277013
299.5347082
300.6828255
299.5054832
301.3479513
297.978922
298.2639726
300.3612636
300.4439959
301.3771712
299.2021689
298.8111938
297.8693247
297.160866
299.6539762
299.9804791
299.8060436
298.6246017
298.347237
297.6490564
297.9837986
298.8112011
300.0913517
299.3146452
298.6887848
298.7866799
299.7430069
299.7060818
299.5655552
297.7060448
297.2056814
298.1938965
299.6155276
297.916673
298.443994
300.670397
301.3619681
298.3338402
298.4294094
298.198947
298.5114736
299.2378637
296.6950016
298.1225357
298.1088041
301.8477696
301.1896605
300.9711161
299.7485043
299.5633866
300.0399683
298.0176151
298.5521774
297.7579193
299.7361365
297.5091486
296.8451484
299.2617904
299.3486492
299.9751767
297.5706285
298.2506677
300.0748369
301.300108
299.7199669
297.183738
297.7696628
299.4314519
298.3823485
298.9723858
299.1186794
300.2152478
299.416165
297.7817953
296.8223264
297.7049655
299.6547561
297.7891373
298.780124
298.7626388
299.5417603
299.4635649
297.718814
296.6305286
297.511635
299.4103583
300.0449645
300.0288405
299.8099129
302.1281355
300.7950358
298.6790009
298.718831
299.1263627
297.1856031
296.3271118
298.8930639
298.0443419
299.1651191
298.7131359
298.8262411
299.1711116
297.3009705
297.8850921
300.1681773
295.2622494
295.7995742
295.6179162
297.1674543
297.4224114
296.7011941
296.7675647
297.9970465
296.2713145
295.6202819
295.2749729
295.5042019
296.7117896
297.8777632
298.4260791
298.8980467
297.5237917
298.4973912
295.2002779
294.8441
295.5514258
295.9506794
296.3381259
295.101418
294.9356348
296.9197774
301.7489098
301.984777
298.6816833
296.6754076
296.5688267
297.8592935
297.5140039
297.8918273
298.2682298
298.368859
299.4952659
297.0639316
296.6436836
297.668687
298.5055036
299.8910311
296.3173248
295.7849375
295.5165948
295.3360486
293.6808201
292.9133887
296.3012932
298.4773532
298.7146419
298.4699104
298.8519313
298.4805311
300.4345451
298.7523781
298.5558288
298.7889942
297.125952
297.6772406
301.5745551
300.9768499
301.4048812
300.5715546
297.5534314
295.7299247
297.1056908
297.5244581
296.5415117
297.6625706
299.3410422
296.7255083
299.4781233
297.1639058
299.578163
299.8837263
297.3617824
298.4468514
298.1893461
299.4603828
295.6213289
295.6206854
296.2809034
295.9081545
297.3179381
296.874763
296.4515862
297.6824593
297.2229576
296.866393
296.9428473
298.469141
299.3497653
300.9478009
300.0602964
299.8899487
299.0456854
298.7147347
297.3086344
295.4331843
296.9891279
297.8537078
298.7389691
298.7314663
298.4552954
299.0739458
298.4617373
298.187953
297.5113002
297.5668361
296.5515555
297.5881487
296.446287
295.902062
296.7480389
297.9349948
298.5851921
298.1927272
298.0936676
297.5495301
298.067425
296.1905706
295.2262455
295.3389922
296.5771797
296.4362747
298.3760289
297.990995
297.7956863
297.4571435
296.9583065
295.0704477
295.2960346
294.7592211
294.7691584
294.7912709
297.7550729
297.9061352
298.4222984
297.2211216
296.855397
295.8273358
299.0378917
299.1999531
298.8825444
299.890084
298.9670435
298.6729262
299.641162
299.7105492
299.9123845
298.4217498
296.6407124
296.1231089
296.7888626
298.1983564
299.3274729
297.5930933
296.4162027
297.1935904
298.273189
299.2801059
300.2227375
300.2546104
299.5030977
299.2649988
299.5398816
298.6609737
298.6070813
298.6418784
297.1768801
298.1208846
297.5989491
298.0650126
298.7583662
297.8355309
295.5941069
299.6685034
300.8166443
298.9261718
298.5975353
300.2041827
299.1550236
297.8349293
297.0165871
297.5126942
297.1453937
296.9292595
296.7953218
296.7619282
298.3096073
299.0153967
298.7306619
297.6333756
296.5881963
296.929715
296.3832017
299.2455144
301.3840711
300.6280944
295.5961204
294.3558841
294.4434295
294.7915134
297.1553449
297.9791425
297.1271799
298.1146104
298.8361072
296.7351915
294.7122691
296.7996956
299.6551349
302.1098969
300.8838424
298.7115675
297.562025
295.1876155
296.0629009
295.0872884
)
;

boundaryField
{
    xPeriodic_half0
    {
        type            cyclic;
    }
    xPeriodic_half1
    {
        type            cyclic;
    }
    yPeriodic_half0
    {
        type            cyclic;
    }
    yPeriodic_half1
    {
        type            cyclic;
    }
    zPeriodic_half0
    {
        type            cyclic;
    }
    zPeriodic_half1
    {
        type            cyclic;
    }
}


// ************************************************************************* //
