/*--------------------------------*- C++ -*----------------------------------*\
| =========                 |                                                 |
| \\      /  F ield         | OpenFOAM: The Open Source CFD Toolbox           |
|  \\    /   O peration     | Version:  v1706                                 |
|   \\  /    A nd           | Web:      www.OpenFOAM.com                      |
|    \\/     M anipulation  |                                                 |
\*---------------------------------------------------------------------------*/
FoamFile
{
    version     2.0;
    format      ascii;
    class       volScalarField;
    location    "0.01";
    object      overallT_mixture;
}
// * * * * * * * * * * * * * * * * * * * * * * * * * * * * * * * * * * * * * //

dimensions      [0 0 0 1 0 0 0];


internalField   nonuniform List<scalar> 
5120
(
299.4919176
299.6518956
299.3459563
298.6201033
298.9277332
299.6040676
300.2952694
300.653029
300.3657602
299.1256546
298.7973949
299.5446385
298.8361123
299.5067933
298.4435971
298.505336
299.7178685
299.2880273
299.9793632
300.1908121
299.8509799
300.2242897
301.081897
299.9529591
299.2274324
299.6267487
300.1477083
299.0183137
299.2239859
299.8295189
298.9637719
299.7953201
299.6753937
300.4815519
299.7879801
299.1005928
298.7143194
299.5903912
299.0263221
300.1302629
300.1986439
300.9238898
300.1087769
299.5932675
299.5846358
299.4311326
300.1821865
299.8390671
299.0624211
298.2811554
298.1553839
298.6048484
299.8646195
299.9815938
299.9321207
300.2455935
300.3242031
300.5944196
300.8888936
300.3090949
300.4526424
299.1458214
299.1804697
299.0483539
298.8272208
298.3951702
299.2834628
298.3435404
298.9089852
298.7885742
298.4143399
297.5666396
298.2641671
297.7804928
298.515185
299.6018565
299.7244415
298.7348631
299.2482026
300.0203117
299.0144324
298.868838
298.7082938
297.9133048
298.2256183
299.2920112
299.5569133
299.3622072
300.1559064
299.8803671
299.0080056
298.14181
297.6235611
298.1258877
298.8663962
298.7669268
299.1334779
298.6435089
298.5563836
299.5413658
300.0381856
300.0578648
299.3378413
299.5530217
299.0440698
298.5298346
298.0035253
298.7634028
299.1384186
299.0431603
299.4555341
300.0311074
298.7674846
298.0527716
296.9449631
297.7994145
297.6633696
298.5413226
298.0001626
298.0415646
299.5927035
299.1349078
299.3639692
299.2839999
299.0373231
299.2086924
298.5405186
298.4218355
298.4257083
298.4936741
297.9382402
298.911801
299.601403
299.7805928
299.2727161
298.6518171
297.8583355
297.8166011
298.0839935
299.1997009
298.8372649
298.2940876
298.7183508
298.6207399
299.5005544
299.2416349
298.8104986
298.470622
297.9416653
297.5635717
297.9427223
297.7067784
298.0380153
297.9523719
299.5308785
298.9687668
298.3637909
298.101791
299.0780801
299.039273
299.2511698
299.3690078
299.1072071
298.8353702
298.3754063
298.6188924
298.6950936
298.4522535
299.1117451
299.5973631
298.8196607
299.2265421
298.0930782
299.4603013
299.2135188
299.5088463
299.8085489
299.5345833
299.7681986
299.4711211
298.051546
297.1766915
298.0819792
298.1579261
299.3724494
299.403937
299.9802469
298.9579028
299.0882435
298.9663855
299.4096112
299.928505
300.036225
299.1386611
299.0682418
299.0568386
299.5974155
299.110514
299.6396065
299.5279198
299.1843329
299.4944495
298.4828469
298.4674616
298.111345
298.0934078
297.6507862
298.5251667
298.7157748
298.1734743
297.5499493
296.8166531
297.4893084
297.8962887
297.5856681
297.9034266
298.620892
298.2793383
298.6917722
298.9452764
297.6996992
298.5914785
299.1151874
299.2350772
299.0602241
298.3844341
298.2274605
297.9892326
298.0186691
298.5711909
297.2354938
298.2837567
297.8054628
298.5411542
299.2500142
298.6411054
297.9917417
298.413305
298.3041101
298.7448905
298.2453332
298.9774941
298.8603415
298.4111684
298.7848944
298.8105183
298.6821751
298.2920104
298.2155969
298.080787
298.1705135
298.3692192
299.2374982
299.6922139
299.8146722
300.666186
300.4314566
299.9412107
298.6419121
297.789005
299.1568745
298.8210839
298.7510671
297.956642
297.8464139
297.5893276
298.1296406
298.765347
299.0252212
298.658365
298.6140113
298.7379396
298.7264759
298.6201477
299.0738262
299.4030033
299.8491683
299.231631
298.2827275
298.708545
299.2057805
300.0203713
299.8978644
300.27163
300.4882843
300.9863907
299.5155507
298.2725423
298.6088802
298.7191311
298.4675151
299.5165899
299.1950778
298.1098075
298.9886163
299.0271816
299.3043083
298.2484889
298.2612243
298.7777506
298.887864
299.3229846
299.8796199
299.6554988
299.9507943
299.8946207
300.2250709
300.8367936
300.4506563
301.1647604
302.1882421
301.5227097
300.3057189
300.4409532
300.5573811
299.9829736
298.7740083
299.5115964
299.0648126
299.5619388
299.1379659
298.267019
297.6561019
298.4290078
298.1807304
298.1078044
298.9730301
299.9780858
299.4203296
298.6284493
298.5179962
298.6519773
298.2843295
298.1230348
300.1999674
300.6425726
299.9479688
299.6452878
298.4442164
298.978636
299.4447197
298.9933443
300.1323386
300.0461137
300.2219408
299.7787146
298.8843383
298.7628374
298.717506
299.1931305
299.9129946
299.9751047
299.9821131
300.558335
300.1939631
299.4338562
299.4243823
299.4100793
299.0804066
298.9807714
298.8156155
298.2458665
298.8157253
300.1486468
299.9883811
299.1954782
299.2357674
299.7919554
299.7400992
300.0312561
300.5281645
300.374817
300.9280278
300.1330714
300.2669233
299.7089815
300.2634955
299.6192216
300.0903512
299.6084958
300.0176911
299.8541648
299.0459643
298.3991367
299.2918829
300.2814625
299.6287167
299.6790812
298.4596087
299.0142067
299.0434865
299.0477222
299.3988683
300.2772041
300.1572725
299.4031605
300.1559586
300.1112003
300.4468186
299.09383
298.9313707
299.3937473
299.8611543
299.9811431
298.9614674
298.9458647
299.9091069
300.3639732
300.2304608
299.5773117
299.2384993
299.476294
299.0293797
299.668066
299.7613265
299.645452
298.8458428
299.6354823
299.0575563
298.9872104
298.0754773
299.2744858
300.0702528
299.1518521
300.3529048
300.6334345
299.141665
298.7356287
298.248071
299.2996472
299.6190417
299.8797873
299.4762861
299.2235412
298.8401584
299.3592945
299.1331761
298.9149701
299.5576527
299.3730765
298.9917036
299.1437418
299.2145458
298.8914892
298.7799765
299.1132117
299.3574889
299.7572536
299.4222308
298.7828266
298.6755166
298.2683267
299.1816405
299.2821114
299.5303862
300.460717
300.4915849
300.6278987
300.0924234
299.1830929
299.5273263
298.4483222
298.6082494
299.1488042
299.6884949
300.5734033
299.4025135
299.7135879
300.0278261
300.1063841
299.8681319
299.9403936
299.3739025
299.8604829
299.2592036
299.2004243
300.4921118
301.1844388
299.8494972
299.3510305
298.1848123
298.8555261
298.8092379
298.5199126
298.4523865
297.8057103
298.3713539
298.4385548
297.3513176
297.8521699
297.2750431
297.7546644
298.1256433
298.8530294
299.2978276
298.9033749
298.7260696
298.6788954
298.3852933
298.4374283
299.4034026
299.7869481
299.6941656
299.1170804
298.4932443
298.3461524
297.9309456
297.6095746
297.6597219
297.7449194
298.9517299
298.1151069
298.6563758
298.4751876
298.6252278
298.7704659
298.3805383
298.1472601
298.7196234
298.3566401
297.9699247
298.0876092
297.1246315
296.9633158
297.9397552
298.8952788
298.1432295
298.203493
297.9360643
298.7627381
299.0534928
299.4012263
297.8820214
298.2669597
299.141757
299.0685886
298.7924355
299.258818
298.6809082
297.9949955
299.7799967
299.495963
298.6383193
299.0025395
297.9759115
298.1338857
298.2032471
297.7666316
298.7377858
298.877824
299.5617109
300.572948
300.1298571
298.7331816
297.9444185
297.7457735
297.9302814
298.1100746
298.4920343
299.9310609
298.2777002
298.2690097
298.4650566
298.6861728
298.2173208
299.0119394
299.5168179
298.8641243
298.6003582
298.6303813
298.6240804
298.2596214
298.204783
298.2608636
297.6198851
297.2413949
297.7652023
298.6812696
299.275248
298.1587073
299.6142019
298.0913143
298.3427066
298.5743831
298.7454743
298.8063147
298.193734
297.9274496
298.6038431
299.3450427
299.3452172
298.6593646
297.7527916
296.6264899
298.1972121
298.7109864
297.621981
298.1192508
299.0574551
299.8680593
299.0981107
299.6511646
298.9882747
298.7864353
299.0856938
298.6284319
298.5235764
298.9936468
298.9297498
298.1852122
298.3957439
298.5377787
299.1526723
299.8646767
299.6518431
299.3210678
299.9468403
299.9961542
298.7226342
299.3502823
299.6136951
299.6478329
299.4293371
300.0053155
299.3351504
298.7194742
299.8295691
299.3371926
299.905708
299.6668709
298.4464364
298.3287822
299.8963824
299.8253331
299.2518
298.9883603
299.5545316
299.2721164
300.8428679
300.162706
298.6731581
298.7652335
298.4805962
299.0181357
299.2143728
298.8566806
298.4248387
297.8952214
297.7721284
298.215942
298.9727958
299.4231999
299.3961076
299.0920253
299.3977919
298.8998358
298.998204
298.9352004
299.1038449
298.9653168
298.9393899
298.5323699
299.7294168
299.2638841
298.0809878
298.308687
298.485067
299.3676282
300.7817928
299.4986515
299.1674746
298.1573521
297.505444
297.7767732
298.3496895
298.7527464
299.6486297
299.3463557
299.8251973
299.4814475
298.9369214
299.6153383
298.99162
299.0098872
299.3912009
300.3468626
299.878274
298.8490241
298.9094796
299.7804267
299.4777744
300.2055523
299.9636999
299.7378861
298.6871739
298.8303647
299.4360316
299.3463646
297.9272193
298.2354455
299.5489133
299.4142889
299.297207
299.5856192
300.6559472
300.2518495
299.586092
299.5118436
299.1734853
298.6760422
298.8993903
298.6712424
298.480681
298.481377
298.2808729
299.1926307
299.2206511
299.1602485
299.5819346
299.9949961
298.8024863
299.5184132
299.323324
299.841323
299.6783095
298.8599686
299.6383041
299.3434925
299.6078173
298.8008321
299.097793
299.1615409
299.2684533
299.7317999
299.7092837
298.8296118
298.5343966
298.4517099
298.9859262
298.2081205
299.4729188
299.2777764
298.8127787
298.1918397
299.0933218
298.6503821
298.2989043
297.8604276
297.929479
298.0965236
298.5846133
299.2886308
298.8110833
298.7140469
298.9494888
298.8537978
298.7255728
297.3184875
298.3638009
298.7319628
298.0551067
298.4404686
298.5760481
299.1281905
298.5511359
298.7619705
299.2228851
298.0570087
297.9192655
297.8871835
298.3911915
298.1396389
299.4107547
299.3540906
298.4744916
298.3019597
298.3893165
298.6209703
298.4751979
299.3091336
297.9861864
298.3006263
299.091397
298.6352715
298.7362734
299.1221604
299.2771494
300.1852525
300.2762434
299.7841831
300.2116618
299.6697041
298.5416426
298.2995852
298.7120599
299.2093868
299.2272902
298.1227061
298.936197
297.9021195
299.704911
299.2964464
299.6136157
299.556158
299.5772666
297.8599237
297.9479082
298.3132255
298.7673683
298.5436221
298.8337956
298.4141906
298.9500381
299.3773811
299.3748878
297.9515496
297.7266613
297.3225197
297.9354057
298.86833
299.2756284
298.9831651
300.0135664
299.9920501
299.118411
299.6561337
299.7251267
298.9917999
299.2365954
299.5742199
300.0990575
298.7396931
299.164991
299.336727
299.2144428
299.1652317
299.8397273
299.2375534
299.1463287
299.2681514
299.7281807
299.7177873
299.6086357
299.7606187
298.8428312
299.1025329
300.2577446
299.9584433
299.799658
299.6855561
298.952536
298.0079898
299.7931388
298.5673294
298.7922889
298.7594483
298.4438394
299.1245729
299.085086
299.7059202
298.4916522
299.2647396
298.5995167
298.5118178
299.2974436
300.1782867
298.7423816
299.0964431
298.1578376
298.0163829
297.9577881
298.8430994
298.3350736
298.455123
299.9257393
299.7158957
298.9751978
298.828962
299.2588385
299.5599856
298.9769747
297.5313503
297.9452045
298.8020515
299.2146371
298.122146
297.9370285
297.2922003
297.2413332
297.3069893
296.8207463
297.6697893
297.9461058
297.0776367
297.9568954
298.5962953
299.0339358
298.1853261
298.6420919
298.1200815
297.8013818
297.8610626
298.9516175
297.6732787
297.6812067
296.7508761
297.6298499
297.7421305
297.4747108
297.4357907
298.7271523
297.9741526
298.0702966
300.0136791
299.5600397
298.2090911
298.2836999
299.0462501
298.4054105
298.0440823
298.5884659
298.4130813
298.4760361
299.1769064
298.1186624
298.5962918
299.0518045
298.8803866
299.2305363
299.2294117
298.39727
299.4121646
299.395615
299.4362616
300.2887721
300.0092259
299.1621479
299.8601809
299.0794301
298.2585599
297.4505046
297.7917174
298.6275015
298.213236
298.7854607
299.5943948
299.0280516
298.7531292
298.8683157
299.7487307
300.2073172
300.3363368
299.2579424
298.433699
297.0076911
297.9999881
298.7261735
298.401068
297.8135139
297.3447005
299.1255778
298.5478739
298.39573
297.9675166
297.5837503
297.8144781
298.1119298
297.8580987
297.3693653
298.5777986
298.3106564
298.4998979
298.9945949
299.0285476
298.0969059
298.2130374
297.8939778
297.6045594
298.707124
299.501544
298.5595935
298.3999612
297.2425448
298.1319682
298.0900911
298.5432794
297.3968554
297.1624945
297.6571603
297.6514829
298.1364508
298.0816873
297.9862888
298.8233777
299.1334684
297.9770106
297.6504398
298.0868616
298.1347009
298.7270746
299.7690035
301.18822
301.8208174
301.7044691
301.5394435
300.618292
300.9765761
301.1834475
300.3734392
299.607899
299.1790446
298.3805136
298.8334009
299.2497508
299.0043623
299.2889088
300.1717799
299.9590827
299.8421103
299.8547725
299.4329716
297.8609242
298.8994234
299.4188432
298.178199
298.3453671
298.3805183
299.0953428
299.428241
300.3299116
299.9268543
299.0779265
299.2687973
299.3767523
300.1316208
300.0138162
298.9534115
299.0581305
299.4478597
300.532255
298.5523928
299.2181226
298.8430055
298.1252717
298.9748075
299.6780291
299.8349547
299.0647923
297.4896619
298.2330415
298.2527084
298.7397515
298.7900698
299.6749055
298.0163446
298.0635347
298.0475882
298.3225369
298.5231846
298.2206864
297.8376594
298.0032018
298.0289289
298.7508654
298.1036195
297.3274245
298.4152655
297.9877181
298.7105483
298.137776
297.8807269
297.8082231
297.5000835
297.807822
298.3551303
298.6812748
298.2794698
298.6518007
298.7840015
298.0731244
299.0085088
298.0378168
298.1991735
298.807109
299.0634236
297.7877753
297.7820836
298.501465
299.1236537
299.4436374
299.7881972
300.5352713
300.7324684
300.2722215
299.7696655
299.2737089
299.2481359
299.8465932
299.0817269
299.1234863
300.0899329
299.5391814
298.5359521
297.667913
298.2871752
298.292258
299.6466716
300.316644
300.438608
299.8232042
299.2647733
298.6580638
299.2209633
298.7426391
300.3191839
300.2088815
300.8726272
300.1541046
299.4398699
299.647872
299.5500736
299.18644
298.3089376
299.2229116
299.7089593
299.1047854
298.4694592
298.8565635
298.800666
298.7318873
298.941106
299.075263
299.0500802
298.1196568
298.0399543
298.4144008
297.674427
299.1688841
299.3707036
299.4703397
299.4051341
298.5369806
297.8912749
298.5048874
298.7051416
298.8920288
299.6096066
300.0532059
300.2771975
299.5819293
299.9194179
299.8218565
299.3909365
298.9125743
298.4659803
298.2657834
298.782409
298.1728084
298.333555
298.7703249
298.0041512
297.4987499
298.3869988
298.1834337
298.756508
297.8665743
298.6987318
299.2465943
299.7226577
299.6616147
298.8572961
299.7081151
299.9071569
299.559222
299.058487
299.7017422
299.4168389
299.1319342
298.7637337
298.1071917
299.4826198
300.0818702
301.1008241
300.742252
300.0518773
299.1834391
300.2406235
300.1409225
298.7946772
298.8759119
298.544711
299.0772511
299.7540885
300.9359768
300.1295851
299.5012738
299.1694694
298.901795
299.4952434
299.6622041
298.1567767
298.7656453
297.9248889
297.8736212
298.7244303
298.9235621
297.6708481
298.8139759
299.2172344
297.9101577
297.6856764
298.2487603
299.0478908
299.1031096
298.60661
298.9197393
298.1012212
298.778012
298.5480342
298.5299859
297.5170036
297.6336544
298.546318
298.8092912
299.0366251
299.2971999
300.1181107
299.4546233
299.6563565
299.515305
299.5202214
299.1785913
297.9860798
298.0562633
298.049829
298.0641161
297.9003005
296.811736
297.677405
297.763564
298.7676964
298.5122164
298.873184
299.011285
299.9431881
299.844616
298.9871878
299.1508592
299.2613817
299.5904664
298.8112739
298.8656146
299.3187362
299.5040791
298.6545264
298.7646413
297.6927914
297.8610641
297.8246436
298.4890435
299.4764425
298.8078804
299.1860331
299.3564657
299.4715275
300.0854191
300.2045335
301.1685426
300.3753266
299.4754958
299.8980593
299.4503162
299.0190533
298.8186076
298.5977483
299.2539317
299.2337305
299.1829183
298.4934433
298.7256195
299.122822
298.572053
299.3869431
299.0806049
299.5640693
298.7292344
298.9597509
299.2335465
299.2239529
299.3554715
298.0060334
299.0126744
299.6632972
299.7973249
298.3534705
297.9495415
297.6922126
297.7457142
298.5707251
299.1891788
299.5588189
299.2399282
299.1975097
298.5204811
297.8408481
297.5727151
298.5323655
299.0030513
298.7685785
299.0358524
298.8694418
299.6106322
299.4027294
298.5267045
299.0441951
299.662661
299.6768511
299.9137224
299.0437457
299.2443681
300.0679669
299.436424
298.5182837
299.3157459
300.5017933
300.2640702
299.9103702
298.4309784
299.816276
300.1513212
299.8737082
299.1134836
298.2692941
298.6194705
299.0288513
299.3063577
299.9427981
300.2172981
299.3093653
299.7866863
299.3455061
300.0433383
299.7835057
298.8504175
299.0765694
299.4234865
300.034773
300.9833948
299.9296953
299.9739263
299.8176002
301.7688007
301.5832181
300.7361219
300.3903466
300.5120618
300.8907677
300.6244421
299.6765496
299.3906582
296.4428147
296.5927413
297.568987
299.330445
297.9391313
297.2635548
297.5720036
299.111833
298.9215446
299.4307511
299.1368821
298.275143
298.0345217
298.3367693
299.4831006
298.261739
297.1112656
296.8965578
297.7423102
296.8262942
297.1474035
297.6657386
298.0351826
297.6918822
298.655784
298.8602973
298.0562189
298.1691414
298.495483
298.3369993
298.2120944
298.270057
297.6918408
297.7902762
297.5907954
299.1428366
298.7226555
298.2062609
296.7602423
296.899183
297.8552059
298.1475857
298.0027436
297.841801
297.3105668
298.0602177
298.0729782
298.7759554
298.8700588
298.5240642
298.8694729
298.1139439
297.6490112
297.6666341
297.2490653
296.6104193
297.3569213
298.3257516
298.7581905
297.924526
299.0424399
299.0578872
299.4621055
299.8355429
299.4632554
299.6221613
299.4211354
299.5246708
299.4314651
299.3899455
298.865166
299.4860474
298.577358
299.7974258
298.9915213
298.9550855
297.9425049
298.3047945
298.9138578
298.8951164
298.3493718
299.1583537
300.2711148
300.0073546
299.2853467
299.2582644
299.9151384
299.1335994
298.8945209
299.3612967
298.644886
297.6845465
299.1357663
300.2003905
300.3357349
299.4536017
298.9173659
299.2622414
298.9183435
298.8002371
298.8511806
298.6547845
298.8153522
298.5924683
299.9080196
299.4917259
298.9465106
298.5880362
298.3108806
299.0788004
298.7847949
300.098027
300.0088577
299.2568822
300.0718276
300.0186771
300.6532705
300.0622156
300.367207
299.8572007
298.2626473
297.6217954
297.7164948
298.0005719
298.64473
299.6321732
299.2000269
300.9105679
300.7320322
299.8856656
300.1178746
299.5174441
299.0067431
298.4532331
298.994336
299.3714188
299.2294954
299.6087385
299.0694503
298.8057626
298.8704727
298.591559
298.1448213
298.5824018
298.8158942
299.1016988
299.2131396
299.9156164
300.3828703
301.1388571
301.6883024
300.0246007
299.5093703
298.5632982
298.8598653
299.0184835
298.969484
299.0513245
298.5491533
298.3253382
299.3955771
299.3743627
299.7826587
299.5069785
300.2176423
299.2626869
299.2380235
298.19924
297.9421169
297.7763429
297.8540229
297.0533333
297.3941402
297.5795067
297.012506
297.2724515
297.8525883
297.1959867
298.0338687
298.6172359
296.8590745
296.8519574
297.7798792
299.0305182
298.9971799
299.5290998
299.0157593
298.3718782
297.9124694
299.1237442
299.1000461
298.1700535
298.5321801
298.1378893
298.0529731
298.6636849
298.2031675
297.602057
297.071787
296.4864292
300.3454952
299.8606299
299.9789215
298.4212596
297.837586
297.9659694
298.9033045
298.9931063
298.8336227
298.9582588
298.4062029
298.6480814
299.2053555
299.6959241
299.1496156
298.7721037
298.6452255
298.7514328
298.5364848
299.295592
298.6188241
299.7169518
299.6336377
299.4461995
298.7833327
298.6854227
298.6271809
299.5431071
299.5457493
299.98246
299.6988614
300.2373935
299.7911104
299.2826362
300.3287018
299.7750781
299.8780712
300.0271269
299.5635537
299.076496
299.4082961
299.7032833
299.5977419
299.130688
299.6559888
299.5124868
298.6271259
297.7124552
297.7027461
298.4562967
298.8553569
299.6572847
299.1785051
298.6404628
298.4702666
299.1295633
299.5856692
299.6019713
299.0615275
299.3669254
298.8642552
299.3284952
299.0892682
299.5692931
299.0767384
299.5920503
299.0789554
299.609828
298.5540433
297.9600098
297.9846246
298.9463552
298.7705218
299.3077796
300.5684099
299.6305573
299.0877695
299.5346098
299.3199499
299.2562866
300.8283875
299.7976363
299.6553551
299.4584388
299.8507331
299.9690505
300.4459665
300.4629025
300.4487455
300.4745089
300.1174703
299.9581995
300.0328215
299.6255613
299.5045756
300.0357675
300.4636325
300.1905085
300.3877748
300.6022563
298.6338796
298.3403786
299.352359
299.6143916
299.7184207
299.8190467
299.7581245
299.7675609
299.6790856
300.1020527
300.2298903
300.2098681
300.8776198
301.0930458
300.6586902
299.6354925
298.9253778
298.7568941
298.7739703
297.9686411
298.6546269
299.0262845
298.4075179
297.690239
297.9925069
298.1056017
298.2095862
297.3458352
298.5930377
299.0597395
298.2110844
298.7102422
299.0926119
299.0968574
299.1422137
298.7542312
299.1832963
299.6202741
299.7222438
299.2576772
299.4709403
297.8998386
297.5323108
298.0419737
297.2961431
298.710734
297.8136762
297.6235898
297.4002329
297.0936951
297.1022017
297.0118625
298.0489904
297.6559383
297.9769746
298.2365729
298.155627
298.9904933
299.4500446
299.7755375
300.0749749
299.8015085
299.0440795
298.7141138
299.0626529
298.9408978
298.8688223
298.8223481
297.771856
298.5880492
298.7789212
298.876686
299.024759
298.1916153
297.5194869
298.474136
297.9303047
297.1491652
296.9465809
298.7083137
298.2136383
299.4637808
299.2855952
299.2528191
300.9083427
300.1568006
300.8319637
299.3139198
298.901866
298.9025142
299.3640584
299.5134551
300.0061787
300.3759251
300.6407231
300.320631
300.3419976
299.7825987
299.1410453
298.3215536
301.2976299
301.2537458
301.1778155
300.7817232
300.2718445
299.8449413
299.4961783
299.0039031
298.9462735
298.0627131
298.7747004
298.615159
297.3451698
297.0120015
296.8583988
297.7953832
298.7408544
299.4633591
299.3895456
300.652231
300.3548179
301.415455
300.6709678
300.2371081
299.0083576
299.4491765
299.0933963
298.5902351
299.0886613
298.999391
298.5780374
298.5707004
298.8315892
299.0491511
298.3293953
298.5334077
298.9301525
298.8417796
299.0625537
299.7328924
298.7085482
299.4847792
300.8210311
299.7271771
298.7789743
297.801585
298.3507417
298.9604057
298.5135362
299.0926155
299.9179386
300.0644653
300.2218548
300.2839858
299.8285993
299.6554856
300.1735211
299.5444272
299.5495826
299.0591688
298.8390233
299.1351429
298.2010722
299.2343829
299.3594289
300.0932328
299.9253771
299.198351
299.2901716
299.8080852
299.1636283
298.3546373
299.2494901
299.9048071
300.2567707
300.2247606
300.6331419
300.1878678
300.2159138
299.3500896
299.9686864
299.6893187
299.7284362
299.5175364
299.4618788
299.0962185
298.9326362
298.3110939
297.6109083
297.8852361
298.0021396
299.4514181
298.5419049
297.8809294
297.2749131
297.9391197
297.677813
299.071172
298.8433162
299.3914991
298.499527
298.6170864
297.9463249
297.5113398
297.5781595
297.8486423
297.4569387
298.2655343
297.5566083
296.6429255
297.7594199
298.0396618
297.9144389
298.3155466
298.7999301
297.8518635
297.6600853
297.8735611
297.9701948
297.9402685
298.5294123
298.4151363
297.6709557
297.6194531
297.4230627
297.9258941
298.9193122
297.9646263
298.3756313
298.8029431
299.1404154
299.406394
299.5034599
298.6226435
299.3141456
300.0584345
300.054178
299.7481501
299.6926338
299.0544695
300.4336989
301.21057
301.5252936
300.8848422
301.3349513
300.2717694
298.9885197
299.296182
298.9531881
299.2534548
300.0080146
298.9336282
298.9338177
299.5247226
299.4630749
299.4307182
299.6423298
299.9034905
300.2284866
299.8883671
299.6248414
298.979866
299.0573532
299.0255215
298.5137367
298.6199393
299.0506665
299.8240955
299.165784
298.5832481
298.8695741
298.2952982
298.4997096
297.9019727
297.4807575
298.9233695
300.5915772
299.715857
298.7871881
299.1390141
297.8803193
297.3698614
297.7103385
298.0358058
297.9014552
297.7367733
297.7327905
298.1706131
299.2029126
299.3471276
299.2523397
299.3851032
299.2706757
298.8737755
298.2724678
298.5593696
298.4060641
298.7837239
298.9333047
297.7884179
298.8013477
298.8835903
298.8246267
298.7308064
297.9019872
298.6681323
299.3287155
299.5761689
299.305864
299.5426111
299.8076735
299.5597112
299.90401
300.4308889
299.9068397
299.6772815
299.8846992
299.6802276
299.1948822
299.4860262
299.1951172
298.2778195
298.956795
299.2483847
298.8281275
298.538173
298.5246396
298.7712805
299.4479407
299.4036723
300.299046
299.7403194
299.734564
299.734675
299.9352336
299.8134023
299.7174488
298.5537789
299.1545094
299.736358
298.3511288
298.1049822
298.102403
298.8053137
298.2266139
298.3349195
297.4681415
298.2721756
297.7025561
297.9530792
297.5314446
297.5248164
298.190001
298.2211304
298.3414922
298.6952621
299.3390225
299.4590744
298.8429324
298.2922843
298.8428557
299.1252876
298.5855359
298.1116152
298.4880918
297.8628808
298.6432162
297.4766898
298.2245098
298.4562613
298.3709498
298.3904688
298.4545252
298.7929312
298.9073297
299.3262697
298.6662016
298.3126048
298.0276564
298.763182
297.4457892
296.9592119
297.2364974
296.5996239
296.1322288
296.8858253
297.0574554
298.1192419
299.2435305
298.9395015
299.3595863
299.0456834
298.7768074
298.1076277
298.0066478
297.4865271
297.2744412
297.9476522
298.1794111
297.8154764
298.7152612
299.0624552
298.8404194
299.4353389
300.2642965
300.3530944
298.73167
298.796716
299.2688008
299.8210836
300.1067536
299.6412481
300.2240746
299.3442822
298.1119965
298.6132379
298.0225637
298.9191569
299.0997235
298.729149
299.8915986
299.797439
300.4291225
300.3439241
299.830494
299.5132097
299.898949
299.8951922
299.0108792
298.7289947
298.5421464
298.0851789
297.9566277
298.0078918
298.7515413
298.824055
299.8262491
299.2394352
299.0734821
300.9271203
301.0341194
300.7718186
300.5975241
300.1610642
300.315625
300.1071592
300.6839653
300.5413539
300.8262079
299.2929395
299.2281689
298.9563919
298.6292835
299.7597701
300.5188363
300.5305601
299.5217968
299.1795434
300.4096871
301.0762134
299.8068605
299.7296182
299.1886085
299.8910453
300.4926368
300.5512994
300.0240675
298.415162
298.5226903
299.4493243
299.4805018
299.5849474
299.5156261
298.6687568
298.5058566
298.6451302
299.2996256
300.3494972
300.4895101
299.5040899
298.77285
298.492676
299.0633632
298.5544534
298.502203
298.2702046
298.912862
300.141074
300.4471697
300.275926
300.2289387
300.9122178
300.5539125
300.1347961
300.2744598
300.9810407
300.7728736
300.3905547
300.2121236
298.9720498
297.4110974
297.3170899
297.5423488
298.0237015
298.2259283
298.1101291
298.3438074
299.2020102
299.2439016
298.9425963
299.100758
298.4097599
299.036834
299.5775805
299.7236851
299.0809134
297.9163667
297.5108467
298.0286982
299.1432377
298.9145016
298.7340648
298.7542236
298.6529286
298.7300895
298.6155701
299.0408844
298.5280168
299.4642675
298.9228083
297.7238019
297.5991356
298.2814365
298.5556849
298.7993865
298.7722435
299.1533962
300.0542874
299.275958
298.5769579
299.7406739
298.209324
298.9321766
298.5542748
297.8690754
298.3930717
299.4872263
298.9307772
298.9496957
298.981616
299.9754575
299.682135
300.1385275
299.9778612
300.8729233
300.40324
299.4114575
299.2535141
299.9345275
299.8847914
300.0053622
299.4256535
298.8842346
299.1764814
299.6706855
299.6443975
298.523351
299.148025
298.9312454
299.1721605
298.8390395
298.0277653
298.8398749
299.6863986
299.8999575
298.8114048
298.5275138
299.1211354
300.1377013
300.4089678
298.3804653
298.9072497
299.2934038
300.1305117
300.0106597
299.8057355
299.6494717
299.4560853
299.2873724
298.3080073
298.9668588
298.1048347
298.5043954
299.1077923
298.697094
298.7462591
298.5973243
298.5840608
297.8972214
298.2734905
298.2422525
298.3489722
299.050772
299.2921652
299.6268791
299.8337094
299.0389052
298.8827224
298.9282767
299.5708777
298.7931618
297.8425608
297.69637
298.7526027
298.9253373
298.2660656
298.2417137
299.1971441
299.5293729
298.5821154
299.8614868
299.6334223
298.8111794
298.1914383
298.5989689
299.0809393
299.4035871
300.0524977
300.0866895
299.1112898
298.9910621
297.9741605
297.7268069
297.0939652
297.0212261
297.6875665
298.9756942
298.6083027
298.7943821
298.2983065
299.5789931
299.740464
299.4449155
299.57719
299.2563701
299.7244593
299.3263626
299.6720355
299.888069
299.5370599
299.1568534
299.4058925
299.1113223
298.5468218
297.9967535
297.7087469
297.4638451
297.8980636
298.6058625
298.7374114
297.4243655
298.6601752
298.9543807
299.2555052
299.4753277
300.7148968
300.5898555
299.7667313
299.4125672
298.8828798
299.681576
300.5793638
300.2524816
299.9273096
300.1722379
300.5359032
300.9295417
299.746978
299.0015644
298.1671523
299.1169893
299.3647263
300.208621
300.906247
301.2226801
300.8232787
300.0319169
300.0258589
300.1736561
300.7429687
298.2849224
299.0807171
299.4701941
299.1804131
300.091843
299.9765153
299.4357433
300.5414567
300.9280653
300.0303768
299.1965243
299.4959453
299.6201962
300.6162377
299.0867729
298.5500056
299.2381252
299.6616209
298.5431684
299.2243088
299.188353
299.5028001
299.0999717
299.2282531
298.8028217
300.0289028
300.4328637
300.5561692
298.8215434
299.1329264
299.0308225
298.8001346
299.3049258
298.2169446
299.0067922
299.5569359
299.0156594
298.9582172
299.6557043
299.0621925
299.2459619
299.0340271
299.1840103
299.2775015
300.4643541
300.9487385
300.2864943
299.1457196
299.3322087
299.0767617
299.8853853
300.6489932
300.4989002
299.3650099
299.0129367
298.3028305
298.8069533
298.3245927
299.2445336
299.2324171
299.374605
299.3235633
299.589932
299.6128883
299.089842
299.3285477
299.052182
299.6359295
299.3389991
298.8380086
300.4569281
299.7484211
299.7983133
299.8950606
300.1884459
300.3977969
299.9871038
299.6935
299.6945665
299.7665769
299.6965291
299.6546094
299.8185879
300.5122278
300.3365856
300.3100516
300.4825599
300.6152991
300.9435059
300.5078381
298.9362962
299.2024596
299.8704498
300.6860735
301.051512
301.2254551
300.8736658
300.5252455
300.0773482
299.4772149
300.3607266
300.0621112
300.4713518
299.9910381
300.5833352
299.9488739
299.8094225
299.4125982
299.7690295
298.7889393
298.995329
299.1711638
299.3622132
298.8506463
299.2110391
299.3856613
299.8586331
300.1520525
300.4059465
300.0245058
299.7036076
300.5144765
300.7728211
300.4900613
300.5025232
300.1334199
300.8137139
299.9022339
298.7474159
299.3218861
299.4045033
298.8496879
299.2074537
299.7092107
299.280468
299.256925
298.9009161
298.6605762
299.1411928
299.3104528
300.2180232
299.7220629
299.956371
299.3146041
299.3025383
300.1644319
299.5926565
299.0321002
298.2886144
298.8448371
299.8457774
299.9112923
300.559221
299.981533
300.0767069
299.8344101
299.7159845
300.0358396
299.3160146
299.7272424
299.2691725
298.9858975
297.7489939
297.0470443
298.1580612
298.9011166
299.8900832
299.9699915
300.412359
299.7588223
299.3351549
298.6280534
298.3597614
298.7533386
299.8287838
299.5457241
300.052983
301.5720267
301.2320728
299.4784569
299.7555395
299.0585538
299.0480402
300.4072301
299.8129275
298.5002312
298.6842691
299.5818167
300.6801123
300.2678974
298.9742335
300.3916789
299.9392646
299.4686079
299.3912975
299.4408664
299.7166033
299.1146905
299.6615935
300.0559529
299.7234812
299.1241156
298.8930973
298.8104651
299.3581496
299.2990824
299.6959303
299.2088164
298.9127009
298.3158735
298.7247174
299.6589131
301.0170299
301.0133833
300.7403042
299.6029441
299.7949733
299.0476186
299.6748939
298.5701053
297.6861279
297.738292
298.2485094
298.7836732
299.3091389
299.8378968
300.089021
298.6524692
299.226345
299.1679377
299.3742505
298.8077596
297.6237434
298.7549921
300.0444253
299.4518333
299.8712774
299.0575281
297.8596037
298.1024408
299.0072355
299.6280083
299.5979758
298.6732234
299.2526311
298.5023296
298.1094984
298.9476821
299.0400504
299.2565245
298.6620914
299.4169948
298.8556936
298.901163
298.2481337
299.8536497
299.052205
298.5399906
298.5950342
297.3644856
297.9810032
297.6447937
297.4107647
298.1537076
297.6519644
298.396725
297.2586055
297.3756904
297.4507401
298.6294215
298.9263909
298.7435363
299.1670892
298.6531262
299.3473585
299.290332
299.0697522
298.9376022
298.9152706
299.4335189
298.2434232
298.8529542
298.1149826
298.448767
298.3762324
298.3308717
298.3508196
298.2314179
298.7190631
298.6630594
299.3607712
299.7610333
299.4795094
299.8589373
299.8795803
298.7411153
298.9157699
299.4016814
300.0352571
300.3653267
300.5848928
299.4936983
300.3534018
299.3401632
298.750252
298.446185
298.8008405
298.6969295
298.4502488
298.6458663
300.7380874
300.7854995
299.9580559
298.9753337
299.5929157
301.0988769
301.4168995
301.1576637
300.4755399
300.3253751
301.7561777
301.2546135
300.5447762
300.8031139
300.5482623
299.7322413
299.5567655
299.9589558
299.7680321
299.3278813
300.0849617
299.3965935
298.9039674
299.7942458
301.0084494
300.8484006
300.0551519
299.4358008
299.1334842
299.0367381
299.1094121
300.4615939
300.9359019
299.3216117
299.7238548
299.3042511
299.4687559
300.325625
300.5416905
300.4482913
300.3034975
300.2002065
300.2203513
300.1710827
298.646352
298.2990352
298.4574044
298.7173507
298.4887474
298.2541622
297.5576771
297.4131157
297.4456397
298.8041324
298.833311
298.9287915
299.7960965
299.4096619
298.9664083
299.6398088
300.6954101
299.3580358
298.7654536
300.00529
300.3710766
300.4199516
300.8046713
299.7222623
300.1281322
299.2753185
300.2925319
300.0182357
299.9484531
299.0734902
298.8474898
298.1871063
299.6836133
299.1624573
300.1803476
301.1556272
301.0977546
301.8864591
301.2384913
301.2030455
301.2928152
300.7950106
300.9040345
300.5797209
300.3739337
300.2811874
299.9083157
300.4534619
300.9572767
300.8114661
302.0070565
300.7403446
300.8162912
300.2796223
300.5026712
300.7233085
299.3038178
299.883983
299.6062234
299.3091791
298.8882573
298.7639362
299.0275552
299.993536
301.1155869
300.9256527
301.4268879
302.1210755
301.2038714
300.7658109
299.706914
299.8446603
299.5747037
299.2130191
298.9207679
298.092648
298.4422169
298.5675307
299.3786086
298.6352478
299.2797896
299.6473849
299.2688381
299.1316147
298.6391845
299.1090021
299.2620017
299.2577325
298.4976448
299.5213314
299.000792
299.2476567
298.8995391
298.1307565
298.993619
298.5814685
300.8238277
300.9603242
300.4038421
300.0819367
300.0127796
298.7016293
298.7449706
298.2862353
299.3056032
299.0799994
299.0108736
299.6491219
300.0688139
300.5708864
300.0052419
300.3609141
299.343583
299.8549835
300.7493253
301.8542773
299.350333
299.9825251
300.0122222
299.7567827
299.0420961
298.9948855
299.2986262
299.222924
299.7226597
300.1826783
299.9913006
299.4918043
300.6054955
300.9676713
300.2228892
300.1418969
299.8553686
300.6110495
299.9583325
299.246408
301.5133336
301.3324073
301.4072596
301.0411927
300.7747335
300.6463466
300.3053743
298.9640399
299.9041514
299.9575555
299.7576138
300.3834335
300.9530094
300.3912136
300.8733111
301.1043579
300.4941682
299.1141062
300.487874
300.5868088
300.6274238
300.637137
299.9588504
300.2350234
299.615323
299.5456897
298.4804807
299.0210045
297.8507274
297.9030802
299.5414779
299.396319
299.2228959
298.2759181
298.1378041
299.2431521
299.461608
300.475832
300.8840442
300.0353541
300.9944485
299.8875463
299.1852344
299.0107056
298.64383
298.3416824
298.8566212
299.1284448
298.39028
298.5774959
299.3614951
299.9415769
299.9224019
298.9025919
298.8526986
299.2022056
298.6464896
299.916803
299.5579402
300.393768
297.7125785
298.6345846
299.4608308
299.5004645
299.196517
298.5648028
298.8809751
298.9502862
299.9253046
299.5478244
299.4273308
299.682894
298.8828061
298.7991705
298.8199379
298.134166
299.3027515
299.4503398
298.781029
298.5941814
299.7449236
299.8048515
299.7694124
298.7808807
298.5680524
298.7659124
298.8424492
298.761782
298.7481968
298.7589535
298.9749499
298.4871249
299.6740603
299.0995442
299.5220932
299.3708543
299.5318954
299.2832431
300.261889
298.9185509
298.1852594
298.1978442
298.7609303
297.755105
297.2845133
297.483377
297.1367823
297.6626755
298.0327947
298.2612242
299.4805336
299.525115
299.6196391
299.1739013
298.5162576
298.8420783
298.7604935
298.4884544
297.9499755
297.793683
297.9000586
297.6071382
297.4449432
298.1549108
297.7179772
297.9921721
298.3127751
297.3536146
298.0993586
298.595198
298.3360422
298.073724
297.4392746
298.8423676
298.7805525
298.3123389
298.3464953
298.4850772
299.1439766
298.8749777
300.576783
299.2970096
298.8618013
298.0791764
298.401017
298.0998493
297.8917879
297.8507193
297.8157796
298.3985951
297.6206568
297.7420633
298.4002094
298.3315006
298.8506706
298.8212812
299.1198861
299.9461281
300.6026916
300.995793
299.5517744
300.1549479
301.0663765
300.0947873
298.7459147
298.9602149
298.4701518
298.2776175
299.3564123
299.7538548
300.3403652
299.712513
300.0583745
299.9683909
299.5516405
300.4123543
300.2937352
300.1323878
299.4047257
299.5768493
299.4500353
298.9463405
298.2465546
298.3882559
298.2101312
299.4277703
299.2857462
299.8902302
298.8285621
298.572581
298.8256299
299.3614045
299.8306102
299.872109
299.1994393
298.8637896
298.7753789
298.9104247
299.806707
299.5903537
299.2323425
299.7028773
300.5594807
300.4875524
299.280126
298.9940692
299.0483303
299.4025398
299.6638092
300.1176846
299.8837806
299.5712656
299.2173474
299.0853616
298.9159999
299.2674127
299.1884785
300.5511478
299.6992227
299.0637292
298.568948
298.5489348
299.1724794
300.0422572
300.2470227
300.4962085
300.1195425
299.9819716
299.8610495
299.1017994
299.6710102
300.1468976
299.9519555
300.9360323
300.8591486
300.8290546
300.1615872
299.3024007
298.5967438
299.0870412
298.3577612
298.8687528
299.9122958
300.1949517
300.7580756
300.3585277
299.8834234
300.4826591
299.9955824
299.8079068
299.9185249
299.5155367
300.1775616
301.4477262
301.791753
301.2066721
299.3039005
299.3433319
299.7077246
299.0396897
299.4999934
298.689771
298.144701
298.7167667
298.4054368
299.5028271
300.2792993
299.6273357
299.9921398
300.2137093
300.2269361
299.8496667
299.3123635
298.7593832
299.1518578
299.0461313
299.2460168
299.6509599
299.1028306
298.5303125
299.8289825
300.1911958
299.6237535
298.4153165
298.2183791
299.0206556
298.9812175
298.8876386
297.9681711
297.5413572
297.961895
298.688958
298.9210719
299.4000128
298.4399117
299.1326295
299.8208167
299.4383254
300.632117
300.2126914
300.0018992
299.7970691
299.6901184
300.6503863
300.7776138
300.7233396
301.4049554
301.2066301
300.6190896
300.6166754
301.2100308
301.3811336
301.3468823
300.8962445
299.6161253
299.6898172
299.7407537
299.9963276
299.8998716
299.5006892
300.2554777
300.1651856
299.3003009
299.3442816
299.8918421
299.4986803
298.911304
299.6179233
299.4516158
300.9300885
300.5653304
299.2953997
299.7178003
300.3245958
301.5911176
301.4403615
300.8725475
300.1446705
300.4845706
300.8938174
299.9170012
300.1294404
300.1120724
300.123258
300.4894183
300.5223084
299.8527195
298.7015185
298.8581446
299.0986855
299.3665513
299.4657389
299.324931
298.7884411
298.539097
298.3816144
298.405951
299.0951378
300.2349033
299.8648745
298.6379067
299.1159427
299.3378916
298.5554817
298.108996
299.0220433
299.4285114
299.7299361
301.1929962
300.4527988
299.753349
299.140302
299.8110782
301.2049231
299.4280579
298.6411492
298.9508265
299.3623904
299.0904336
298.9420434
298.5204134
298.1065732
298.8613405
299.0452531
300.2561792
300.9337904
300.585903
300.8209751
299.7798324
300.0422676
298.7837844
299.6393582
299.709258
299.8737165
300.7054082
300.0613975
299.7918078
298.606406
298.5852788
298.6692342
297.8507173
298.4432291
298.3600631
299.0352122
299.9391048
300.3169461
300.3592189
299.96923
300.5238651
299.8062098
300.1441594
299.69489
299.4038881
300.2062681
299.2224836
299.9635943
299.4589382
298.9516243
298.2412808
298.6793934
298.3681047
298.2877303
298.7812081
298.4700654
298.4851021
298.6085696
299.1234132
298.8764545
299.2578621
299.89241
299.472256
299.4750463
298.7122406
297.6918083
298.1952922
297.7355711
298.6817359
298.3674427
298.7358322
298.2296511
298.9480314
299.6125399
298.5532923
299.1812888
300.2628131
299.0317241
298.5662106
299.5575999
298.4026036
298.5981514
298.3478884
298.7813761
297.9598536
297.6786643
297.9430379
298.6007064
297.4311366
296.9825459
297.0080595
297.8346788
298.7354297
298.6467477
298.8838069
298.5798081
298.7244441
298.9712528
299.6979706
299.3579018
299.1790461
299.052297
298.7269866
298.9269435
300.0806912
300.0205479
299.7729087
300.063093
300.2129532
299.445486
299.4721517
299.3614549
298.0479763
297.9785083
298.5804457
298.0642687
297.6781621
298.1652523
298.7977884
299.1544452
299.607849
300.1936214
300.4064716
299.912433
297.9782899
299.11137
298.3480648
298.2970338
298.2944907
298.9227974
298.5087212
298.4499581
297.2626217
297.2873681
298.0766169
298.8125892
298.7824359
299.0868971
298.6611898
298.6654067
298.463142
298.0267004
299.0913409
298.436648
298.6764528
298.7971221
300.0078839
299.1409653
297.8567965
296.4392139
296.7714993
296.8432169
298.7164513
298.6507283
298.9047282
298.4691701
298.6255343
298.7258771
298.9649324
299.3892798
299.2685173
298.3492195
298.1643574
298.3766384
299.2737774
299.1204409
299.0894341
299.2523731
299.2988493
299.0334137
298.9692618
298.8006843
299.2182025
300.460378
300.3146494
300.8266654
300.2517905
300.4813306
300.3640968
301.1672083
300.2868176
300.3364328
300.2225101
299.6827417
299.1543047
298.590237
298.8017229
299.3289904
299.2616528
298.924172
299.3035418
299.4080399
300.7054969
299.2535769
299.008418
298.9880699
298.580213
299.3373871
299.0368294
299.801235
300.1226588
301.1722989
301.4435414
301.8216008
300.4401096
299.84934
299.3088036
299.1139281
298.5716132
299.8352501
300.4919599
300.338905
300.1822884
299.7932693
298.86617
299.4583535
299.8793107
299.0944355
299.5717273
299.188389
299.6037719
299.7669235
300.0761977
299.0869714
299.2409481
298.6194207
298.4183895
299.0126974
300.4887654
301.3002694
301.4522441
300.3309572
299.9543548
299.9931042
300.3458806
300.320806
299.4960394
299.4686016
299.4469601
299.3793293
298.7498829
298.1746699
298.0581037
297.5314525
298.2705365
299.130243
300.8621623
300.138974
300.0323811
300.3591243
299.7262933
299.4707818
298.6678778
298.0997099
298.4886088
298.3722913
298.3121968
298.9156478
299.3958005
299.8248898
300.7523101
300.7894039
300.0669152
300.2440057
299.5350019
298.5887083
298.6469284
299.186368
299.6434169
299.2717913
298.4018301
297.993212
298.9647574
299.9058332
299.8818969
300.4451174
300.2535318
300.1004249
300.0136506
300.1832318
300.6964952
300.0839494
300.619719
300.6964894
301.0886206
300.4090189
300.3426617
300.8931902
301.3371112
301.128726
299.8811895
299.0004118
299.0610106
298.5837332
298.4105621
298.9418752
298.8967567
298.4190603
299.1407479
299.3566161
298.715444
299.2706808
299.5432336
298.8382732
298.5853233
299.5062259
300.1261993
299.472928
299.2009967
299.9376585
299.9809273
299.8493117
299.6922934
298.8284945
298.8261485
298.2121238
299.142058
299.3711453
298.9890803
299.4695251
299.9344098
299.9190059
300.1854102
300.1969543
300.0830637
299.2204481
298.6537599
298.9209878
298.4059387
298.9453905
299.3482354
300.1959514
299.4816582
299.3016327
298.8902228
299.6562334
299.0001543
299.0266334
298.5482473
299.4875265
298.6587731
298.2235212
298.3046952
299.1431598
298.546391
298.6419061
299.2574945
299.6552726
300.8417919
301.2758248
300.2654854
299.8354301
299.6667842
300.1729922
300.4586777
299.3228449
298.7719083
298.5842092
298.9758972
298.6281388
298.5424705
299.0350831
299.4811554
299.4134333
299.4909824
299.7421343
299.1048553
298.9197711
299.2952029
299.8008434
299.1659397
299.665424
299.423323
298.5620595
298.7596535
298.6050534
299.1923854
299.594761
298.7004225
299.0918014
298.3478705
298.1297618
297.9756722
298.0339369
297.8905545
299.0279728
298.6137588
298.2141015
297.8813707
298.4824963
297.8931994
298.6430632
298.9938485
299.3397285
298.9388163
298.4814921
298.6072802
299.4830823
299.3295405
299.8351537
299.6677645
298.7303692
298.4607413
298.7928606
299.118909
298.2909283
299.7534505
299.930533
299.9978094
299.6167699
299.8778958
299.0168805
298.6001678
298.4326421
298.6459171
299.2125059
299.6457744
299.0970165
298.9665911
298.0361592
298.1306747
298.9136471
299.4676523
299.1754808
298.3223887
298.5157519
298.7151124
298.0344095
298.136661
298.3148983
298.136672
298.6709144
299.20418
299.1576035
299.3315697
298.9117356
299.2320067
298.6183569
297.7672933
298.1069976
297.7368431
297.2614105
298.2391016
298.6153844
299.2953101
298.6947573
298.8088143
299.4776436
299.7963207
298.843666
299.2949709
299.4683589
298.8481373
298.6458401
299.1131903
299.0859454
298.4683139
299.3541841
298.9361334
298.9501872
299.2228107
299.3975165
298.4417844
299.5314331
298.8769859
298.462599
298.8415252
299.4557186
300.1006668
299.1467697
299.0499274
299.2473814
301.1295389
300.5202892
299.700838
300.4613526
299.7411488
299.6679905
299.2028079
299.5114683
299.7325012
299.1254383
299.4766676
299.8025471
299.5300751
300.4340904
299.958247
300.5181844
300.8312539
301.6453281
301.7336835
301.9088661
298.5013745
298.9168721
299.1529828
298.6339685
299.1890843
300.2286604
300.127119
299.8478406
300.1609963
300.0524757
299.7723622
299.3542198
300.012836
299.8197555
300.5951125
299.930741
300.072067
299.7800889
298.4082557
298.2504105
299.9635284
300.1334769
299.4507577
299.6105682
300.5892653
300.3239974
300.0329326
299.5438441
300.3209504
300.0723994
300.4268214
299.8056938
300.5488358
300.0307947
299.3334814
299.9766091
299.9732157
299.5861874
299.9197635
300.0673416
300.5191982
300.2686269
301.6240661
300.4316582
300.8624515
300.152649
300.4918635
301.1373638
300.5693725
299.82083
299.32245
300.0790402
300.2080561
299.9646535
299.8497013
300.8850395
300.5913331
299.9326042
299.4884827
300.5737431
298.6326146
298.5832811
298.7545864
299.2643219
299.2271715
299.8991529
299.5545039
299.1965922
298.531086
298.3792659
298.4546116
298.2197134
298.1193323
299.117563
298.8438832
298.0979441
297.3980899
297.6994792
297.0111594
298.1017378
299.667253
298.6099637
298.6051799
298.4022957
299.73251
299.7877867
298.7544591
298.4027413
298.1531691
299.5706247
300.21357
300.1950664
298.7292946
299.6021304
299.5813461
299.742091
300.1742972
300.3056545
300.7099754
300.6270824
300.7748033
301.2686601
300.9901883
299.9051258
300.1469249
299.7550082
299.9298391
300.3855824
300.1416551
299.5221349
299.2348777
298.7072689
298.8415732
299.5125022
300.2598718
300.7438155
299.9354974
300.4224933
299.6766455
300.7847047
299.5235003
299.5214103
299.2433738
299.7974118
299.3901634
298.5702663
298.83524
298.4782168
298.325488
298.5960948
297.9021002
299.1010854
299.1098612
299.0184173
299.9627434
300.2976593
300.5279744
299.2377041
299.0120129
298.5854964
299.0202312
299.050037
299.2707167
299.2994422
299.5467258
300.1122987
299.6702477
300.374665
299.2037083
299.7104066
300.1712283
299.4792748
299.4062488
299.3124028
299.3734487
299.8772442
299.7329779
298.851691
299.1400782
298.7509875
299.8555075
299.5407526
299.4228363
299.2865285
299.9503664
299.5891643
300.0016104
299.6956154
299.92859
299.6620581
299.4060055
298.887351
299.1799827
299.1982842
299.8681796
300.3858127
299.4537874
299.8682476
300.5913434
300.859351
300.4193541
300.6187974
300.2813588
300.8064004
300.3239236
299.6906593
299.5487601
300.3427476
300.3631804
300.7624994
300.4853041
299.7891735
299.3376842
299.7015478
300.2971827
300.351038
300.2272659
299.7816683
299.9152809
300.5560465
300.1718237
299.0910199
299.0588038
299.560116
299.9909261
300.2272569
301.0093164
299.5993902
298.8073613
298.5703247
299.9914996
300.3686214
300.395165
299.9474824
298.3478771
297.449973
297.774562
298.1785331
298.5559424
299.8453451
298.3185364
298.3892574
299.6474252
299.3485787
299.9192647
300.0083706
299.822838
299.7196797
300.1090991
300.2980262
299.6433439
298.6732395
300.0390834
300.4871357
300.8057491
299.7530645
299.2457496
299.22792
299.2232884
299.4628351
299.9246748
299.8143334
299.3649531
298.8619568
298.5198837
298.7278688
299.2095688
299.1818723
298.6039286
297.9015445
298.8425779
298.6179984
298.978793
300.0814026
300.6959599
301.6752364
301.3634024
302.2619534
300.5815295
299.86782
299.3816716
299.6588793
298.5614637
299.1858092
299.5312335
300.2734803
300.1768633
299.6012513
300.4429899
300.4983817
300.1790882
300.3630966
300.268907
299.3788865
298.6109338
298.7752332
298.9107683
299.5708032
299.2983562
298.4427721
300.2202209
299.5458062
299.1888543
298.7154044
298.9964771
297.4241283
297.5265732
297.6495825
297.7596376
297.7740192
299.3383952
298.6449863
299.9421806
300.0261082
299.9427895
298.3055432
298.4716355
298.649753
299.7374683
298.734438
298.7595708
298.1279934
298.2845634
298.9869202
299.1847256
298.9989211
299.1957113
300.0445979
299.851594
300.520423
300.1903783
299.7733015
299.7706588
298.9118758
298.034197
299.2169702
299.716488
299.903897
299.8664826
299.5814582
299.9803688
299.8070432
299.4701261
298.2755667
297.9455977
298.9293979
299.2167014
299.1214311
299.9829997
299.8252303
299.7599504
300.6693571
299.7548139
299.9343404
300.6947443
300.6625207
299.9630433
299.9206823
298.8227689
299.2910186
300.4902007
299.9548401
299.8393568
298.918426
299.0723183
298.8004922
300.4301442
300.5055685
299.5917721
300.3441755
299.8088078
299.6568736
299.21424
299.1922344
299.2558421
298.2874967
297.7997043
298.8592614
299.6058745
299.7914515
299.1839208
299.8568186
300.1805037
299.596173
300.2564717
300.3715267
299.3562662
298.1236504
299.4433143
300.1662099
300.0312556
298.7551083
298.1826713
297.8494112
298.2398178
298.05481
298.7486377
297.9729814
298.186368
298.5553158
297.711716
298.6592082
298.4985141
299.1340905
299.0873503
299.0441425
299.5644003
300.3610317
299.5368341
298.7548847
298.5519462
298.7753164
298.4642112
298.1942931
297.3373826
297.0383301
298.5989532
297.4105151
298.428325
297.7737597
300.3445745
299.1213571
299.2644242
299.6042407
299.7695012
299.0451588
299.4556794
299.7244632
299.5667428
298.4799889
298.3994021
298.0151733
299.0008044
298.6182597
298.6285076
297.2538968
297.8104325
297.8232525
298.7730029
299.8495025
299.8021426
301.2259419
301.4871587
299.9872081
299.333801
298.4614917
298.0933305
297.8027852
298.0313347
297.8500432
298.3100822
299.2493837
299.2228826
299.356772
298.8918922
298.2837917
298.4253941
298.6936413
299.7081463
298.9257219
297.6848167
298.0874298
297.6390129
298.6583946
299.1386578
299.9022485
299.7455954
299.4394174
298.9500486
299.6373033
300.746942
299.9377428
298.8334233
299.1004456
299.0813222
298.1144765
298.4885849
298.817377
299.1352194
298.880354
299.4959835
299.5886804
299.6790539
299.0699976
297.8975741
298.7122035
297.6481783
298.4874048
299.2171643
299.1311919
298.9766338
300.1194873
299.588011
299.5738149
299.7428552
299.687718
299.3239199
298.9712411
298.5285278
298.0628413
299.4415807
299.4128818
298.9142314
299.2999351
299.2606315
298.613578
298.9529111
299.4344965
299.4277714
298.5807219
298.6373956
298.3534508
298.6881178
299.3111983
298.3447073
299.0909635
299.6827363
299.6949017
299.8876743
299.8087272
298.4813413
298.9272424
299.4855275
298.7022072
299.121962
298.6202738
298.7730133
299.3728092
299.4404318
299.6327597
299.6161332
299.143548
299.1143486
299.0777064
298.9162574
298.2440437
298.848375
299.421139
299.8272877
299.2108508
299.0363808
299.441851
299.5361143
298.7105947
298.6694702
299.4033771
299.9466393
299.5792426
300.3028697
299.7357915
298.6731421
299.1714197
298.5745731
298.6958219
298.8297323
299.6117023
299.9274116
298.5349069
298.4144957
298.5272598
299.2846379
299.0791911
298.9550509
298.8132148
298.6539884
298.7744038
298.3470704
298.5408365
299.3293055
299.4981197
298.9508736
299.2789563
299.0279337
299.3983046
299.2326468
299.4747009
299.57884
299.9034181
298.7320053
298.5850911
298.6291873
299.0740983
298.2961963
299.1378114
298.3820611
297.5529757
297.338488
297.59872
298.4058208
299.0326827
300.2210858
300.2966662
300.4113812
299.2120782
299.3077786
299.9219762
299.6272716
299.6155137
300.0129879
299.0076169
300.8787498
300.5141389
299.9118255
300.0470198
299.0462176
299.3201266
298.8628962
299.4114529
298.9038298
298.3371804
298.9992975
300.7885487
300.0052243
299.7325061
300.1803244
300.5866278
300.4044391
299.381026
299.9929562
300.6522244
300.0956246
299.7762398
300.0683007
299.8313649
299.4790966
299.1991691
299.3615854
299.2964369
299.6827917
300.0268393
299.4077294
298.5464955
298.2064737
299.6174387
299.9252951
298.6276162
297.7865848
298.4032935
298.9237571
299.9183755
298.7800458
298.2726242
298.7623288
298.5902588
299.3813369
299.4016305
300.0123106
301.6605812
300.2687659
299.3265661
299.632041
300.0945775
300.152922
299.179408
300.2726507
300.1647281
300.7578748
299.4127776
299.4964139
299.6277083
298.2590517
299.0909193
299.1589018
300.5998953
300.4263619
299.631158
299.3711804
298.2829854
298.3720637
299.3875544
298.250606
298.1850613
299.292558
299.929345
298.9166474
298.6539419
299.3292978
298.7021984
298.4858767
298.0388125
298.3516526
298.4860347
298.2898142
298.4086652
297.9827134
298.6157391
298.2559093
298.5529283
298.7005873
298.0911361
298.4130957
298.5842384
299.9531132
298.1710825
298.2411219
298.669124
298.3260286
298.7805537
298.4728056
298.959807
296.9780222
296.9288405
298.8036316
299.3043131
298.7947726
298.3312009
298.2148646
298.4217555
298.2421927
298.4795394
298.6835918
298.8741317
298.9407078
298.9339807
298.981922
299.2377228
299.2193282
299.0337039
298.0952792
298.0483841
298.9348221
299.3195981
299.2805959
299.9162244
299.5214337
299.5634405
299.3322366
299.8678595
299.8157101
300.7411464
300.1581566
300.1914665
299.2812201
297.8519434
298.5013449
298.5891274
298.1571166
298.9373022
299.4449667
299.5942452
298.0519097
299.2453087
299.9901696
299.2262052
299.7881608
299.7730041
299.5698283
299.5455956
299.8508379
299.690284
298.9324788
299.0614644
298.9697031
299.7840475
299.5580286
299.5852551
299.2273699
299.7805309
298.8824243
298.5103034
299.3421615
298.2389978
298.3202178
298.2872689
299.1249863
297.9159905
298.8879385
299.3936839
298.6089112
299.5334306
298.8666215
298.6366194
298.8961391
299.1374597
299.4689034
300.2116333
299.6565541
298.6026789
298.5309349
298.9107671
298.0700966
298.47827
297.9577235
297.6581447
297.8674529
297.2893931
297.2267405
297.9723337
297.8337072
298.9211222
299.4026612
299.4672474
299.5174213
299.5390352
299.1250736
299.3710493
299.0972959
299.3476418
299.2692513
298.4314179
297.7846334
298.1232009
298.6193025
299.6829236
299.3641076
300.1919339
299.5651756
298.7211609
298.5427604
298.6460575
298.4752325
298.2545068
299.1348625
299.2705551
299.7167247
299.4077927
298.9120991
298.6083477
298.8725596
298.5222085
298.2790347
297.9894175
298.5395277
298.3539038
298.8703754
299.0721711
299.850161
300.9838304
301.2555034
301.37391
301.0894401
301.3317562
300.0702551
300.1827891
300.6633456
300.523499
300.3598669
300.5083101
299.929395
299.6984551
300.4446521
300.5754444
300.0945507
300.2015671
299.726499
300.1011344
299.7382778
299.4248188
297.9368392
297.5555347
298.3740421
298.8544369
299.2099136
300.0589722
299.921549
299.2355527
299.3662531
299.5636851
299.7288046
299.5909304
298.7916035
299.4047539
300.6744665
300.2325658
300.3163919
299.5586961
298.8297155
298.6038596
298.5602289
299.4838241
299.495606
299.5226176
299.0344941
298.4998593
299.1164528
299.2624694
297.9926745
298.118497
298.8086496
298.3257624
298.6734077
299.1208692
298.6650865
299.5771603
299.9892361
299.758413
299.6321129
299.6710418
299.7783958
299.4749918
299.7203803
299.6451089
299.8609198
298.5760939
298.4826157
298.6332521
299.1352098
299.2122683
299.1034442
299.2200042
299.4216879
298.3299382
298.0494741
297.3656692
297.9902658
298.5474522
299.1180445
298.5892788
298.7747462
299.0034766
299.0015315
298.8854013
299.0639525
300.5969774
299.675246
299.1746754
299.0561711
299.4725175
299.1781099
299.4314603
298.7858649
298.9588513
298.9168736
299.1100074
298.2525569
298.1666817
297.741881
297.7738409
297.7679567
298.4212185
297.9920402
297.1931545
297.6518507
297.7271622
298.3908904
298.0778257
298.9005011
298.9637838
299.2157655
298.9132351
297.7468939
297.9347703
298.9493661
298.8647655
298.8448587
298.9879892
298.8360062
297.9987316
297.8928434
298.0200689
299.2719245
299.0942688
298.8044172
298.1673869
297.1485519
297.6965567
297.3214549
297.4147841
297.6107845
297.3965477
298.7319492
299.3151324
299.7302026
300.3375365
298.4713716
298.9636396
298.2138842
298.78168
299.4999656
300.4772609
300.0047841
299.6485629
299.1597062
298.8636789
298.8276937
299.3698499
299.4287395
298.2648655
298.5956111
298.4608432
298.3490906
298.1869645
297.7639981
298.2400824
299.3552577
300.0227627
300.2781898
298.9631449
297.8110393
297.3134246
297.4360926
297.9253019
298.0851386
298.8108521
298.3352551
299.0215598
299.2915733
299.0333258
298.8062248
299.0895522
301.4016784
300.851508
299.5099347
298.8690605
298.977254
298.6101678
297.8599886
298.5302956
298.8551333
298.360192
298.4298283
298.3676669
298.4072603
298.5976918
299.5527769
300.3364257
299.8751667
299.5291167
300.5942084
300.5566961
299.4493965
299.2017957
300.3716578
300.2973744
300.3355936
300.2461381
299.2724122
298.5159912
297.8959506
298.2805652
298.4129525
297.9966662
297.9352166
298.3719742
297.8814642
298.8573923
297.998788
298.3404085
298.1712552
299.2344729
298.4128983
298.8636826
297.4676226
299.2109103
298.9986543
299.0046066
299.4262576
298.0185146
298.850899
298.5864389
298.4354123
298.6868939
298.6504155
298.5174867
299.3504993
298.4960243
297.3518255
296.655434
296.5188861
297.483083
297.7249968
298.1405829
298.7278881
299.6729552
298.0899487
297.6783486
298.7297399
298.2605219
297.3149852
298.5105456
298.9544958
299.5011998
299.6437873
299.6012013
298.9858026
300.1778713
300.3740092
300.361207
299.0709363
298.6872336
300.2436992
299.5070878
298.535006
298.4336003
299.7714806
300.9612843
300.2249489
300.209486
301.1476229
299.498034
299.948489
299.4128769
299.7692136
299.2595028
299.6869383
298.9527947
299.6553795
299.7561437
299.5491345
299.5811985
300.8953395
300.4685307
300.4050765
300.4866586
299.1813011
298.6341818
299.8871913
299.3878605
299.2516764
299.2781011
298.994069
299.4870318
299.2798431
299.3216777
299.3267587
298.6708273
299.3819983
299.6782473
299.4883835
301.2585126
298.9893467
298.6511647
298.6329309
299.4307385
300.4949715
299.7796227
299.713726
298.714596
298.3623831
298.9240897
299.4667401
299.3167707
299.7091831
300.1281907
300.8772399
300.2974439
300.1727666
299.5105617
298.1141772
298.5506892
298.777563
299.4497017
298.7566988
299.0772435
299.412196
297.7964389
298.4095315
298.6423669
299.0874269
300.3064023
301.3277916
302.1951769
300.6305329
299.8198109
299.2441192
299.3942367
299.8269446
298.5210021
299.099277
298.6798708
301.6934972
300.9314683
300.3528603
299.4744485
298.90762
299.5771088
298.757937
298.9065803
299.5692472
298.6990177
297.743563
298.4245253
298.8221872
298.8050594
299.1939735
299.2834486
299.9158602
300.0323149
300.0185549
300.8437153
298.3675102
298.7173395
299.2892233
299.3573828
299.3809532
299.8164583
300.074883
300.0397886
299.7787819
299.5923072
299.5830674
300.3116659
300.2224414
300.2011858
300.1652858
300.0698285
299.7633876
299.9139644
299.1658612
299.183153
299.7037861
299.0179605
299.3962067
299.4689102
299.9664816
299.2191606
298.6467853
298.3178817
298.1534696
298.1816182
297.6594596
298.5091544
298.1393498
298.4073128
297.568615
298.1666141
297.9749159
298.3618979
298.8375484
299.5223724
298.1009768
298.1501746
297.9608973
297.9979275
297.6273546
297.7601262
298.1094866
298.8747872
299.0143261
299.3825817
298.2050012
298.3251727
298.0378513
298.0426453
298.3608815
298.7495192
299.4131079
299.5641988
299.0564498
298.6519633
298.0458502
298.6352363
298.5483351
298.0590657
298.2844087
298.4083418
299.5336634
299.6204945
299.6424179
299.010886
298.6426085
298.6698608
298.4781994
298.3435464
297.5335818
297.9940976
298.2148879
298.0096329
297.757612
297.6930891
299.2877368
299.5094671
298.161236
298.0506876
297.5274298
297.6387705
298.298893
298.2446284
298.4630511
298.073471
297.9755266
297.901985
297.6757749
297.2068807
297.7704529
297.265562
298.1550907
299.2712993
298.6870298
298.5875655
300.4543984
299.5300614
299.7287888
299.4250968
298.9464908
298.5509909
299.0155236
298.6942531
298.0994323
298.3038781
299.5268151
298.8424023
299.2289898
298.5179934
298.9048036
298.3275166
298.5840222
298.4317642
298.8719025
300.1084958
297.7865586
298.068183
298.8114497
298.7325953
299.4781304
298.4070966
298.7028094
299.7108116
299.0253119
298.2978813
299.017065
298.8631318
299.5463813
300.1524539
299.3991375
298.4605028
298.7068557
300.2810103
298.6534359
297.5950429
298.0735443
297.5256503
297.6101236
297.8343976
297.50988
297.3749345
297.8673239
298.1217518
298.5450586
298.4796165
297.8259041
298.4678928
297.4799958
296.9396755
297.1699393
298.6811825
298.8822528
298.6183555
298.9364322
298.0339309
299.0283842
299.8884541
298.0930837
297.1062582
298.7288205
298.1187693
298.658458
299.151839
299.2523372
299.1548619
299.7421404
298.7460463
298.8410754
299.335341
298.422282
297.5499254
298.51079
299.495244
299.2423607
299.4450498
299.2857264
298.8965496
299.8464096
299.258456
297.7697405
298.6162152
297.9212867
299.163051
299.4677547
299.7273276
299.3864793
299.1109235
299.3103981
299.1768925
298.6246934
298.0724107
298.4611602
299.0348855
299.420456
299.6835599
298.4164435
298.9813544
300.2046221
299.6940809
300.0122931
300.5663603
301.1009064
301.3152682
300.1652521
299.4661298
299.1151398
298.6521414
298.9803678
298.4795179
299.4476234
297.8411591
296.8696153
298.4042738
299.4794545
298.8196261
301.2299181
299.7890065
299.4198973
300.088081
299.2151237
299.081905
298.8393833
299.030755
299.0005738
299.5408647
299.7163863
298.4624713
297.8666112
298.1145073
298.3385135
298.7116513
298.8503602
299.6916169
300.349984
301.3218008
297.3883588
297.7870722
298.9568569
298.5580941
299.4630057
299.3099239
299.0125938
298.7777451
299.0413874
298.2386111
297.9488413
298.2079253
299.606629
300.4101471
300.0553762
299.7149638
299.5966636
299.3632902
299.6985633
298.1003952
)
;

boundaryField
{
    xPeriodic_half0
    {
        type            cyclic;
    }
    xPeriodic_half1
    {
        type            cyclic;
    }
    yPeriodic_half0
    {
        type            cyclic;
    }
    yPeriodic_half1
    {
        type            cyclic;
    }
    zPeriodic_half0
    {
        type            cyclic;
    }
    zPeriodic_half1
    {
        type            cyclic;
    }
}


// ************************************************************************* //
