/*--------------------------------*- C++ -*----------------------------------*\
| =========                 |                                                 |
| \\      /  F ield         | OpenFOAM: The Open Source CFD Toolbox           |
|  \\    /   O peration     | Version:  v1706                                 |
|   \\  /    A nd           | Web:      www.OpenFOAM.com                      |
|    \\/     M anipulation  |                                                 |
\*---------------------------------------------------------------------------*/
FoamFile
{
    version     2.0;
    format      ascii;
    class       volScalarField;
    location    "0.01";
    object      p_N2;
}
// * * * * * * * * * * * * * * * * * * * * * * * * * * * * * * * * * * * * * //

dimensions      [1 -1 -2 0 0 0 0];


internalField   nonuniform List<scalar> 
5120
(
0.3234956057
0.3235348588
0.3235348777
0.3217765277
0.3222586626
0.321703455
0.3246178243
0.324783124
0.3256066106
0.3216380896
0.3225536281
0.3224354075
0.321442455
0.3193580479
0.3173557804
0.3168150899
0.3192648094
0.3216792898
0.3207040818
0.321183066
0.3194379968
0.3210827553
0.3235956952
0.3216497632
0.319182874
0.3208372025
0.3205186754
0.3189469929
0.3179218873
0.319478137
0.3193664959
0.3219546036
0.3221344829
0.3248451
0.3214223495
0.317840353
0.3153085261
0.3141392861
0.3150428032
0.3180634265
0.3196883757
0.3202024377
0.3211270493
0.317581468
0.3188214424
0.3212242522
0.3248677056
0.322636774
0.3204957345
0.3184124204
0.315321183
0.3163099352
0.3167284872
0.3188794891
0.319484164
0.3207254491
0.3213086411
0.3211737957
0.3218754931
0.3201526724
0.3228327138
0.319407852
0.3208245575
0.3214895311
0.3214346912
0.3199028101
0.3204830695
0.3203525356
0.3211141173
0.3208642316
0.3213808553
0.3180754712
0.3198992542
0.3179145171
0.3188013088
0.3195034646
0.3198949114
0.3190911173
0.3192161159
0.3218047785
0.323292408
0.3229911759
0.3217419395
0.318749319
0.3187584753
0.3198051347
0.3211552901
0.3204975714
0.3233440326
0.3248727226
0.3216323301
0.3195313323
0.3178108958
0.320641802
0.321805099
0.3199753029
0.3149866297
0.3157670575
0.3177792435
0.3212552486
0.321217347
0.3221386418
0.3231166381
0.322722977
0.3216153523
0.3207777956
0.3196891424
0.3210922325
0.3183757899
0.318694733
0.3203152288
0.3214304716
0.319323452
0.3132920597
0.31249092
0.3147578714
0.3156866847
0.3176416227
0.3176761511
0.3167997768
0.3212345304
0.3197390309
0.3185864858
0.3178661276
0.3201125511
0.3206338053
0.3179938376
0.3193932016
0.317052725
0.3165549223
0.3149168545
0.3164731701
0.3182045543
0.3195102202
0.3188343528
0.3172385366
0.3170391866
0.3197231633
0.3184698606
0.320392833
0.3213951562
0.3208551576
0.3209495254
0.3194054038
0.3225475535
0.322142783
0.3213045306
0.3212741911
0.3208218969
0.3188967031
0.3191209512
0.3202466217
0.3207224697
0.3194406552
0.3224185477
0.3230892101
0.3222694266
0.3194058977
0.319976603
0.3222951789
0.3208336637
0.3218053039
0.3224721244
0.320696029
0.3209309332
0.3217357943
0.3203589147
0.3203329848
0.3233415782
0.3239402653
0.3228415607
0.3213101251
0.3183344588
0.3211185592
0.321189222
0.3243567573
0.3237386503
0.3211047106
0.3203901958
0.3218835836
0.3187155828
0.3187626853
0.3193028335
0.3183052194
0.3216162327
0.323408661
0.3244189543
0.3219428537
0.3206369346
0.3227648441
0.3216161513
0.3217395073
0.323176892
0.3215638362
0.3204838342
0.3219467551
0.322781441
0.321995856
0.32222745
0.3206334791
0.3216236434
0.3213163818
0.3189224056
0.3187909614
0.3193928986
0.3198972703
0.3194301507
0.3208726739
0.3221853214
0.3193015537
0.3181402599
0.3201416471
0.3192235738
0.3214062077
0.3199077311
0.3230851236
0.3242647546
0.3230766487
0.3235457379
0.3234940188
0.3202430542
0.322064621
0.3219777931
0.3222050167
0.3199277859
0.3185202646
0.3179892785
0.3169504331
0.3187406642
0.3209884364
0.3188667677
0.320442156
0.3189165118
0.3191593928
0.3204504816
0.319003222
0.3192361468
0.3195922092
0.3202639476
0.3216122968
0.3186984507
0.3202980285
0.3199881475
0.318415426
0.3169566748
0.3182043063
0.3213358892
0.3242014509
0.3240366377
0.321361818
0.3208740829
0.3202276233
0.3196165245
0.3213132526
0.3216085923
0.3211492099
0.3202018886
0.3198073299
0.3188026144
0.3171874084
0.3207023587
0.3203696449
0.3208996309
0.3180812369
0.3167217597
0.3137012465
0.3164926414
0.3173634985
0.3184977707
0.3197687365
0.3185648362
0.3188767189
0.3205245273
0.3191013737
0.3203542002
0.3212085479
0.3224155996
0.3207305004
0.3193949419
0.3206302664
0.3209243716
0.3211498485
0.3199332226
0.31869102
0.3201886149
0.3229260241
0.3201691295
0.3178486208
0.3197818141
0.3203164044
0.3201856236
0.3226946176
0.3219810475
0.3191129077
0.3218725001
0.3249551888
0.3246546765
0.3208423461
0.3212505442
0.3205916572
0.3181123149
0.3215458613
0.3235278539
0.3212547906
0.3223371362
0.3213143409
0.3233075205
0.3256014281
0.3229362143
0.3231956448
0.3237966524
0.3236126044
0.3224663697
0.3224650618
0.3211515649
0.319051901
0.3167100828
0.3201883103
0.3192845603
0.3196447357
0.3219393658
0.3186126859
0.3177025104
0.3211297834
0.3200847424
0.3193447042
0.3203796938
0.3231367054
0.3243438743
0.3221999284
0.3208189674
0.318233106
0.3170268913
0.3157790948
0.3196843885
0.3226410922
0.321908271
0.3209318829
0.3203258039
0.3214341791
0.3167149594
0.3181804679
0.3187594203
0.3178890758
0.319261861
0.3179706311
0.3161684149
0.3178314608
0.3197671585
0.3211353826
0.3212389615
0.3224610228
0.3219564148
0.3219584006
0.3216039599
0.3222568439
0.3188775604
0.3198989323
0.3187701531
0.3156035666
0.3193294351
0.3165569758
0.3188072973
0.3219535062
0.3197422523
0.3173495747
0.3178002343
0.3206190194
0.3200110458
0.3196118268
0.3207701593
0.3206888852
0.3229918554
0.3227209445
0.3200312184
0.3187044908
0.3209568161
0.3190976691
0.3202275292
0.3211700749
0.3181858269
0.318840513
0.3188903254
0.3191168622
0.3226037808
0.3237995529
0.3217305549
0.3222690007
0.3199453808
0.3193558462
0.3199729715
0.3217388415
0.3219147573
0.3230397203
0.3226726676
0.3199221002
0.3223819359
0.3222881686
0.3206346092
0.316785377
0.3201107939
0.3202880247
0.3218302456
0.3218089315
0.3192412302
0.3183295934
0.3196640174
0.3189664495
0.3202872246
0.3195867678
0.3217589605
0.3228724966
0.3224767112
0.3221745591
0.3217523533
0.3208219571
0.3203335416
0.3220287181
0.3217193212
0.3213334762
0.3192055877
0.3217504901
0.3230761142
0.3237929818
0.3237597023
0.3244683273
0.3216600688
0.3209399622
0.3186325016
0.3208217264
0.3228829185
0.3230131935
0.323097208
0.3240474614
0.3251037063
0.3243130191
0.3245292
0.3222233449
0.3211511828
0.321565681
0.3194287287
0.3210368626
0.3193360468
0.3195659541
0.3195173333
0.3202746881
0.3208423393
0.3207407019
0.3219452687
0.3212373432
0.3208767907
0.3193138848
0.3211747853
0.3212822557
0.3239065524
0.3241688255
0.3231949687
0.3219488225
0.3211377749
0.3188238601
0.3199774647
0.3174213381
0.3172016817
0.3210492306
0.3205317815
0.3230651356
0.3221980892
0.3233025101
0.3238990883
0.322645493
0.3210636192
0.3206422438
0.3189800924
0.3204228435
0.3195130236
0.3191745306
0.3206653989
0.3221031558
0.3208261788
0.3202208915
0.3209283976
0.3233529393
0.3232717133
0.3224666052
0.3235616933
0.3202750712
0.3215791113
0.3200341918
0.3187379409
0.317535134
0.3184068307
0.3191190822
0.3207275421
0.3223852565
0.3223179199
0.3196647694
0.3213428816
0.3230947389
0.3209174093
0.3205838335
0.320422606
0.3189533814
0.3204120503
0.3208070677
0.3202870363
0.3202694401
0.3197028125
0.3198132412
0.3210715836
0.3213247504
0.3232490428
0.3189494203
0.3189096436
0.3177424528
0.3166071723
0.3182778016
0.3162549326
0.3176121716
0.3210828527
0.318995322
0.3221091735
0.3232572564
0.322352559
0.3203351644
0.3203125698
0.3225683648
0.3215572728
0.3219535828
0.3215153243
0.3232299189
0.3233851729
0.3217379497
0.3199064746
0.3218552049
0.3214867336
0.3211796519
0.3204355783
0.3228378243
0.3225650309
0.3210635557
0.3201389132
0.3214406978
0.3216275874
0.3195250683
0.3183705775
0.3182232312
0.3176665769
0.3177708458
0.3211984975
0.3194438775
0.3200788249
0.3207076072
0.3211251131
0.3182368188
0.3171468734
0.3194317354
0.3197283624
0.3178788674
0.3182568083
0.3214673597
0.3175643329
0.3157832769
0.3180531443
0.3207739581
0.3219485226
0.3232346127
0.32186873
0.318717981
0.3158828824
0.318510298
0.3187677257
0.3195416855
0.320147865
0.319571038
0.3171908436
0.3161530995
0.3190711518
0.3214743348
0.3205281623
0.3182973397
0.3196639815
0.3183924249
0.3177649136
0.3191092545
0.3204932769
0.3241790147
0.3208877363
0.3216149061
0.3233637722
0.3231171615
0.3233888975
0.3204841415
0.3164484079
0.315839091
0.3179266746
0.3190519167
0.3171689786
0.3184410594
0.3198589683
0.3208848931
0.3229586191
0.3208306778
0.3187697672
0.3190837826
0.3215530504
0.3204531887
0.3196000982
0.3204532151
0.3189583361
0.318674998
0.3218322139
0.3212704973
0.3219294088
0.3228183516
0.3214917522
0.3218045395
0.3226142881
0.3252041373
0.3216259423
0.3220354886
0.3209447055
0.3208854154
0.321778344
0.3230449774
0.3229403429
0.3216257932
0.3216142728
0.3223205701
0.3217379477
0.3205549806
0.3163336612
0.3182046683
0.3194210452
0.3208883553
0.3200893056
0.3183085594
0.3208414242
0.319955793
0.3224383986
0.3209575517
0.3185999081
0.3183252564
0.3177610303
0.3173276034
0.3185964205
0.3212250092
0.3210559639
0.3196887
0.3173921398
0.3214751011
0.3234877198
0.3247339727
0.3224152583
0.3201136229
0.320769754
0.3205329787
0.32038799
0.3188406543
0.3194455593
0.3198491646
0.3195716288
0.3194558991
0.3245062797
0.3237154426
0.3212180378
0.3207843044
0.3195730423
0.3198112292
0.3213725376
0.3178475925
0.3204231604
0.3194931472
0.3209022335
0.319731856
0.320677527
0.3186633463
0.3217621422
0.3224048115
0.3233649348
0.3218910587
0.323004322
0.324308879
0.3236621015
0.3213429675
0.321800257
0.3241072998
0.3236123315
0.3193983658
0.3182777959
0.3205641089
0.3200244426
0.3203323754
0.3195574796
0.3187238658
0.3195148143
0.3218304913
0.3223129594
0.3234816918
0.3230001262
0.3219700297
0.3224285973
0.3201677154
0.3181611785
0.3205287557
0.3220728267
0.3206120294
0.3209318278
0.3204321314
0.3215003047
0.3206649897
0.3225482113
0.3222381789
0.3193617496
0.3192540539
0.3186080131
0.3197430082
0.3186105805
0.319874526
0.3224532388
0.3227309188
0.3207760246
0.3223335453
0.3214049486
0.3204436744
0.3194231138
0.3183051934
0.3206952136
0.3219869836
0.3211384871
0.3187611452
0.3193598379
0.3184314642
0.3207311171
0.3225519383
0.3225164219
0.320216159
0.3192081882
0.3192655627
0.3195699776
0.3184198338
0.322845217
0.3227836881
0.3211125444
0.3204373908
0.3212279015
0.3200709214
0.3184622153
0.3177788565
0.3208673398
0.3214290561
0.3214440299
0.3217269342
0.3193913803
0.3197698027
0.3203838197
0.3228013882
0.3225667706
0.322478421
0.3234358357
0.3235405743
0.3185218287
0.3180145073
0.3189714893
0.3172723772
0.316944396
0.3176271859
0.3202359844
0.3199453955
0.3193629411
0.3193322259
0.3209623555
0.3213465784
0.3248358041
0.3240998664
0.3193510235
0.3204773374
0.32066548
0.3214818197
0.3219473252
0.3226338957
0.3178521845
0.3204280817
0.3210314669
0.3194433014
0.3196295494
0.3222933047
0.3208087316
0.3206744933
0.3190555066
0.3183871799
0.3187069722
0.319716289
0.3189631381
0.3185024289
0.3212777397
0.3238608493
0.3217043713
0.3179553815
0.3174290922
0.3175458729
0.3242855638
0.3215704695
0.3206452996
0.3176389894
0.3159083702
0.3137619564
0.3139565586
0.3179322216
0.3199588089
0.3173314082
0.3194508288
0.3199667234
0.321624027
0.3224854372
0.3236799379
0.3215629824
0.320631069
0.3210360254
0.3238893485
0.3237994661
0.3175669271
0.3195467354
0.3220427382
0.3210004183
0.3211454927
0.3205211266
0.3212676302
0.3197259945
0.3208226344
0.3224352093
0.3230578986
0.321355418
0.3204595699
0.3212869728
0.3208758187
0.3192760285
0.3217368693
0.3182111126
0.316981974
0.3167535562
0.3213263482
0.3191184175
0.3206292609
0.3219967355
0.320826358
0.3205653473
0.3214856808
0.3174003489
0.3174469508
0.3182670843
0.319321688
0.3195330379
0.3204363203
0.3170081751
0.3183506899
0.3196272804
0.3199003073
0.3211277125
0.3198600818
0.3220873267
0.3217686902
0.3216904527
0.3200961724
0.3193078252
0.3217117131
0.3235275765
0.3201188184
0.3209000797
0.3192023817
0.3197303905
0.3192345029
0.3211119612
0.3181656614
0.3198852581
0.3229298615
0.3228717241
0.3207942343
0.3208490871
0.323348089
0.3238101977
0.3230757493
0.3214191672
0.3220557942
0.3253273605
0.3238832065
0.3224316694
0.3208587465
0.3188964242
0.3174483534
0.316769498
0.3162688338
0.3200331326
0.3207006316
0.318482674
0.3193794546
0.320129298
0.3217453534
0.3195651713
0.3203333312
0.3209671499
0.3186767475
0.3205052127
0.3217080791
0.3208719467
0.3215653167
0.3208780947
0.3223392244
0.3222018378
0.318578005
0.3201253651
0.3219778209
0.3191897637
0.317103578
0.3209911383
0.3202538456
0.3179697912
0.3165916139
0.3181653108
0.3195963363
0.3184324622
0.3177757771
0.3192990176
0.3194527559
0.3200242582
0.3168172984
0.3166842334
0.3201985302
0.3189502654
0.3185997934
0.3194357391
0.3193825095
0.3205663985
0.3216139319
0.3203449126
0.3214495015
0.3208003962
0.3190951372
0.3196641725
0.3166418002
0.3170429633
0.3183271655
0.318293798
0.3168460944
0.3180098048
0.3211655193
0.3209694293
0.3185523368
0.3180765575
0.3183783994
0.3197595082
0.3206807831
0.3215471278
0.3209447453
0.3184917278
0.3185787162
0.3186247066
0.3172399206
0.3180710523
0.3179242587
0.3181547025
0.319738843
0.3191296028
0.3191204006
0.317335347
0.3166592539
0.3170369369
0.3199315611
0.3198242241
0.3212925162
0.3219881147
0.3223767285
0.3213423237
0.3239836047
0.3238599083
0.3208990057
0.3206021393
0.3210559881
0.3199967751
0.3192981902
0.3204985797
0.3234579747
0.3235823359
0.3187727774
0.3209625964
0.3211962285
0.3215730371
0.3188802164
0.3179327189
0.3181042883
0.3185518774
0.3172953997
0.3182072628
0.3203772724
0.3213593725
0.3246627452
0.3225840511
0.3208919506
0.3196742326
0.3192931817
0.3209836989
0.320740694
0.3222887401
0.3250207105
0.326445163
0.3254487529
0.322741323
0.3212487968
0.3220349747
0.3203430863
0.3196103422
0.3189225178
0.3180141825
0.3182544031
0.3205290641
0.3199013241
0.3193794539
0.3217582145
0.3200958847
0.3212542132
0.321589356
0.32103727
0.3193248393
0.3207567884
0.322113504
0.3187978694
0.320497754
0.3205967098
0.3226100877
0.3239350163
0.3261593514
0.3231889506
0.3195530231
0.3200898226
0.3217919652
0.3221035175
0.322574794
0.3179917121
0.3193024056
0.3182857983
0.3213454313
0.3193977985
0.3202302402
0.3198504483
0.3199623619
0.3238817069
0.3264469699
0.3272788308
0.3243220787
0.3188151295
0.3187964473
0.3178831472
0.3197439576
0.3207052287
0.3199643358
0.3165092075
0.3172134781
0.3180776243
0.3209401686
0.3215022017
0.32037403
0.3196195811
0.3186905059
0.3199722327
0.3211786299
0.3199193725
0.3182122597
0.3211424479
0.3190934181
0.3192803247
0.3196299636
0.32003108
0.3216651155
0.3212607321
0.3204247424
0.321418098
0.3210237479
0.321391039
0.3198569394
0.3194744962
0.3184041614
0.3237575371
0.3211504068
0.3218842835
0.322093671
0.3216145709
0.3188251294
0.3202105163
0.3205724006
0.3216561711
0.3216116757
0.3205742664
0.3197623761
0.3202791415
0.3218726854
0.3232758194
0.3230010251
0.3228677107
0.3239351891
0.323281672
0.322561222
0.3208665015
0.3212401729
0.3208255436
0.3185146266
0.3203920937
0.3196616784
0.3186511716
0.3197235927
0.3205873966
0.3223268716
0.323513527
0.3223851239
0.322697003
0.3217488147
0.3227587458
0.3213831962
0.3217037682
0.3199324339
0.3192192541
0.3208234091
0.3228713071
0.3231453453
0.3192850675
0.3217908151
0.3224609508
0.3221700151
0.3216225418
0.3221149086
0.32066647
0.3208610085
0.321313275
0.3224906941
0.323744525
0.3192978272
0.3189050969
0.3193059766
0.3170111038
0.3209912542
0.3216038289
0.3228089666
0.322274105
0.3199619457
0.3171423082
0.3193175205
0.3197036322
0.3201346961
0.3231477577
0.3237290573
0.3249684446
0.3243299991
0.3228023441
0.321273642
0.3195703288
0.320311503
0.3203303256
0.3190254028
0.3218167772
0.3197048153
0.3202287516
0.32180145
0.3187133475
0.3193299608
0.3217710997
0.3208352317
0.3184573997
0.3180913174
0.3211247331
0.3235988074
0.3247107885
0.3248003339
0.321985119
0.3221805026
0.3219980145
0.3215702746
0.3199349187
0.3207001754
0.3205050919
0.3213032738
0.320146942
0.3188114626
0.3212504481
0.3191613495
0.3204335802
0.3206350813
0.3202469454
0.3178488596
0.3188794149
0.3195546013
0.3184154011
0.3180205771
0.3175430355
0.3185810616
0.3206988818
0.3253654992
0.3246551448
0.3237574835
0.3216610675
0.3217494231
0.3221722869
0.3230733195
0.3240146488
0.3241648347
0.3227311392
0.3199707216
0.3195283795
0.3193887474
0.3177937822
0.3230509136
0.3214579445
0.3201195345
0.3182633076
0.3189905582
0.321067667
0.3209704964
0.3224129206
0.3224403518
0.3209150983
0.3214027541
0.3222606504
0.3242826688
0.3174284567
0.3177119017
0.3178644497
0.320497304
0.3184500156
0.318233351
0.3207140913
0.3193419442
0.3242705012
0.3228983006
0.3228739154
0.3243920025
0.3241208669
0.3227275211
0.3229483485
0.3207501098
0.3215978256
0.3184489658
0.3173382601
0.319428181
0.3227769492
0.3242572855
0.3223475998
0.3211373014
0.3223435993
0.3240358713
0.3213389154
0.3222944273
0.3233021802
0.3217968378
0.3201006695
0.3191535064
0.3198160631
0.3224245549
0.3192718775
0.3185799144
0.3180503917
0.3182718721
0.3205368945
0.3222632561
0.3210751628
0.3199554361
0.3217152697
0.3215576521
0.3216941051
0.3225650097
0.3240310728
0.3248682197
0.3227311748
0.3227385846
0.3215902578
0.3211491773
0.319557735
0.3213929598
0.3189957169
0.3214220155
0.3221164647
0.3232470898
0.3217934836
0.3218179912
0.3206652415
0.318657706
0.3211937397
0.3185302414
0.3196237498
0.3181828472
0.3204481401
0.3221838677
0.3226817771
0.3238057338
0.322640396
0.3231918384
0.3252409645
0.3258945012
0.3236730019
0.3222409014
0.3224591788
0.3220835085
0.3239085395
0.32181169
0.3211488002
0.3201589991
0.3175504991
0.3185727933
0.3159742427
0.3165631585
0.3174279117
0.3176532027
0.3185050707
0.3211262735
0.3219056983
0.3218617635
0.3214223692
0.3191845231
0.3174131426
0.3207167923
0.3226100609
0.323482797
0.3235335262
0.3237537966
0.3219925355
0.3203197857
0.3191580425
0.3177507078
0.3205655512
0.3217471016
0.3199479728
0.3199731673
0.3206473736
0.3190914151
0.3208606345
0.3178430607
0.3148060974
0.3155609175
0.319492516
0.3196202568
0.3201752902
0.3210227985
0.3205076686
0.3203158826
0.3196952142
0.3219477853
0.3203836619
0.3206955191
0.3219083746
0.321881223
0.3221636362
0.321653671
0.320771061
0.3199528296
0.3200244848
0.3233011922
0.3211122325
0.3193889723
0.3193496329
0.3189513781
0.3213730704
0.3194456417
0.3160417022
0.3171491563
0.3147583436
0.3166608363
0.3205429914
0.3237148075
0.3214426634
0.3183102812
0.3193016834
0.3219116071
0.3215411203
0.322217693
0.3219454053
0.318781784
0.3178034473
0.3193843079
0.3246449595
0.3214673172
0.3172305002
0.3174945953
0.3190168014
0.3155221625
0.3209170276
0.3194664199
0.3173705487
0.3171737366
0.3194985459
0.3186213015
0.3191572842
0.3205110086
0.3201899791
0.320952913
0.3217363317
0.3231866926
0.323784887
0.323971192
0.3232118644
0.3272107388
0.3232800729
0.322232809
0.3197262516
0.3203475326
0.3205501509
0.3217445481
0.3208371806
0.3200852008
0.31891334
0.322549388
0.321173093
0.3239102286
0.3236753747
0.3251838642
0.3240437199
0.3255983633
0.3244330716
0.3235515349
0.322390015
0.321391389
0.3229810386
0.3235371887
0.3240473586
0.3206994147
0.3231932445
0.3221437684
0.3234410058
0.3264229108
0.3227764473
0.3214923969
0.3222045376
0.3232897503
0.3237559305
0.3235152996
0.3209180924
0.3220757112
0.3208624248
0.3236884638
0.3207044858
0.321428442
0.3181983479
0.3194621439
0.3231253153
0.3227174183
0.3188061318
0.3199271019
0.322537335
0.3210175427
0.3215859529
0.3247834529
0.3248766752
0.3243097602
0.321476437
0.3213988264
0.3194474192
0.3172952151
0.3184055543
0.3221599319
0.3218409857
0.3214322673
0.3198398391
0.3197361398
0.3205035554
0.3200794609
0.3187213193
0.3196909505
0.3207416412
0.3222978052
0.3259954702
0.3256681444
0.3248814101
0.320988404
0.3226581109
0.3232382451
0.3228224323
0.3240371832
0.3237567061
0.3206809013
0.3194098866
0.3211031042
0.3216336656
0.3209610693
0.3208658313
0.3193686386
0.3197386658
0.317215992
0.3167762579
0.3185967312
0.3195516958
0.3224823006
0.3232323702
0.3265353468
0.3237569665
0.3218754514
0.324302006
0.3246852141
0.3248488528
0.3241709257
0.3251589083
0.325229229
0.3220908114
0.3233521431
0.3215860838
0.3204946513
0.319426357
0.320276331
0.320064493
0.3182405529
0.3189850567
0.3216115544
0.3219024099
0.3233481736
0.3236879435
0.3235200933
0.3248344262
0.3222895726
0.3227688882
0.3197622992
0.3205366615
0.3216650419
0.3216911527
0.3207861456
0.3201909829
0.3173058842
0.3201635276
0.3204144566
0.3214098065
0.3222913096
0.3229952857
0.3212938967
0.3178106954
0.3167774287
0.3171797886
0.3172703032
0.3189894505
0.3205367356
0.3217209642
0.3212713328
0.3187205907
0.3213973121
0.322171936
0.3208128176
0.3202918845
0.3206391327
0.3205333382
0.3187476662
0.3189854095
0.3217037706
0.3205520117
0.322136112
0.3198393279
0.3173027861
0.3158528331
0.3185637791
0.3201281001
0.3197095035
0.3217425342
0.3202073092
0.3232798833
0.3259065999
0.3239095323
0.3221331493
0.3220632898
0.3214004137
0.3185047377
0.3179336171
0.3182650889
0.3196561398
0.3196334254
0.3212446791
0.3221461157
0.321170884
0.3207124408
0.3194378975
0.3191364017
0.3189952477
0.3186759909
0.3199371317
0.3200233061
0.3192168518
0.3184523838
0.319986585
0.318613399
0.3173599273
0.3208251235
0.3246201492
0.3237215937
0.3230489531
0.3222858069
0.321092579
0.3189866217
0.3203387085
0.3200878208
0.3196319444
0.3211006722
0.3218776316
0.3207094723
0.3184822603
0.321241508
0.3220821787
0.3209524994
0.3202339067
0.3198502896
0.3207477629
0.3262993931
0.3256344217
0.3224277527
0.3204834131
0.3221688259
0.3224270412
0.3210963903
0.3181722666
0.3183558884
0.3176400238
0.3211224809
0.3244253679
0.3223860667
0.3230356222
0.3224485813
0.3237070914
0.3237808309
0.3261522943
0.3244044608
0.3248070433
0.322076338
0.3226368778
0.3238733204
0.3216592275
0.3203089933
0.3191187693
0.3192305872
0.3203954021
0.3195122494
0.3179290147
0.3177177417
0.3168010298
0.3185765065
0.3218177461
0.3274018954
0.3253436346
0.3251102448
0.3246362303
0.3249937808
0.3238507222
0.3223127568
0.3209698856
0.3209869999
0.3216425521
0.3216172229
0.3197430042
0.3222961017
0.3220900411
0.3229598373
0.3221019246
0.3197250911
0.320781826
0.3226982895
0.3223667219
0.3227482725
0.3240699631
0.3219964118
0.3209448012
0.322309542
0.3216147924
0.3185625699
0.318922688
0.319936226
0.3209130559
0.3227810674
0.3240814942
0.3227632701
0.324802485
0.3240310485
0.3242165219
0.3241677162
0.323890836
0.3258240349
0.3240996334
0.3206350309
0.3169093324
0.319935868
0.3212145423
0.3215092663
0.3199303553
0.3213435084
0.3214651465
0.3212221393
0.3178989606
0.3184970824
0.3188637156
0.3185849189
0.3196040294
0.3198795976
0.3208092002
0.3187773309
0.3204349132
0.320091955
0.3202956928
0.3199384096
0.3217182858
0.3209086149
0.3210232614
0.3217064387
0.3221693573
0.3227415754
0.3187905106
0.319966102
0.3213298809
0.3209163006
0.3228219887
0.3209629879
0.3206152139
0.3220809902
0.3243496181
0.3248384155
0.3224608539
0.3228293238
0.3209296272
0.3199316797
0.3188243411
0.3187001749
0.322351984
0.3243220171
0.3242198386
0.3262232352
0.3253419131
0.3239658719
0.3217807403
0.3222728171
0.3215047131
0.3225473323
0.3215962898
0.3186587217
0.3192300546
0.3205068381
0.3221776893
0.3217181958
0.3203711606
0.3231501962
0.3241447804
0.3210630393
0.3186157095
0.3186229629
0.3234749859
0.3193178745
0.322946304
0.3232569379
0.3219914242
0.3236706945
0.3226209858
0.3224181728
0.3188859406
0.3201065311
0.3219697948
0.3204971715
0.3198111912
0.3183470234
0.3196516251
0.317469507
0.3188913676
0.3195972518
0.3212488299
0.3209181661
0.3198147229
0.32286211
0.3227624641
0.3225862851
0.3230473406
0.3222585737
0.3191136639
0.318537519
0.3175114821
0.3159971309
0.3151220569
0.3171006858
0.3173078017
0.3171936917
0.3162661982
0.3186156215
0.3187396359
0.3208660538
0.3232401296
0.3209303473
0.3235329302
0.3222791143
0.3257173223
0.3255790785
0.3244459882
0.3211661758
0.3229204105
0.3218157468
0.3218042349
0.3221068395
0.3213463284
0.3188453537
0.3186035736
0.3194291097
0.3193530231
0.3170246314
0.3185526033
0.3213625753
0.3203494503
0.3196069074
0.3195147252
0.3212117016
0.3221835902
0.3254890154
0.3225032854
0.3217058119
0.3196511805
0.3209852945
0.3213037658
0.3222908351
0.3242951033
0.3243015802
0.3237991464
0.3217399862
0.3196354483
0.3200797736
0.3195517057
0.3198409423
0.3199262924
0.3205942451
0.3204259871
0.3210319933
0.3206928288
0.320507008
0.3242524326
0.325670152
0.3244495868
0.3241610709
0.3195573546
0.3216429786
0.3214576599
0.3216531133
0.3193997979
0.3209278438
0.3236941297
0.3220646265
0.3196630729
0.3219329553
0.3199152836
0.3213267267
0.3198905921
0.3239894442
0.3260715024
0.3243159819
0.3236646744
0.3223671165
0.3206491383
0.3225443794
0.3203722053
0.3186355912
0.3208621808
0.3211050199
0.3231510234
0.3201892545
0.3193579226
0.3190517313
0.3187830763
0.3202175127
0.3216740157
0.3216672766
0.3225608135
0.3225754945
0.3231907683
0.323857668
0.3213114861
0.3208335818
0.3211592688
0.320637244
0.3208754419
0.3200608506
0.3196667139
0.3204594454
0.3202825793
0.3207363321
0.3235805159
0.3231419479
0.3196884886
0.3199293115
0.3215916507
0.3214947274
0.3197807906
0.3226896394
0.3214635223
0.3220631621
0.3225179386
0.3214169053
0.3221163124
0.3228923028
0.322845514
0.323867324
0.3245745509
0.3239855192
0.3224241187
0.3215262861
0.3190772648
0.3196882961
0.3232499597
0.3232208773
0.3224712191
0.3227753793
0.3244615439
0.3219984387
0.3252204377
0.32478267
0.32610022
0.3255142993
0.3235551469
0.3202183898
0.3207755044
0.3190578247
0.3200690348
0.3216189446
0.3208875243
0.3209718893
0.3220316128
0.3222506422
0.3220601691
0.3228551717
0.3201600145
0.3229705824
0.3205171505
0.324125244
0.322545761
0.3212727237
0.3215311227
0.3218554324
0.3215136395
0.322398063
0.3236073632
0.3214654386
0.3233243726
0.324644829
0.3215207477
0.3227866671
0.3200477139
0.3181059155
0.3212277434
0.3245432698
0.3216793764
0.3211020783
0.3238238718
0.3191562423
0.3186738373
0.3196632609
0.3193867131
0.3208993923
0.3218719424
0.3211786285
0.3199786506
0.3195689896
0.3198871317
0.3204097971
0.3220360044
0.3224357676
0.322007587
0.3199040138
0.3189948174
0.3183074601
0.3211104514
0.3199745394
0.3189074937
0.3182135037
0.3191173524
0.3203479576
0.3200600021
0.3198421219
0.322481983
0.3235341199
0.3237017565
0.3213694196
0.3204801421
0.3229577665
0.3230584282
0.3232515037
0.3217257957
0.3198640845
0.3194544811
0.321616738
0.3236237523
0.3211364914
0.3199009742
0.3196607681
0.3189322033
0.3211990733
0.3214760175
0.3216999139
0.3202691051
0.3204505168
0.3205588278
0.3231005498
0.3253169511
0.3244430255
0.3225824601
0.3208547371
0.3226747689
0.3221673799
0.3245829346
0.3248304089
0.3204814427
0.3211447915
0.3212094193
0.3238286138
0.322932953
0.32245909
0.3217005392
0.3202741679
0.3196583503
0.3181217319
0.3190995078
0.3179906379
0.3176801898
0.3175037276
0.318542693
0.3200787435
0.3229086487
0.324138044
0.3223504164
0.3239936823
0.324110252
0.3217992903
0.321914204
0.3228983931
0.3236939596
0.3237048655
0.3216863921
0.321963037
0.3219999271
0.3246614032
0.3199506268
0.3205179045
0.3217268255
0.3198213769
0.3207327039
0.3202766164
0.3211961911
0.3217065475
0.3231453452
0.321483822
0.3228224847
0.3212531933
0.322671351
0.3154731985
0.3176823441
0.3163276756
0.3158659694
0.3177824497
0.3183122136
0.3180783548
0.3208396201
0.3211176102
0.3210739287
0.3211178775
0.3214816796
0.3232363514
0.321325545
0.3204039811
0.3190254956
0.3191836837
0.317704536
0.3177149837
0.3159230764
0.3241687215
0.3224705891
0.3232782937
0.3252852809
0.3264245034
0.3224284668
0.3182605555
0.3167266597
0.3194815963
0.316927424
0.3181749898
0.3193054222
0.3216092032
0.3191930962
0.3194502594
0.3183641301
0.3178161964
0.3216334335
0.323627132
0.3247590909
0.3221576575
0.3200871824
0.3217940427
0.3213322305
0.3203516987
0.3211330702
0.3224921485
0.3244168428
0.3210190969
0.3203210156
0.3198013618
0.3197314027
0.3189619228
0.320825842
0.3232469821
0.3236930487
0.326184972
0.3245514179
0.3218762836
0.3235834736
0.3199107507
0.319798404
0.3188275137
0.319906295
0.3210989353
0.3200094443
0.3188939269
0.3185629504
0.3205951303
0.3195926658
0.3189144366
0.3188992842
0.3166248346
0.3205463637
0.3228869874
0.3221862848
0.319742923
0.319697411
0.3214146814
0.3216489501
0.3205669337
0.321386192
0.318854181
0.3190559251
0.3201563622
0.3206004554
0.3211867012
0.3195854633
0.318347438
0.3204650772
0.3223134952
0.3231244748
0.3220211926
0.3214471411
0.3182869058
0.3202277464
0.3209968491
0.3233753407
0.3212378146
0.3222614063
0.3168857762
0.3153586208
0.316100371
0.3154133903
0.3172715692
0.3179863651
0.3192924576
0.3207744232
0.3210631422
0.3203925579
0.3203628558
0.3221792318
0.3249134871
0.3240598697
0.3240333636
0.3241580481
0.3209947932
0.3193357982
0.3226003526
0.3194201096
0.3209975935
0.3196539177
0.3201398217
0.3222294319
0.3218481223
0.322639576
0.3201728495
0.3239394114
0.3222283255
0.3222170057
0.3230903516
0.3200283842
0.3199753797
0.3210077578
0.3218224881
0.3174581595
0.3187790491
0.3202016543
0.3213161846
0.3234618353
0.3192586508
0.3165921527
0.3167658497
0.3212701193
0.3218121164
0.3230729253
0.3243038881
0.3237726006
0.32428616
0.3213446566
0.3192651261
0.3191289229
0.3222866725
0.3228891077
0.3225098923
0.3217998914
0.3203934549
0.3206156814
0.3189401577
0.3179171646
0.3239990788
0.3207648555
0.3208982286
0.3165933318
0.3160780113
0.3169672977
0.3190594522
0.3194374207
0.3205132437
0.3226824627
0.3238775788
0.3229477266
0.3215417484
0.3205609004
0.3207799636
0.3218495057
0.3216020237
0.3216481986
0.3224181065
0.322340716
0.3218151253
0.3214743831
0.3208342732
0.3216272072
0.3207594269
0.3204032803
0.3184376963
0.3199800124
0.3226622266
0.3216787968
0.3197574002
0.3193972874
0.3219691181
0.3267478524
0.3254116574
0.3229034897
0.3204224805
0.3214611868
0.3232104441
0.3229976434
0.3179613687
0.3180608274
0.318456212
0.3206125788
0.3206455487
0.322035952
0.3229919602
0.3235894544
0.3244254541
0.3208430055
0.3208770528
0.3187113515
0.3201840872
0.3222815306
0.3219504519
0.3220963297
0.3237256033
0.3223596132
0.3208337667
0.3190171368
0.3195733424
0.3196207072
0.3228873748
0.3238515814
0.3255054746
0.322568958
0.3195029601
0.3193513697
0.3182890263
0.3204952665
0.3173124226
0.3133940661
0.3115652703
0.3130472386
0.3142147686
0.3140461898
0.3147272606
0.3167253054
0.3206508304
0.3201233873
0.3214830585
0.3216728121
0.3187352779
0.318351474
0.3203237047
0.3196394332
0.3234510517
0.3246698258
0.3269387606
0.3231918675
0.320932501
0.3175966697
0.3169912744
0.3158580221
0.3157496854
0.3170221386
0.3192659782
0.3199577016
0.3185487128
0.3196221444
0.3195005054
0.3215674098
0.3217083294
0.3207685926
0.3187266469
0.3210962618
0.3215655708
0.3218100187
0.3228540503
0.3226159864
0.3224065445
0.3232414815
0.3218818938
0.3200017549
0.3185040047
0.3186909247
0.3162977396
0.3180782247
0.3177585623
0.318332647
0.3188647274
0.3179453502
0.3180241935
0.3186120924
0.3207000686
0.3232239149
0.3232309285
0.3219884172
0.3223205582
0.3198474562
0.3216826163
0.3228140367
0.3234783745
0.3220102458
0.3229754825
0.3224633861
0.3235523616
0.3210649692
0.3202925749
0.3198363753
0.3135160284
0.3165866115
0.3200225961
0.321270635
0.3209224303
0.3206328132
0.3177769208
0.317824027
0.3197963135
0.3206248094
0.3186314904
0.3184099596
0.3184255759
0.320310366
0.3230244912
0.321809503
0.3199677161
0.3215740496
0.3207153653
0.3171028926
0.3209038489
0.3200436127
0.3211207277
0.3243381791
0.3224208894
0.3222965959
0.3249247684
0.3242088584
0.321520478
0.3226963774
0.3223555208
0.3207833616
0.3216584373
0.3218288709
0.3217430701
0.3242586918
0.3237303847
0.320638122
0.3181763617
0.3191151747
0.3242355823
0.3255820932
0.3237097177
0.3188181705
0.32013317
0.3219378224
0.3211463416
0.3219696253
0.3216593335
0.3223086475
0.3209548224
0.3205343021
0.3181888829
0.3194440405
0.3206662856
0.3229915899
0.3231929891
0.3223421497
0.3211102538
0.322117378
0.324207072
0.3268945848
0.3275371207
0.3248966699
0.322197702
0.3192191148
0.3195180907
0.3196750463
0.3188603535
0.3206198859
0.319339069
0.3189054184
0.319986977
0.321314969
0.31967573
0.3199060699
0.320149167
0.3228226802
0.3239290745
0.3237697386
0.3225450911
0.3201744565
0.3201817321
0.3205083269
0.3217721326
0.3212458015
0.3194741085
0.3198197504
0.3215750566
0.3214064042
0.3202998877
0.3203165313
0.3226901399
0.3209082697
0.3196035861
0.3198347769
0.3214045678
0.3232241021
0.3224016057
0.3206364641
0.3180804132
0.3188958632
0.3199209416
0.3180794576
0.3204759667
0.3217619094
0.3214738552
0.3226078855
0.3216707192
0.3161309491
0.3180864268
0.32002687
0.3221089423
0.3207368967
0.3220618959
0.3214521078
0.3207408642
0.319870097
0.3195153934
0.3167124474
0.3201067613
0.3199210169
0.3203530156
0.3212413447
0.3193551921
0.3188610225
0.3197522833
0.3193260598
0.3192765303
0.3187382393
0.3201097055
0.3214182638
0.3223788608
0.3226490772
0.3226865509
0.3214136118
0.3238987449
0.323179806
0.3197577539
0.3192920411
0.3195992615
0.3183380989
0.3177145711
0.3198044255
0.3183637544
0.3180851467
0.3186608636
0.3216594059
0.3231513975
0.323094953
0.3212443872
0.3211360395
0.3216602008
0.3191650851
0.3203756771
0.3217280537
0.322321915
0.3207733468
0.3183133851
0.3191853886
0.3201006993
0.318860114
0.3218678255
0.3211545092
0.3211658324
0.3192630029
0.3184185109
0.3200276696
0.3213739411
0.3208316767
0.3217428852
0.3228849841
0.3209273981
0.319486475
0.3207823184
0.3213301081
0.3226034788
0.3232747995
0.3231196386
0.3217904498
0.3233443585
0.3235019645
0.3218323315
0.3208117936
0.3233421263
0.3249933695
0.3245341026
0.3268193837
0.3243958578
0.3220324465
0.3230832205
0.3216807588
0.321987912
0.3252907623
0.3248154763
0.3228041077
0.3224806601
0.3222598833
0.3253731701
0.3242733293
0.3195348526
0.3237040866
0.3246332077
0.323254078
0.3207023431
0.3230249342
0.3233745989
0.3228027123
0.3207383786
0.3224868382
0.3226614874
0.3233958327
0.3230306654
0.3206350208
0.3214746096
0.3236447865
0.3255582458
0.3243222014
0.3209347889
0.3202080643
0.3204994106
0.3222999638
0.3260970946
0.3253673034
0.3247800261
0.3201489142
0.3202837454
0.3171469226
0.3173178772
0.3178405205
0.3186953381
0.3172388593
0.31901221
0.3180981352
0.3193690674
0.3211715917
0.3201456778
0.3198029367
0.3210203924
0.3205964697
0.3206808149
0.3195164101
0.3194799077
0.3212385879
0.322120032
0.323109662
0.3220990947
0.3202767084
0.3171809246
0.3162745552
0.3182213117
0.3179538253
0.3192341359
0.3182540865
0.3169499129
0.3148848352
0.3172408022
0.3195181453
0.3195655317
0.3208224181
0.3210166399
0.3213615142
0.32182126
0.3194135102
0.3179139009
0.3195521316
0.3205735618
0.3190941225
0.3198853483
0.3190651654
0.320960301
0.3236904405
0.3233973763
0.3224709829
0.3230056627
0.3246363711
0.3208822972
0.3192179916
0.3187256377
0.3210916132
0.3188441156
0.3185327672
0.3180608377
0.3173543845
0.3227804078
0.3224941929
0.3214413846
0.3230289301
0.3237850313
0.3245030052
0.3217573313
0.3211673709
0.3176234226
0.3196991431
0.3185405417
0.319125071
0.3186820001
0.3192561476
0.319358788
0.31872716
0.3217322506
0.3210906081
0.3216122088
0.3226512523
0.322493677
0.3190625519
0.3190377564
0.3199305412
0.3212894532
0.3214739476
0.3203704139
0.3205431237
0.3226108678
0.3190118189
0.3190038219
0.3188691734
0.3202731304
0.3207766001
0.3198816719
0.3201145883
0.3240186343
0.321377409
0.3207751248
0.3195565752
0.3185705567
0.320363181
0.3224868213
0.3218817188
0.3188700721
0.3201444613
0.3214340072
0.3207855124
0.318721621
0.3207678288
0.3204854798
0.3208222234
0.3216936724
0.3211202145
0.3213685168
0.3215082703
0.3218378095
0.3206243471
0.3200006326
0.321326837
0.3243998078
0.3239923916
0.3213759127
0.320490478
0.3215829496
0.3213664529
0.3225687769
0.3244676992
0.3258434204
0.321771554
0.3220879454
0.320022278
0.3196355393
0.3224037115
0.3246295005
0.3209067009
0.3212130135
0.3204815319
0.3222921734
0.323446331
0.3204893067
0.3222934372
0.3213627291
0.3221507751
0.3237273714
0.3186135461
0.3181711538
0.3181502617
0.3171833552
0.32041066
0.3209046691
0.3209324705
0.3212254798
0.3216716529
0.3222852355
0.3233929278
0.3240738732
0.3199485912
0.3188372634
0.3217343799
0.3231788092
0.3226655727
0.3229395048
0.3199244861
0.320592047
0.3195866675
0.3241804014
0.3220823923
0.3236459322
0.321817785
0.3186013479
0.3187751713
0.3221428952
0.3209337244
0.3227242271
0.325351463
0.3201322008
0.3214981795
0.321993902
0.3227281483
0.3222002696
0.3228171378
0.3235776026
0.3236121624
0.3222331954
0.3235647034
0.3207540685
0.3213421819
0.3212911921
0.3228975495
0.3252578581
0.3242379155
0.3229894407
0.3211048447
0.3215760937
0.32127051
0.3220306929
0.3216945034
0.320374181
0.3218159368
0.3205847129
0.3216177431
0.321072414
0.3191089091
0.3216293793
0.3210486859
0.3211998574
0.3221176017
0.3210248148
0.3189692694
0.3195698402
0.3184941232
0.318861656
0.3186912034
0.3202754964
0.3198945154
0.3245462309
0.3229672384
0.3233074702
0.3187747472
0.3192236087
0.3182808485
0.3178190547
0.3182342026
0.316730694
0.3201800207
0.3200677778
0.3195631147
0.3206447314
0.3218814115
0.3226920023
0.3249225699
0.3211923079
0.3201867442
0.321020197
0.3234731934
0.3201570661
0.321336694
0.3214857856
0.3224463677
0.3242990192
0.3230009587
0.3224642248
0.3195596362
0.3216232697
0.3218937422
0.3209671273
0.3224850826
0.3224923793
0.323291654
0.3213028555
0.3214688825
0.3201474007
0.3191060638
0.320023022
0.3209458175
0.3239834407
0.3245553433
0.3261062501
0.3235789772
0.3207342711
0.3197871771
0.3218373769
0.3218390691
0.3221610565
0.3232219262
0.3235935195
0.3227432182
0.3225289591
0.3229757334
0.3205081873
0.3220009727
0.3213825645
0.3213437849
0.3209877064
0.3219613955
0.3244839513
0.3258244529
0.3250718272
0.3234783984
0.3243351394
0.3229188659
0.3243686644
0.3241494587
0.3233932215
0.3211635241
0.3213148195
0.3243454472
0.3234411386
0.3235789163
0.3257687253
0.323451966
0.3231213353
0.3211579254
0.3219006345
0.3241112203
0.323057975
0.3227427837
0.3220336462
0.3218260735
0.3221730938
0.3238715525
0.3198951493
0.3212911843
0.3196978821
0.3203863617
0.3219164601
0.3196316699
0.3196595129
0.3182351986
0.320212374
0.3214193467
0.3207950526
0.3234188163
0.3249356183
0.3243409693
0.3213887155
0.3199683137
0.3196024219
0.3186573403
0.3148307528
0.3139777835
0.3168559754
0.3182880791
0.3182085008
0.3192181664
0.317302676
0.3201339738
0.3188075475
0.3172260475
0.3170881689
0.3188200574
0.3187859989
0.3194354445
0.3191933092
0.3189722134
0.3175822939
0.3193846157
0.3185904595
0.3183090673
0.3175820569
0.3173030574
0.3159639399
0.3178773624
0.3195941281
0.3196503089
0.31929373
0.3196636692
0.3196947241
0.3212385512
0.3194866739
0.3190057879
0.3193974942
0.3202935149
0.3193876023
0.3188682074
0.3237205636
0.3251593655
0.3240065431
0.3208580374
0.3185621762
0.3171994534
0.317683561
0.3183473869
0.3198758272
0.3187717442
0.3184626382
0.3184181631
0.3200514765
0.3201887456
0.3201332117
0.3169448278
0.317965541
0.3177850543
0.3211227793
0.3213617378
0.3179754736
0.3186430574
0.3190965548
0.3202975117
0.3216886435
0.3207007327
0.319930534
0.3198516186
0.3179899743
0.3168862415
0.3205930051
0.3194343944
0.3190379377
0.3171757479
0.3180855259
0.3196998279
0.3199459165
0.3183578918
0.3173342742
0.3164519676
0.3245768415
0.3220321656
0.3208658518
0.3185552262
0.3164492441
0.3180882729
0.3188819851
0.319465462
0.3207705375
0.3195157089
0.3193311645
0.3211502368
0.3202863348
0.3221353133
0.3211700301
0.3184001993
0.3187399628
0.3198847471
0.3232470046
0.3244181772
0.3216703348
0.3235197135
0.3223103378
0.3227162709
0.3220420534
0.3234483674
0.3206148621
0.3203831684
0.3197341633
0.3203506553
0.3191858983
0.3189951603
0.3207736037
0.3214489479
0.3207588951
0.3202901124
0.3202546778
0.3217197653
0.3216660246
0.3188639246
0.3193850207
0.3225465656
0.3225477855
0.3198494688
0.3191090871
0.3198754126
0.3185865995
0.3186791307
0.3200051808
0.3223040724
0.3230075301
0.3211001511
0.3213272312
0.321171716
0.3210594867
0.32267865
0.3225322928
0.3216792456
0.319271491
0.3209088587
0.3241486852
0.3215086854
0.3194739728
0.3205001908
0.3190743021
0.3185213688
0.3200784292
0.3224626037
0.3211291292
0.3197451078
0.3206456395
0.3206771446
0.3236490989
0.3224895431
0.3213014027
0.321780843
0.3207339082
0.3227800454
0.3235768162
0.324000924
0.322523937
0.3231670685
0.3213493177
0.3205790546
0.3200616914
0.3217749925
0.3230712277
0.3228616357
0.3236700054
0.3236844789
0.3240551447
0.3232117462
0.3213331313
0.3218972463
0.3217977283
0.3207038882
0.3198029186
0.3239859454
0.3215466244
0.3178791688
0.3187772465
0.3207654063
0.321764325
0.3213267815
0.3225375941
0.3199320486
0.3199273287
0.3214500177
0.3242341637
0.3236129924
0.3230509677
0.3233409281
0.3217648534
0.3221003003
0.321608161
0.3216296371
0.3182443696
0.3179878462
0.3166198135
0.3195501104
0.3196317917
0.3231106317
0.3224166631
0.3234822602
0.323066407
0.3220692589
0.3205492088
0.3231842381
0.3201475315
0.3188078884
0.3204901166
0.320289541
0.322289523
0.3221361594
0.3229015182
0.3229747445
0.3192460534
0.3190592209
0.3192510884
0.3196517258
0.3228156821
0.3210682253
0.3176890588
0.3174124489
0.3168532512
0.3181153876
0.3188141469
0.3173582696
0.3195255593
0.3205062818
0.3218070205
0.3228657567
0.3211751002
0.3163171658
0.3167285922
0.3207308865
0.3229883459
0.3243849148
0.3243020199
0.3220873099
0.3220681495
0.3236492429
0.3240443829
0.3201630826
0.3189503495
0.3198244521
0.3198604535
0.320475826
0.3187195091
0.3188110986
0.3171957274
0.3195602073
0.321513999
0.3245816779
0.3205859054
0.3223070294
0.3223706083
0.3206210608
0.3229494046
0.3221208275
0.3203883282
0.3207956813
0.3213516413
0.3221476507
0.3237845675
0.3224205881
0.3222682824
0.3203561036
0.3193855936
0.3219959855
0.3224313831
0.3226174797
0.3223237524
0.3226330862
0.3210463994
0.3200416964
0.3211748789
0.3223817386
0.3229434948
0.3218320694
0.3208294837
0.3208853347
0.3193065458
0.3195041833
0.3211074779
0.3207597366
0.3181845898
0.3192810532
0.3205413652
0.3232260418
0.3233354713
0.3197376089
0.3194510002
0.3200028553
0.322816322
0.3236275714
0.3224267861
0.3203190748
0.319398821
0.3196446369
0.3250175214
0.3230143444
0.3220537961
0.3221600958
0.3226744772
0.3221239408
0.3220985507
0.3195751681
0.3193611144
0.3181975125
0.3169257536
0.3193652539
0.3211791449
0.3207122199
0.3199314428
0.3182711287
0.3186904363
0.3197831517
0.3230010692
0.3252395027
0.3175488008
0.3163579458
0.3187170856
0.3192207858
0.3200401761
0.3212911941
0.3220251646
0.3211715432
0.3242476494
0.3229639798
0.3201424107
0.3212291498
0.3223488094
0.3237704351
0.3209867087
0.3173810755
0.317301986
0.3184621776
0.3191384337
0.3182918979
0.317337538
0.319428133
0.3202978566
0.3213336167
0.3226700268
0.3235801536
0.3230795559
0.3223350027
0.3201724677
0.3225742471
0.3201842192
0.3222895013
0.3223949328
0.3227898791
0.3259370894
0.326855496
0.3259516163
0.320636843
0.322121464
0.3206740326
0.3166734451
0.3175701758
0.3173921063
0.317765136
0.3214181958
0.3215588227
0.3227663597
0.3218372073
0.3229357269
0.3223262113
0.3219018488
0.3219525179
0.3205218269
0.3232745787
0.3201740602
0.3197643174
0.318839927
0.3204753338
0.3172697541
0.3177794671
0.3185290731
0.3197738156
0.3241181964
0.3255472811
0.3233833039
0.3208776458
0.3190873025
0.3175538759
0.3187200795
0.3200876009
0.321116319
0.3201476348
0.3196945016
0.3209409888
0.3227084495
0.3197383554
0.3201854676
0.3193053901
0.3186116594
0.3171558907
0.3197871907
0.3192465371
0.3146633039
0.3158340382
0.3189682293
0.3176453075
0.3165788948
0.318993678
0.3184231537
0.3179347642
0.3204000759
0.3204892394
0.3212550294
0.3203739255
0.3213229735
0.3246019092
0.3233453112
0.3231718206
0.3204268877
0.320075432
0.3205059638
0.3168296354
0.3167385243
0.3168423974
0.3171519457
0.3158531334
0.3187853054
0.319738891
0.3202507166
0.3181167731
0.3171344729
0.3180640587
0.3202896457
0.3192418083
0.3185806525
0.3217612249
0.3221391869
0.3203732404
0.3203358889
0.3216869322
0.3205025863
0.3193701701
0.3203692019
0.3214446255
0.3224882811
0.3221810044
0.3194937132
0.3196572986
0.3189202721
0.322455619
0.3220674398
0.3210860077
0.3189098331
0.3225096523
0.3202468429
0.3200190607
0.3177320663
0.319356996
0.3200649412
0.3208231729
0.318847141
0.3192163578
0.3200794273
0.3213789533
0.3236531175
0.3201550526
0.3192879441
0.3201613004
0.3214344555
0.320954634
0.3204196218
0.3189393731
0.320930717
0.3210379454
0.322356694
0.3227052553
0.3224684024
0.3193668577
0.3184934499
0.3168557888
0.3183798229
0.3187070459
0.3194843438
0.3190506
0.3191453731
0.3188491094
0.3197882324
0.3210401124
0.3193329566
0.3172404523
0.3178863382
0.3194031477
0.3200743682
0.3198758193
0.3218702194
0.3228126187
0.3227166221
0.3186461027
0.3164416779
0.3189327496
0.3153417967
0.3180238444
0.3181440044
0.3211650556
0.3201217805
0.3201467266
0.3219150497
0.3216925862
0.3203793738
0.3208175904
0.3206967991
0.3219188909
0.3211157428
0.3191505987
0.3185821568
0.3209332134
0.3181225455
0.3184496359
0.3191765445
0.3156783998
0.3188907162
0.3163455022
0.3182468965
0.3204233788
0.3194136593
0.3209724415
0.3186040431
0.3180641428
0.3210787965
0.3235773512
0.3244499082
0.3242314002
0.3210882258
0.3198594109
0.3189227848
0.3190324923
0.3184336183
0.3207649223
0.3227059682
0.3226420766
0.3207103077
0.3216242634
0.3193966649
0.3192287904
0.3195420676
0.3181923435
0.3210686645
0.3201637344
0.3182082776
0.3200497174
0.3226936921
0.3196419092
0.3199404789
0.3204872373
0.3206494496
0.3189536249
0.3223123622
0.322386633
0.3231323782
0.3209821058
0.3209448829
0.3190673334
0.3193341193
0.3217336339
0.3225496726
0.3213266417
0.3207066657
0.3201150413
0.3218735289
0.3205732408
0.3219265198
0.3195511915
0.3165950464
0.3184013932
0.3220358726
0.318992592
0.3197336723
0.3218791271
0.3211382861
0.3202704875
0.3207022124
0.3212126535
0.3204452175
0.3205498047
0.318345756
0.3186213431
0.3197866194
0.3209721356
0.3215892092
0.3215288337
0.3200184123
0.32088126
0.3211853151
0.3196364847
0.3180064953
0.3220884146
0.3212078694
0.3215689356
0.3207096718
0.3191846947
0.3179837527
0.317501286
0.3196803294
0.3196180984
0.3191473829
0.3188891599
0.3197294343
0.319586012
0.3203691946
0.3199426202
0.3226060309
0.3228656186
0.3223557199
0.320352231
0.3195118228
0.3212716995
0.3243582865
0.3243840089
0.3205818897
0.3173635315
0.319788887
0.3188881652
0.3176246138
0.3192336877
0.3195665301
0.3188250634
0.3196734229
0.3218782747
0.3218474394
0.3223352945
0.3237032338
0.3195592337
0.320199318
0.3224307906
0.3237407092
0.3223032252
0.3223885426
0.3240189541
0.3232097754
0.3221794033
0.3234540701
0.3217373121
0.3223454067
0.3190400999
0.3198563162
0.3225682306
0.3208799604
0.3219340519
0.3221818338
0.3209828931
0.3224982138
0.3241141012
0.3245833809
0.3236337999
0.3199288137
0.321323482
0.3197141012
0.3199503258
0.3208649447
0.3229875892
0.3230408776
0.3211496832
0.3207344305
0.3202176766
0.3195087645
0.3207393609
0.3203019875
0.3205495045
0.3215262502
0.322306767
0.321129967
0.3214727171
0.3201846773
0.3201332432
0.3206752977
0.3202329567
0.3218291752
0.3227566592
0.3201095126
0.3212938355
0.3197240484
0.3184695386
0.3198923734
0.3200165674
0.3213118293
0.3195047926
0.3219401655
0.3225621096
0.3215824445
0.3221439088
0.3218207053
0.3215094822
0.3218867548
0.3202504415
0.31972572
0.3202124613
0.3193995786
0.3192243325
0.3195332466
0.3190484143
0.3234802449
0.3230302046
0.3215754051
0.3197709147
0.3204808191
0.3199936448
0.3193768762
0.3193394463
0.3193372763
0.318194218
0.3191053483
0.3202150099
0.3212876471
0.3232253714
0.3202399099
0.3203444261
0.3182483433
0.3203119498
0.319259351
0.3208118167
0.3194505989
0.3192217727
0.3193380664
0.3193277217
0.319503206
0.3209246469
0.3220242022
0.320637377
0.3209666521
0.3217569146
0.3210536841
0.32102152
0.3201770841
0.3181377784
0.3202378707
0.3216987588
0.3232010524
0.3241394862
0.3246068095
0.3221665493
0.3198702542
0.318596506
0.3197161135
0.3169414467
0.3187817696
0.3182426754
0.3184060153
0.3180278252
0.3163093422
0.3193084128
0.3176987001
0.3182119611
0.3161074074
0.3179391157
0.3193480557
0.3177098358
0.3170683544
0.3174512177
0.3160407372
0.3190953397
0.3159153907
0.316870244
0.3184581625
0.3200696394
0.3216294962
0.322477861
0.3199909886
0.3190994907
0.3175395195
0.3164786946
0.3194130693
0.3194265098
0.3206998616
0.32051736
0.3193392219
0.3205260909
0.3195724869
0.31920813
0.3194990535
0.3179877356
0.3200094556
0.3202726227
0.3200770123
0.3198443951
0.3171903477
0.3194059721
0.319856144
0.3208822389
0.3197289035
0.3192198667
0.3176000979
0.3193241683
0.3180589641
0.3164830651
0.3174915588
0.3164287518
0.3179513791
0.3164872137
0.3183620005
0.3202736388
0.3185371643
0.3166496746
0.3173319685
0.320167008
0.3195220281
0.3193819499
0.3183217406
0.3194004681
0.3217643516
0.3227028277
0.322005568
0.320928727
0.320408587
0.3244806045
0.3222644142
0.3213908491
0.318975822
0.3198650558
0.3207745455
0.3192870276
0.3187237894
0.3193630916
0.3209479482
0.3205836239
0.32144208
0.3245762086
0.324329507
0.3243674711
0.3217454044
0.3205190777
0.3201147349
0.3191377876
0.3210686331
0.3206162162
0.3212194014
0.3199485911
0.3209127563
0.3203817956
0.3187058837
0.3186633564
0.3238596841
0.3234366044
0.3217327046
0.3206354662
0.3228998109
0.3237073823
0.3230949149
0.3225015041
0.3219626196
0.3205075017
0.3203021895
0.3212994361
0.3230983261
0.321059416
0.3204291365
0.3211848868
0.322361204
0.3219903038
0.3243393058
0.3246817195
0.3187489782
0.3198601903
0.3227000996
0.3210719981
0.3213701732
0.3214221718
0.322058395
0.3236368864
0.3234147447
0.3204083081
0.3194910651
0.3211633477
0.3218107073
0.3228502572
0.3235311713
0.3253355405
0.3230619965
0.3212035269
0.3188197209
0.3188745011
0.3193065487
0.3201459724
0.3198345434
0.3190447049
0.3188020667
0.3226584036
0.3218947651
0.3205973555
0.319293585
0.3191400313
0.3181733787
0.3181188877
0.3201960682
0.3208026292
0.3207253933
0.3197461496
0.3185229736
0.3190442296
0.3188997304
0.3191072525
0.3226535103
0.3199380912
0.3192726814
0.318247114
0.3208809125
0.3201682189
0.3185611958
0.3172551593
0.3167380577
0.3177969124
0.3202027836
0.3203971081
0.3173963939
0.3185118559
0.3198960476
0.3199387147
0.3187153376
0.3173210928
0.3189305979
0.3222073679
0.3219984085
0.3235529855
0.3232844822
0.3220531098
0.320905133
0.3221005468
0.3210820824
0.3221270816
0.320126182
0.3166112635
0.3197834821
0.3188040698
0.3211505709
0.3227846908
0.3242279117
0.3233403908
0.3215852764
0.3225579747
0.3224122262
0.3223970837
0.3184129491
0.3173151991
0.3176563044
0.3198356683
0.3203373953
0.319902653
0.3216078998
0.3215225255
0.3210867081
0.3219532295
0.3191253591
0.3199717618
0.3207368819
0.3210243686
0.3216926166
0.3228868417
0.3241795574
0.3235832175
0.3224392385
0.3202115546
0.3223874025
0.3223658055
0.3217774587
0.3235974374
0.3242637731
0.3251815419
0.3246717173
0.3243680911
0.3214512821
0.3217325094
0.3243737953
0.3221909271
0.3207211446
0.3201326099
0.3204778815
0.3211761966
0.32259941
0.3196523401
0.3214840713
0.3218943313
0.3198590639
0.3195032301
0.3203967189
0.3188976738
0.319260782
0.3181829797
0.321689084
0.3207785167
0.3205085392
0.3195912548
0.3198326528
0.3183850172
0.3174348809
0.3162195799
0.3209186073
0.3231521552
0.3207064595
0.3226116976
0.3232266166
0.321484946
0.3204451973
0.3213283844
0.3191491176
0.3208827071
0.3207230401
0.320579947
0.3207046512
0.3215685086
0.3232456448
0.3249203316
0.3251451598
0.3223575724
0.3202086773
0.3221299698
0.3220448165
0.3217290454
0.3220945293
0.3204077995
0.3215370524
0.3216297111
0.3198491535
0.3181982458
0.321197172
0.3231139006
0.3237594673
0.3247061099
0.3263117859
0.32354067
0.3196527367
0.3194790694
0.320450505
0.3210018118
0.3218178328
0.322642282
0.3192753616
0.318449743
0.3176677198
0.3201037881
0.319918522
0.320889576
0.3188805739
0.3173841201
0.3197029353
0.3207344422
0.320769993
0.3201542847
0.3195800429
0.3222927195
0.3232375335
0.3238263961
0.3217870677
0.3198363321
0.3209093003
0.3203946398
0.3220069711
0.3216569586
0.3197701823
0.320951594
0.3203555289
0.3197467365
0.3171030633
0.319911477
0.3203452805
0.3190307315
0.3191367662
0.3194150166
0.3210033236
0.3214908603
0.3210078943
0.3204605591
0.3207849319
0.3188177771
0.3178319793
0.319115014
0.318907518
0.3207547458
0.3192362459
0.322903663
0.3191278306
0.3173754309
0.3212144838
0.3224929351
0.3192293636
0.3187942012
0.3194143999
0.3212411986
0.3190588308
0.3183051198
0.320024367
0.3225596417
0.3215027679
0.3213076597
0.3199467553
0.3195110817
0.3191502137
0.3173905079
0.3190682465
0.3215268794
0.3215440643
0.3200890998
0.3207675043
0.3204073115
0.3199598384
0.3193367359
0.321791685
0.3172185782
0.3160535879
0.3175302555
0.3165416807
0.3164495535
0.3180123773
0.3171408575
0.319941226
0.3193689979
0.3192957509
0.3195415466
0.3216768447
0.322220764
0.3238897679
0.3202083467
0.319849641
0.3188414852
0.318357737
0.3194365448
0.318629489
0.3201480254
0.3203459231
0.3217256464
0.3214035916
0.323756569
0.3237866496
0.325131695
0.3248647975
0.3217295814
0.3179874757
0.3201756691
0.3200946951
0.3219592673
0.3194595901
0.3207867365
0.3222710143
0.3214820534
0.3189586558
0.3161919539
0.3151224396
0.318844702
0.3211159832
0.3228264375
0.3219790446
0.3233497279
0.3249577322
0.3244913709
0.3217581195
0.322237464
0.3253048519
0.3266224281
0.3258573915
0.3256809988
0.3222227725
0.3220358187
0.3226166261
0.3219072474
0.322715188
0.3209186489
0.3212984963
0.3177228704
0.3193349859
0.3205868733
0.319347731
0.3207276061
0.3191739533
0.3184159235
0.3198750259
0.3212859676
0.3220499344
0.320424767
0.3186689888
0.3188388791
0.3194614156
0.320119771
0.3211824555
0.3215888932
0.3211315961
0.3212860763
0.3222243637
0.3213844989
0.3194780166
0.3176348807
0.3203104241
0.3236351863
0.3241283141
0.3207560038
0.318856894
0.3173546597
0.3176761339
0.3154102877
0.3190827169
0.3174270648
0.3176796491
0.3189808223
0.3197414578
0.319299808
0.3201524009
0.3209691601
0.321719546
0.3212961803
0.3219199226
0.3226551061
0.3201927959
0.3183984288
0.3186400907
0.3183348903
0.318718683
0.3193695642
0.3174223807
0.3180778196
0.3221804732
0.3190960296
0.3197277808
0.3177746901
0.3198496127
0.3196413169
0.3195114538
0.3199902841
0.3204660066
0.3202596101
0.322735653
0.3230588234
0.3232137587
0.321435361
0.3219815106
0.3210969507
0.3224724974
0.3200306732
0.3190300898
0.3151546889
0.3169598262
0.3175545244
0.3189748372
0.3202828244
0.318974667
0.3227763098
0.3243909792
0.3225752539
0.3203861419
0.3194133083
0.3185656175
0.3188947718
0.3199231775
0.3193142856
0.3189504096
0.3191979844
0.3194982473
0.321009008
0.3208511792
0.3185812444
0.3182887341
0.3181181313
0.3196070726
0.3185132017
0.3205782206
0.321109595
0.3208716352
0.3228258962
0.3244774953
0.3238301561
0.3225017015
0.322168011
0.3217585058
0.3233144476
0.3223902521
0.3211352001
0.3180605113
0.3177946196
0.3173794041
0.3171557107
0.3179277635
0.3194943734
0.3204167377
0.320669514
0.321182447
0.3214020806
0.3213420222
0.3176333194
0.3157765291
0.316201505
0.3172105069
0.3167540469
0.322102482
0.3223696254
0.32282465
0.3252061154
0.3235433905
0.3225167957
0.3229944047
0.3235804082
0.3232554986
0.3196731353
0.3180696134
0.3193004807
0.3198936336
0.3199260995
0.3183197268
0.3196614965
0.3192359342
0.3190798569
0.3191588942
0.3203477625
0.321937999
0.3224846245
0.3237210811
0.324891558
0.3241848059
0.3240317049
0.3214055863
0.3216050384
0.3221648761
0.3226440242
0.3249910568
0.3218226099
0.3253077975
0.3256451428
0.3252626776
0.3217250897
0.321706596
0.3214402759
0.321065268
0.3213274514
0.3223821071
0.3194000183
0.3190011155
0.3168621329
0.3191471671
0.320412616
0.3208643128
0.3209865455
0.3227136689
0.3221168564
0.3225360599
0.3224601945
0.3231090123
0.3231106331
0.3235312314
0.3229322293
0.3207892385
0.3210500386
0.3205247831
0.3192405696
0.3199354457
0.3219431327
0.3228849795
0.3223148347
0.3216780857
0.3195077149
0.3201562709
0.3210307541
0.3221190902
0.3195794591
0.3189584714
0.3207042939
0.3214296295
0.322384609
0.3214057373
0.3202332677
0.3193986737
0.3192498601
0.3197533194
0.3222495386
0.3253707534
0.3235400597
0.3223196685
0.3229676218
0.3225328559
0.3238011717
0.3214288045
0.3220015751
0.3236019768
0.3242754867
0.3215513209
0.3200698047
0.3208055383
0.3212856599
0.3187374463
0.3200879384
0.319726227
0.3195597343
0.3187624663
0.3166515016
0.3180958206
0.3181394587
0.321291994
0.3232347253
0.3228008579
0.3203050981
0.3214232271
0.3215690465
0.3225914233
0.3191880067
0.319663669
0.3192971601
0.3207279714
0.3189925458
0.3176573576
0.3172846743
0.3174310599
0.3168205287
0.3167463287
0.3183649276
0.3166086212
0.3149572501
0.316401537
0.3194603577
0.3194503669
0.3183558076
0.3185901081
0.319682246
0.3188456388
0.3174684244
0.3203283747
0.321389426
0.3235256595
0.323643867
0.323054533
0.3199253912
0.3181916662
0.3181450986
0.3215392631
0.3204193559
0.3196740045
0.3211540554
0.3186444547
0.317141211
0.3172714879
0.3210806974
0.3228922832
0.3195577349
0.3163047926
0.3196340667
0.3198520209
0.3231179718
0.3206666411
0.320133588
0.3227076999
0.3221744372
0.3215951494
0.3206759911
0.3196717999
0.3243230649
0.3237239397
0.3212867286
0.323665362
0.3243742651
0.3251671492
0.3236887559
0.326480845
0.3232746813
0.3241654856
0.3204087993
0.3221863087
0.3215597955
0.316999101
0.3165198243
0.3184109864
0.3208337087
0.3220685739
0.3185659629
0.3199520667
0.3202137327
0.3205553149
0.3209787833
0.3196920702
0.3201676737
0.3216652628
0.3216706948
0.3190833055
0.3198253121
0.3226996318
0.319331698
0.3187978327
0.3191292996
0.3197673437
0.3200597761
0.3195393904
0.3188784096
0.3201223197
0.3226741312
0.3208909998
0.3200489084
0.3210043589
0.3173867136
0.3164388821
0.3172611183
0.3194378166
0.3184701686
0.3180110692
0.3205083835
0.3190010821
0.3198654952
0.3204235605
0.3204685996
0.3175442213
0.3187926054
0.3221833373
0.3205762984
0.3198126977
0.3218963156
0.318507109
0.3193461494
0.3190416936
0.3213055386
0.3210266499
0.3224293121
0.3208952561
0.3190903355
0.3190970584
0.3155206627
0.316295919
0.3185045237
0.3199333299
0.320403903
0.3179401325
0.3174806781
0.3183879981
0.3184216569
0.320215088
0.3204257725
0.3201557323
0.3196548375
0.321525337
0.3235753977
0.321945832
0.32378637
0.3214465351
0.3200035189
0.320089457
0.3206888198
0.3195643211
0.3203014624
0.3197047391
0.3198194771
0.3183848115
0.3214547187
0.3221322014
0.3209943866
0.3201313832
0.3206448191
0.3211471711
0.3224562489
0.3220444497
0.3214862256
0.317848265
0.3181097464
0.3186618697
0.3194611764
0.3205675864
0.320181181
0.3193471894
0.3211950818
0.3188389885
0.3181627606
0.3236391463
0.3216887781
0.3218319953
0.3207189443
0.3205843637
0.3178753559
0.3194972906
0.3170291383
0.3200430752
0.3219115223
0.319499342
0.3199960561
0.3180923661
0.3191425241
0.3189859798
0.320960151
0.3187263976
0.3183861194
0.3182204462
0.3214498951
0.3222866146
0.3230247944
0.3218423912
0.3191395122
0.3189808516
0.3185174659
0.3177068595
0.3193093604
0.3157751158
0.3174090069
0.3203706278
0.3214360757
0.3231374748
0.3225838577
0.3206442147
0.3194433816
0.3200506025
0.3215757828
0.321513674
0.3204373646
0.3173648313
0.3153185175
0.3174969384
0.320377564
0.320852879
0.3218458781
0.3194439374
0.320098968
0.3199615075
0.3192153527
0.3197075945
0.3195152611
0.321287056
0.3205795553
0.3223526163
0.3240200446
0.3237775147
0.321853141
0.322494747
0.3198906916
0.3202979607
0.3204603951
0.3204556549
0.3195182412
0.3186108903
0.3204934746
0.320386735
0.3222925253
0.3235847785
0.3228392025
0.3231951989
0.323325348
0.3241943509
0.3229547152
0.3238886574
0.3200753448
0.3200751779
0.3216222941
0.3229363712
0.3231972919
0.3228546853
0.3222566997
0.3213251808
0.3225713993
0.3214549015
0.3194338053
0.3183318878
0.3184426291
0.3148386379
0.313799568
0.3164231599
0.3185102581
0.3202141336
0.3215920581
0.3220275274
0.321944536
0.321040216
0.3232271676
0.3250008189
0.3233632171
0.3211736415
0.32274399
0.3237697382
0.3210297684
0.3218650554
0.3208827757
0.3195271941
0.3207270794
0.3202462628
0.3193216109
0.321196666
0.3213059692
0.3188045771
0.3198975817
0.321665341
0.3209204436
0.3206848181
0.320794068
0.320000406
0.3212217953
0.3193531383
0.3191002612
0.3172091793
0.319675793
0.3230656066
0.3242013489
0.3226235105
0.3223698539
0.322483216
0.3225538562
0.3224769748
0.3228998374
0.3239614745
0.3215652723
0.321154408
0.3214839388
0.321324278
0.3216221998
0.3215300522
0.3230277076
0.3232498101
0.3208769078
0.3210146071
0.3193903564
0.3197778286
0.3208787205
0.3239735884
0.3228242565
0.3221349457
0.3204938246
0.3191082891
0.3176499627
0.3182592186
0.3242331943
0.3227398735
0.321939912
0.3191801913
0.3208835798
0.3196112651
0.3223533389
0.3202103083
0.3213397998
0.3202114288
0.321558309
0.3186297573
0.3183863043
0.3182485496
0.3194323115
0.3191602021
0.3197470558
0.3195158212
0.3185302986
0.3194540201
0.3181135648
0.3193451297
0.3203726929
0.3227107544
0.3212118591
0.3205635558
0.3200596582
0.3195834594
0.3196756878
0.3203369252
0.320486424
0.3199623114
0.3180558005
0.317826491
0.3169256497
0.3185981626
0.3205509081
0.3219492922
0.3217367866
0.3196145998
0.3168894721
0.3170152723
0.316502643
0.31542155
0.3154902319
0.3172443593
0.3180607952
0.321577889
0.322253281
0.3230961943
0.324184769
0.3216491693
0.3215683224
0.3197201539
0.3184334209
0.3197890022
0.3223383662
0.3224587093
0.3190669933
0.3194486169
0.3203642602
0.3186860115
0.322579626
0.3223336966
0.3207427883
0.3195458233
0.3216647865
0.3204650761
0.3219695261
0.320249199
0.3205019518
0.3203635988
0.3228373726
0.3232529137
0.3197177206
0.3184142702
0.3184697618
0.3179468107
0.3176965112
0.3199688052
0.31952572
0.3207162884
0.3225834851
0.321227005
0.3235910295
0.3238303772
0.3220706127
0.3253815399
0.3230284284
0.3224661558
0.3206899361
0.3220973337
0.3213944046
0.3193733719
0.3208804627
0.3202172804
0.3189773316
0.319229394
0.3204742139
0.3213017156
0.3224204585
0.3225902444
0.3220511445
0.3229938169
0.3210442939
0.3206387893
0.3228689401
0.3214607295
0.3191950821
0.3215133909
0.3218677727
0.3223599262
0.3214021807
0.3207020574
0.3205550772
0.3206134261
0.3214575052
0.3226558533
0.3222866047
0.3208880635
0.3192669579
0.3177172769
0.3227518463
0.3198263833
0.3185912949
0.3188468392
0.3195804986
0.3179972096
0.3193668668
0.3184859693
0.3199636886
0.3190120356
0.3177433521
0.3190729724
0.3171128579
0.3165594153
0.3164153118
0.3173119978
0.317804523
0.3188921026
0.3190583821
0.3220421242
0.3219008135
0.3201688507
0.3160461635
0.3147840105
0.3168708232
0.3198952968
0.319775285
0.3221832196
0.3249774368
0.3231301226
0.3218282407
0.3238621856
0.324358535
0.323373033
0.3221222526
0.3216289671
0.3206452973
0.3214277658
0.3212515671
0.3219380694
0.3226408883
0.3223512455
0.3229687324
0.3226700506
0.3235226087
0.3240676163
0.324877857
0.3216800259
0.3217583197
0.3218094993
0.3251413085
0.3236337083
0.3216633784
0.3226859598
0.322262081
0.3235232327
0.3222216688
0.3222391251
0.3210786522
0.319705607
0.3188079546
0.323967752
0.3246864662
0.3240901735
0.3235459947
0.321047984
0.3186197164
0.3177577028
0.3193190845
0.3202401847
0.3191488112
0.3203540688
0.3191508677
0.319901166
0.32061103
0.3207010185
0.3216693233
0.3217796301
0.3219639089
0.3219216211
0.3195766177
0.3209359539
0.3185305534
0.3192269135
0.3221307746
0.3192772685
0.3200446318
0.3179050405
0.3205743877
0.3222012269
0.3225714353
0.3237695097
0.3227985406
0.3227737061
0.3219402002
0.3191768178
0.3186528966
0.3213909837
0.3232295521
0.3246524856
0.3214188963
0.3219277714
0.3186732012
0.3169042778
0.3187162385
0.3195808561
0.3201165836
0.3183521808
0.3187527755
0.3197626112
0.316195042
0.3179266213
0.3169883628
0.3194606904
0.320744827
0.3232803055
0.3239780303
0.319762402
0.3176036417
0.3191070203
0.3214847639
0.3227449583
0.3213230985
0.3200699386
0.3180559743
0.3257760551
0.3236933878
0.3209514478
0.3204010237
0.3178235079
0.319512283
0.3172049218
0.3167567474
0.3189640523
0.3170216875
0.3148073669
0.3172043
0.3167094348
0.3182517298
0.3195818244
0.3220128982
0.3226201962
0.3217718897
0.3203082428
0.3251804528
0.3193048912
0.3197405391
0.3214855756
0.3209926218
0.3214644501
0.320084471
0.3200817411
0.3192785235
0.3181568648
0.3205490378
0.3209460394
0.3227897552
0.323869815
0.3211746723
0.3218620049
0.3221237116
0.3210464841
0.3224109839
0.3235385532
0.3218353757
0.3194905992
0.3188256239
0.318905763
0.3198200754
0.3202901594
0.3202939316
0.3203211861
0.3199666297
0.3177644512
0.3172353882
0.3176713302
0.3193062616
0.3205319339
0.320152542
0.318767199
0.321404216
0.3212169556
0.3225832142
0.3211238289
0.3203178446
0.3198209343
0.319304424
0.3192897928
0.319669242
0.3197320503
0.3216610883
0.3217462033
0.3193064037
0.3220310757
0.3239966234
0.3221069986
0.3205224577
0.3183370309
0.3169463302
0.317737625
0.3175604392
0.3216658158
0.3219530982
0.3227657214
0.3204895538
0.3174117781
0.3209649402
0.3224291078
0.3211095489
0.3205927708
0.3188419125
0.3183006579
0.3187962316
0.3217949527
0.3203511923
0.3178303849
0.3184606517
0.3198920063
0.3208310515
0.3193732245
0.3184066731
0.3186296049
0.3191396877
0.3167155474
0.3157107187
0.3218927308
0.3220663916
0.3230496598
0.3236630342
0.3216223171
0.3230483462
0.3225624607
0.3213533581
0.319763013
0.3194569645
0.3203287871
0.3177317894
0.3167784172
0.3180453561
0.3165943377
0.3163198525
0.3175546006
0.320793508
0.3219420242
0.3198538456
0.3213321275
0.3202307168
0.3206469071
0.3206197921
0.3185500498
0.3196946445
0.320007747
0.3200445599
0.3194205998
0.3190823919
0.3190448986
0.3191587846
0.3210300387
0.319875871
0.3195249988
0.3166288876
0.3191806345
0.3193742273
0.320185834
0.3218172207
0.3203300146
0.3203528811
0.3206392729
0.3217836496
0.3212455963
0.3164694105
0.3182209622
0.3223281914
0.3210408837
0.3198407849
0.3219926359
0.3221671621
0.3218941117
0.3245341286
0.3232698364
0.320828563
0.3220982097
0.3265559634
0.3249964111
0.3220129936
0.3186480253
0.3182964997
0.3180503038
0.3178739162
0.3194153211
0.3206107273
0.3210495872
0.3220545347
0.3217329678
0.3216534427
0.321722097
0.3216028444
0.3198394602
0.3192407768
0.320483882
0.3224914378
0.3213812675
0.3191402677
0.3201932031
0.3178028772
0.3207024738
0.3231489772
0.3211671921
0.3195237368
0.3226727636
0.3192935084
0.3200826184
0.3203482287
0.3189701398
0.3190970357
0.3206577955
0.3192960479
0.3204868518
0.3207879484
0.3179133184
0.3156697912
0.3180412909
0.3216699311
0.3203664924
0.3212889172
0.3195015659
0.3199176774
0.3212798643
0.3221424879
0.319172301
0.3212787479
0.3184412546
0.3203962275
0.319320349
0.3183669585
0.3182931256
0.3211014183
0.3219163987
0.3218934672
0.3198771448
0.3181652659
0.3186500215
0.3189533647
0.319551018
0.3195494227
0.3216609567
0.3210792156
0.3216159084
0.3187299454
0.3191517197
0.3201112657
0.3199734999
0.3213626112
0.3206781642
0.3190748992
0.3185138871
0.317829451
0.3184346035
0.318813522
0.3224120395
0.3210689715
0.3193938718
0.3204115219
0.3230397085
0.3223355094
0.3253866496
0.3203664767
0.319998224
0.3226559338
0.32322186
0.3217557053
0.3223716724
0.323963272
0.3234591938
0.3251504692
0.3243600795
0.320636308
0.3180731199
0.3193724238
0.3221822845
0.3234672398
0.3234915888
0.325517027
0.3264661623
0.3268095394
0.3171408037
0.3194689602
0.32222729
0.3220503939
0.3218058369
0.3205936575
0.3189239403
0.3161298931
0.3165458062
0.3168690061
0.3172162672
0.318470531
0.3220983394
0.3229173938
0.3222969081
0.3225047931
0.322366089
0.3237839946
0.3223109155
0.317456033
)
;

boundaryField
{
    xPeriodic_half0
    {
        type            cyclic;
    }
    xPeriodic_half1
    {
        type            cyclic;
    }
    yPeriodic_half0
    {
        type            cyclic;
    }
    yPeriodic_half1
    {
        type            cyclic;
    }
    zPeriodic_half0
    {
        type            cyclic;
    }
    zPeriodic_half1
    {
        type            cyclic;
    }
}


// ************************************************************************* //
