/*--------------------------------*- C++ -*----------------------------------*\
| =========                 |                                                 |
| \\      /  F ield         | OpenFOAM: The Open Source CFD Toolbox           |
|  \\    /   O peration     | Version:  v1706                                 |
|   \\  /    A nd           | Web:      www.OpenFOAM.com                      |
|    \\/     M anipulation  |                                                 |
\*---------------------------------------------------------------------------*/
FoamFile
{
    version     2.0;
    format      ascii;
    class       volScalarField;
    location    "0.01";
    object      rhoM_O2;
}
// * * * * * * * * * * * * * * * * * * * * * * * * * * * * * * * * * * * * * //

dimensions      [1 -3 0 0 0 0 0];


internalField   nonuniform List<scalar> 
5120
(
1.186615808e-06
1.191247872e-06
1.188060672e-06
1.18925056e-06
1.189888e-06
1.19222528e-06
1.186573312e-06
1.181303808e-06
1.178711552e-06
1.179603968e-06
1.182833664e-06
1.18946304e-06
1.18733824e-06
1.185085952e-06
1.186530816e-06
1.187678208e-06
1.193245184e-06
1.188443136e-06
1.180666368e-06
1.184278528e-06
1.195879936e-06
1.196347392e-06
1.187465728e-06
1.185085952e-06
1.189080576e-06
1.184448512e-06
1.18840064e-06
1.1835136e-06
1.185510912e-06
1.182493696e-06
1.185468416e-06
1.185255936e-06
1.19052544e-06
1.192990208e-06
1.199407104e-06
1.19222528e-06
1.201234432e-06
1.199279616e-06
1.197707264e-06
1.200809472e-06
1.177394176e-06
1.173569536e-06
1.176416768e-06
1.177011712e-06
1.165537792e-06
1.16821504e-06
1.175906816e-06
1.177521664e-06
1.184576e-06
1.172167168e-06
1.181133824e-06
1.180793856e-06
1.177394176e-06
1.164475392e-06
1.17310208e-06
1.179179008e-06
1.183343616e-06
1.178031616e-06
1.178244096e-06
1.175354368e-06
1.185255936e-06
1.179221504e-06
1.179094016e-06
1.17798912e-06
1.187848192e-06
1.186360832e-06
1.19498752e-06
1.1983872e-06
1.19541248e-06
1.18755072e-06
1.18500096e-06
1.17756416e-06
1.178456576e-06
1.1867008e-06
1.186318336e-06
1.189633024e-06
1.183853568e-06
1.18818816e-06
1.187295744e-06
1.189378048e-06
1.215003136e-06
1.22006016e-06
1.2175104e-06
1.2079488e-06
1.197919744e-06
1.19859968e-06
1.192777728e-06
1.189123072e-06
1.194690048e-06
1.188528128e-06
1.180028928e-06
1.174206976e-06
1.181431296e-06
1.178966528e-06
1.176629248e-06
1.183598592e-06
1.191885312e-06
1.193840128e-06
1.19477504e-06
1.200766976e-06
1.187678208e-06
1.175269376e-06
1.171062272e-06
1.186785792e-06
1.193117696e-06
1.1920128e-06
1.191885312e-06
1.191927808e-06
1.192267776e-06
1.18840064e-06
1.195582464e-06
1.197792256e-06
1.184958464e-06
1.175736832e-06
1.17990144e-06
1.176459264e-06
1.174929408e-06
1.170297344e-06
1.176119296e-06
1.181516288e-06
1.184745984e-06
1.172082176e-06
1.177181696e-06
1.194520064e-06
1.185510912e-06
1.185723392e-06
1.186105856e-06
1.182323712e-06
1.183258624e-06
1.184236032e-06
1.185893376e-06
1.173357056e-06
1.177436672e-06
1.178541568e-06
1.179773952e-06
1.182196224e-06
1.193627648e-06
1.197409792e-06
1.182111232e-06
1.193372672e-06
1.167662592e-06
1.178966528e-06
1.181261312e-06
1.185893376e-06
1.179561472e-06
1.171274752e-06
1.183216128e-06
1.181473792e-06
1.187593216e-06
1.193840128e-06
1.19562496e-06
1.194477568e-06
1.19392512e-06
1.189505536e-06
1.187040768e-06
1.173357056e-06
1.156996096e-06
1.163710464e-06
1.168342528e-06
1.163328e-06
1.190185472e-06
1.187508224e-06
1.180581376e-06
1.184108544e-06
1.179773952e-06
1.186403328e-06
1.1760768e-06
1.171444736e-06
1.161033216e-06
1.15971584e-06
1.170084864e-06
1.174121984e-06
1.186190848e-06
1.192097792e-06
1.189420544e-06
1.194392576e-06
1.192140288e-06
1.198472192e-06
1.18330112e-06
1.184023552e-06
1.175184384e-06
1.171147264e-06
1.183556096e-06
1.18223872e-06
1.187848192e-06
1.198557184e-06
1.2026368e-06
1.205314048e-06
1.208416256e-06
1.207821312e-06
1.197579776e-06
1.213983232e-06
1.211390976e-06
1.203954176e-06
1.196984832e-06
1.190567936e-06
1.183343616e-06
1.18967552e-06
1.18415104e-06
1.179136512e-06
1.198302208e-06
1.204719104e-06
1.214918144e-06
1.201489408e-06
1.196134912e-06
1.187465728e-06
1.18500096e-06
1.19137536e-06
1.19923712e-06
1.206631424e-06
1.206546432e-06
1.203996672e-06
1.204719104e-06
1.20242432e-06
1.210881024e-06
1.209478656e-06
1.203784192e-06
1.192182784e-06
1.193670144e-06
1.194732544e-06
1.17735168e-06
1.17522688e-06
1.176884224e-06
1.16991488e-06
1.16842752e-06
1.16502784e-06
1.172847104e-06
1.18181376e-06
1.183386112e-06
1.186998272e-06
1.19158784e-06
1.195794944e-06
1.196814848e-06
1.194180096e-06
1.189590528e-06
1.193032704e-06
1.193117696e-06
1.201531904e-06
1.21177344e-06
1.197409792e-06
1.197622272e-06
1.199959552e-06
1.195454976e-06
1.197792256e-06
1.201106944e-06
1.196432384e-06
1.182621184e-06
1.177011712e-06
1.180921344e-06
1.186105856e-06
1.182536192e-06
1.200554496e-06
1.200851968e-06
1.19541248e-06
1.195157504e-06
1.1941376e-06
1.18415104e-06
1.185255936e-06
1.18755072e-06
1.192140288e-06
1.161033216e-06
1.170637312e-06
1.181048832e-06
1.18266368e-06
1.181516288e-06
1.1867008e-06
1.192267776e-06
1.186530816e-06
1.185935872e-06
1.183046144e-06
1.18415104e-06
1.172804608e-06
1.161160704e-06
1.180496384e-06
1.188655616e-06
1.183853568e-06
1.188655616e-06
1.17565184e-06
1.180071424e-06
1.169617408e-06
1.19498752e-06
1.185978368e-06
1.178074112e-06
1.166642688e-06
1.170722304e-06
1.167407616e-06
1.17225216e-06
1.167322624e-06
1.177606656e-06
1.188570624e-06
1.191885312e-06
1.18415104e-06
1.18223872e-06
1.1782016e-06
1.181643776e-06
1.182366208e-06
1.190355456e-06
1.189505536e-06
1.189930496e-06
1.19774976e-06
1.175949312e-06
1.166982656e-06
1.16842752e-06
1.17628928e-06
1.17416448e-06
1.17246464e-06
1.177479168e-06
1.183896064e-06
1.17841408e-06
1.166345216e-06
1.169319936e-06
1.166642688e-06
1.165282816e-06
1.157463552e-06
1.159375872e-06
1.160480768e-06
1.163030528e-06
1.170084864e-06
1.17437696e-06
1.183556096e-06
1.163412992e-06
1.17756416e-06
1.178711552e-06
1.183386112e-06
1.172974592e-06
1.17862656e-06
1.18308864e-06
1.17735168e-06
1.170212352e-06
1.175481856e-06
1.173994496e-06
1.173909504e-06
1.175099392e-06
1.18393856e-06
1.186615808e-06
1.190567936e-06
1.200554496e-06
1.193032704e-06
1.1877632e-06
1.1824512e-06
1.165622784e-06
1.181473792e-06
1.179179008e-06
1.173654528e-06
1.174971904e-06
1.179179008e-06
1.168597504e-06
1.167705088e-06
1.17650176e-06
1.174546944e-06
1.17777664e-06
1.179858944e-06
1.182918656e-06
1.187848192e-06
1.189165568e-06
1.190695424e-06
1.188358144e-06
1.19350016e-06
1.182961152e-06
1.175354368e-06
1.199492096e-06
1.197707264e-06
1.204591616e-06
1.204676608e-06
1.183173632e-06
1.188145664e-06
1.189293056e-06
1.184958464e-06
1.186190848e-06
1.191545344e-06
1.190652928e-06
1.189165568e-06
1.184066048e-06
1.183343616e-06
1.17012736e-06
1.172719616e-06
1.163455488e-06
1.162860544e-06
1.180496384e-06
1.190355456e-06
1.18117632e-06
1.186658304e-06
1.185510912e-06
1.186785792e-06
1.192267776e-06
1.185935872e-06
1.179221504e-06
1.182153728e-06
1.181983744e-06
1.186148352e-06
1.183343616e-06
1.197409792e-06
1.194605056e-06
1.18521344e-06
1.172422144e-06
1.166175232e-06
1.174419456e-06
1.178329088e-06
1.1877632e-06
1.190440448e-06
1.177436672e-06
1.169447424e-06
1.177394176e-06
1.184533504e-06
1.183386112e-06
1.18436352e-06
1.190057984e-06
1.181261312e-06
1.186658304e-06
1.181516288e-06
1.190227968e-06
1.193202688e-06
1.195667456e-06
1.198089728e-06
1.202976768e-06
1.205993984e-06
1.200384512e-06
1.192777728e-06
1.18903808e-06
1.178329088e-06
1.16864e-06
1.165367808e-06
1.16800256e-06
1.162988032e-06
1.171147264e-06
1.178329088e-06
1.180793856e-06
1.18053888e-06
1.177096704e-06
1.192947712e-06
1.178116608e-06
1.175949312e-06
1.169999872e-06
1.180156416e-06
1.17565184e-06
1.180411392e-06
1.183471104e-06
1.187380736e-06
1.172847104e-06
1.16290304e-06
1.206546432e-06
1.205356544e-06
1.203189248e-06
1.198429696e-06
1.194647552e-06
1.194392576e-06
1.19881216e-06
1.205781504e-06
1.20178688e-06
1.196092416e-06
1.198854656e-06
1.189378048e-06
1.195369984e-06
1.187720704e-06
1.196984832e-06
1.195879936e-06
1.19392512e-06
1.193330176e-06
1.203826688e-06
1.212155904e-06
1.18925056e-06
1.187933184e-06
1.18946304e-06
1.18436352e-06
1.186020864e-06
1.192990208e-06
1.19010048e-06
1.1803264e-06
1.183981056e-06
1.192565248e-06
1.194435072e-06
1.185170944e-06
1.18075136e-06
1.182621184e-06
1.179094016e-06
1.178924032e-06
1.181516288e-06
1.18223872e-06
1.174334464e-06
1.18160128e-06
1.186615808e-06
1.18627584e-06
1.187040768e-06
1.190355456e-06
1.190865408e-06
1.180581376e-06
1.1856384e-06
1.180666368e-06
1.18925056e-06
1.1824512e-06
1.16672768e-06
1.166175232e-06
1.170679808e-06
1.173782016e-06
1.175779328e-06
1.183896064e-06
1.191120384e-06
1.184958464e-06
1.190057984e-06
1.1888256e-06
1.181473792e-06
1.176756736e-06
1.18478848e-06
1.172337152e-06
1.172549632e-06
1.173017088e-06
1.184660992e-06
1.181048832e-06
1.18117632e-06
1.174674432e-06
1.18223872e-06
1.185255936e-06
1.183216128e-06
1.182111232e-06
1.183216128e-06
1.189208064e-06
1.200596992e-06
1.198854656e-06
1.190015488e-06
1.182961152e-06
1.184873472e-06
1.186190848e-06
1.181728768e-06
1.179306496e-06
1.18011392e-06
1.195115008e-06
1.19052544e-06
1.195284992e-06
1.196814848e-06
1.194520064e-06
1.203571712e-06
1.189972992e-06
1.1920128e-06
1.18903808e-06
1.184406016e-06
1.193415168e-06
1.19010048e-06
1.189080576e-06
1.197622272e-06
1.187168256e-06
1.174716928e-06
1.176544256e-06
1.17650176e-06
1.192352768e-06
1.206418944e-06
1.203401728e-06
1.184321024e-06
1.184703488e-06
1.181261312e-06
1.174206976e-06
1.183768576e-06
1.187380736e-06
1.181898752e-06
1.183173632e-06
1.175949312e-06
1.15631616e-06
1.16056576e-06
1.164772864e-06
1.159885824e-06
1.167960064e-06
1.176671744e-06
1.163158016e-06
1.171997184e-06
1.181983744e-06
1.174716928e-06
1.172082176e-06
1.1771392e-06
1.174759424e-06
1.16587776e-06
1.167195136e-06
1.169957376e-06
1.171954688e-06
1.1707648e-06
1.17033984e-06
1.181771264e-06
1.186445824e-06
1.178244096e-06
1.165792768e-06
1.1728896e-06
1.18223872e-06
1.202806784e-06
1.196177408e-06
1.19137536e-06
1.182153728e-06
1.183173632e-06
1.189718016e-06
1.190227968e-06
1.184533504e-06
1.188230656e-06
1.195709952e-06
1.182408704e-06
1.185723392e-06
1.182706176e-06
1.185468416e-06
1.175694336e-06
1.178881536e-06
1.173187072e-06
1.17777664e-06
1.18160128e-06
1.199364608e-06
1.196304896e-06
1.193245184e-06
1.189378048e-06
1.195879936e-06
1.184448512e-06
1.197239808e-06
1.178244096e-06
1.184533504e-06
1.17756416e-06
1.180241408e-06
1.1813888e-06
1.181346304e-06
1.179391488e-06
1.18393856e-06
1.18521344e-06
1.189208064e-06
1.200129536e-06
1.200044544e-06
1.202381824e-06
1.195454976e-06
1.201319424e-06
1.189123072e-06
1.183768576e-06
1.184576e-06
1.169957376e-06
1.16609024e-06
1.167067648e-06
1.166855168e-06
1.165750272e-06
1.176204288e-06
1.17905152e-06
1.181006336e-06
1.18691328e-06
1.18946304e-06
1.194605056e-06
1.190185472e-06
1.185935872e-06
1.1771392e-06
1.173059584e-06
1.184066048e-06
1.194520064e-06
1.189845504e-06
1.183428608e-06
1.189930496e-06
1.192140288e-06
1.197069824e-06
1.18648832e-06
1.186148352e-06
1.188868096e-06
1.199747072e-06
1.192905216e-06
1.186190848e-06
1.180283904e-06
1.174334464e-06
1.175949312e-06
1.167535104e-06
1.16460288e-06
1.176671744e-06
1.181006336e-06
1.190907904e-06
1.182578688e-06
1.189165568e-06
1.187168256e-06
1.188315648e-06
1.198727168e-06
1.193202688e-06
1.19371264e-06
1.204591616e-06
1.196177408e-06
1.193670144e-06
1.192182784e-06
1.1856384e-06
1.17905152e-06
1.178159104e-06
1.165495296e-06
1.17480192e-06
1.175311872e-06
1.188570624e-06
1.188315648e-06
1.180028928e-06
1.186870784e-06
1.1877632e-06
1.179136512e-06
1.188655616e-06
1.200044544e-06
1.200342016e-06
1.190227968e-06
1.18117632e-06
1.18075136e-06
1.174546944e-06
1.173569536e-06
1.17097728e-06
1.177946624e-06
1.171784704e-06
1.191672832e-06
1.191970304e-06
1.199322112e-06
1.191290368e-06
1.188910592e-06
1.189505536e-06
1.183046144e-06
1.177521664e-06
1.17990144e-06
1.176671744e-06
1.17862656e-06
1.181941248e-06
1.180156416e-06
1.192097792e-06
1.184193536e-06
1.184745984e-06
1.188995584e-06
1.18330112e-06
1.183598592e-06
1.193202688e-06
1.183386112e-06
1.189208064e-06
1.184958464e-06
1.184108544e-06
1.187040768e-06
1.181558784e-06
1.200809472e-06
1.199492096e-06
1.199577088e-06
1.201871872e-06
1.195922432e-06
1.198302208e-06
1.201234432e-06
1.197367296e-06
1.191460352e-06
1.189972992e-06
1.186360832e-06
1.18266368e-06
1.179391488e-06
1.178286592e-06
1.1877632e-06
1.175949312e-06
1.1760768e-06
1.1888256e-06
1.17947648e-06
1.186955776e-06
1.17756416e-06
1.175779328e-06
1.176204288e-06
1.178159104e-06
1.176246784e-06
1.180453888e-06
1.187848192e-06
1.194945024e-06
1.193755136e-06
1.191672832e-06
1.198259712e-06
1.195284992e-06
1.196347392e-06
1.194265088e-06
1.194647552e-06
1.190270464e-06
1.179136512e-06
1.171317248e-06
1.17416448e-06
1.174334464e-06
1.19137536e-06
1.195879936e-06
1.202339328e-06
1.205229056e-06
1.214153216e-06
1.205781504e-06
1.198259712e-06
1.198939648e-06
1.179858944e-06
1.1824512e-06
1.182153728e-06
1.19073792e-06
1.18925056e-06
1.197919744e-06
1.197197312e-06
1.204506624e-06
1.197919744e-06
1.200894464e-06
1.198514688e-06
1.196432384e-06
1.168937472e-06
1.1569536e-06
1.168130048e-06
1.17543936e-06
1.169107456e-06
1.17522688e-06
1.163030528e-06
1.172592128e-06
1.16906496e-06
1.175906816e-06
1.176459264e-06
1.179348992e-06
1.173994496e-06
1.17118976e-06
1.1697024e-06
1.182706176e-06
1.181558784e-06
1.186020864e-06
1.181983744e-06
1.172167168e-06
1.178116608e-06
1.189420544e-06
1.191077888e-06
1.193202688e-06
1.193585152e-06
1.183598592e-06
1.182196224e-06
1.186658304e-06
1.18861312e-06
1.185935872e-06
1.184236032e-06
1.183258624e-06
1.18287616e-06
1.183131136e-06
1.178031616e-06
1.169829888e-06
1.163922944e-06
1.157761024e-06
1.183641088e-06
1.186360832e-06
1.18393856e-06
1.178924032e-06
1.174546944e-06
1.177649152e-06
1.179136512e-06
1.183556096e-06
1.175056896e-06
1.1782016e-06
1.17055232e-06
1.175311872e-06
1.177266688e-06
1.171274752e-06
1.170892288e-06
1.16715264e-06
1.17650176e-06
1.173144576e-06
1.177054208e-06
1.175354368e-06
1.179306496e-06
1.184108544e-06
1.174929408e-06
1.178244096e-06
1.183811072e-06
1.179136512e-06
1.173909504e-06
1.172634624e-06
1.167025152e-06
1.17480192e-06
1.171019776e-06
1.172209664e-06
1.17033984e-06
1.179179008e-06
1.187040768e-06
1.190822912e-06
1.185680896e-06
1.177224192e-06
1.16184064e-06
1.165537792e-06
1.167620096e-06
1.164687872e-06
1.187083264e-06
1.190780416e-06
1.178031616e-06
1.173187072e-06
1.17756416e-06
1.182791168e-06
1.179306496e-06
1.17735168e-06
1.169149952e-06
1.17055232e-06
1.170892288e-06
1.174504448e-06
1.17331456e-06
1.164687872e-06
1.162818048e-06
1.178924032e-06
1.185510912e-06
1.183768576e-06
1.180198912e-06
1.179094016e-06
1.204081664e-06
1.203996672e-06
1.197197312e-06
1.190440448e-06
1.185765888e-06
1.195030016e-06
1.198047232e-06
1.202551808e-06
1.20391168e-06
1.205526528e-06
1.193627648e-06
1.190822912e-06
1.191035392e-06
1.195030016e-06
1.186743296e-06
1.18903808e-06
1.185765888e-06
1.19456256e-06
1.201064448e-06
1.20348672e-06
1.164517888e-06
1.170637312e-06
1.173782016e-06
1.187295744e-06
1.18585088e-06
1.178329088e-06
1.18011392e-06
1.179179008e-06
1.186148352e-06
1.188145664e-06
1.188060672e-06
1.18648832e-06
1.196559872e-06
1.19668736e-06
1.194520064e-06
1.191460352e-06
1.201404416e-06
1.190440448e-06
1.175736832e-06
1.171274752e-06
1.165537792e-06
1.171359744e-06
1.175736832e-06
1.184533504e-06
1.184491008e-06
1.180368896e-06
1.168597504e-06
1.173229568e-06
1.172422144e-06
1.170254848e-06
1.176119296e-06
1.184491008e-06
1.193457664e-06
1.20114944e-06
1.196007424e-06
1.194222592e-06
1.187593216e-06
1.182578688e-06
1.177224192e-06
1.16800256e-06
1.17650176e-06
1.183173632e-06
1.182111232e-06
1.174334464e-06
1.175396864e-06
1.174971904e-06
1.18521344e-06
1.189845504e-06
1.187253248e-06
1.18946304e-06
1.1824512e-06
1.186615808e-06
1.17118976e-06
1.17097728e-06
1.179391488e-06
1.173612032e-06
1.190992896e-06
1.1920128e-06
1.180836352e-06
1.176119296e-06
1.189972992e-06
1.189420544e-06
1.190822912e-06
1.190482944e-06
1.186445824e-06
1.184236032e-06
1.186785792e-06
1.184830976e-06
1.184491008e-06
1.187678208e-06
1.190865408e-06
1.186573312e-06
1.193670144e-06
1.19052544e-06
1.194605056e-06
1.201276928e-06
1.202339328e-06
1.1877632e-06
1.184703488e-06
1.194902528e-06
1.206206464e-06
1.209946112e-06
1.20284928e-06
1.202254336e-06
1.183258624e-06
1.184236032e-06
1.18117632e-06
1.1824512e-06
1.186785792e-06
1.186955776e-06
1.183598592e-06
1.177479168e-06
1.180836352e-06
1.17586432e-06
1.182748672e-06
1.187040768e-06
1.191842816e-06
1.187678208e-06
1.183811072e-06
1.201616896e-06
1.175141888e-06
1.179264e-06
1.183811072e-06
1.181473792e-06
1.191672832e-06
1.191970304e-06
1.188103168e-06
1.19711232e-06
1.183173632e-06
1.176629248e-06
1.178244096e-06
1.171997184e-06
1.179943936e-06
1.183853568e-06
1.174206976e-06
1.164772864e-06
1.170467328e-06
1.180198912e-06
1.17777664e-06
1.174419456e-06
1.194222592e-06
1.185085952e-06
1.18627584e-06
1.168470016e-06
1.171742208e-06
1.176884224e-06
1.17756416e-06
1.174631936e-06
1.19158784e-06
1.193202688e-06
1.19966208e-06
1.204081664e-06
1.199832064e-06
1.19286272e-06
1.20199936e-06
1.199152128e-06
1.198982144e-06
1.201319424e-06
1.201021952e-06
1.197579776e-06
1.167407616e-06
1.18308864e-06
1.187720704e-06
1.196857344e-06
1.187678208e-06
1.187465728e-06
1.184576e-06
1.185255936e-06
1.18160128e-06
1.182833664e-06
1.18585088e-06
1.191885312e-06
1.189590528e-06
1.182408704e-06
1.18330112e-06
1.183896064e-06
1.181218816e-06
1.17033984e-06
1.17033984e-06
1.173824512e-06
1.177181696e-06
1.169362432e-06
1.16502784e-06
1.167960064e-06
1.183768576e-06
1.18096384e-06
1.184660992e-06
1.183598592e-06
1.191672832e-06
1.19180032e-06
1.185595904e-06
1.184915968e-06
1.181303808e-06
1.180453888e-06
1.172167168e-06
1.164347904e-06
1.174036992e-06
1.180241408e-06
1.175821824e-06
1.178286592e-06
1.190142976e-06
1.192352768e-06
1.183768576e-06
1.198472192e-06
1.193882624e-06
1.188698112e-06
1.185765888e-06
1.181941248e-06
1.178244096e-06
1.17097728e-06
1.168045056e-06
1.186403328e-06
1.182536192e-06
1.173612032e-06
1.166472704e-06
1.161925632e-06
1.168342528e-06
1.175609344e-06
1.183386112e-06
1.19073792e-06
1.177946624e-06
1.177904128e-06
1.173994496e-06
1.167620096e-06
1.161670656e-06
1.150876672e-06
1.161373184e-06
1.16885248e-06
1.159630848e-06
1.158016e-06
1.166685184e-06
1.162350592e-06
1.170594816e-06
1.163243008e-06
1.170169856e-06
1.175694336e-06
1.174291968e-06
1.17735168e-06
1.173569536e-06
1.168724992e-06
1.167747584e-06
1.162223104e-06
1.161288192e-06
1.157931008e-06
1.160693248e-06
1.160098304e-06
1.1558912e-06
1.154276352e-06
1.164220416e-06
1.168767488e-06
1.169872384e-06
1.170297344e-06
1.176161792e-06
1.18436352e-06
1.176756736e-06
1.169234944e-06
1.173484544e-06
1.165750272e-06
1.15992832e-06
1.161160704e-06
1.179561472e-06
1.169659904e-06
1.171359744e-06
1.157676032e-06
1.170594816e-06
1.159333376e-06
1.154658816e-06
1.178371584e-06
1.163030528e-06
1.163667968e-06
1.17055232e-06
1.173612032e-06
1.18075136e-06
1.175311872e-06
1.176969216e-06
1.174079488e-06
1.190652928e-06
1.191077888e-06
1.194010112e-06
1.181091328e-06
1.166260224e-06
1.165920256e-06
1.161925632e-06
1.156061184e-06
1.157718528e-06
1.1558912e-06
1.1654528e-06
1.159970816e-06
1.177649152e-06
1.1803264e-06
1.186573312e-06
1.184618496e-06
1.173017088e-06
1.173952e-06
1.181686272e-06
1.183428608e-06
1.176544256e-06
1.173144576e-06
1.171699712e-06
1.172549632e-06
1.172549632e-06
1.180028928e-06
1.184406016e-06
1.188953088e-06
1.182621184e-06
1.174121984e-06
1.164560384e-06
1.1697024e-06
1.166557696e-06
1.167407616e-06
1.159460864e-06
1.163582976e-06
1.160055808e-06
1.172634624e-06
1.17671424e-06
1.183258624e-06
1.188315648e-06
1.182748672e-06
1.183258624e-06
1.175524352e-06
1.173654528e-06
1.16948992e-06
1.177649152e-06
1.184406016e-06
1.196007424e-06
1.179943936e-06
1.182791168e-06
1.17968896e-06
1.187465728e-06
1.190482944e-06
1.188358144e-06
1.17990144e-06
1.169787392e-06
1.174334464e-06
1.180921344e-06
1.176671744e-06
1.16460288e-06
1.163243008e-06
1.162818048e-06
1.17543936e-06
1.188315648e-06
1.179646464e-06
1.184618496e-06
1.175566848e-06
1.17990144e-06
1.179773952e-06
1.179009024e-06
1.187253248e-06
1.183386112e-06
1.187423232e-06
1.185595904e-06
1.178669056e-06
1.176671744e-06
1.174036992e-06
1.16694016e-06
1.168087552e-06
1.17543936e-06
1.18925056e-06
1.191672832e-06
1.189972992e-06
1.197622272e-06
1.193372672e-06
1.183811072e-06
1.178329088e-06
1.183981056e-06
1.1867008e-06
1.195539968e-06
1.198897152e-06
1.209903616e-06
1.210753536e-06
1.203529216e-06
1.193032704e-06
1.186530816e-06
1.178754048e-06
1.179816448e-06
1.189293056e-06
1.178584064e-06
1.174121984e-06
1.176799232e-06
1.191672832e-06
1.174206976e-06
1.177734144e-06
1.173994496e-06
1.175481856e-06
1.18606336e-06
1.187465728e-06
1.183853568e-06
1.179943936e-06
1.182748672e-06
1.171232256e-06
1.170382336e-06
1.175481856e-06
1.176034304e-06
1.189378048e-06
1.194860032e-06
1.1867008e-06
1.180581376e-06
1.178796544e-06
1.184491008e-06
1.18223872e-06
1.165622784e-06
1.180368896e-06
1.169999872e-06
1.172592128e-06
1.191035392e-06
1.195582464e-06
1.196432384e-06
1.195284992e-06
1.197792256e-06
1.199619584e-06
1.191630336e-06
1.20561152e-06
1.202721792e-06
1.199832064e-06
1.197494784e-06
1.194095104e-06
1.18712576e-06
1.18117632e-06
1.1824512e-06
1.184448512e-06
1.185170944e-06
1.17458944e-06
1.181983744e-06
1.1707648e-06
1.176204288e-06
1.177691648e-06
1.179009024e-06
1.184448512e-06
1.1760768e-06
1.169574912e-06
1.174249472e-06
1.180708864e-06
1.179433984e-06
1.178031616e-06
1.184406016e-06
1.179986432e-06
1.177224192e-06
1.17756416e-06
1.179094016e-06
1.169659904e-06
1.178966528e-06
1.184193536e-06
1.185808384e-06
1.186360832e-06
1.17692672e-06
1.181771264e-06
1.17756416e-06
1.182281216e-06
1.178159104e-06
1.191970304e-06
1.18818816e-06
1.18542592e-06
1.174759424e-06
1.172209664e-06
1.161755648e-06
1.179518976e-06
1.175821824e-06
1.165325312e-06
1.166047744e-06
1.17140224e-06
1.19583744e-06
1.18308864e-06
1.18861312e-06
1.188230656e-06
1.18712576e-06
1.17246464e-06
1.183216128e-06
1.189123072e-06
1.179179008e-06
1.174291968e-06
1.173357056e-06
1.169022464e-06
1.180878848e-06
1.188485632e-06
1.190440448e-06
1.189760512e-06
1.17756416e-06
1.187848192e-06
1.198089728e-06
1.195072512e-06
1.189165568e-06
1.19392512e-06
1.199152128e-06
1.180836352e-06
1.17458944e-06
1.181431296e-06
1.188358144e-06
1.196729856e-06
1.207778816e-06
1.199364608e-06
1.191630336e-06
1.185808384e-06
1.176034304e-06
1.179264e-06
1.16502784e-06
1.179773952e-06
1.179816448e-06
1.19541248e-06
1.193967616e-06
1.191842816e-06
1.191035392e-06
1.188358144e-06
1.187933184e-06
1.180496384e-06
1.180071424e-06
1.167280128e-06
1.166557696e-06
1.168597504e-06
1.166345216e-06
1.170679808e-06
1.17543936e-06
1.18223872e-06
1.189335552e-06
1.20199936e-06
1.200427008e-06
1.20008704e-06
1.19796224e-06
1.184108544e-06
1.169192448e-06
1.189293056e-06
1.176586752e-06
1.168809984e-06
1.189548032e-06
1.187508224e-06
1.178711552e-06
1.183471104e-06
1.178796544e-06
1.172507136e-06
1.171317248e-06
1.164772864e-06
1.15567872e-06
1.1675776e-06
1.158610944e-06
1.164985344e-06
1.173824512e-06
1.171232256e-06
1.18011392e-06
1.176204288e-06
1.181516288e-06
1.169574912e-06
1.17352704e-06
1.173569536e-06
1.172932096e-06
1.162945536e-06
1.168045056e-06
1.173697024e-06
1.18053888e-06
1.186743296e-06
1.203359232e-06
1.218487808e-06
1.204081664e-06
1.201191936e-06
1.18117632e-06
1.178371584e-06
1.169192448e-06
1.164560384e-06
1.15716608e-06
1.169532416e-06
1.17267712e-06
1.174206976e-06
1.16481536e-06
1.180581376e-06
1.178924032e-06
1.190610432e-06
1.191502848e-06
1.188273152e-06
1.187848192e-06
1.166430208e-06
1.170297344e-06
1.164007936e-06
1.173442048e-06
1.165282816e-06
1.167875072e-06
1.17437696e-06
1.167322624e-06
1.178031616e-06
1.18903808e-06
1.183173632e-06
1.179731456e-06
1.170467328e-06
1.168045056e-06
1.150664192e-06
1.151089152e-06
1.153426432e-06
1.156911104e-06
1.158993408e-06
1.169957376e-06
1.177181696e-06
1.185255936e-06
1.182366208e-06
1.17735168e-06
1.168512512e-06
1.17543936e-06
1.182706176e-06
1.181516288e-06
1.171317248e-06
1.166047744e-06
1.170254848e-06
1.170467328e-06
1.169107456e-06
1.17905152e-06
1.169447424e-06
1.178881536e-06
1.168979968e-06
1.17140224e-06
1.183343616e-06
1.169022464e-06
1.168894976e-06
1.172124672e-06
1.167535104e-06
1.16630272e-06
1.168979968e-06
1.16184064e-06
1.16035328e-06
1.15929088e-06
1.164432896e-06
1.165410304e-06
1.170042368e-06
1.163880448e-06
1.162563072e-06
1.181431296e-06
1.18393856e-06
1.16885248e-06
1.172974592e-06
1.176161792e-06
1.177946624e-06
1.191842816e-06
1.185510912e-06
1.177946624e-06
1.171274752e-06
1.175269376e-06
1.180411392e-06
1.175524352e-06
1.168385024e-06
1.172337152e-06
1.165622784e-06
1.1590784e-06
1.169319936e-06
1.181643776e-06
1.186828288e-06
1.188868096e-06
1.19073792e-06
1.195964928e-06
1.197792256e-06
1.181516288e-06
1.182706176e-06
1.184873472e-06
1.178244096e-06
1.17735168e-06
1.178584064e-06
1.170934784e-06
1.17246464e-06
1.180028928e-06
1.183343616e-06
1.184193536e-06
1.18542592e-06
1.19180032e-06
1.182578688e-06
1.177394176e-06
1.179603968e-06
1.190567936e-06
1.194817536e-06
1.190780416e-06
1.186615808e-06
1.189760512e-06
1.19010048e-06
1.19328768e-06
1.192055296e-06
1.186658304e-06
1.178329088e-06
1.171997184e-06
1.16396544e-06
1.174461952e-06
1.175694336e-06
1.181983744e-06
1.187593216e-06
1.173697024e-06
1.177436672e-06
1.1771392e-06
1.190652928e-06
1.191545344e-06
1.2015744e-06
1.200596992e-06
1.198089728e-06
1.203656704e-06
1.202466816e-06
1.19498752e-06
1.195667456e-06
1.18500096e-06
1.183343616e-06
1.190992896e-06
1.193415168e-06
1.198217216e-06
1.19774976e-06
1.182791168e-06
1.179221504e-06
1.179391488e-06
1.192182784e-06
1.18606336e-06
1.177309184e-06
1.170849792e-06
1.18287616e-06
1.19711232e-06
1.200979456e-06
1.187805696e-06
1.182621184e-06
1.17650176e-06
1.182068736e-06
1.18308864e-06
1.196942336e-06
1.186828288e-06
1.185893376e-06
1.178371584e-06
1.168512512e-06
1.16715264e-06
1.167237632e-06
1.170637312e-06
1.175056896e-06
1.180581376e-06
1.175396864e-06
1.179986432e-06
1.177606656e-06
1.17352704e-06
1.175779328e-06
1.18393856e-06
1.179858944e-06
1.185680896e-06
1.173569536e-06
1.174886912e-06
1.188528128e-06
1.189378048e-06
1.179731456e-06
1.178966528e-06
1.178286592e-06
1.177309184e-06
1.182621184e-06
1.186530816e-06
1.183046144e-06
1.185128448e-06
1.172592128e-06
1.188145664e-06
1.181261312e-06
1.182748672e-06
1.189123072e-06
1.183471104e-06
1.178499072e-06
1.177521664e-06
1.17373952e-06
1.179986432e-06
1.174886912e-06
1.175609344e-06
1.184533504e-06
1.196942336e-06
1.191715328e-06
1.198472192e-06
1.184108544e-06
1.17033984e-06
1.177479168e-06
1.178456576e-06
1.190227968e-06
1.169787392e-06
1.17437696e-06
1.157633536e-06
1.162095616e-06
1.166217728e-06
1.179433984e-06
1.186020864e-06
1.183768576e-06
1.183811072e-06
1.177266688e-06
1.190652928e-06
1.19774976e-06
1.182536192e-06
1.179433984e-06
1.18818816e-06
1.186105856e-06
1.19116288e-06
1.20114944e-06
1.193967616e-06
1.175184384e-06
1.168767488e-06
1.182621184e-06
1.18011392e-06
1.18627584e-06
1.176586752e-06
1.184108544e-06
1.173994496e-06
1.172167168e-06
1.175736832e-06
1.169829888e-06
1.1622656e-06
1.16715264e-06
1.176841728e-06
1.171444736e-06
1.171232256e-06
1.168809984e-06
1.171997184e-06
1.158355968e-06
1.154021376e-06
1.159035904e-06
1.191417856e-06
1.18287616e-06
1.174886912e-06
1.189972992e-06
1.192607744e-06
1.179009024e-06
1.184745984e-06
1.176629248e-06
1.174291968e-06
1.18606336e-06
1.181473792e-06
1.171869696e-06
1.177904128e-06
1.176459264e-06
1.176969216e-06
1.186658304e-06
1.182536192e-06
1.181303808e-06
1.192947712e-06
1.190865408e-06
1.16927744e-06
1.164985344e-06
1.161033216e-06
1.158100992e-06
1.167832576e-06
1.181431296e-06
1.18415104e-06
1.185468416e-06
1.187168256e-06
1.196857344e-06
1.18712576e-06
1.17735168e-06
1.181516288e-06
1.185510912e-06
1.18223872e-06
1.18648832e-06
1.173994496e-06
1.189760512e-06
1.18606336e-06
1.182748672e-06
1.18585088e-06
1.19222528e-06
1.184660992e-06
1.1824512e-06
1.189208064e-06
1.183598592e-06
1.176459264e-06
1.16736512e-06
1.16162816e-06
1.171359744e-06
1.1824512e-06
1.19158784e-06
1.189080576e-06
1.174079488e-06
1.171784704e-06
1.1835136e-06
1.180793856e-06
1.171104768e-06
1.172379648e-06
1.174504448e-06
1.171359744e-06
1.162733056e-06
1.166472704e-06
1.16715264e-06
1.178286592e-06
1.16885248e-06
1.174929408e-06
1.178924032e-06
1.18542592e-06
1.178584064e-06
1.179433984e-06
1.181218816e-06
1.187593216e-06
1.193160192e-06
1.191460352e-06
1.18967552e-06
1.192820224e-06
1.194902528e-06
1.191885312e-06
1.18287616e-06
1.194732544e-06
1.192905216e-06
1.185935872e-06
1.18436352e-06
1.196092416e-06
1.181983744e-06
1.181473792e-06
1.186360832e-06
1.1760768e-06
1.171232256e-06
1.17140224e-06
1.175396864e-06
1.183641088e-06
1.184406016e-06
1.193797632e-06
1.198259712e-06
1.182578688e-06
1.174419456e-06
1.178796544e-06
1.19010048e-06
1.192140288e-06
1.188655616e-06
1.18308864e-06
1.179306496e-06
1.17012736e-06
1.173229568e-06
1.165835264e-06
1.16991488e-06
1.174546944e-06
1.17756416e-06
1.176799232e-06
1.180198912e-06
1.174674432e-06
1.173442048e-06
1.166132736e-06
1.172294656e-06
1.18287616e-06
1.188103168e-06
1.189208064e-06
1.191205376e-06
1.16906496e-06
1.1771392e-06
1.190992896e-06
1.190185472e-06
1.175141888e-06
1.17352704e-06
1.173569536e-06
1.180708864e-06
1.174461952e-06
1.1771392e-06
1.17947648e-06
1.181983744e-06
1.183556096e-06
1.180878848e-06
1.185085952e-06
1.17947648e-06
1.169362432e-06
1.175099392e-06
1.171657216e-06
1.16566528e-06
1.17055232e-06
1.174334464e-06
1.180496384e-06
1.181048832e-06
1.184576e-06
1.189888e-06
1.19073792e-06
1.184660992e-06
1.184448512e-06
1.17543936e-06
1.169999872e-06
1.170169856e-06
1.179221504e-06
1.17756416e-06
1.178966528e-06
1.184193536e-06
1.188570624e-06
1.17055232e-06
1.174461952e-06
1.17055232e-06
1.18330112e-06
1.179858944e-06
1.187380736e-06
1.185510912e-06
1.191630336e-06
1.194520064e-06
1.202041856e-06
1.1983872e-06
1.19583744e-06
1.19987456e-06
1.195030016e-06
1.195284992e-06
1.18436352e-06
1.184533504e-06
1.16864e-06
1.1612032e-06
1.15759104e-06
1.16035328e-06
1.177436672e-06
1.179179008e-06
1.17798912e-06
1.179943936e-06
1.175396864e-06
1.173017088e-06
1.180496384e-06
1.183598592e-06
1.184533504e-06
1.18691328e-06
1.1867008e-06
1.170297344e-06
1.176204288e-06
1.188868096e-06
1.192395264e-06
1.187253248e-06
1.189888e-06
1.196389888e-06
1.212240896e-06
1.217425408e-06
1.197154816e-06
1.18415104e-06
1.181431296e-06
1.184448512e-06
1.185935872e-06
1.185085952e-06
1.178286592e-06
1.175566848e-06
1.179094016e-06
1.16991488e-06
1.17565184e-06
1.183641088e-06
1.19711232e-06
1.204931584e-06
1.190270464e-06
1.183173632e-06
1.178584064e-06
1.177181696e-06
1.164007936e-06
1.1654528e-06
1.169319936e-06
1.171274752e-06
1.17777664e-06
1.1803264e-06
1.180156416e-06
1.189165568e-06
1.194817536e-06
1.192820224e-06
1.188315648e-06
1.195709952e-06
1.188018176e-06
1.182748672e-06
1.178754048e-06
1.1760768e-06
1.178541568e-06
1.184321024e-06
1.190270464e-06
1.182153728e-06
1.189760512e-06
1.191927808e-06
1.180156416e-06
1.172847104e-06
1.190355456e-06
1.194435072e-06
1.198557184e-06
1.194860032e-06
1.188230656e-06
1.17841408e-06
1.177309184e-06
1.164135424e-06
1.177054208e-06
1.178329088e-06
1.199067136e-06
1.198514688e-06
1.192310272e-06
1.190780416e-06
1.181516288e-06
1.181643776e-06
1.18053888e-06
1.185170944e-06
1.181728768e-06
1.190482944e-06
1.181983744e-06
1.177521664e-06
1.177904128e-06
1.168385024e-06
1.16672768e-06
1.180071424e-06
1.183131136e-06
1.203656704e-06
1.207353856e-06
1.199534592e-06
1.18967552e-06
1.185128448e-06
1.176671744e-06
1.180071424e-06
1.178031616e-06
1.192947712e-06
1.192990208e-06
1.180283904e-06
1.18308864e-06
1.177309184e-06
1.15950336e-06
1.16099072e-06
1.164347904e-06
1.161033216e-06
1.159843328e-06
1.16205312e-06
1.159843328e-06
1.162733056e-06
1.165325312e-06
1.182621184e-06
1.18053888e-06
1.18648832e-06
1.185680896e-06
1.183386112e-06
1.181133824e-06
1.181303808e-06
1.180666368e-06
1.185468416e-06
1.168045056e-06
1.165750272e-06
1.1813888e-06
1.173484544e-06
1.16736512e-06
1.169192448e-06
1.166260224e-06
1.1654528e-06
1.147476992e-06
1.165155328e-06
1.154446336e-06
1.149644288e-06
1.168724992e-06
1.172804608e-06
1.172124672e-06
1.177521664e-06
1.173484544e-06
1.174249472e-06
1.165155328e-06
1.165367808e-06
1.1718272e-06
1.186530816e-06
1.176331776e-06
1.175141888e-06
1.184873472e-06
1.189548032e-06
1.183343616e-06
1.173994496e-06
1.180666368e-06
1.176841728e-06
1.171019776e-06
1.167067648e-06
1.168597504e-06
1.17097728e-06
1.166855168e-06
1.1665152e-06
1.160608256e-06
1.17246464e-06
1.179603968e-06
1.183981056e-06
1.177904128e-06
1.175694336e-06
1.16842752e-06
1.165325312e-06
1.165410304e-06
1.174886912e-06
1.185128448e-06
1.17586432e-06
1.168809984e-06
1.167747584e-06
1.176119296e-06
1.173144576e-06
1.169957376e-06
1.17480192e-06
1.171529728e-06
1.175354368e-06
1.179009024e-06
1.180198912e-06
1.176671744e-06
1.172209664e-06
1.167960064e-06
1.17203968e-06
1.16184064e-06
1.16672768e-06
1.175694336e-06
1.17225216e-06
1.16311552e-06
1.18308864e-06
1.183471104e-06
1.199407104e-06
1.188273152e-06
1.185128448e-06
1.185255936e-06
1.171529728e-06
1.182621184e-06
1.194010112e-06
1.198259712e-06
1.180453888e-06
1.174886912e-06
1.175481856e-06
1.18202624e-06
1.166047744e-06
1.193372672e-06
1.201106944e-06
1.1856384e-06
1.181941248e-06
1.184491008e-06
1.190907904e-06
1.185170944e-06
1.185553408e-06
1.185935872e-06
1.176799232e-06
1.18181376e-06
1.18946304e-06
1.18117632e-06
1.174334464e-06
1.167110144e-06
1.1718272e-06
1.17565184e-06
1.166642688e-06
1.169319936e-06
1.178244096e-06
1.180921344e-06
1.183981056e-06
1.194902528e-06
1.207268864e-06
1.198217216e-06
1.199534592e-06
1.199619584e-06
1.194477568e-06
1.192480256e-06
1.193245184e-06
1.201319424e-06
1.193542656e-06
1.182748672e-06
1.184193536e-06
1.184745984e-06
1.18053888e-06
1.175906816e-06
1.186445824e-06
1.188103168e-06
1.175821824e-06
1.19265024e-06
1.19328768e-06
1.195072512e-06
1.187465728e-06
1.192310272e-06
1.183853568e-06
1.185298432e-06
1.183896064e-06
1.180581376e-06
1.181473792e-06
1.179264e-06
1.168937472e-06
1.174461952e-06
1.1718272e-06
1.176119296e-06
1.184406016e-06
1.202721792e-06
1.192947712e-06
1.19350016e-06
1.190397952e-06
1.178074112e-06
1.16927744e-06
1.15652864e-06
1.15419136e-06
1.169319936e-06
1.166260224e-06
1.164560384e-06
1.166812672e-06
1.166982656e-06
1.18096384e-06
1.182833664e-06
1.188868096e-06
1.191715328e-06
1.19243776e-06
1.193245184e-06
1.196389888e-06
1.188698112e-06
1.190440448e-06
1.182323712e-06
1.184066048e-06
1.17055232e-06
1.178966528e-06
1.1771392e-06
1.17628928e-06
1.176374272e-06
1.171997184e-06
1.163922944e-06
1.16396544e-06
1.163412992e-06
1.159035904e-06
1.163582976e-06
1.17225216e-06
1.161500672e-06
1.171104768e-06
1.1760768e-06
1.175694336e-06
1.174079488e-06
1.165325312e-06
1.17437696e-06
1.162818048e-06
1.1654528e-06
1.17373952e-06
1.16927744e-06
1.166770176e-06
1.170212352e-06
1.165112832e-06
1.173017088e-06
1.1760768e-06
1.171529728e-06
1.175566848e-06
1.178031616e-06
1.180411392e-06
1.179221504e-06
1.173654528e-06
1.175524352e-06
1.181006336e-06
1.16672768e-06
1.161798144e-06
1.16524032e-06
1.167960064e-06
1.171572224e-06
1.171147264e-06
1.160863232e-06
1.167535104e-06
1.164092928e-06
1.164900352e-06
1.159418368e-06
1.158143488e-06
1.16609024e-06
1.164220416e-06
1.177521664e-06
1.172549632e-06
1.170892288e-06
1.177946624e-06
1.174036992e-06
1.182153728e-06
1.185723392e-06
1.180198912e-06
1.17225216e-06
1.175354368e-06
1.189208064e-06
1.190057984e-06
1.192522752e-06
1.19222528e-06
1.190270464e-06
1.19031296e-06
1.19498752e-06
1.191885312e-06
1.190397952e-06
1.18521344e-06
1.177181696e-06
1.177096704e-06
1.187805696e-06
1.184703488e-06
1.18840064e-06
1.173952e-06
1.180836352e-06
1.179306496e-06
1.18266368e-06
1.193330176e-06
1.187168256e-06
1.184533504e-06
1.174504448e-06
1.171232256e-06
1.176671744e-06
1.188740608e-06
1.200129536e-06
1.192395264e-06
1.188655616e-06
1.180666368e-06
1.17735168e-06
1.171784704e-06
1.161713152e-06
1.177266688e-06
1.167662592e-06
1.173357056e-06
1.174249472e-06
1.179943936e-06
1.182281216e-06
1.18712576e-06
1.187593216e-06
1.19286272e-06
1.194477568e-06
1.20221184e-06
1.204676608e-06
1.194052608e-06
1.191715328e-06
1.188273152e-06
1.179603968e-06
1.176416768e-06
1.178456576e-06
1.18500096e-06
1.188018176e-06
1.179773952e-06
1.194435072e-06
1.184491008e-06
1.184406016e-06
1.180241408e-06
1.18627584e-06
1.18075136e-06
1.188910592e-06
1.192947712e-06
1.185128448e-06
1.17671424e-06
1.182791168e-06
1.18500096e-06
1.186530816e-06
1.185808384e-06
1.18478848e-06
1.191205376e-06
1.18818816e-06
1.189505536e-06
1.19350016e-06
1.179943936e-06
1.179858944e-06
1.182791168e-06
1.18903808e-06
1.197622272e-06
1.200766976e-06
1.1952e-06
1.194690048e-06
1.200766976e-06
1.196857344e-06
1.188018176e-06
1.186870784e-06
1.189633024e-06
1.1909504e-06
1.186360832e-06
1.180028928e-06
1.176841728e-06
1.1665152e-06
1.164985344e-06
1.15822848e-06
1.170637312e-06
1.17692672e-06
1.195922432e-06
1.17565184e-06
1.183216128e-06
1.181856256e-06
1.190185472e-06
1.18053888e-06
1.181728768e-06
1.179858944e-06
1.192735232e-06
1.191247872e-06
1.187593216e-06
1.175609344e-06
1.17458944e-06
1.180496384e-06
1.181856256e-06
1.17225216e-06
1.188060672e-06
1.186445824e-06
1.187210752e-06
1.18223872e-06
1.17055232e-06
1.174291968e-06
1.180453888e-06
1.182833664e-06
1.18160128e-06
1.170042368e-06
1.181941248e-06
1.17565184e-06
1.162860544e-06
1.170169856e-06
1.170509824e-06
1.184873472e-06
1.18840064e-06
1.188910592e-06
1.173187072e-06
1.165537792e-06
1.165112832e-06
1.161160704e-06
1.173187072e-06
1.162308096e-06
1.172167168e-06
1.173867008e-06
1.162733056e-06
1.16672768e-06
1.165197824e-06
1.166175232e-06
1.175311872e-06
1.175609344e-06
1.171444736e-06
1.191077888e-06
1.190907904e-06
1.188103168e-06
1.194392576e-06
1.192140288e-06
1.196729856e-06
1.20072448e-06
1.19711232e-06
1.185723392e-06
1.17841408e-06
1.16927744e-06
1.166982656e-06
1.162138112e-06
1.172337152e-06
1.161118208e-06
1.165495296e-06
1.182323712e-06
1.174121984e-06
1.179179008e-06
1.19541248e-06
1.176629248e-06
1.173697024e-06
1.176204288e-06
1.174631936e-06
1.173187072e-06
1.179433984e-06
1.178074112e-06
1.173272064e-06
1.176034304e-06
1.183811072e-06
1.18500096e-06
1.19328768e-06
1.193882624e-06
1.207141376e-06
1.201021952e-06
1.197367296e-06
1.180623872e-06
1.187635712e-06
1.193245184e-06
1.178499072e-06
1.17968896e-06
1.17267712e-06
1.172634624e-06
1.17458944e-06
1.164135424e-06
1.159885824e-06
1.160863232e-06
1.161160704e-06
1.158525952e-06
1.171699712e-06
1.18202624e-06
1.180836352e-06
1.182493696e-06
1.182536192e-06
1.180241408e-06
1.182748672e-06
1.209181184e-06
1.195369984e-06
1.18797568e-06
1.190992896e-06
1.191247872e-06
1.1867008e-06
1.185808384e-06
1.177819136e-06
1.171062272e-06
1.17947648e-06
1.174334464e-06
1.186530816e-06
1.179773952e-06
1.178074112e-06
1.170807296e-06
1.171869696e-06
1.17735168e-06
1.1835136e-06
1.186828288e-06
1.190780416e-06
1.178796544e-06
1.174716928e-06
1.167195136e-06
1.177266688e-06
1.167450112e-06
1.175099392e-06
1.185723392e-06
1.181133824e-06
1.17692672e-06
1.17225216e-06
1.165282816e-06
1.167747584e-06
1.17968896e-06
1.174206976e-06
1.19371264e-06
1.18096384e-06
1.168682496e-06
1.152576512e-06
1.160013312e-06
1.17118976e-06
1.176034304e-06
1.173697024e-06
1.18096384e-06
1.183343616e-06
1.184066048e-06
1.175906816e-06
1.162648064e-06
1.165622784e-06
1.168894976e-06
1.17331456e-06
1.179986432e-06
1.173187072e-06
1.179306496e-06
1.177436672e-06
1.169744896e-06
1.173187072e-06
1.169447424e-06
1.18627584e-06
1.187848192e-06
1.176884224e-06
1.181431296e-06
1.177521664e-06
1.182748672e-06
1.171487232e-06
1.174291968e-06
1.165622784e-06
1.174121984e-06
1.172507136e-06
1.18542592e-06
1.180581376e-06
1.179986432e-06
1.18521344e-06
1.186105856e-06
1.181133824e-06
1.181006336e-06
1.184193536e-06
1.192097792e-06
1.192055296e-06
1.192820224e-06
1.185978368e-06
1.18053888e-06
1.1782016e-06
1.174716928e-06
1.188145664e-06
1.188103168e-06
1.178031616e-06
1.165325312e-06
1.177479168e-06
1.178669056e-06
1.183386112e-06
1.18308864e-06
1.18436352e-06
1.18011392e-06
1.183683584e-06
1.181261312e-06
1.164900352e-06
1.158780928e-06
1.160055808e-06
1.166557696e-06
1.174759424e-06
1.161330688e-06
1.15440384e-06
1.150621696e-06
1.130563584e-06
1.135663104e-06
1.143269888e-06
1.152576512e-06
1.1654528e-06
1.168894976e-06
1.16736512e-06
1.155508736e-06
1.158908416e-06
1.149814272e-06
1.151896576e-06
1.165282816e-06
1.168512512e-06
1.182111232e-06
1.17862656e-06
1.180071424e-06
1.175141888e-06
1.176586752e-06
1.171274752e-06
1.18160128e-06
1.187720704e-06
1.182493696e-06
1.177181696e-06
1.170637312e-06
1.16290304e-06
1.16141568e-06
1.16906496e-06
1.17012736e-06
1.165070336e-06
1.167450112e-06
1.17203968e-06
1.163582976e-06
1.174036992e-06
1.167960064e-06
1.177691648e-06
1.175821824e-06
1.174971904e-06
1.172762112e-06
1.167067648e-06
1.15929088e-06
1.16460288e-06
1.162945536e-06
1.168979968e-06
1.160650752e-06
1.159673344e-06
1.174206976e-06
1.176841728e-06
1.166600192e-06
1.161373184e-06
1.169107456e-06
1.174674432e-06
1.173654528e-06
1.169404928e-06
1.17565184e-06
1.182068736e-06
1.183981056e-06
1.178159104e-06
1.184618496e-06
1.183428608e-06
1.190440448e-06
1.192735232e-06
1.188655616e-06
1.174546944e-06
1.1622656e-06
1.16184064e-06
1.164347904e-06
1.16694016e-06
1.17310208e-06
1.164730368e-06
1.176161792e-06
1.186658304e-06
1.188953088e-06
1.180071424e-06
1.180071424e-06
1.180453888e-06
1.171019776e-06
1.179816448e-06
1.19498752e-06
1.198132224e-06
1.201319424e-06
1.21899776e-06
1.227879424e-06
1.219720192e-06
1.212155904e-06
1.208628736e-06
1.203104256e-06
1.19668736e-06
1.190907904e-06
1.19371264e-06
1.1877632e-06
1.184193536e-06
1.183811072e-06
1.17841408e-06
1.177819136e-06
1.180198912e-06
1.19031296e-06
1.189845504e-06
1.18903808e-06
1.189930496e-06
1.181133824e-06
1.172209664e-06
1.168300032e-06
1.176841728e-06
1.182961152e-06
1.19073792e-06
1.192990208e-06
1.189165568e-06
1.19243776e-06
1.200681984e-06
1.193330176e-06
1.186785792e-06
1.18287616e-06
1.18691328e-06
1.192607744e-06
1.18308864e-06
1.197154816e-06
1.189420544e-06
1.192777728e-06
1.18117632e-06
1.19137536e-06
1.195582464e-06
1.185383424e-06
1.1771392e-06
1.176841728e-06
1.17373952e-06
1.179348992e-06
1.185340928e-06
1.19583744e-06
1.200384512e-06
1.19817472e-06
1.191417856e-06
1.189420544e-06
1.193627648e-06
1.192692736e-06
1.183556096e-06
1.18202624e-06
1.190822912e-06
1.18202624e-06
1.17756416e-06
1.186105856e-06
1.192522752e-06
1.20454912e-06
1.199619584e-06
1.207056384e-06
1.19881216e-06
1.198217216e-06
1.186658304e-06
1.19073792e-06
1.178499072e-06
1.18733824e-06
1.181006336e-06
1.188868096e-06
1.181048832e-06
1.185085952e-06
1.180368896e-06
1.172294656e-06
1.175099392e-06
1.171699712e-06
1.1856384e-06
1.183131136e-06
1.171232256e-06
1.164347904e-06
1.1675776e-06
1.171019776e-06
1.175311872e-06
1.178499072e-06
1.175736832e-06
1.181516288e-06
1.183683584e-06
1.173399552e-06
1.171997184e-06
1.170084864e-06
1.17692672e-06
1.183811072e-06
1.180623872e-06
1.177266688e-06
1.178074112e-06
1.174206976e-06
1.173909504e-06
1.160863232e-06
1.164772864e-06
1.162010624e-06
1.165622784e-06
1.157208576e-06
1.15950336e-06
1.159460864e-06
1.1654528e-06
1.177479168e-06
1.183768576e-06
1.185468416e-06
1.1771392e-06
1.168555008e-06
1.161373184e-06
1.157208576e-06
1.15227904e-06
1.161670656e-06
1.16609024e-06
1.16864e-06
1.171997184e-06
1.166132736e-06
1.169362432e-06
1.168087552e-06
1.164262912e-06
1.174291968e-06
1.179348992e-06
1.186785792e-06
1.18840064e-06
1.18330112e-06
1.18585088e-06
1.188953088e-06
1.186530816e-06
1.187253248e-06
1.192777728e-06
1.182536192e-06
1.174079488e-06
1.169532416e-06
1.172847104e-06
1.174716928e-06
1.179773952e-06
1.177479168e-06
1.172337152e-06
1.162520576e-06
1.160098304e-06
1.161245696e-06
1.173484544e-06
1.171444736e-06
1.171359744e-06
1.170042368e-06
1.167237632e-06
1.164220416e-06
1.16927744e-06
1.166557696e-06
1.163795456e-06
1.17416448e-06
1.187295744e-06
1.184448512e-06
1.184066048e-06
1.162393088e-06
1.16948992e-06
1.171912192e-06
1.177181696e-06
1.17947648e-06
1.188698112e-06
1.184958464e-06
1.187083264e-06
1.187083264e-06
1.183258624e-06
1.178966528e-06
1.186998272e-06
1.187848192e-06
1.185553408e-06
1.17692672e-06
1.16694016e-06
1.161798144e-06
1.159333376e-06
1.160395776e-06
1.159375872e-06
1.181261312e-06
1.18861312e-06
1.184108544e-06
1.173187072e-06
1.18627584e-06
1.183853568e-06
1.19477504e-06
1.190185472e-06
1.186360832e-06
1.188953088e-06
1.180708864e-06
1.184830976e-06
1.175141888e-06
1.166005248e-06
1.161160704e-06
1.15419136e-06
1.156018688e-06
1.163243008e-06
1.157293568e-06
1.17458944e-06
1.187210752e-06
1.182918656e-06
1.177181696e-06
1.180496384e-06
1.169234944e-06
1.178796544e-06
1.17841408e-06
1.184406016e-06
1.187678208e-06
1.184193536e-06
1.17862656e-06
1.190015488e-06
1.171359744e-06
1.190440448e-06
1.18266368e-06
1.180836352e-06
1.19052544e-06
1.190567936e-06
1.178584064e-06
1.183641088e-06
1.16524032e-06
1.166600192e-06
1.162435584e-06
1.15504128e-06
1.162138112e-06
1.169659904e-06
1.176544256e-06
1.1835136e-06
1.18181376e-06
1.183683584e-06
1.184618496e-06
1.190185472e-06
1.188953088e-06
1.189505536e-06
1.198259712e-06
1.186785792e-06
1.1835136e-06
1.181983744e-06
1.168979968e-06
1.166557696e-06
1.175779328e-06
1.185553408e-06
1.17565184e-06
1.182111232e-06
1.18478848e-06
1.185128448e-06
1.17650176e-06
1.169872384e-06
1.170807296e-06
1.172422144e-06
1.161160704e-06
1.162733056e-06
1.17310208e-06
1.175821824e-06
1.169744896e-06
1.162945536e-06
1.16991488e-06
1.171019776e-06
1.17522688e-06
1.170467328e-06
1.164645376e-06
1.170849792e-06
1.1824512e-06
1.192480256e-06
1.19498752e-06
1.194222592e-06
1.188315648e-06
1.190610432e-06
1.183216128e-06
1.177861632e-06
1.181473792e-06
1.175184384e-06
1.176459264e-06
1.177521664e-06
1.175566848e-06
1.176841728e-06
1.168809984e-06
1.165920256e-06
1.158993408e-06
1.1558912e-06
1.173357056e-06
1.16864e-06
1.178329088e-06
1.16736512e-06
1.1665152e-06
1.160523264e-06
1.178669056e-06
1.17140224e-06
1.169319936e-06
1.15992832e-06
1.170892288e-06
1.178031616e-06
1.177479168e-06
1.168512512e-06
1.164900352e-06
1.169234944e-06
1.168555008e-06
1.16247808e-06
1.167450112e-06
1.170467328e-06
1.18521344e-06
1.169957376e-06
1.154743808e-06
1.157506048e-06
1.153851392e-06
1.160820736e-06
1.160438272e-06
1.1601408e-06
1.165580288e-06
1.168087552e-06
1.177011712e-06
1.183683584e-06
1.202976768e-06
1.204464128e-06
1.209776128e-06
1.210796032e-06
1.209988608e-06
1.198897152e-06
1.192820224e-06
1.192140288e-06
1.192820224e-06
1.188145664e-06
1.194520064e-06
1.19222528e-06
1.203146752e-06
1.196304896e-06
1.199322112e-06
1.205484032e-06
1.20561152e-06
1.207651328e-06
1.19753728e-06
1.187890688e-06
1.178924032e-06
1.182493696e-06
1.188230656e-06
1.19350016e-06
1.196134912e-06
1.202381824e-06
1.194392576e-06
1.197409792e-06
1.19243776e-06
1.193032704e-06
1.1930752e-06
1.193372672e-06
1.188953088e-06
1.1930752e-06
1.186403328e-06
1.194435072e-06
1.190355456e-06
1.204209152e-06
1.19604992e-06
1.195115008e-06
1.198217216e-06
1.211900928e-06
1.20306176e-06
1.195879936e-06
1.18925056e-06
1.191970304e-06
1.1930752e-06
1.195030016e-06
1.17756416e-06
1.186360832e-06
1.191460352e-06
1.202806784e-06
1.210881024e-06
1.210413568e-06
1.21793536e-06
1.208288768e-06
1.199067136e-06
1.194222592e-06
1.197027328e-06
1.199152128e-06
1.206121472e-06
1.201871872e-06
1.194392576e-06
1.18627584e-06
1.183853568e-06
1.182323712e-06
1.184023552e-06
1.178371584e-06
1.208033792e-06
1.189335552e-06
1.18903808e-06
1.183853568e-06
1.181728768e-06
1.185553408e-06
1.193797632e-06
1.194222592e-06
1.193457664e-06
1.186998272e-06
1.198557184e-06
1.19711232e-06
1.195582464e-06
1.197069824e-06
1.197919744e-06
1.195369984e-06
1.190015488e-06
1.197154816e-06
1.198727168e-06
1.195667456e-06
1.195115008e-06
1.18266368e-06
1.186190848e-06
1.185043456e-06
1.19328768e-06
1.186148352e-06
1.183641088e-06
1.18478848e-06
1.1835136e-06
1.192607744e-06
1.193840128e-06
1.189930496e-06
1.193245184e-06
1.195582464e-06
1.1952e-06
1.1835136e-06
1.189165568e-06
1.197707264e-06
1.20646144e-06
1.20242432e-06
1.186743296e-06
1.184618496e-06
1.189123072e-06
1.192735232e-06
1.186403328e-06
1.181898752e-06
1.179603968e-06
1.186870784e-06
1.19158784e-06
1.191885312e-06
1.187933184e-06
1.1856384e-06
1.185128448e-06
1.185765888e-06
1.19796224e-06
1.201744384e-06
1.199152128e-06
1.192777728e-06
1.189803008e-06
1.183386112e-06
1.18840064e-06
1.186615808e-06
1.17841408e-06
1.175609344e-06
1.182153728e-06
1.193670144e-06
1.19052544e-06
1.168979968e-06
1.164517888e-06
1.164347904e-06
1.153213952e-06
1.158355968e-06
1.161543168e-06
1.172804608e-06
1.175099392e-06
1.17458944e-06
1.180198912e-06
1.180411392e-06
1.176119296e-06
1.179348992e-06
1.181728768e-06
1.175949312e-06
1.173824512e-06
1.173909504e-06
1.185595904e-06
1.193627648e-06
1.187678208e-06
1.186998272e-06
1.178796544e-06
1.18415104e-06
1.18478848e-06
1.189335552e-06
1.179094016e-06
1.18287616e-06
1.173697024e-06
1.172974592e-06
1.172124672e-06
1.179391488e-06
1.186615808e-06
1.183853568e-06
1.178286592e-06
1.178584064e-06
1.189208064e-06
1.197452288e-06
1.193160192e-06
1.194095104e-06
1.188868096e-06
1.198217216e-06
1.193755136e-06
1.19859968e-06
1.200979456e-06
1.18223872e-06
1.196389888e-06
1.193202688e-06
1.199407104e-06
1.200851968e-06
1.208628736e-06
1.201404416e-06
1.183896064e-06
1.174079488e-06
1.180836352e-06
1.181558784e-06
1.1930752e-06
1.189378048e-06
1.191630336e-06
1.18308864e-06
1.184278528e-06
1.175269376e-06
1.172592128e-06
1.18521344e-06
1.178966528e-06
1.171444736e-06
1.167195136e-06
1.170084864e-06
1.168385024e-06
1.182153728e-06
1.17458944e-06
1.171444736e-06
1.17841408e-06
1.185808384e-06
1.171317248e-06
1.17437696e-06
1.17565184e-06
1.17437696e-06
1.189123072e-06
1.191332864e-06
1.19859968e-06
1.180793856e-06
1.1782016e-06
1.176416768e-06
1.177819136e-06
1.17161472e-06
1.167917568e-06
1.172124672e-06
1.175524352e-06
1.172082176e-06
1.170424832e-06
1.1654528e-06
1.169192448e-06
1.17055232e-06
1.174334464e-06
1.16587776e-06
1.178711552e-06
1.17968896e-06
1.180283904e-06
1.182366208e-06
1.176841728e-06
1.176884224e-06
1.183131136e-06
1.1813888e-06
1.185170944e-06
1.190270464e-06
1.187848192e-06
1.19180032e-06
1.179094016e-06
1.183258624e-06
1.189165568e-06
1.186573312e-06
1.19328768e-06
1.188443136e-06
1.19328768e-06
1.190440448e-06
1.191970304e-06
1.201021952e-06
1.194010112e-06
1.188995584e-06
1.180028928e-06
1.183556096e-06
1.176756736e-06
1.171104768e-06
1.17671424e-06
1.175821824e-06
1.179773952e-06
1.169957376e-06
1.174121984e-06
1.189718016e-06
1.190185472e-06
1.198557184e-06
1.201064448e-06
1.197197312e-06
1.185553408e-06
1.191502848e-06
1.191502848e-06
1.171742208e-06
1.172294656e-06
1.162010624e-06
1.166430208e-06
1.17458944e-06
1.18330112e-06
1.184448512e-06
1.178329088e-06
1.183471104e-06
1.183343616e-06
1.187168256e-06
1.185383424e-06
1.17968896e-06
1.174886912e-06
1.181006336e-06
1.184618496e-06
1.187678208e-06
1.164857856e-06
1.16354048e-06
1.16524032e-06
1.162138112e-06
1.160905728e-06
1.15950336e-06
1.146032128e-06
1.16141568e-06
1.16205312e-06
1.159970816e-06
1.176841728e-06
1.17905152e-06
1.165962752e-06
1.165580288e-06
1.17947648e-06
1.192352768e-06
1.201701888e-06
1.193585152e-06
1.180581376e-06
1.178881536e-06
1.183598592e-06
1.194435072e-06
1.187635712e-06
1.183853568e-06
1.180921344e-06
1.179348992e-06
1.184448512e-06
1.182961152e-06
1.178796544e-06
1.178244096e-06
1.167960064e-06
1.183683584e-06
1.174674432e-06
1.176629248e-06
1.17118976e-06
1.169829888e-06
1.171444736e-06
1.170892288e-06
1.182918656e-06
1.184576e-06
1.178584064e-06
1.180793856e-06
1.179391488e-06
1.178116608e-06
1.186828288e-06
1.187040768e-06
1.18585088e-06
1.182706176e-06
1.19180032e-06
1.187720704e-06
1.179731456e-06
1.181771264e-06
1.187890688e-06
1.175141888e-06
1.17522688e-06
1.169447424e-06
1.177521664e-06
1.181643776e-06
1.171147264e-06
1.179731456e-06
1.180241408e-06
1.174461952e-06
1.166770176e-06
1.1654528e-06
1.166855168e-06
1.167067648e-06
1.161798144e-06
1.157421056e-06
1.152746496e-06
1.16566528e-06
1.179646464e-06
1.18266368e-06
1.178074112e-06
1.178286592e-06
1.18202624e-06
1.184406016e-06
1.193840128e-06
1.198217216e-06
1.18733824e-06
1.184278528e-06
1.190397952e-06
1.194477568e-06
1.19562496e-06
1.195115008e-06
1.192692736e-06
1.193202688e-06
1.196134912e-06
1.195157504e-06
1.183641088e-06
1.177861632e-06
1.164092928e-06
1.158185984e-06
1.159673344e-06
1.161713152e-06
1.169319936e-06
1.182153728e-06
1.190142976e-06
1.19562496e-06
1.200469504e-06
1.201106944e-06
1.210243584e-06
1.216787968e-06
1.211688448e-06
1.197834752e-06
1.204634112e-06
1.188443136e-06
1.189505536e-06
1.186870784e-06
1.18755072e-06
1.193542656e-06
1.193330176e-06
1.189548032e-06
1.194095104e-06
1.195497472e-06
1.19392512e-06
1.199322112e-06
1.203189248e-06
1.200044544e-06
1.208118784e-06
1.210541056e-06
1.190355456e-06
1.198642176e-06
1.185808384e-06
1.185383424e-06
1.182493696e-06
1.183981056e-06
1.188230656e-06
1.18585088e-06
1.181941248e-06
1.173442048e-06
1.174716928e-06
1.187678208e-06
1.198472192e-06
1.199322112e-06
1.201446912e-06
1.193415168e-06
1.203996672e-06
1.197239808e-06
1.195582464e-06
1.190865408e-06
1.20284928e-06
1.200639488e-06
1.193330176e-06
1.20093696e-06
1.197027328e-06
1.20539904e-06
1.195964928e-06
1.198472192e-06
1.209138688e-06
1.20964864e-06
1.199407104e-06
1.200979456e-06
1.196304896e-06
1.198004736e-06
1.195157504e-06
1.20114944e-06
1.193542656e-06
1.192905216e-06
1.191757824e-06
1.20008704e-06
1.186870784e-06
1.172082176e-06
1.188315648e-06
1.19604992e-06
1.197494784e-06
1.185893376e-06
1.186403328e-06
1.192735232e-06
1.18585088e-06
1.1856384e-06
1.198769664e-06
1.190440448e-06
1.18903808e-06
1.190907904e-06
1.20284928e-06
1.19774976e-06
1.189548032e-06
1.184618496e-06
1.186105856e-06
1.185298432e-06
1.182833664e-06
1.18521344e-06
1.184406016e-06
1.178329088e-06
1.178031616e-06
1.166642688e-06
1.172294656e-06
1.171742208e-06
1.183768576e-06
1.17735168e-06
1.182196224e-06
1.189208064e-06
1.176586752e-06
1.176119296e-06
1.168937472e-06
1.161033216e-06
1.161245696e-06
1.17055232e-06
1.172082176e-06
1.181261312e-06
1.181643776e-06
1.188060672e-06
1.185383424e-06
1.184873472e-06
1.184023552e-06
1.182706176e-06
1.1909504e-06
1.184703488e-06
1.188060672e-06
1.195667456e-06
1.186020864e-06
1.167450112e-06
1.173187072e-06
1.174546944e-06
1.188740608e-06
1.19116288e-06
1.184533504e-06
1.181643776e-06
1.183386112e-06
1.179518976e-06
1.190822912e-06
1.18500096e-06
1.189845504e-06
1.189293056e-06
1.196219904e-06
1.199832064e-06
1.199364608e-06
1.191545344e-06
1.194902528e-06
1.17777664e-06
1.184406016e-06
1.194945024e-06
1.188103168e-06
1.18521344e-06
1.178159104e-06
1.171147264e-06
1.174971904e-06
1.167535104e-06
1.173357056e-06
1.178031616e-06
1.18733824e-06
1.182621184e-06
1.174971904e-06
1.178711552e-06
1.184703488e-06
1.177521664e-06
1.1803264e-06
1.171317248e-06
1.171274752e-06
1.174971904e-06
1.169787392e-06
1.167832576e-06
1.179646464e-06
1.171869696e-06
1.17586432e-06
1.18075136e-06
1.1813888e-06
1.186148352e-06
1.189888e-06
1.185298432e-06
1.172167168e-06
1.1718272e-06
1.173484544e-06
1.171529728e-06
1.168257536e-06
1.17203968e-06
1.17947648e-06
1.190865408e-06
1.182408704e-06
1.188740608e-06
1.191077888e-06
1.184660992e-06
1.184745984e-06
1.180793856e-06
1.190652928e-06
1.192947712e-06
1.18925056e-06
1.183811072e-06
1.17841408e-06
1.176629248e-06
1.187720704e-06
1.190907904e-06
1.187168256e-06
1.191290368e-06
1.187253248e-06
1.189165568e-06
1.176459264e-06
1.180411392e-06
1.179603968e-06
1.175821824e-06
1.17777664e-06
1.19158784e-06
1.1930752e-06
1.193670144e-06
1.200342016e-06
1.19435008e-06
1.199364608e-06
1.19498752e-06
1.196814848e-06
1.200257024e-06
1.18223872e-06
1.18648832e-06
1.180453888e-06
1.181728768e-06
1.179986432e-06
1.18415104e-06
1.185935872e-06
1.179518976e-06
1.180071424e-06
1.18648832e-06
1.173399552e-06
1.169192448e-06
1.170297344e-06
1.170169856e-06
1.166175232e-06
1.171699712e-06
1.172974592e-06
1.171529728e-06
1.168809984e-06
1.177819136e-06
1.183216128e-06
1.185723392e-06
1.185553408e-06
1.189165568e-06
1.183386112e-06
1.192310272e-06
1.194860032e-06
1.189718016e-06
1.187423232e-06
1.193330176e-06
1.188953088e-06
1.183216128e-06
1.186828288e-06
1.18011392e-06
1.1771392e-06
1.165622784e-06
1.166812672e-06
1.176416768e-06
1.187465728e-06
1.18967552e-06
1.170382336e-06
1.17373952e-06
1.181643776e-06
1.180198912e-06
1.188273152e-06
1.183131136e-06
1.193202688e-06
1.197409792e-06
1.195709952e-06
1.198259712e-06
1.204294144e-06
1.195709952e-06
1.182918656e-06
1.17862656e-06
1.170892288e-06
1.16991488e-06
1.168087552e-06
1.17756416e-06
1.179221504e-06
1.172422144e-06
1.18053888e-06
1.185595904e-06
1.180666368e-06
1.182323712e-06
1.167960064e-06
1.165325312e-06
1.175949312e-06
1.178074112e-06
1.17480192e-06
1.179264e-06
1.177096704e-06
1.17968896e-06
1.183768576e-06
1.189633024e-06
1.179348992e-06
1.196517376e-06
1.190567936e-06
1.190185472e-06
1.19243776e-06
1.19073792e-06
1.172379648e-06
1.178286592e-06
1.176416768e-06
1.16864e-06
1.173654528e-06
1.181303808e-06
1.172124672e-06
1.178244096e-06
1.185935872e-06
1.176969216e-06
1.191120384e-06
1.186148352e-06
1.183768576e-06
1.1909504e-06
1.189590528e-06
1.17692672e-06
1.170892288e-06
1.156231168e-06
1.168724992e-06
1.17352704e-06
1.167280128e-06
1.170297344e-06
1.173144576e-06
1.182068736e-06
1.17735168e-06
1.187593216e-06
1.187210752e-06
1.19116288e-06
1.181941248e-06
1.181261312e-06
1.181218816e-06
1.185935872e-06
1.18691328e-06
1.200002048e-06
1.189080576e-06
1.188740608e-06
1.186105856e-06
1.179731456e-06
1.17331456e-06
1.172932096e-06
1.178244096e-06
1.182536192e-06
1.191120384e-06
1.181006336e-06
1.178966528e-06
1.178966528e-06
1.180156416e-06
1.17628928e-06
1.19498752e-06
1.197919744e-06
1.202551808e-06
1.202169344e-06
1.19286272e-06
1.176119296e-06
1.174036992e-06
1.17671424e-06
1.1760768e-06
1.176416768e-06
1.165622784e-06
1.166047744e-06
1.190270464e-06
1.193160192e-06
1.190865408e-06
1.207226368e-06
1.202594304e-06
1.192735232e-06
1.191842816e-06
1.183471104e-06
1.182791168e-06
1.181941248e-06
1.180921344e-06
1.17586432e-06
1.180496384e-06
1.17841408e-06
1.179646464e-06
1.195539968e-06
1.20199936e-06
1.19923712e-06
1.1994496e-06
1.20178688e-06
1.181856256e-06
1.187933184e-06
1.190482944e-06
1.180496384e-06
1.182706176e-06
1.189123072e-06
1.197707264e-06
1.19583744e-06
1.187508224e-06
1.19116288e-06
1.195667456e-06
1.1952e-06
1.189845504e-06
1.188740608e-06
1.193117696e-06
1.202891776e-06
1.193032704e-06
1.192182784e-06
1.187720704e-06
1.182961152e-06
1.192565248e-06
1.182621184e-06
1.177606656e-06
1.173442048e-06
1.175396864e-06
1.163285504e-06
1.16099072e-06
1.1643904e-06
1.17586432e-06
1.17735168e-06
1.174504448e-06
1.175269376e-06
1.180581376e-06
1.181218816e-06
1.194222592e-06
1.188443136e-06
1.189590528e-06
1.18627584e-06
1.193840128e-06
1.191502848e-06
1.173824512e-06
1.169404928e-06
1.166132736e-06
1.172124672e-06
1.167492608e-06
1.179986432e-06
1.188103168e-06
1.187933184e-06
1.189930496e-06
1.1877632e-06
1.188230656e-06
1.204081664e-06
1.20114944e-06
1.182366208e-06
1.16779008e-06
1.174291968e-06
1.168937472e-06
1.160948224e-06
1.161500672e-06
1.161798144e-06
1.178711552e-06
1.175311872e-06
1.169532416e-06
1.172634624e-06
1.176799232e-06
1.1760768e-06
1.173952e-06
1.179264e-06
1.17628928e-06
1.170084864e-06
1.16694016e-06
1.180241408e-06
1.172337152e-06
1.181983744e-06
1.178159104e-06
1.180241408e-06
1.181643776e-06
1.180283904e-06
1.185808384e-06
1.181261312e-06
1.200257024e-06
1.197919744e-06
1.183811072e-06
1.182706176e-06
1.181133824e-06
1.18202624e-06
1.17522688e-06
1.19286272e-06
1.181558784e-06
1.18372608e-06
1.181771264e-06
1.177394176e-06
1.176671744e-06
1.171019776e-06
1.166175232e-06
1.184108544e-06
1.184958464e-06
1.198089728e-06
1.202679296e-06
1.193840128e-06
1.18585088e-06
1.184406016e-06
1.198047232e-06
1.195454976e-06
1.193542656e-06
1.189888e-06
1.187508224e-06
1.1867008e-06
1.184448512e-06
1.182833664e-06
1.1952e-06
1.205441536e-06
1.202509312e-06
1.201106944e-06
1.202296832e-06
1.19328768e-06
1.189505536e-06
1.190057984e-06
1.190270464e-06
1.1888256e-06
1.179179008e-06
1.174759424e-06
1.176671744e-06
1.173994496e-06
1.165155328e-06
1.163328e-06
1.181218816e-06
1.169149952e-06
1.178159104e-06
1.178244096e-06
1.17522688e-06
1.17246464e-06
1.179773952e-06
1.188103168e-06
1.196389888e-06
1.189633024e-06
1.188528128e-06
1.187890688e-06
1.172379648e-06
1.170424832e-06
1.175481856e-06
1.175779328e-06
1.180921344e-06
1.183768576e-06
1.1750144e-06
1.173399552e-06
1.173697024e-06
1.165197824e-06
1.164007936e-06
1.168682496e-06
1.179179008e-06
1.177521664e-06
1.170509824e-06
1.17565184e-06
1.166812672e-06
1.160438272e-06
1.16672768e-06
1.166770176e-06
1.16991488e-06
1.170382336e-06
1.17628928e-06
1.16779008e-06
1.17161472e-06
1.18011392e-06
1.18330112e-06
1.179986432e-06
1.174291968e-06
1.179561472e-06
1.178499072e-06
1.178371584e-06
1.174546944e-06
1.180368896e-06
1.177649152e-06
1.169787392e-06
1.164475392e-06
1.171572224e-06
1.164730368e-06
1.177224192e-06
1.175736832e-06
1.173824512e-06
1.186233344e-06
1.182706176e-06
1.19498752e-06
1.196134912e-06
1.19796224e-06
1.203231744e-06
1.191502848e-06
1.195497472e-06
1.19562496e-06
1.195369984e-06
1.19774976e-06
1.194222592e-06
1.194732544e-06
1.189845504e-06
1.194392576e-06
1.183683584e-06
1.178881536e-06
1.171997184e-06
1.165750272e-06
1.186445824e-06
1.182068736e-06
1.195752448e-06
1.186658304e-06
1.188528128e-06
1.200044544e-06
1.190057984e-06
1.181516288e-06
1.177309184e-06
1.186530816e-06
1.186658304e-06
1.181516288e-06
1.1803264e-06
1.181091328e-06
1.184958464e-06
1.186955776e-06
1.17905152e-06
1.17947648e-06
1.1760768e-06
1.167025152e-06
1.17097728e-06
1.16460288e-06
1.167110144e-06
1.170849792e-06
1.171317248e-06
1.166897664e-06
1.167620096e-06
1.16736512e-06
1.169744896e-06
1.171784704e-06
1.180368896e-06
1.171572224e-06
1.1760768e-06
1.174844416e-06
1.17777664e-06
1.183853568e-06
1.195284992e-06
1.189760512e-06
1.17883904e-06
1.171444736e-06
1.169744896e-06
1.186955776e-06
1.182706176e-06
1.179391488e-06
1.179603968e-06
1.181856256e-06
1.17565184e-06
1.18648832e-06
1.190185472e-06
1.190865408e-06
1.184321024e-06
1.175694336e-06
1.175184384e-06
1.164432896e-06
1.161883136e-06
1.171912192e-06
1.181856256e-06
1.180921344e-06
1.185043456e-06
1.179306496e-06
1.17947648e-06
1.196984832e-06
1.193245184e-06
1.189420544e-06
1.188868096e-06
1.196729856e-06
1.198939648e-06
1.186403328e-06
1.1771392e-06
1.187253248e-06
1.187805696e-06
1.185043456e-06
1.184321024e-06
1.189972992e-06
1.181133824e-06
1.169617408e-06
1.1548288e-06
1.163710464e-06
1.17905152e-06
1.1856384e-06
1.18818816e-06
1.18117632e-06
1.180071424e-06
1.182791168e-06
1.189293056e-06
1.189208064e-06
1.183981056e-06
1.179179008e-06
1.163158016e-06
1.15631616e-06
1.154021376e-06
1.151259136e-06
1.158695936e-06
1.160183296e-06
1.172719616e-06
1.177819136e-06
1.1856384e-06
1.18075136e-06
1.172294656e-06
1.171444736e-06
1.178244096e-06
1.17968896e-06
1.187890688e-06
1.180198912e-06
1.176374272e-06
1.189803008e-06
1.195497472e-06
1.20093696e-06
1.220400128e-06
1.207481344e-06
1.200681984e-06
1.195752448e-06
1.178456576e-06
1.17798912e-06
1.180623872e-06
1.173442048e-06
1.17437696e-06
1.17203968e-06
1.1728896e-06
1.174546944e-06
1.18627584e-06
1.203104256e-06
1.209351168e-06
1.204209152e-06
1.200214528e-06
1.19541248e-06
1.197919744e-06
1.198217216e-06
1.196134912e-06
1.208713728e-06
1.202976768e-06
1.198259712e-06
1.210668544e-06
1.191417856e-06
1.188315648e-06
1.188018176e-06
1.18903808e-06
1.189803008e-06
1.193160192e-06
1.19286272e-06
1.196134912e-06
1.195242496e-06
1.188995584e-06
1.179433984e-06
1.178244096e-06
1.191970304e-06
1.198302208e-06
1.189888e-06
1.18861312e-06
1.179264e-06
1.179731456e-06
1.178159104e-06
1.185340928e-06
1.178116608e-06
1.186658304e-06
1.191502848e-06
1.19774976e-06
1.198982144e-06
1.200681984e-06
1.198897152e-06
1.197919744e-06
1.164687872e-06
1.16481536e-06
1.178881536e-06
1.191970304e-06
1.19328768e-06
1.183046144e-06
1.18755072e-06
1.188230656e-06
1.186828288e-06
1.19753728e-06
1.191927808e-06
1.185128448e-06
1.190907904e-06
1.184193536e-06
1.18117632e-06
1.166685184e-06
1.179348992e-06
1.177649152e-06
1.17416448e-06
1.17161472e-06
1.20114944e-06
1.196644864e-06
1.198939648e-06
1.189548032e-06
1.19116288e-06
1.185170944e-06
1.192820224e-06
1.195752448e-06
1.200851968e-06
1.19604992e-06
1.193627648e-06
1.185085952e-06
1.172932096e-06
1.1771392e-06
1.183258624e-06
1.182323712e-06
1.186615808e-06
1.195115008e-06
1.1962624e-06
1.199407104e-06
1.166642688e-06
1.174036992e-06
1.18521344e-06
1.186148352e-06
1.178244096e-06
1.181728768e-06
1.175269376e-06
1.175609344e-06
1.176119296e-06
1.184406016e-06
1.179306496e-06
1.176161792e-06
1.173909504e-06
1.188018176e-06
1.19477504e-06
1.194052608e-06
1.184660992e-06
1.17947648e-06
1.167875072e-06
1.169659904e-06
1.1952e-06
1.191630336e-06
1.189123072e-06
1.186020864e-06
1.184618496e-06
1.194392576e-06
1.198897152e-06
1.19774976e-06
1.194095104e-06
1.192140288e-06
1.183683584e-06
1.188698112e-06
1.185383424e-06
1.191077888e-06
1.191035392e-06
1.1920128e-06
1.19265024e-06
1.19435008e-06
1.191630336e-06
1.203231744e-06
1.202169344e-06
1.19668736e-06
1.194690048e-06
1.191035392e-06
1.18712576e-06
1.194520064e-06
1.19265024e-06
1.189123072e-06
1.189420544e-06
1.186233344e-06
1.182493696e-06
1.184491008e-06
1.17650176e-06
1.18011392e-06
1.18053888e-06
1.192735232e-06
1.19498752e-06
1.186233344e-06
1.198259712e-06
1.201021952e-06
1.173357056e-06
1.183981056e-06
1.174334464e-06
1.183216128e-06
1.19881216e-06
1.185680896e-06
1.180836352e-06
1.18903808e-06
1.198004736e-06
1.19711232e-06
1.192352768e-06
1.175099392e-06
1.176374272e-06
1.161288192e-06
1.155296256e-06
1.159035904e-06
1.168809984e-06
1.167195136e-06
1.166770176e-06
1.16842752e-06
1.192565248e-06
1.20624896e-06
1.192267776e-06
1.17671424e-06
1.173952e-06
1.177649152e-06
1.181941248e-06
1.182748672e-06
1.171147264e-06
1.160395776e-06
1.155933696e-06
1.160098304e-06
1.158738432e-06
1.16906496e-06
1.172847104e-06
1.17543936e-06
1.174079488e-06
1.177054208e-06
1.181048832e-06
1.186148352e-06
1.170212352e-06
1.164220416e-06
1.158525952e-06
1.166047744e-06
1.1654528e-06
1.172634624e-06
1.1718272e-06
1.170637312e-06
1.164432896e-06
1.166685184e-06
1.167832576e-06
1.168385024e-06
1.175184384e-06
1.170254848e-06
1.169659904e-06
1.175566848e-06
1.18415104e-06
1.181898752e-06
1.185978368e-06
1.178711552e-06
1.187678208e-06
1.182578688e-06
1.189208064e-06
1.193330176e-06
1.195072512e-06
1.199704576e-06
1.2143232e-06
1.201616896e-06
1.191715328e-06
1.184576e-06
1.176756736e-06
1.183386112e-06
1.191842816e-06
1.190822912e-06
1.195964928e-06
1.185978368e-06
1.189930496e-06
1.192480256e-06
1.18287616e-06
1.185893376e-06
1.175736832e-06
1.177606656e-06
1.187295744e-06
1.176204288e-06
1.172549632e-06
1.168385024e-06
1.16205312e-06
1.171317248e-06
1.183428608e-06
1.175481856e-06
1.179391488e-06
1.17862656e-06
1.176586752e-06
1.168767488e-06
1.164220416e-06
1.162563072e-06
1.169192448e-06
1.1718272e-06
1.167237632e-06
1.171954688e-06
1.178074112e-06
1.181941248e-06
1.173442048e-06
1.173357056e-06
1.190440448e-06
1.18733824e-06
1.189165568e-06
1.178966528e-06
1.187508224e-06
1.195242496e-06
1.198089728e-06
1.191927808e-06
1.19668736e-06
1.202806784e-06
1.194180096e-06
1.184278528e-06
1.175396864e-06
1.184066048e-06
1.179264e-06
1.174546944e-06
1.188528128e-06
1.183343616e-06
1.187083264e-06
1.20284928e-06
1.191842816e-06
1.18117632e-06
1.185935872e-06
1.195922432e-06
1.190142976e-06
1.18117632e-06
1.188740608e-06
1.188740608e-06
1.185510912e-06
1.182833664e-06
1.190355456e-06
1.191885312e-06
1.19286272e-06
1.190015488e-06
1.1888256e-06
1.189760512e-06
1.201276928e-06
1.198089728e-06
1.192607744e-06
1.188230656e-06
1.179221504e-06
1.179943936e-06
1.177266688e-06
1.185298432e-06
1.18648832e-06
1.192480256e-06
1.186870784e-06
1.181983744e-06
1.18202624e-06
1.183471104e-06
1.194010112e-06
1.19052544e-06
1.17990144e-06
1.18797568e-06
1.192607744e-06
1.205144064e-06
1.197622272e-06
1.196389888e-06
1.1973248e-06
1.196347392e-06
1.190780416e-06
1.197494784e-06
1.203189248e-06
1.196092416e-06
1.201616896e-06
1.194945024e-06
1.189803008e-06
1.200214528e-06
1.200894464e-06
1.199832064e-06
1.19031296e-06
1.1867008e-06
1.203146752e-06
1.19477504e-06
1.202466816e-06
1.20178688e-06
1.192565248e-06
1.202169344e-06
1.210243584e-06
1.211390976e-06
1.204846592e-06
1.195327488e-06
1.19541248e-06
1.183471104e-06
1.185128448e-06
1.185553408e-06
1.19137536e-06
1.191290368e-06
1.195369984e-06
1.197027328e-06
1.199194624e-06
1.19711232e-06
1.198344704e-06
1.19562496e-06
1.198897152e-06
1.203741696e-06
1.180198912e-06
1.192777728e-06
1.189760512e-06
1.19753728e-06
1.190397952e-06
1.18500096e-06
1.189718016e-06
1.194010112e-06
1.193542656e-06
1.188570624e-06
1.18691328e-06
1.194180096e-06
1.19711232e-06
1.212155904e-06
1.206928896e-06
1.203444224e-06
1.195879936e-06
1.191120384e-06
1.19923712e-06
1.184278528e-06
1.194010112e-06
1.199407104e-06
1.198897152e-06
1.202721792e-06
1.203529216e-06
1.197792256e-06
1.19328768e-06
1.193542656e-06
1.182493696e-06
1.189420544e-06
1.190907904e-06
1.189293056e-06
1.187083264e-06
1.186020864e-06
1.187465728e-06
1.189760512e-06
1.192735232e-06
1.194732544e-06
1.188018176e-06
1.196177408e-06
1.184448512e-06
1.186785792e-06
1.181346304e-06
1.184023552e-06
1.198302208e-06
1.18925056e-06
1.188910592e-06
1.19180032e-06
1.188273152e-06
1.200639488e-06
1.202126848e-06
1.197792256e-06
1.20773632e-06
1.20603648e-06
1.202721792e-06
1.211390976e-06
1.203529216e-06
1.20518656e-06
1.202509312e-06
1.197494784e-06
1.215470592e-06
1.20879872e-06
1.195497472e-06
1.184915968e-06
1.182281216e-06
1.195072512e-06
1.192820224e-06
1.193882624e-06
1.194180096e-06
1.197282304e-06
1.19477504e-06
1.206078976e-06
1.226944512e-06
1.220527616e-06
1.21071104e-06
1.204591616e-06
1.204294144e-06
1.209393664e-06
1.211093504e-06
1.207863808e-06
1.173144576e-06
1.174291968e-06
1.188443136e-06
1.189972992e-06
1.183598592e-06
1.186020864e-06
1.187423232e-06
1.195922432e-06
1.200172032e-06
1.191290368e-06
1.198344704e-06
1.200809472e-06
1.179136512e-06
1.192480256e-06
1.178116608e-06
1.172634624e-06
1.17947648e-06
1.170084864e-06
1.160013312e-06
1.160863232e-06
1.2047616e-06
1.207183872e-06
1.203189248e-06
1.192990208e-06
1.190907904e-06
1.192565248e-06
1.191545344e-06
1.188060672e-06
1.191715328e-06
1.193245184e-06
1.188315648e-06
1.189505536e-06
1.196432384e-06
1.197069824e-06
1.205059072e-06
1.192905216e-06
1.192565248e-06
1.202806784e-06
1.20624896e-06
1.204379136e-06
1.170807296e-06
1.170892288e-06
1.170042368e-06
1.171104768e-06
1.17012736e-06
1.170212352e-06
1.168894976e-06
1.165580288e-06
1.17331456e-06
1.168767488e-06
1.17692672e-06
1.1782016e-06
1.179306496e-06
1.192352768e-06
1.194647552e-06
1.203571712e-06
1.201701888e-06
1.196559872e-06
1.190865408e-06
1.174886912e-06
1.164050432e-06
1.167662592e-06
1.175184384e-06
1.178711552e-06
1.176799232e-06
1.180453888e-06
1.175609344e-06
1.180623872e-06
1.173569536e-06
1.179221504e-06
1.185595904e-06
1.182833664e-06
1.18648832e-06
1.194010112e-06
1.200894464e-06
1.197622272e-06
1.191885312e-06
1.187423232e-06
1.178074112e-06
1.166855168e-06
1.192905216e-06
1.192947712e-06
1.191247872e-06
1.18117632e-06
1.194690048e-06
1.189080576e-06
1.192947712e-06
1.183258624e-06
1.192097792e-06
1.196602368e-06
1.206801408e-06
1.194265088e-06
1.190270464e-06
1.185595904e-06
1.180666368e-06
1.18840064e-06
1.18436352e-06
1.186530816e-06
1.198854656e-06
1.199704576e-06
1.186615808e-06
1.176119296e-06
1.177521664e-06
1.179136512e-06
1.184958464e-06
1.181643776e-06
1.17968896e-06
1.175736832e-06
1.18478848e-06
1.190482944e-06
1.18053888e-06
1.191630336e-06
1.184023552e-06
1.186233344e-06
1.180453888e-06
1.17543936e-06
1.172294656e-06
1.18372608e-06
1.199194624e-06
1.195922432e-06
1.188018176e-06
1.181346304e-06
1.184023552e-06
1.187635712e-06
1.183981056e-06
1.18712576e-06
1.175694336e-06
1.17225216e-06
1.170892288e-06
1.164942848e-06
1.167280128e-06
1.163837952e-06
1.156146176e-06
1.17267712e-06
1.171912192e-06
1.174461952e-06
1.176374272e-06
1.166345216e-06
1.173017088e-06
1.177691648e-06
1.172209664e-06
1.168045056e-06
1.165070336e-06
1.175694336e-06
1.177436672e-06
1.178711552e-06
1.177521664e-06
1.182111232e-06
1.178924032e-06
1.185468416e-06
1.182281216e-06
1.189080576e-06
1.201744384e-06
1.186148352e-06
1.190227968e-06
1.187720704e-06
1.187380736e-06
1.183428608e-06
1.177946624e-06
1.17777664e-06
1.184448512e-06
1.184576e-06
1.191672832e-06
1.19350016e-06
1.1941376e-06
1.194222592e-06
1.199789568e-06
1.201914368e-06
1.201276928e-06
1.200214528e-06
1.188995584e-06
1.179603968e-06
1.17458944e-06
1.174036992e-06
1.17650176e-06
1.177946624e-06
1.17947648e-06
1.178669056e-06
1.181771264e-06
1.188230656e-06
1.188060672e-06
1.19604992e-06
1.18521344e-06
1.186615808e-06
1.190907904e-06
1.198684672e-06
1.187593216e-06
1.182791168e-06
1.185383424e-06
1.183853568e-06
1.19180032e-06
1.193755136e-06
1.1941376e-06
1.201701888e-06
1.202169344e-06
1.203019264e-06
1.205314048e-06
1.197452288e-06
1.185808384e-06
1.17905152e-06
1.174291968e-06
1.169404928e-06
1.161458176e-06
1.160438272e-06
1.170509824e-06
1.175099392e-06
1.186530816e-06
1.195115008e-06
1.202764288e-06
1.20454912e-06
1.19583744e-06
1.200384512e-06
1.196559872e-06
1.186828288e-06
1.18478848e-06
1.184448512e-06
1.196092416e-06
1.20136192e-06
1.202891776e-06
1.195327488e-06
1.187168256e-06
1.175141888e-06
1.17480192e-06
1.174674432e-06
1.173952e-06
1.16715264e-06
1.164475392e-06
1.172762112e-06
1.181006336e-06
1.193967616e-06
1.194817536e-06
1.191502848e-06
1.191120384e-06
1.19604992e-06
1.193627648e-06
1.192820224e-06
1.190780416e-06
1.183896064e-06
1.185978368e-06
1.182493696e-06
1.185128448e-06
1.177606656e-06
1.186828288e-06
1.19031296e-06
1.181728768e-06
1.189888e-06
1.190142976e-06
1.188060672e-06
1.181346304e-06
1.175566848e-06
1.175396864e-06
1.180028928e-06
1.188740608e-06
1.193840128e-06
1.17628928e-06
1.178031616e-06
1.177946624e-06
1.186828288e-06
1.19010048e-06
1.18308864e-06
1.184958464e-06
1.18797568e-06
1.19371264e-06
1.184618496e-06
1.184066048e-06
1.186233344e-06
1.188570624e-06
1.1824512e-06
1.18478848e-06
1.18181376e-06
1.1813888e-06
1.192947712e-06
1.185128448e-06
1.177181696e-06
1.174844416e-06
1.17798912e-06
1.180071424e-06
1.184066048e-06
1.1909504e-06
1.187508224e-06
1.199917056e-06
1.194010112e-06
1.1877632e-06
1.18797568e-06
1.18967552e-06
1.198897152e-06
1.205229056e-06
1.195922432e-06
1.193797632e-06
1.205016576e-06
1.200129536e-06
1.200427008e-06
1.191205376e-06
1.19647488e-06
1.193542656e-06
1.197494784e-06
1.201659392e-06
1.18818816e-06
1.194307584e-06
1.203401728e-06
1.184660992e-06
1.179306496e-06
1.180581376e-06
1.182196224e-06
1.192310272e-06
1.185298432e-06
1.182621184e-06
1.184533504e-06
1.19158784e-06
1.18521344e-06
1.178881536e-06
1.1867008e-06
1.173059584e-06
1.18308864e-06
1.190015488e-06
1.185553408e-06
1.17756416e-06
1.188315648e-06
1.176459264e-06
1.181856256e-06
1.191842816e-06
1.204251648e-06
1.193670144e-06
1.198642176e-06
1.197154816e-06
1.193245184e-06
1.184066048e-06
1.18436352e-06
1.185765888e-06
1.194647552e-06
1.187508224e-06
1.172932096e-06
1.173569536e-06
1.176756736e-06
1.17416448e-06
1.183556096e-06
1.1867008e-06
1.187210752e-06
1.192097792e-06
1.19286272e-06
1.207183872e-06
1.2143232e-06
1.205951488e-06
1.22643456e-06
1.217127936e-06
1.21411072e-06
1.208501248e-06
1.19350016e-06
1.192140288e-06
1.188103168e-06
1.192777728e-06
1.197877248e-06
1.203996672e-06
1.188528128e-06
1.175184384e-06
1.180028928e-06
1.177819136e-06
1.185808384e-06
1.197154816e-06
1.204251648e-06
1.172507136e-06
1.175396864e-06
1.18585088e-06
1.18755072e-06
1.189930496e-06
1.18160128e-06
1.189505536e-06
1.195030016e-06
1.199152128e-06
1.197367296e-06
1.204719104e-06
1.18840064e-06
1.186403328e-06
1.185808384e-06
1.187295744e-06
1.183768576e-06
1.187508224e-06
1.17480192e-06
1.171572224e-06
1.179306496e-06
1.17990144e-06
1.185978368e-06
1.18117632e-06
1.186955776e-06
1.190652928e-06
1.19158784e-06
1.190567936e-06
1.1930752e-06
1.192565248e-06
1.196177408e-06
1.200596992e-06
1.208118784e-06
1.199534592e-06
1.189760512e-06
1.19052544e-06
1.187040768e-06
1.18075136e-06
1.173654528e-06
1.175566848e-06
1.169872384e-06
1.194265088e-06
1.20199936e-06
1.20603648e-06
1.201106944e-06
1.192565248e-06
1.193627648e-06
1.20136192e-06
1.207991296e-06
1.204846592e-06
1.208033792e-06
1.201191936e-06
1.1952e-06
1.188740608e-06
1.18223872e-06
1.19010048e-06
1.189420544e-06
1.194605056e-06
1.195242496e-06
1.183046144e-06
1.201701888e-06
1.160820736e-06
1.159205888e-06
1.163837952e-06
1.188103168e-06
1.181473792e-06
1.186445824e-06
1.190907904e-06
1.187720704e-06
1.181261312e-06
1.1803264e-06
1.177904128e-06
1.189420544e-06
1.186403328e-06
1.181898752e-06
1.169872384e-06
1.169744896e-06
1.167407616e-06
1.15992832e-06
1.16927744e-06
1.165070336e-06
1.185723392e-06
1.188230656e-06
1.182196224e-06
1.1771392e-06
1.172974592e-06
1.17033984e-06
1.176671744e-06
1.194222592e-06
1.19328768e-06
1.193415168e-06
1.185340928e-06
1.183173632e-06
1.186573312e-06
1.183258624e-06
1.182068736e-06
1.192352768e-06
1.182621184e-06
1.185298432e-06
1.188358144e-06
1.181516288e-06
1.185808384e-06
1.188060672e-06
1.17522688e-06
1.17650176e-06
1.17097728e-06
1.162605568e-06
1.16821504e-06
1.17140224e-06
1.173569536e-06
1.173229568e-06
1.175311872e-06
1.179221504e-06
1.18011392e-06
1.186743296e-06
1.182323712e-06
1.179646464e-06
1.179943936e-06
1.186530816e-06
1.18648832e-06
1.190440448e-06
1.172592128e-06
1.179179008e-06
1.172762112e-06
1.165495296e-06
1.179603968e-06
1.176629248e-06
1.18223872e-06
1.180623872e-06
1.172294656e-06
1.182536192e-06
1.200639488e-06
1.201829376e-06
1.199364608e-06
1.200554496e-06
1.190142976e-06
1.196007424e-06
1.187933184e-06
1.178074112e-06
1.17437696e-06
1.172762112e-06
1.193882624e-06
1.183683584e-06
1.182791168e-06
1.177309184e-06
1.18712576e-06
1.187380736e-06
1.181771264e-06
1.169107456e-06
1.174206976e-06
1.175269376e-06
1.16502784e-06
1.179433984e-06
1.190227968e-06
1.193372672e-06
1.201106944e-06
1.194477568e-06
1.196432384e-06
1.188995584e-06
1.19668736e-06
1.196177408e-06
1.192990208e-06
1.213218304e-06
1.216787968e-06
1.211178496e-06
1.202976768e-06
1.187083264e-06
1.191120384e-06
1.193245184e-06
1.19477504e-06
1.196814848e-06
1.204209152e-06
1.200044544e-06
1.207821312e-06
1.205993984e-06
1.2090112e-06
1.202254336e-06
1.188570624e-06
1.19796224e-06
1.190057984e-06
1.186955776e-06
1.187465728e-06
1.192182784e-06
1.192395264e-06
1.186105856e-06
1.179646464e-06
1.184066048e-06
1.191885312e-06
1.193032704e-06
1.19456256e-06
1.177394176e-06
1.184321024e-06
1.192735232e-06
1.189930496e-06
1.19562496e-06
1.19350016e-06
1.175396864e-06
1.173272064e-06
1.17331456e-06
1.180241408e-06
1.18436352e-06
1.17650176e-06
1.170594816e-06
1.168937472e-06
1.170042368e-06
1.18053888e-06
1.187465728e-06
1.183173632e-06
1.180708864e-06
1.175481856e-06
1.174631936e-06
1.155508736e-06
1.15716608e-06
1.14760448e-06
1.1548288e-06
1.167492608e-06
1.175779328e-06
1.1867008e-06
1.186360832e-06
1.185298432e-06
1.18330112e-06
1.187380736e-06
1.19392512e-06
1.193882624e-06
1.19328768e-06
1.196432384e-06
1.18393856e-06
1.173484544e-06
1.175906816e-06
1.184278528e-06
1.187040768e-06
1.187040768e-06
1.179986432e-06
1.181133824e-06
1.177394176e-06
1.182621184e-06
1.180071424e-06
1.17777664e-06
1.179264e-06
1.175566848e-06
1.18818816e-06
1.19243776e-06
1.200172032e-06
1.199067136e-06
1.192607744e-06
1.20029952e-06
1.18903808e-06
1.192777728e-06
1.196134912e-06
1.194222592e-06
1.1909504e-06
1.1877632e-06
1.196134912e-06
1.193840128e-06
1.195964928e-06
1.189293056e-06
1.196007424e-06
1.18797568e-06
1.188868096e-06
1.187210752e-06
1.189335552e-06
1.198854656e-06
1.200384512e-06
1.203401728e-06
1.198472192e-06
1.20284928e-06
1.201701888e-06
1.200596992e-06
1.195327488e-06
1.184236032e-06
1.189803008e-06
1.192777728e-06
1.193415168e-06
1.19562496e-06
1.18266368e-06
1.184448512e-06
1.192182784e-06
1.184873472e-06
1.186828288e-06
1.188315648e-06
1.187423232e-06
1.18478848e-06
1.174291968e-06
1.172762112e-06
1.176119296e-06
1.18308864e-06
1.194222592e-06
1.19541248e-06
1.195794944e-06
1.191885312e-06
1.185255936e-06
1.188570624e-06
1.18755072e-06
1.190142976e-06
1.191332864e-06
1.18521344e-06
1.182791168e-06
1.198897152e-06
1.202126848e-06
1.189803008e-06
1.18818816e-06
1.195454976e-06
1.191205376e-06
1.194732544e-06
1.186318336e-06
1.172167168e-06
1.181303808e-06
1.189293056e-06
1.189208064e-06
1.188953088e-06
1.1728896e-06
1.178456576e-06
1.178669056e-06
1.174461952e-06
1.17416448e-06
1.178584064e-06
1.186105856e-06
1.193160192e-06
1.18755072e-06
1.189888e-06
1.194732544e-06
1.188698112e-06
1.182068736e-06
1.185255936e-06
1.1803264e-06
1.184236032e-06
1.180156416e-06
1.173952e-06
1.172294656e-06
1.181771264e-06
1.181473792e-06
1.1728896e-06
1.17543936e-06
1.180028928e-06
1.180708864e-06
1.181643776e-06
1.189548032e-06
1.192607744e-06
1.196219904e-06
1.18733824e-06
1.183003648e-06
1.18287616e-06
1.179518976e-06
1.176459264e-06
1.179561472e-06
1.184873472e-06
1.1909504e-06
1.192352768e-06
1.192480256e-06
1.191715328e-06
1.180793856e-06
1.186573312e-06
1.18946304e-06
1.19052544e-06
1.188995584e-06
1.1760768e-06
1.175821824e-06
1.170934784e-06
1.175694336e-06
1.184660992e-06
1.185128448e-06
1.172082176e-06
1.171784704e-06
1.170212352e-06
1.162520576e-06
1.167535104e-06
1.169659904e-06
1.163795456e-06
1.172082176e-06
1.175481856e-06
1.17310208e-06
1.169787392e-06
1.168087552e-06
1.180411392e-06
1.200427008e-06
1.193372672e-06
1.194647552e-06
1.18712576e-06
1.182323712e-06
1.181686272e-06
1.181431296e-06
)
;

boundaryField
{
    xPeriodic_half0
    {
        type            cyclic;
    }
    xPeriodic_half1
    {
        type            cyclic;
    }
    yPeriodic_half0
    {
        type            cyclic;
    }
    yPeriodic_half1
    {
        type            cyclic;
    }
    zPeriodic_half0
    {
        type            cyclic;
    }
    zPeriodic_half1
    {
        type            cyclic;
    }
}


// ************************************************************************* //
