/*--------------------------------*- C++ -*----------------------------------*\
| =========                 |                                                 |
| \\      /  F ield         | OpenFOAM: The Open Source CFD Toolbox           |
|  \\    /   O peration     | Version:  v1706                                 |
|   \\  /    A nd           | Web:      www.OpenFOAM.com                      |
|    \\/     M anipulation  |                                                 |
\*---------------------------------------------------------------------------*/
FoamFile
{
    version     2.0;
    format      ascii;
    class       volScalarField;
    location    "0.01";
    object      rhoN_N2;
}
// * * * * * * * * * * * * * * * * * * * * * * * * * * * * * * * * * * * * * //

dimensions      [0 -3 0 0 0 0 0];


internalField   nonuniform List<scalar> 
5120
(
7.80264e+19
7.7828e+19
7.80216e+19
7.79056e+19
7.80192e+19
7.77192e+19
7.79704e+19
7.79392e+19
7.80568e+19
7.7628e+19
7.77544e+19
7.75424e+19
7.7564e+19
7.69856e+19
7.69016e+19
7.68072e+19
7.70544e+19
7.76456e+19
7.74456e+19
7.76136e+19
7.69712e+19
7.72296e+19
7.75056e+19
7.736e+19
7.70504e+19
7.74144e+19
7.72384e+19
7.7164e+19
7.71504e+19
7.71144e+19
7.72232e+19
7.73728e+19
7.75792e+19
7.79336e+19
7.74616e+19
7.70592e+19
7.69448e+19
7.64344e+19
7.63712e+19
7.67024e+19
7.69896e+19
7.67976e+19
7.72096e+19
7.69136e+19
7.71472e+19
7.7568e+19
7.7932e+19
7.75736e+19
7.73496e+19
7.68128e+19
7.64328e+19
7.6624e+19
7.648e+19
7.68656e+19
7.68352e+19
7.7196e+19
7.73776e+19
7.73256e+19
7.71976e+19
7.712e+19
7.8092e+19
7.76736e+19
7.79832e+19
7.78624e+19
7.76888e+19
7.74792e+19
7.72632e+19
7.74896e+19
7.752e+19
7.76712e+19
7.79128e+19
7.75584e+19
7.76704e+19
7.73456e+19
7.74464e+19
7.74648e+19
7.74112e+19
7.7624e+19
7.76864e+19
7.78912e+19
7.82288e+19
7.81856e+19
7.80344e+19
7.75328e+19
7.74776e+19
7.73e+19
7.77232e+19
7.77664e+19
7.82696e+19
7.87672e+19
7.85104e+19
7.84056e+19
7.81056e+19
7.85568e+19
7.82504e+19
7.7856e+19
7.7012e+19
7.70504e+19
7.7504e+19
7.78784e+19
7.7772e+19
7.7756e+19
7.80488e+19
7.82328e+19
7.80424e+19
7.78816e+19
7.76768e+19
7.7884e+19
7.74176e+19
7.7468e+19
7.7532e+19
7.7652e+19
7.74272e+19
7.64216e+19
7.65152e+19
7.70048e+19
7.71112e+19
7.71488e+19
7.75288e+19
7.7512e+19
7.75832e+19
7.73784e+19
7.71e+19
7.70536e+19
7.74024e+19
7.73792e+19
7.72368e+19
7.75624e+19
7.72e+19
7.71592e+19
7.70536e+19
7.7096e+19
7.7348e+19
7.77e+19
7.76104e+19
7.73776e+19
7.73416e+19
7.79776e+19
7.75952e+19
7.75416e+19
7.77584e+19
7.78688e+19
7.8052e+19
7.77952e+19
7.7976e+19
7.7996e+19
7.79864e+19
7.80952e+19
7.8116e+19
7.75776e+19
7.76664e+19
7.78264e+19
7.78104e+19
7.7532e+19
7.77024e+19
7.78936e+19
7.80824e+19
7.76048e+19
7.76864e+19
7.7972e+19
7.79896e+19
7.80448e+19
7.8284e+19
7.79712e+19
7.8152e+19
7.81792e+19
7.79136e+19
7.78728e+19
7.81024e+19
7.82312e+19
7.81024e+19
7.78208e+19
7.7676e+19
7.7932e+19
7.78944e+19
7.82592e+19
7.81072e+19
7.79008e+19
7.78416e+19
7.82e+19
7.8172e+19
7.81656e+19
7.80488e+19
7.77112e+19
7.8112e+19
7.82336e+19
7.83096e+19
7.80664e+19
7.77584e+19
7.7984e+19
7.77272e+19
7.77712e+19
7.79896e+19
7.7828e+19
7.76336e+19
7.80128e+19
7.81344e+19
7.83416e+19
7.8336e+19
7.8068e+19
7.75952e+19
7.7608e+19
7.728e+19
7.71416e+19
7.7392e+19
7.75992e+19
7.79488e+19
7.79168e+19
7.80848e+19
7.78328e+19
7.78816e+19
7.84072e+19
7.81448e+19
7.87152e+19
7.84224e+19
7.87536e+19
7.8568e+19
7.83104e+19
7.81128e+19
7.81504e+19
7.80536e+19
7.83376e+19
7.80912e+19
7.81928e+19
7.79672e+19
7.77344e+19
7.7612e+19
7.7328e+19
7.76576e+19
7.78824e+19
7.75928e+19
7.76808e+19
7.7492e+19
7.74936e+19
7.74992e+19
7.7216e+19
7.76192e+19
7.76328e+19
7.80592e+19
7.82848e+19
7.74848e+19
7.7744e+19
7.78232e+19
7.75512e+19
7.73056e+19
7.75776e+19
7.812e+19
7.8428e+19
7.81784e+19
7.78744e+19
7.766e+19
7.73352e+19
7.7236e+19
7.7472e+19
7.776e+19
7.74168e+19
7.73176e+19
7.72824e+19
7.75984e+19
7.73976e+19
7.73528e+19
7.7456e+19
7.7588e+19
7.72208e+19
7.67184e+19
7.63184e+19
7.65744e+19
7.67888e+19
7.71568e+19
7.73848e+19
7.70984e+19
7.73648e+19
7.75176e+19
7.74272e+19
7.76192e+19
7.76264e+19
7.79136e+19
7.75704e+19
7.76968e+19
7.74768e+19
7.7604e+19
7.7536e+19
7.7408e+19
7.72288e+19
7.71568e+19
7.75856e+19
7.74152e+19
7.71272e+19
7.752e+19
7.76032e+19
7.76064e+19
7.78904e+19
7.7804e+19
7.75608e+19
7.79e+19
7.82328e+19
7.81288e+19
7.78488e+19
7.80568e+19
7.7852e+19
7.75008e+19
7.784e+19
7.79296e+19
7.76456e+19
7.78512e+19
7.7456e+19
7.76192e+19
7.78496e+19
7.75128e+19
7.74672e+19
7.78056e+19
7.77832e+19
7.76688e+19
7.75416e+19
7.73312e+19
7.70856e+19
7.68472e+19
7.73712e+19
7.71624e+19
7.72936e+19
7.80384e+19
7.77128e+19
7.774e+19
7.80592e+19
7.7832e+19
7.75704e+19
7.77216e+19
7.76912e+19
7.8216e+19
7.79232e+19
7.78136e+19
7.75056e+19
7.74856e+19
7.71664e+19
7.73688e+19
7.79528e+19
7.80664e+19
7.788e+19
7.79424e+19
7.78704e+19
7.69464e+19
7.72176e+19
7.70752e+19
7.69832e+19
7.71032e+19
7.70296e+19
7.69824e+19
7.72024e+19
7.752e+19
7.76632e+19
7.7624e+19
7.77736e+19
7.76328e+19
7.74208e+19
7.766e+19
7.78912e+19
7.72616e+19
7.7512e+19
7.74384e+19
7.69656e+19
7.70648e+19
7.66216e+19
7.68592e+19
7.7244e+19
7.69536e+19
7.66208e+19
7.67872e+19
7.72536e+19
7.72448e+19
7.72712e+19
7.71328e+19
7.73208e+19
7.75592e+19
7.7712e+19
7.72528e+19
7.73256e+19
7.74648e+19
7.72776e+19
7.742e+19
7.72688e+19
7.68816e+19
7.70016e+19
7.73704e+19
7.75e+19
7.7796e+19
7.79416e+19
7.78328e+19
7.77864e+19
7.74336e+19
7.7376e+19
7.76272e+19
7.79768e+19
7.79072e+19
7.77776e+19
7.78032e+19
7.7364e+19
7.75824e+19
7.74728e+19
7.71456e+19
7.68e+19
7.72272e+19
7.71712e+19
7.73912e+19
7.76448e+19
7.76072e+19
7.75112e+19
7.748e+19
7.72768e+19
7.75096e+19
7.75968e+19
7.79784e+19
7.81608e+19
7.82056e+19
7.80536e+19
7.79856e+19
7.78088e+19
7.77528e+19
7.78248e+19
7.7668e+19
7.76792e+19
7.77584e+19
7.78992e+19
7.78168e+19
7.80352e+19
7.7936e+19
7.81928e+19
7.77368e+19
7.77968e+19
7.76168e+19
7.77248e+19
7.76296e+19
7.76848e+19
7.79352e+19
7.8136e+19
7.8448e+19
7.82664e+19
7.83464e+19
7.80184e+19
7.76808e+19
7.77264e+19
7.7272e+19
7.7464e+19
7.72024e+19
7.74216e+19
7.73888e+19
7.72936e+19
7.75936e+19
7.75816e+19
7.77168e+19
7.7728e+19
7.78384e+19
7.75816e+19
7.76456e+19
7.76592e+19
7.82504e+19
7.80504e+19
7.78752e+19
7.74488e+19
7.73952e+19
7.7128e+19
7.7404e+19
7.73424e+19
7.71024e+19
7.73824e+19
7.72472e+19
7.75232e+19
7.78704e+19
7.79464e+19
7.78912e+19
7.7772e+19
7.76456e+19
7.77288e+19
7.73768e+19
7.75488e+19
7.71552e+19
7.73496e+19
7.70504e+19
7.7324e+19
7.73016e+19
7.7312e+19
7.82312e+19
7.84776e+19
7.85216e+19
7.87184e+19
7.89328e+19
7.8448e+19
7.812e+19
7.77096e+19
7.79224e+19
7.74752e+19
7.77656e+19
7.75728e+19
7.79072e+19
7.78424e+19
7.802e+19
7.764e+19
7.77632e+19
7.80616e+19
7.81424e+19
7.80456e+19
7.76072e+19
7.72592e+19
7.74736e+19
7.76864e+19
7.7668e+19
7.78e+19
7.78656e+19
7.78544e+19
7.82904e+19
7.83432e+19
7.85072e+19
7.79392e+19
7.7732e+19
7.75744e+19
7.73432e+19
7.74872e+19
7.74056e+19
7.75112e+19
7.78984e+19
7.75016e+19
7.83048e+19
7.8236e+19
7.83904e+19
7.82816e+19
7.80208e+19
7.82016e+19
7.79616e+19
7.8276e+19
7.844e+19
7.83776e+19
7.83184e+19
7.81936e+19
7.81136e+19
7.82728e+19
7.81264e+19
7.80504e+19
7.78288e+19
7.80264e+19
7.82152e+19
7.8004e+19
7.73376e+19
7.77192e+19
7.79864e+19
7.75088e+19
7.7464e+19
7.73912e+19
7.73496e+19
7.73928e+19
7.79464e+19
7.76848e+19
7.78248e+19
7.77008e+19
7.75976e+19
7.73648e+19
7.74536e+19
7.77664e+19
7.79648e+19
7.76288e+19
7.7412e+19
7.75576e+19
7.7556e+19
7.7208e+19
7.72112e+19
7.76232e+19
7.78704e+19
7.80104e+19
7.7612e+19
7.73776e+19
7.69608e+19
7.72864e+19
7.73656e+19
7.78832e+19
7.79632e+19
7.78192e+19
7.74048e+19
7.75016e+19
7.77712e+19
7.80024e+19
7.77864e+19
7.7736e+19
7.74112e+19
7.74488e+19
7.73904e+19
7.7524e+19
7.78416e+19
7.84256e+19
7.80104e+19
7.83216e+19
7.84432e+19
7.83104e+19
7.83488e+19
7.78096e+19
7.73096e+19
7.75192e+19
7.76e+19
7.7568e+19
7.73992e+19
7.76456e+19
7.7632e+19
7.76272e+19
7.84016e+19
7.78808e+19
7.76616e+19
7.79168e+19
7.796e+19
7.77848e+19
7.76248e+19
7.76992e+19
7.74128e+19
7.74656e+19
7.78808e+19
7.78424e+19
7.79248e+19
7.8016e+19
7.78312e+19
7.80048e+19
7.80712e+19
7.83416e+19
7.79304e+19
7.80824e+19
7.7676e+19
7.75768e+19
7.77592e+19
7.76536e+19
7.78552e+19
7.7968e+19
7.78288e+19
7.79104e+19
7.77272e+19
7.75408e+19
7.69248e+19
7.73472e+19
7.7368e+19
7.76904e+19
7.76736e+19
7.74984e+19
7.78992e+19
7.78288e+19
7.78e+19
7.75752e+19
7.73024e+19
7.70992e+19
7.686e+19
7.68448e+19
7.69512e+19
7.7648e+19
7.76952e+19
7.7588e+19
7.73064e+19
7.77688e+19
7.79896e+19
7.81792e+19
7.7792e+19
7.76232e+19
7.77448e+19
7.75792e+19
7.72672e+19
7.73232e+19
7.73384e+19
7.7504e+19
7.76576e+19
7.7644e+19
7.80656e+19
7.80112e+19
7.76168e+19
7.734e+19
7.7128e+19
7.72712e+19
7.73536e+19
7.69464e+19
7.73776e+19
7.72504e+19
7.76816e+19
7.76568e+19
7.73752e+19
7.7436e+19
7.79392e+19
7.80816e+19
7.81904e+19
7.80512e+19
7.7984e+19
7.80648e+19
7.79344e+19
7.75856e+19
7.74536e+19
7.78248e+19
7.78744e+19
7.73824e+19
7.69776e+19
7.72032e+19
7.73424e+19
7.71704e+19
7.70736e+19
7.69968e+19
7.74152e+19
7.77416e+19
7.75992e+19
7.7904e+19
7.79984e+19
7.80216e+19
7.77456e+19
7.74688e+19
7.70912e+19
7.73488e+19
7.7444e+19
7.74064e+19
7.76744e+19
7.75744e+19
7.79256e+19
7.77624e+19
7.79608e+19
7.80408e+19
7.76008e+19
7.7648e+19
7.73936e+19
7.73808e+19
7.71304e+19
7.73696e+19
7.7588e+19
7.76592e+19
7.7652e+19
7.79336e+19
7.78672e+19
7.7504e+19
7.74704e+19
7.75568e+19
7.78888e+19
7.81584e+19
7.79536e+19
7.75976e+19
7.75184e+19
7.724e+19
7.76192e+19
7.78208e+19
7.78752e+19
7.7596e+19
7.7588e+19
7.75192e+19
7.76808e+19
7.75288e+19
7.7828e+19
7.78624e+19
7.77376e+19
7.78632e+19
7.76112e+19
7.74416e+19
7.73808e+19
7.74368e+19
7.79648e+19
7.7988e+19
7.79128e+19
7.80088e+19
7.76352e+19
7.75048e+19
7.77432e+19
7.79344e+19
7.80296e+19
7.826e+19
7.82288e+19
7.816e+19
7.73e+19
7.70712e+19
7.72536e+19
7.67864e+19
7.7132e+19
7.72632e+19
7.74568e+19
7.73816e+19
7.74168e+19
7.74784e+19
7.77376e+19
7.75736e+19
7.79528e+19
7.79496e+19
7.72624e+19
7.74568e+19
7.7412e+19
7.75568e+19
7.7592e+19
7.7896e+19
7.72928e+19
7.74856e+19
7.75776e+19
7.74688e+19
7.76008e+19
7.7932e+19
7.77648e+19
7.76336e+19
7.74712e+19
7.73328e+19
7.72976e+19
7.7496e+19
7.744e+19
7.74592e+19
7.78152e+19
7.79192e+19
7.75264e+19
7.7288e+19
7.70544e+19
7.6992e+19
7.81e+19
7.78528e+19
7.75736e+19
7.70808e+19
7.672e+19
7.64696e+19
7.63648e+19
7.71712e+19
7.73416e+19
7.69048e+19
7.7268e+19
7.73544e+19
7.77312e+19
7.78488e+19
7.82296e+19
7.81488e+19
7.79808e+19
7.7888e+19
7.81264e+19
7.81248e+19
7.7056e+19
7.74136e+19
7.7628e+19
7.76704e+19
7.80904e+19
7.78032e+19
7.7852e+19
7.756e+19
7.75896e+19
7.79696e+19
7.7944e+19
7.8084e+19
7.78552e+19
7.80048e+19
7.79216e+19
7.73312e+19
7.77048e+19
7.71352e+19
7.69304e+19
7.70624e+19
7.74896e+19
7.7424e+19
7.77392e+19
7.79336e+19
7.78264e+19
7.78648e+19
7.80368e+19
7.72504e+19
7.70912e+19
7.73704e+19
7.76904e+19
7.76592e+19
7.77096e+19
7.72688e+19
7.7372e+19
7.7576e+19
7.76736e+19
7.77528e+19
7.74688e+19
7.74944e+19
7.82856e+19
7.81144e+19
7.79648e+19
7.75944e+19
7.79992e+19
7.81296e+19
7.77656e+19
7.78736e+19
7.78496e+19
7.78512e+19
7.77392e+19
7.78872e+19
7.7536e+19
7.79e+19
7.82544e+19
7.81664e+19
7.79e+19
7.77584e+19
7.83048e+19
7.83808e+19
7.81352e+19
7.84512e+19
7.8616e+19
7.8992e+19
7.86488e+19
7.85376e+19
7.82808e+19
7.80488e+19
7.77088e+19
7.74032e+19
7.7376e+19
7.78592e+19
7.81928e+19
7.80288e+19
7.80072e+19
7.79936e+19
7.8152e+19
7.78464e+19
7.77648e+19
7.79592e+19
7.79848e+19
7.82072e+19
7.82616e+19
7.84328e+19
7.84752e+19
7.84976e+19
7.86088e+19
7.862e+19
7.80352e+19
7.82448e+19
7.80632e+19
7.77104e+19
7.74416e+19
7.74136e+19
7.72056e+19
7.71112e+19
7.70208e+19
7.73136e+19
7.76384e+19
7.77344e+19
7.66328e+19
7.70608e+19
7.7024e+19
7.72072e+19
7.7172e+19
7.72048e+19
7.76832e+19
7.71616e+19
7.71248e+19
7.72432e+19
7.72944e+19
7.72368e+19
7.72728e+19
7.71216e+19
7.72496e+19
7.71984e+19
7.71256e+19
7.70656e+19
7.65888e+19
7.66936e+19
7.74248e+19
7.73976e+19
7.71392e+19
7.734e+19
7.76224e+19
7.73416e+19
7.74232e+19
7.72712e+19
7.72808e+19
7.73712e+19
7.75824e+19
7.77016e+19
7.77936e+19
7.76168e+19
7.80088e+19
7.77976e+19
7.7284e+19
7.7392e+19
7.74784e+19
7.74552e+19
7.69912e+19
7.70608e+19
7.7408e+19
7.73328e+19
7.70528e+19
7.7108e+19
7.74464e+19
7.74616e+19
7.79464e+19
7.77032e+19
7.76824e+19
7.74896e+19
7.78792e+19
7.76936e+19
7.73408e+19
7.73968e+19
7.73728e+19
7.71992e+19
7.6956e+19
7.7036e+19
7.83296e+19
7.84032e+19
7.80216e+19
7.80472e+19
7.83304e+19
7.82152e+19
7.78192e+19
7.7684e+19
7.74384e+19
7.77656e+19
7.74776e+19
7.76568e+19
7.806e+19
7.80848e+19
7.85488e+19
7.81632e+19
7.7928e+19
7.7596e+19
7.7492e+19
7.76392e+19
7.75544e+19
7.75672e+19
7.79136e+19
7.81608e+19
7.81744e+19
7.7932e+19
7.76736e+19
7.78832e+19
7.78264e+19
7.7704e+19
7.72928e+19
7.72776e+19
7.7332e+19
7.73936e+19
7.74216e+19
7.71112e+19
7.73856e+19
7.73408e+19
7.77584e+19
7.76776e+19
7.79848e+19
7.79512e+19
7.80608e+19
7.80672e+19
7.79392e+19
7.8044e+19
7.79464e+19
7.80032e+19
7.80624e+19
7.82448e+19
7.79672e+19
7.74024e+19
7.71824e+19
7.77392e+19
7.77232e+19
7.77824e+19
7.7412e+19
7.7584e+19
7.74096e+19
7.78344e+19
7.7704e+19
7.76816e+19
7.77512e+19
7.8048e+19
7.83e+19
7.84408e+19
7.83456e+19
7.80208e+19
7.73832e+19
7.7416e+19
7.73664e+19
7.77168e+19
7.78776e+19
7.7348e+19
7.69752e+19
7.72672e+19
7.74808e+19
7.79656e+19
7.7992e+19
7.79352e+19
7.7316e+19
7.73352e+19
7.75728e+19
7.75336e+19
7.75584e+19
7.73544e+19
7.76176e+19
7.7388e+19
7.71896e+19
7.73672e+19
7.74656e+19
7.77816e+19
7.76648e+19
7.76896e+19
7.76008e+19
7.74064e+19
7.7476e+19
7.74104e+19
7.73888e+19
7.72032e+19
7.82608e+19
7.78792e+19
7.79184e+19
7.77224e+19
7.7636e+19
7.75504e+19
7.76984e+19
7.76256e+19
7.768e+19
7.76272e+19
7.73504e+19
7.70472e+19
7.72688e+19
7.7516e+19
7.76512e+19
7.78696e+19
7.8016e+19
7.81984e+19
7.82496e+19
7.80248e+19
7.74592e+19
7.75992e+19
7.75856e+19
7.73136e+19
7.74112e+19
7.75168e+19
7.72776e+19
7.75472e+19
7.74936e+19
7.77544e+19
7.79896e+19
7.7888e+19
7.7824e+19
7.76528e+19
7.7548e+19
7.75424e+19
7.74136e+19
7.74576e+19
7.73576e+19
7.74624e+19
7.80424e+19
7.826e+19
7.79224e+19
7.81864e+19
7.80496e+19
7.80552e+19
7.79904e+19
7.77e+19
7.76584e+19
7.78096e+19
7.78808e+19
7.79784e+19
7.82496e+19
7.762e+19
7.75232e+19
7.73728e+19
7.7276e+19
7.76616e+19
7.78176e+19
7.80824e+19
7.8036e+19
7.7736e+19
7.72712e+19
7.73928e+19
7.74248e+19
7.75624e+19
7.80208e+19
7.83472e+19
7.8424e+19
7.85088e+19
7.80088e+19
7.75424e+19
7.71656e+19
7.74232e+19
7.75352e+19
7.76704e+19
7.82656e+19
7.79928e+19
7.80592e+19
7.81792e+19
7.7656e+19
7.8056e+19
7.80432e+19
7.7992e+19
7.77328e+19
7.76728e+19
7.80352e+19
7.80968e+19
7.82624e+19
7.83432e+19
7.8132e+19
7.80096e+19
7.79944e+19
7.7852e+19
7.77448e+19
7.77336e+19
7.74424e+19
7.75792e+19
7.76344e+19
7.77632e+19
7.77968e+19
7.75008e+19
7.75384e+19
7.76824e+19
7.74744e+19
7.72576e+19
7.69712e+19
7.71488e+19
7.71672e+19
7.72e+19
7.71592e+19
7.72768e+19
7.74744e+19
7.81512e+19
7.8296e+19
7.83336e+19
7.81552e+19
7.81168e+19
7.7944e+19
7.80832e+19
7.89608e+19
7.85016e+19
7.83448e+19
7.7792e+19
7.75296e+19
7.7612e+19
7.77912e+19
7.85304e+19
7.822e+19
7.83344e+19
7.80784e+19
7.79736e+19
7.79432e+19
7.774e+19
7.78736e+19
7.80112e+19
7.83472e+19
7.83e+19
7.86904e+19
7.88856e+19
7.71928e+19
7.70952e+19
7.68632e+19
7.73368e+19
7.71888e+19
7.71328e+19
7.75336e+19
7.72976e+19
7.81424e+19
7.80264e+19
7.7976e+19
7.82768e+19
7.8516e+19
7.83336e+19
7.84056e+19
7.79376e+19
7.78456e+19
7.76936e+19
7.7288e+19
7.764e+19
7.80072e+19
7.82216e+19
7.78848e+19
7.75128e+19
7.76104e+19
7.7752e+19
7.7568e+19
7.79512e+19
7.81568e+19
7.76752e+19
7.78168e+19
7.72864e+19
7.73104e+19
7.76064e+19
7.7556e+19
7.75632e+19
7.74144e+19
7.73208e+19
7.76432e+19
7.7788e+19
7.77848e+19
7.77272e+19
7.78208e+19
7.79296e+19
7.80552e+19
7.81264e+19
7.81984e+19
7.80624e+19
7.77488e+19
7.79128e+19
7.7496e+19
7.76928e+19
7.77104e+19
7.78864e+19
7.73424e+19
7.76512e+19
7.80192e+19
7.80656e+19
7.7984e+19
7.80256e+19
7.77624e+19
7.73912e+19
7.77328e+19
7.70336e+19
7.72608e+19
7.70728e+19
7.73392e+19
7.76488e+19
7.784e+19
7.82728e+19
7.82144e+19
7.81672e+19
7.82856e+19
7.854e+19
7.84424e+19
7.81888e+19
7.8192e+19
7.80288e+19
7.81856e+19
7.77768e+19
7.75816e+19
7.75632e+19
7.71896e+19
7.7408e+19
7.71704e+19
7.74248e+19
7.75424e+19
7.74912e+19
7.74568e+19
7.7576e+19
7.77824e+19
7.75632e+19
7.75112e+19
7.74224e+19
7.70464e+19
7.73992e+19
7.79008e+19
7.78288e+19
7.80304e+19
7.80048e+19
7.77464e+19
7.75112e+19
7.7392e+19
7.71352e+19
7.73688e+19
7.7716e+19
7.72224e+19
7.7276e+19
7.71728e+19
7.69656e+19
7.73528e+19
7.67976e+19
7.65856e+19
7.658e+19
7.68576e+19
7.6976e+19
7.70784e+19
7.71552e+19
7.76328e+19
7.75912e+19
7.76512e+19
7.75896e+19
7.71632e+19
7.73752e+19
7.75032e+19
7.7436e+19
7.73512e+19
7.71744e+19
7.72608e+19
7.6988e+19
7.72104e+19
7.7548e+19
7.72856e+19
7.72488e+19
7.71776e+19
7.71352e+19
7.75528e+19
7.7224e+19
7.69216e+19
7.71104e+19
7.64864e+19
7.68208e+19
7.73976e+19
7.77904e+19
7.76648e+19
7.74888e+19
7.76712e+19
7.77392e+19
7.7836e+19
7.7764e+19
7.77408e+19
7.74952e+19
7.73136e+19
7.72976e+19
7.80592e+19
7.77984e+19
7.71264e+19
7.70616e+19
7.69608e+19
7.66352e+19
7.78944e+19
7.7652e+19
7.72232e+19
7.71832e+19
7.75192e+19
7.74384e+19
7.74264e+19
7.77808e+19
7.76664e+19
7.77728e+19
7.79896e+19
7.82168e+19
7.84784e+19
7.83112e+19
7.82736e+19
7.87328e+19
7.82624e+19
7.81144e+19
7.77944e+19
7.7792e+19
7.79752e+19
7.82512e+19
7.80336e+19
7.79944e+19
7.78384e+19
7.82176e+19
7.80344e+19
7.83552e+19
7.82632e+19
7.85496e+19
7.81392e+19
7.86464e+19
7.86904e+19
7.87304e+19
7.86072e+19
7.83912e+19
7.83768e+19
7.82224e+19
7.83264e+19
7.79448e+19
7.81008e+19
7.80176e+19
7.81696e+19
7.87184e+19
7.82104e+19
7.78e+19
7.7896e+19
7.81064e+19
7.81512e+19
7.80544e+19
7.78056e+19
7.79864e+19
7.7788e+19
7.80328e+19
7.75488e+19
7.7776e+19
7.74968e+19
7.76752e+19
7.82048e+19
7.80112e+19
7.76432e+19
7.77224e+19
7.79944e+19
7.7816e+19
7.7964e+19
7.8368e+19
7.80264e+19
7.83216e+19
7.78056e+19
7.77656e+19
7.77416e+19
7.75992e+19
7.76568e+19
7.78384e+19
7.77744e+19
7.80072e+19
7.78208e+19
7.7732e+19
7.77368e+19
7.77416e+19
7.76688e+19
7.79352e+19
7.7996e+19
7.81304e+19
7.84056e+19
7.85616e+19
7.84168e+19
7.78e+19
7.8108e+19
7.81016e+19
7.78896e+19
7.79864e+19
7.81152e+19
7.79496e+19
7.75448e+19
7.79192e+19
7.76936e+19
7.7488e+19
7.75168e+19
7.75056e+19
7.74152e+19
7.70016e+19
7.7084e+19
7.71952e+19
7.738e+19
7.75832e+19
7.76888e+19
7.80568e+19
7.80592e+19
7.80312e+19
7.8508e+19
7.8676e+19
7.8748e+19
7.86728e+19
7.86312e+19
7.8224e+19
7.79296e+19
7.81672e+19
7.7864e+19
7.76744e+19
7.72968e+19
7.74504e+19
7.7776e+19
7.74376e+19
7.75856e+19
7.77856e+19
7.78912e+19
7.8e+19
7.78048e+19
7.76456e+19
7.79416e+19
7.76344e+19
7.79744e+19
7.7748e+19
7.78048e+19
7.7712e+19
7.7636e+19
7.75008e+19
7.7616e+19
7.70888e+19
7.7656e+19
7.78664e+19
7.788e+19
7.79816e+19
7.79296e+19
7.79128e+19
7.73376e+19
7.73592e+19
7.73448e+19
7.7432e+19
7.76176e+19
7.78872e+19
7.79048e+19
7.77288e+19
7.7688e+19
7.79904e+19
7.82056e+19
7.8128e+19
7.78576e+19
7.76776e+19
7.80952e+19
7.7712e+19
7.76856e+19
7.782e+19
7.75096e+19
7.76992e+19
7.74456e+19
7.7396e+19
7.734e+19
7.7436e+19
7.7484e+19
7.77488e+19
7.80288e+19
7.78592e+19
7.84344e+19
7.884e+19
7.84992e+19
7.8396e+19
7.83952e+19
7.8404e+19
7.71776e+19
7.72576e+19
7.71976e+19
7.77688e+19
7.7812e+19
7.80824e+19
7.81824e+19
7.79984e+19
7.79584e+19
7.7688e+19
7.77704e+19
7.77064e+19
7.78232e+19
7.77824e+19
7.75488e+19
7.73088e+19
7.72328e+19
7.74936e+19
7.74832e+19
7.71704e+19
7.78776e+19
7.81936e+19
7.83072e+19
7.83776e+19
7.81296e+19
7.79696e+19
7.7704e+19
7.75952e+19
7.74216e+19
7.74632e+19
7.77912e+19
7.77856e+19
7.75752e+19
7.7196e+19
7.7448e+19
7.78776e+19
7.752e+19
7.76672e+19
7.77096e+19
7.79152e+19
7.8336e+19
7.81336e+19
7.782e+19
7.76512e+19
7.79112e+19
7.80824e+19
7.80736e+19
7.78464e+19
7.76904e+19
7.73976e+19
7.79136e+19
7.81896e+19
7.78888e+19
7.822e+19
7.8212e+19
7.83528e+19
7.83048e+19
7.85856e+19
7.85104e+19
7.84112e+19
7.79304e+19
7.77848e+19
7.77848e+19
7.74112e+19
7.72496e+19
7.69264e+19
7.70688e+19
7.73768e+19
7.73376e+19
7.70296e+19
7.71536e+19
7.70376e+19
7.7288e+19
7.76728e+19
7.83896e+19
7.82688e+19
7.83496e+19
7.8128e+19
7.82904e+19
7.82496e+19
7.74464e+19
7.73592e+19
7.744e+19
7.74216e+19
7.74248e+19
7.71048e+19
7.75192e+19
7.74104e+19
7.75528e+19
7.76128e+19
7.71408e+19
7.76184e+19
7.79048e+19
7.76096e+19
7.77784e+19
7.7908e+19
7.73688e+19
7.72384e+19
7.72016e+19
7.7084e+19
7.72552e+19
7.7368e+19
7.75152e+19
7.75104e+19
7.77152e+19
7.81024e+19
7.79688e+19
7.82848e+19
7.84176e+19
7.8408e+19
7.85344e+19
7.83232e+19
7.85224e+19
7.82728e+19
7.79736e+19
7.73e+19
7.78312e+19
7.79896e+19
7.8004e+19
7.77712e+19
7.78392e+19
7.77344e+19
7.77048e+19
7.72792e+19
7.72576e+19
7.7228e+19
7.71352e+19
7.74096e+19
7.712e+19
7.71816e+19
7.70096e+19
7.7284e+19
7.71248e+19
7.73408e+19
7.71728e+19
7.74728e+19
7.74616e+19
7.74144e+19
7.7592e+19
7.7852e+19
7.80032e+19
7.7456e+19
7.78168e+19
7.78528e+19
7.78272e+19
7.80696e+19
7.81192e+19
7.80352e+19
7.8352e+19
7.8832e+19
7.88432e+19
7.832e+19
7.80392e+19
7.79e+19
7.78848e+19
7.75952e+19
7.75536e+19
7.79944e+19
7.8412e+19
7.81576e+19
7.86696e+19
7.84088e+19
7.8076e+19
7.77864e+19
7.79592e+19
7.7956e+19
7.80392e+19
7.79728e+19
7.74768e+19
7.76352e+19
7.76856e+19
7.81736e+19
7.82456e+19
7.80736e+19
7.8528e+19
7.85832e+19
7.81176e+19
7.78544e+19
7.78304e+19
7.83736e+19
7.75768e+19
7.78336e+19
7.80992e+19
7.7732e+19
7.78024e+19
7.78552e+19
7.77288e+19
7.76984e+19
7.79432e+19
7.80328e+19
7.76672e+19
7.7408e+19
7.71344e+19
7.74096e+19
7.7052e+19
7.72552e+19
7.73632e+19
7.7668e+19
7.778e+19
7.76728e+19
7.77728e+19
7.7648e+19
7.76568e+19
7.76936e+19
7.75824e+19
7.72896e+19
7.74544e+19
7.73192e+19
7.67624e+19
7.69232e+19
7.71e+19
7.72136e+19
7.72856e+19
7.71688e+19
7.75312e+19
7.73696e+19
7.75496e+19
7.7724e+19
7.73168e+19
7.78112e+19
7.75824e+19
7.79952e+19
7.8104e+19
7.82512e+19
7.80136e+19
7.8364e+19
7.7948e+19
7.80104e+19
7.81088e+19
7.8064e+19
7.77456e+19
7.75328e+19
7.76656e+19
7.74696e+19
7.74136e+19
7.7392e+19
7.7672e+19
7.75952e+19
7.752e+19
7.73672e+19
7.79688e+19
7.80552e+19
7.82752e+19
7.77304e+19
7.768e+19
7.76336e+19
7.78832e+19
7.79144e+19
7.8116e+19
7.83896e+19
7.83952e+19
7.848e+19
7.7972e+19
7.74184e+19
7.74592e+19
7.74712e+19
7.72976e+19
7.7616e+19
7.77592e+19
7.76904e+19
7.79496e+19
7.77744e+19
7.79184e+19
7.82024e+19
7.84392e+19
7.80584e+19
7.80952e+19
7.73552e+19
7.78384e+19
7.76048e+19
7.76232e+19
7.75408e+19
7.74712e+19
7.81168e+19
7.766e+19
7.71808e+19
7.74616e+19
7.722e+19
7.7536e+19
7.76312e+19
7.82448e+19
7.84632e+19
7.8256e+19
7.8328e+19
7.81376e+19
7.78392e+19
7.83168e+19
7.79736e+19
7.75544e+19
7.7896e+19
7.77744e+19
7.78216e+19
7.76488e+19
7.76008e+19
7.7876e+19
7.7764e+19
7.80904e+19
7.80808e+19
7.80616e+19
7.79888e+19
7.82368e+19
7.85392e+19
7.86968e+19
7.83e+19
7.8196e+19
7.81912e+19
7.78048e+19
7.75144e+19
7.74832e+19
7.75808e+19
7.77648e+19
7.78224e+19
7.78488e+19
7.84008e+19
7.82168e+19
7.79672e+19
7.80272e+19
7.81568e+19
7.81744e+19
7.80008e+19
7.838e+19
7.81392e+19
7.83384e+19
7.85776e+19
7.83528e+19
7.83504e+19
7.83784e+19
7.86912e+19
7.87616e+19
7.87504e+19
7.83464e+19
7.80856e+19
7.78384e+19
7.75904e+19
7.7668e+19
7.79952e+19
7.8148e+19
7.80672e+19
7.8156e+19
7.87728e+19
7.73728e+19
7.79112e+19
7.77768e+19
7.842e+19
7.84696e+19
7.84232e+19
7.80096e+19
7.77336e+19
7.72624e+19
7.73e+19
7.75096e+19
7.74024e+19
7.74304e+19
7.75552e+19
7.74216e+19
7.7452e+19
7.77736e+19
7.74656e+19
7.7652e+19
7.7268e+19
7.83744e+19
7.80872e+19
7.7736e+19
7.75784e+19
7.78392e+19
7.75544e+19
7.77792e+19
7.79896e+19
7.78416e+19
7.82136e+19
7.82864e+19
7.77384e+19
7.81464e+19
7.78624e+19
7.76256e+19
7.79904e+19
7.8236e+19
7.78968e+19
7.80136e+19
7.83936e+19
7.75424e+19
7.7664e+19
7.75872e+19
7.74512e+19
7.76552e+19
7.7908e+19
7.7768e+19
7.74824e+19
7.72424e+19
7.73928e+19
7.76112e+19
7.78112e+19
7.79328e+19
7.79008e+19
7.77088e+19
7.7588e+19
7.7316e+19
7.76088e+19
7.73696e+19
7.734e+19
7.7324e+19
7.74248e+19
7.77664e+19
7.76584e+19
7.76296e+19
7.76768e+19
7.7812e+19
7.77592e+19
7.77816e+19
7.76112e+19
7.77088e+19
7.78112e+19
7.78752e+19
7.76e+19
7.7296e+19
7.72352e+19
7.75336e+19
7.80536e+19
7.748e+19
7.73936e+19
7.73048e+19
7.74144e+19
7.76456e+19
7.76736e+19
7.78608e+19
7.78136e+19
7.78856e+19
7.79448e+19
7.78824e+19
7.83112e+19
7.79256e+19
7.78624e+19
7.748e+19
7.77424e+19
7.7644e+19
7.80112e+19
7.80816e+19
7.73792e+19
7.73176e+19
7.7376e+19
7.82536e+19
7.81312e+19
7.81048e+19
7.77936e+19
7.77312e+19
7.7392e+19
7.73056e+19
7.72464e+19
7.73648e+19
7.72712e+19
7.72672e+19
7.75392e+19
7.77648e+19
7.80952e+19
7.84344e+19
7.8244e+19
7.82896e+19
7.81824e+19
7.79312e+19
7.8048e+19
7.79888e+19
7.8088e+19
7.82176e+19
7.80272e+19
7.79808e+19
7.79224e+19
7.81224e+19
7.74768e+19
7.728e+19
7.75144e+19
7.73536e+19
7.72648e+19
7.73752e+19
7.75312e+19
7.74112e+19
7.77928e+19
7.7668e+19
7.78424e+19
7.77368e+19
7.7816e+19
7.686e+19
7.72848e+19
7.6908e+19
7.69672e+19
7.73784e+19
7.7304e+19
7.72712e+19
7.75736e+19
7.78104e+19
7.78672e+19
7.77312e+19
7.78048e+19
7.81896e+19
7.78064e+19
7.78104e+19
7.77384e+19
7.77784e+19
7.75336e+19
7.73168e+19
7.69456e+19
7.8712e+19
7.83592e+19
7.84312e+19
7.85776e+19
7.85032e+19
7.78616e+19
7.72632e+19
7.6996e+19
7.71288e+19
7.70264e+19
7.73088e+19
7.75472e+19
7.77048e+19
7.7468e+19
7.75928e+19
7.71856e+19
7.7112e+19
7.77384e+19
7.81248e+19
7.83936e+19
7.73816e+19
7.71e+19
7.73808e+19
7.75664e+19
7.75872e+19
7.77776e+19
7.8004e+19
7.81176e+19
7.79016e+19
7.75376e+19
7.74384e+19
7.7584e+19
7.762e+19
7.80192e+19
7.83696e+19
7.8444e+19
7.8692e+19
7.82632e+19
7.77904e+19
7.7564e+19
7.6944e+19
7.69304e+19
7.69744e+19
7.71208e+19
7.70472e+19
7.70976e+19
7.69944e+19
7.72192e+19
7.73824e+19
7.7396e+19
7.72312e+19
7.72544e+19
7.704e+19
7.73832e+19
7.74864e+19
7.7368e+19
7.72408e+19
7.74456e+19
7.73336e+19
7.71256e+19
7.77064e+19
7.78504e+19
7.73088e+19
7.71896e+19
7.73144e+19
7.72528e+19
7.754e+19
7.75664e+19
7.75464e+19
7.76768e+19
7.7836e+19
7.80672e+19
7.77112e+19
7.77256e+19
7.73736e+19
7.78064e+19
7.7836e+19
7.8104e+19
7.77856e+19
7.81192e+19
7.71488e+19
7.70088e+19
7.69928e+19
7.70216e+19
7.734e+19
7.7728e+19
7.78856e+19
7.77096e+19
7.77864e+19
7.74616e+19
7.74328e+19
7.74896e+19
7.80448e+19
7.79368e+19
7.80464e+19
7.79712e+19
7.74872e+19
7.71216e+19
7.7676e+19
7.73448e+19
7.79032e+19
7.79408e+19
7.79504e+19
7.804e+19
7.80544e+19
7.81176e+19
7.77248e+19
7.82144e+19
7.81192e+19
7.82032e+19
7.8344e+19
7.78792e+19
7.75136e+19
7.77304e+19
7.78088e+19
7.71688e+19
7.76136e+19
7.7848e+19
7.79632e+19
7.8044e+19
7.7584e+19
7.73304e+19
7.72904e+19
7.824e+19
7.83248e+19
7.84736e+19
7.85232e+19
7.84568e+19
7.84552e+19
7.81488e+19
7.7864e+19
7.77848e+19
7.81384e+19
7.8116e+19
7.80112e+19
7.79584e+19
7.77848e+19
7.7792e+19
7.7632e+19
7.7516e+19
7.81368e+19
7.75552e+19
7.7608e+19
7.69704e+19
7.70768e+19
7.7412e+19
7.7676e+19
7.79672e+19
7.78976e+19
7.81112e+19
7.80336e+19
7.7852e+19
7.75656e+19
7.7464e+19
7.72024e+19
7.73016e+19
7.7372e+19
7.73776e+19
7.7424e+19
7.76768e+19
7.78424e+19
7.80208e+19
7.79808e+19
7.79928e+19
7.7656e+19
7.74368e+19
7.73848e+19
7.75376e+19
7.80864e+19
7.80352e+19
7.77552e+19
7.80008e+19
7.80928e+19
7.87072e+19
7.84248e+19
7.828e+19
7.78128e+19
7.78984e+19
7.8084e+19
7.79432e+19
7.71544e+19
7.72944e+19
7.72112e+19
7.71272e+19
7.72608e+19
7.7612e+19
7.79288e+19
7.80792e+19
7.80432e+19
7.78064e+19
7.79736e+19
7.76112e+19
7.77608e+19
7.7836e+19
7.7844e+19
7.7768e+19
7.79672e+19
7.77296e+19
7.76592e+19
7.74064e+19
7.72296e+19
7.7036e+19
7.76032e+19
7.79256e+19
7.80904e+19
7.76632e+19
7.70976e+19
7.70488e+19
7.6792e+19
7.6912e+19
7.67648e+19
7.64656e+19
7.61552e+19
7.60488e+19
7.62664e+19
7.6244e+19
7.6492e+19
7.6888e+19
7.74744e+19
7.7372e+19
7.77944e+19
7.78216e+19
7.74152e+19
7.74712e+19
7.76472e+19
7.75408e+19
7.80512e+19
7.81624e+19
7.83832e+19
7.77768e+19
7.74984e+19
7.69384e+19
7.69776e+19
7.70008e+19
7.70296e+19
7.71272e+19
7.7248e+19
7.72632e+19
7.71912e+19
7.76e+19
7.72584e+19
7.77352e+19
7.77592e+19
7.7724e+19
7.74824e+19
7.75168e+19
7.76512e+19
7.76064e+19
7.79816e+19
7.79888e+19
7.79832e+19
7.79856e+19
7.79856e+19
7.77264e+19
7.7724e+19
7.75096e+19
7.72232e+19
7.73464e+19
7.72792e+19
7.73856e+19
7.75288e+19
7.72192e+19
7.70928e+19
7.69648e+19
7.73664e+19
7.76216e+19
7.78072e+19
7.79904e+19
7.79256e+19
7.75776e+19
7.78992e+19
7.78712e+19
7.80136e+19
7.7916e+19
7.7668e+19
7.76296e+19
7.7556e+19
7.73736e+19
7.73416e+19
7.75696e+19
7.61432e+19
7.6388e+19
7.69648e+19
7.68664e+19
7.68408e+19
7.69648e+19
7.66624e+19
7.67168e+19
7.72272e+19
7.71344e+19
7.7076e+19
7.70408e+19
7.6816e+19
7.72184e+19
7.766e+19
7.746e+19
7.73144e+19
7.7344e+19
7.71456e+19
7.65952e+19
7.75632e+19
7.7324e+19
7.74408e+19
7.79032e+19
7.79512e+19
7.80424e+19
7.83528e+19
7.79512e+19
7.77336e+19
7.76096e+19
7.788e+19
7.7488e+19
7.75432e+19
7.79064e+19
7.78192e+19
7.78096e+19
7.76752e+19
7.70736e+19
7.7088e+19
7.72672e+19
7.83152e+19
7.8476e+19
7.79752e+19
7.75936e+19
7.75216e+19
7.77952e+19
7.78536e+19
7.79104e+19
7.77912e+19
7.8132e+19
7.77264e+19
7.76496e+19
7.71776e+19
7.72528e+19
7.7332e+19
7.77576e+19
7.80512e+19
7.81712e+19
7.80192e+19
7.80904e+19
7.83432e+19
7.8648e+19
7.86184e+19
7.82584e+19
7.78704e+19
7.76072e+19
7.73864e+19
7.75296e+19
7.71664e+19
7.74112e+19
7.72536e+19
7.72552e+19
7.75432e+19
7.77336e+19
7.7496e+19
7.75664e+19
7.75664e+19
7.79792e+19
7.83544e+19
7.85592e+19
7.77048e+19
7.75568e+19
7.7544e+19
7.79072e+19
7.81328e+19
7.76616e+19
7.76016e+19
7.7372e+19
7.74696e+19
7.73808e+19
7.74656e+19
7.7528e+19
7.78824e+19
7.76088e+19
7.74336e+19
7.73504e+19
7.75512e+19
7.77648e+19
7.7708e+19
7.7356e+19
7.69752e+19
7.7052e+19
7.72104e+19
7.69256e+19
7.7232e+19
7.75952e+19
7.7476e+19
7.76616e+19
7.77352e+19
7.69656e+19
7.71336e+19
7.73496e+19
7.75944e+19
7.74256e+19
7.75376e+19
7.77704e+19
7.76408e+19
7.7436e+19
7.728e+19
7.68016e+19
7.77064e+19
7.77256e+19
7.77944e+19
7.78176e+19
7.72952e+19
7.70888e+19
7.74544e+19
7.75288e+19
7.73928e+19
7.72456e+19
7.7504e+19
7.77696e+19
7.77968e+19
7.77e+19
7.76912e+19
7.75304e+19
7.7928e+19
7.8e+19
7.76968e+19
7.746e+19
7.69872e+19
7.69072e+19
7.68648e+19
7.7332e+19
7.73056e+19
7.73536e+19
7.73056e+19
7.80176e+19
7.824e+19
7.82528e+19
7.77352e+19
7.78488e+19
7.7876e+19
7.75496e+19
7.7744e+19
7.7768e+19
7.78528e+19
7.7448e+19
7.71088e+19
7.72208e+19
7.7728e+19
7.74904e+19
7.77328e+19
7.75464e+19
7.74904e+19
7.694e+19
7.69744e+19
7.72928e+19
7.75552e+19
7.75688e+19
7.7928e+19
7.80032e+19
7.78456e+19
7.7912e+19
7.79832e+19
7.8e+19
7.81344e+19
7.81312e+19
7.80896e+19
7.81336e+19
7.83224e+19
7.84256e+19
7.82024e+19
7.79408e+19
7.85024e+19
7.86928e+19
7.84192e+19
7.83968e+19
7.82664e+19
7.81416e+19
7.81728e+19
7.80824e+19
7.81312e+19
7.8216e+19
7.84392e+19
7.84536e+19
7.82272e+19
7.81168e+19
7.8448e+19
7.83408e+19
7.75272e+19
7.80064e+19
7.83176e+19
7.82416e+19
7.76888e+19
7.8208e+19
7.80584e+19
7.8084e+19
7.76312e+19
7.78408e+19
7.76512e+19
7.80296e+19
7.80432e+19
7.79048e+19
7.78528e+19
7.82168e+19
7.86664e+19
7.83408e+19
7.77544e+19
7.77976e+19
7.78336e+19
7.79648e+19
7.83672e+19
7.82368e+19
7.80064e+19
7.7488e+19
7.728e+19
7.69904e+19
7.71328e+19
7.74136e+19
7.75144e+19
7.71624e+19
7.73848e+19
7.73224e+19
7.74504e+19
7.7688e+19
7.72296e+19
7.74824e+19
7.76248e+19
7.7764e+19
7.7064e+19
7.70488e+19
7.7176e+19
7.74688e+19
7.74608e+19
7.7932e+19
7.76368e+19
7.75312e+19
7.72504e+19
7.69096e+19
7.7168e+19
7.70192e+19
7.7232e+19
7.69912e+19
7.67784e+19
7.65048e+19
7.69488e+19
7.69592e+19
7.69648e+19
7.7012e+19
7.74752e+19
7.76264e+19
7.77864e+19
7.75152e+19
7.7612e+19
7.76744e+19
7.78128e+19
7.7652e+19
7.77768e+19
7.7916e+19
7.81824e+19
7.8536e+19
7.83216e+19
7.81112e+19
7.81944e+19
7.83184e+19
7.80568e+19
7.76744e+19
7.73008e+19
7.76008e+19
7.71968e+19
7.728e+19
7.70848e+19
7.71272e+19
7.78536e+19
7.78912e+19
7.78424e+19
7.80624e+19
7.8096e+19
7.7996e+19
7.78104e+19
7.80504e+19
7.75008e+19
7.76528e+19
7.72704e+19
7.74912e+19
7.73816e+19
7.75032e+19
7.74864e+19
7.72672e+19
7.75944e+19
7.74344e+19
7.75808e+19
7.77952e+19
7.76192e+19
7.7284e+19
7.73336e+19
7.72752e+19
7.75104e+19
7.74144e+19
7.71632e+19
7.72128e+19
7.72848e+19
7.724e+19
7.72808e+19
7.74168e+19
7.75984e+19
7.78232e+19
7.7556e+19
7.74992e+19
7.78944e+19
7.7528e+19
7.74064e+19
7.72888e+19
7.71024e+19
7.72136e+19
7.76104e+19
7.74464e+19
7.71544e+19
7.75952e+19
7.74832e+19
7.75576e+19
7.71896e+19
7.72336e+19
7.73136e+19
7.75888e+19
7.78304e+19
7.74808e+19
7.74256e+19
7.77064e+19
7.75592e+19
7.76192e+19
7.7964e+19
7.78784e+19
7.80352e+19
7.78752e+19
7.74896e+19
7.75488e+19
7.77592e+19
7.78976e+19
7.80264e+19
7.81256e+19
7.83416e+19
7.79176e+19
7.7648e+19
7.71536e+19
7.7248e+19
7.76336e+19
7.79016e+19
7.7212e+19
7.77952e+19
7.80656e+19
7.81664e+19
7.84032e+19
7.80192e+19
7.83496e+19
7.82368e+19
7.81912e+19
7.84328e+19
7.7632e+19
7.78472e+19
7.78984e+19
7.76176e+19
7.80432e+19
7.806e+19
7.8308e+19
7.80688e+19
7.802e+19
7.82176e+19
7.84248e+19
7.80824e+19
7.76088e+19
7.75696e+19
7.76016e+19
7.78864e+19
7.78456e+19
7.7928e+19
7.75424e+19
7.78016e+19
7.75952e+19
7.80328e+19
7.77608e+19
7.806e+19
7.78464e+19
7.72504e+19
7.71792e+19
7.73416e+19
7.74784e+19
7.76544e+19
7.80128e+19
7.71104e+19
7.72288e+19
7.73568e+19
7.7396e+19
7.7324e+19
7.73592e+19
7.7676e+19
7.77912e+19
7.7864e+19
7.79736e+19
7.73824e+19
7.73384e+19
7.69312e+19
7.7484e+19
7.77368e+19
7.78e+19
7.75168e+19
7.73592e+19
7.73976e+19
7.73976e+19
7.80592e+19
7.7948e+19
7.78296e+19
7.80632e+19
7.79504e+19
7.802e+19
7.79856e+19
7.73608e+19
7.75864e+19
7.7484e+19
7.74104e+19
7.7568e+19
7.75696e+19
7.71376e+19
7.73008e+19
7.71016e+19
7.7188e+19
7.74424e+19
7.75608e+19
7.78016e+19
7.83976e+19
7.80912e+19
7.80592e+19
7.75464e+19
7.74968e+19
7.73792e+19
7.74576e+19
7.75144e+19
7.7212e+19
7.77352e+19
7.76696e+19
7.74704e+19
7.76504e+19
7.79128e+19
7.80608e+19
7.8288e+19
7.76744e+19
7.754e+19
7.7596e+19
7.79544e+19
7.73592e+19
7.73024e+19
7.7324e+19
7.76104e+19
7.80584e+19
7.82344e+19
7.82256e+19
7.78512e+19
7.8064e+19
7.8076e+19
7.78872e+19
7.81304e+19
7.79672e+19
7.78168e+19
7.76688e+19
7.7516e+19
7.75488e+19
7.7544e+19
7.76088e+19
7.73832e+19
7.85816e+19
7.8352e+19
7.85336e+19
7.81248e+19
7.77208e+19
7.78512e+19
7.80656e+19
7.79264e+19
7.80808e+19
7.82152e+19
7.81976e+19
7.81248e+19
7.79528e+19
7.81512e+19
7.77752e+19
7.82392e+19
7.82912e+19
7.84416e+19
7.82312e+19
7.82776e+19
7.81552e+19
7.85648e+19
7.8472e+19
7.81104e+19
7.81512e+19
7.79416e+19
7.82896e+19
7.86792e+19
7.81584e+19
7.77696e+19
7.78568e+19
7.82312e+19
7.83008e+19
7.8268e+19
7.83472e+19
7.796e+19
7.81264e+19
7.80424e+19
7.77208e+19
7.82864e+19
7.79888e+19
7.79112e+19
7.784e+19
7.78232e+19
7.80024e+19
7.82744e+19
7.78352e+19
7.7872e+19
7.7816e+19
7.78624e+19
7.7956e+19
7.766e+19
7.76832e+19
7.74784e+19
7.77968e+19
7.79008e+19
7.76928e+19
7.788e+19
7.8068e+19
7.82128e+19
7.7556e+19
7.74336e+19
7.73416e+19
7.70352e+19
7.65376e+19
7.64176e+19
7.66968e+19
7.67928e+19
7.68672e+19
7.7036e+19
7.6664e+19
7.71768e+19
7.71392e+19
7.70792e+19
7.70864e+19
7.72144e+19
7.72896e+19
7.724e+19
7.73112e+19
7.72488e+19
7.71096e+19
7.71696e+19
7.6844e+19
7.68336e+19
7.67656e+19
7.68488e+19
7.65864e+19
7.68672e+19
7.698e+19
7.72376e+19
7.722e+19
7.70752e+19
7.70072e+19
7.7416e+19
7.71504e+19
7.72576e+19
7.70312e+19
7.72208e+19
7.73928e+19
7.73624e+19
7.78928e+19
7.81472e+19
7.78944e+19
7.7664e+19
7.69936e+19
7.67312e+19
7.69304e+19
7.702e+19
7.72784e+19
7.71976e+19
7.70288e+19
7.70504e+19
7.73608e+19
7.7352e+19
7.73408e+19
7.67496e+19
7.71016e+19
7.71536e+19
7.74064e+19
7.77768e+19
7.76184e+19
7.76776e+19
7.75496e+19
7.77744e+19
7.79976e+19
7.77888e+19
7.76552e+19
7.768e+19
7.7292e+19
7.70104e+19
7.73152e+19
7.70264e+19
7.71424e+19
7.6964e+19
7.72512e+19
7.73904e+19
7.76392e+19
7.76136e+19
7.75176e+19
7.74232e+19
7.8496e+19
7.79904e+19
7.78248e+19
7.75264e+19
7.70456e+19
7.72624e+19
7.732e+19
7.77664e+19
7.7716e+19
7.76168e+19
7.77448e+19
7.812e+19
7.80384e+19
7.8004e+19
7.80264e+19
7.76176e+19
7.76608e+19
7.77184e+19
7.83112e+19
7.83808e+19
7.75792e+19
7.8176e+19
7.808e+19
7.82544e+19
7.81728e+19
7.84744e+19
7.79736e+19
7.80912e+19
7.80136e+19
7.78616e+19
7.75392e+19
7.73928e+19
7.78632e+19
7.7908e+19
7.75976e+19
7.74216e+19
7.7352e+19
7.74168e+19
7.74928e+19
7.6968e+19
7.73744e+19
7.77344e+19
7.74376e+19
7.71992e+19
7.7428e+19
7.74536e+19
7.754e+19
7.77184e+19
7.76384e+19
7.81184e+19
7.82176e+19
7.79224e+19
7.77472e+19
7.76264e+19
7.7548e+19
7.7796e+19
7.7684e+19
7.7664e+19
7.73632e+19
7.75008e+19
7.80584e+19
7.76672e+19
7.758e+19
7.77168e+19
7.75176e+19
7.70792e+19
7.74888e+19
7.76928e+19
7.75216e+19
7.73456e+19
7.75832e+19
7.76792e+19
7.78368e+19
7.75624e+19
7.77312e+19
7.80152e+19
7.792e+19
7.82528e+19
7.808e+19
7.81048e+19
7.79896e+19
7.78256e+19
7.76152e+19
7.75408e+19
7.7736e+19
7.79408e+19
7.7892e+19
7.77872e+19
7.79232e+19
7.78832e+19
7.8032e+19
7.79688e+19
7.76512e+19
7.784e+19
7.77008e+19
7.74032e+19
7.7276e+19
7.7612e+19
7.7384e+19
7.70704e+19
7.72768e+19
7.77856e+19
7.76624e+19
7.73896e+19
7.74544e+19
7.71512e+19
7.722e+19
7.7492e+19
7.8056e+19
7.79784e+19
7.77832e+19
7.7776e+19
7.75648e+19
7.73624e+19
7.73368e+19
7.75264e+19
7.71936e+19
7.72672e+19
7.72192e+19
7.7456e+19
7.77256e+19
7.81536e+19
7.77648e+19
7.80056e+19
7.80424e+19
7.79336e+19
7.78112e+19
7.81416e+19
7.77656e+19
7.75816e+19
7.78048e+19
7.77824e+19
7.79656e+19
7.80528e+19
7.80544e+19
7.8148e+19
7.78264e+19
7.75648e+19
7.75424e+19
7.77408e+19
7.77352e+19
7.76456e+19
7.72448e+19
7.72104e+19
7.72552e+19
7.71552e+19
7.71008e+19
7.6996e+19
7.73768e+19
7.74728e+19
7.77472e+19
7.78712e+19
7.75504e+19
7.67656e+19
7.71152e+19
7.75064e+19
7.79728e+19
7.81432e+19
7.83112e+19
7.79456e+19
7.7888e+19
7.81512e+19
7.82464e+19
7.77432e+19
7.75064e+19
7.76336e+19
7.78184e+19
7.78184e+19
7.75432e+19
7.7524e+19
7.71552e+19
7.74184e+19
7.788e+19
7.82848e+19
7.79816e+19
7.81584e+19
7.8072e+19
7.80376e+19
7.79968e+19
7.78512e+19
7.77768e+19
7.77568e+19
7.78312e+19
7.80536e+19
7.83976e+19
7.80192e+19
7.79064e+19
7.74944e+19
7.74472e+19
7.766e+19
7.76648e+19
7.79248e+19
7.78296e+19
7.80112e+19
7.78256e+19
7.76576e+19
7.7672e+19
7.77216e+19
7.79232e+19
7.79376e+19
7.71568e+19
7.7208e+19
7.72512e+19
7.72672e+19
7.77176e+19
7.80096e+19
7.77448e+19
7.77544e+19
7.78688e+19
7.81544e+19
7.78352e+19
7.7548e+19
7.74168e+19
7.7352e+19
7.74888e+19
7.7552e+19
7.73472e+19
7.73896e+19
7.70984e+19
7.67608e+19
7.83512e+19
7.81192e+19
7.77128e+19
7.7784e+19
7.78632e+19
7.7728e+19
7.78568e+19
7.76632e+19
7.7564e+19
7.74408e+19
7.73208e+19
7.76912e+19
7.79224e+19
7.79032e+19
7.79608e+19
7.782e+19
7.79008e+19
7.78928e+19
7.8028e+19
7.83976e+19
7.71792e+19
7.68504e+19
7.72024e+19
7.73432e+19
7.73768e+19
7.7388e+19
7.75056e+19
7.7344e+19
7.76096e+19
7.75968e+19
7.75e+19
7.76368e+19
7.76536e+19
7.76816e+19
7.73816e+19
7.67864e+19
7.6748e+19
7.67784e+19
7.70104e+19
7.692e+19
7.68832e+19
7.74376e+19
7.73032e+19
7.74688e+19
7.77568e+19
7.76608e+19
7.7848e+19
7.77088e+19
7.73472e+19
7.75512e+19
7.75784e+19
7.76016e+19
7.774e+19
7.77992e+19
7.82376e+19
7.85072e+19
7.83584e+19
7.76248e+19
7.78064e+19
7.75088e+19
7.68416e+19
7.70504e+19
7.71568e+19
7.7276e+19
7.77392e+19
7.76784e+19
7.79144e+19
7.77872e+19
7.76536e+19
7.76504e+19
7.73064e+19
7.74504e+19
7.71304e+19
7.73064e+19
7.7172e+19
7.69264e+19
7.70096e+19
7.72688e+19
7.67544e+19
7.6764e+19
7.71208e+19
7.72592e+19
7.79264e+19
7.82504e+19
7.80472e+19
7.76888e+19
7.72464e+19
7.69144e+19
7.70488e+19
7.70624e+19
7.72584e+19
7.73104e+19
7.738e+19
7.75616e+19
7.77912e+19
7.734e+19
7.73288e+19
7.73488e+19
7.73472e+19
7.71008e+19
7.74648e+19
7.72568e+19
7.65584e+19
7.64864e+19
7.69376e+19
7.68544e+19
7.69648e+19
7.70768e+19
7.71304e+19
7.69672e+19
7.74112e+19
7.73128e+19
7.78104e+19
7.78704e+19
7.8088e+19
7.84528e+19
7.82176e+19
7.82168e+19
7.76528e+19
7.76168e+19
7.79184e+19
7.72952e+19
7.72504e+19
7.69168e+19
7.6944e+19
7.66728e+19
7.70312e+19
7.72352e+19
7.74544e+19
7.71256e+19
7.72136e+19
7.72072e+19
7.72904e+19
7.72776e+19
7.70832e+19
7.76976e+19
7.78296e+19
7.78728e+19
7.77904e+19
7.80432e+19
7.7812e+19
7.7556e+19
7.77104e+19
7.7948e+19
7.8296e+19
7.8232e+19
7.76592e+19
7.74392e+19
7.70576e+19
7.75568e+19
7.72512e+19
7.74448e+19
7.7456e+19
7.77368e+19
7.75496e+19
7.75048e+19
7.71296e+19
7.72576e+19
7.75024e+19
7.76448e+19
7.7728e+19
7.7432e+19
7.74352e+19
7.77816e+19
7.82888e+19
7.77488e+19
7.76e+19
7.75248e+19
7.79968e+19
7.79176e+19
7.778e+19
7.76984e+19
7.79128e+19
7.78648e+19
7.7996e+19
7.80952e+19
7.81216e+19
7.79272e+19
7.77144e+19
7.74408e+19
7.69904e+19
7.7072e+19
7.69768e+19
7.68656e+19
7.6852e+19
7.68528e+19
7.7084e+19
7.73712e+19
7.72744e+19
7.69824e+19
7.71288e+19
7.74256e+19
7.7504e+19
7.75504e+19
7.77768e+19
7.79944e+19
7.76424e+19
7.72048e+19
7.6864e+19
7.71912e+19
7.63888e+19
7.688e+19
7.69648e+19
7.73896e+19
7.7472e+19
7.73072e+19
7.75152e+19
7.72408e+19
7.69928e+19
7.71464e+19
7.69616e+19
7.71936e+19
7.72288e+19
7.70176e+19
7.71152e+19
7.7484e+19
7.71904e+19
7.71736e+19
7.71408e+19
7.65456e+19
7.71664e+19
7.70112e+19
7.72992e+19
7.74944e+19
7.71208e+19
7.74312e+19
7.7116e+19
7.69216e+19
7.74216e+19
7.77776e+19
7.78984e+19
7.77984e+19
7.72728e+19
7.73632e+19
7.7372e+19
7.7568e+19
7.74224e+19
7.77784e+19
7.79128e+19
7.78424e+19
7.77256e+19
7.78224e+19
7.76568e+19
7.75808e+19
7.7496e+19
7.728e+19
7.76768e+19
7.74736e+19
7.70648e+19
7.74672e+19
7.7772e+19
7.75512e+19
7.77288e+19
7.78032e+19
7.80592e+19
7.78472e+19
7.80352e+19
7.78808e+19
7.78192e+19
7.78176e+19
7.76176e+19
7.72928e+19
7.71376e+19
7.73864e+19
7.7752e+19
7.75976e+19
7.73152e+19
7.72104e+19
7.77384e+19
7.75768e+19
7.78336e+19
7.7704e+19
7.72384e+19
7.74592e+19
7.76144e+19
7.73016e+19
7.7268e+19
7.748e+19
7.74736e+19
7.75976e+19
7.77216e+19
7.79496e+19
7.7744e+19
7.7984e+19
7.7496e+19
7.73696e+19
7.73304e+19
7.75768e+19
7.74456e+19
7.74536e+19
7.74504e+19
7.75848e+19
7.7868e+19
7.7836e+19
7.75e+19
7.79632e+19
7.76232e+19
7.77536e+19
7.78048e+19
7.75624e+19
7.72872e+19
7.71352e+19
7.7372e+19
7.7308e+19
7.74656e+19
7.72248e+19
7.73176e+19
7.72296e+19
7.71928e+19
7.72968e+19
7.75272e+19
7.75984e+19
7.75216e+19
7.7204e+19
7.7052e+19
7.73848e+19
7.7788e+19
7.79144e+19
7.7596e+19
7.72512e+19
7.75496e+19
7.75856e+19
7.75208e+19
7.75544e+19
7.7356e+19
7.73328e+19
7.73552e+19
7.76192e+19
7.7716e+19
7.77616e+19
7.8e+19
7.75232e+19
7.77352e+19
7.81296e+19
7.82168e+19
7.80608e+19
7.81016e+19
7.82664e+19
7.81984e+19
7.78048e+19
7.77096e+19
7.76944e+19
7.78072e+19
7.75112e+19
7.74048e+19
7.77048e+19
7.74904e+19
7.76912e+19
7.79384e+19
7.78832e+19
7.78888e+19
7.81072e+19
7.7944e+19
7.77712e+19
7.74664e+19
7.7872e+19
7.75336e+19
7.74136e+19
7.75432e+19
7.7664e+19
7.7776e+19
7.76368e+19
7.76488e+19
7.73792e+19
7.74336e+19
7.77032e+19
7.75624e+19
7.72872e+19
7.76464e+19
7.77248e+19
7.74056e+19
7.75824e+19
7.78672e+19
7.78952e+19
7.76696e+19
7.73416e+19
7.73736e+19
7.75712e+19
7.73216e+19
7.75856e+19
7.73216e+19
7.6784e+19
7.68888e+19
7.7032e+19
7.73784e+19
7.71376e+19
7.776e+19
7.79704e+19
7.78464e+19
7.7668e+19
7.78248e+19
7.75136e+19
7.75864e+19
7.72992e+19
7.73472e+19
7.73328e+19
7.68304e+19
7.66936e+19
7.68504e+19
7.6852e+19
7.78696e+19
7.7916e+19
7.77688e+19
7.76888e+19
7.74896e+19
7.73016e+19
7.71824e+19
7.69592e+19
7.72496e+19
7.72384e+19
7.74368e+19
7.74928e+19
7.77552e+19
7.76624e+19
7.73728e+19
7.7568e+19
7.73032e+19
7.7484e+19
7.74904e+19
7.77304e+19
7.73544e+19
7.73936e+19
7.75816e+19
7.75504e+19
7.74216e+19
7.75312e+19
7.75112e+19
7.74096e+19
7.73032e+19
7.78192e+19
7.77608e+19
7.75928e+19
7.72432e+19
7.70832e+19
7.71696e+19
7.7512e+19
7.76208e+19
7.776e+19
7.76976e+19
7.75552e+19
7.7528e+19
7.74072e+19
7.7552e+19
7.70592e+19
7.72584e+19
7.70288e+19
7.706e+19
7.71824e+19
7.70768e+19
7.73944e+19
7.69856e+19
7.72016e+19
7.70216e+19
7.73016e+19
7.74728e+19
7.70424e+19
7.68264e+19
7.69168e+19
7.70216e+19
7.74016e+19
7.66752e+19
7.68288e+19
7.70024e+19
7.7328e+19
7.76864e+19
7.7788e+19
7.75504e+19
7.72376e+19
7.72368e+19
7.71128e+19
7.73048e+19
7.71736e+19
7.72256e+19
7.72696e+19
7.71928e+19
7.73864e+19
7.72568e+19
7.73872e+19
7.7296e+19
7.6944e+19
7.77088e+19
7.78232e+19
7.75856e+19
7.75656e+19
7.72272e+19
7.7544e+19
7.7756e+19
7.78384e+19
7.76752e+19
7.74704e+19
7.71632e+19
7.70904e+19
7.7036e+19
7.70224e+19
7.70536e+19
7.66688e+19
7.69144e+19
7.67672e+19
7.7336e+19
7.77624e+19
7.67232e+19
7.67048e+19
7.70096e+19
7.72448e+19
7.7052e+19
7.6976e+19
7.68936e+19
7.70872e+19
7.73648e+19
7.76984e+19
7.77304e+19
7.74656e+19
7.7436e+19
7.76672e+19
7.74088e+19
7.70344e+19
7.66704e+19
7.68408e+19
7.67464e+19
7.64e+19
7.74888e+19
7.75496e+19
7.7652e+19
7.77608e+19
7.7712e+19
7.802e+19
7.79608e+19
7.77568e+19
7.75672e+19
7.74104e+19
7.71128e+19
7.72616e+19
7.74176e+19
7.73392e+19
7.74072e+19
7.74656e+19
7.7488e+19
7.7564e+19
7.77512e+19
7.77416e+19
7.81088e+19
7.81016e+19
7.79024e+19
7.76608e+19
7.79304e+19
7.81656e+19
7.82008e+19
7.8328e+19
7.80752e+19
7.78712e+19
7.77176e+19
7.784e+19
7.79232e+19
7.76848e+19
7.76368e+19
7.7556e+19
7.78216e+19
7.78064e+19
7.80016e+19
7.8148e+19
7.70592e+19
7.72824e+19
7.76776e+19
7.76712e+19
7.76736e+19
7.79016e+19
7.78432e+19
7.78432e+19
7.79336e+19
7.75056e+19
7.74024e+19
7.74584e+19
7.74216e+19
7.75384e+19
7.79576e+19
7.7772e+19
7.73992e+19
7.7272e+19
7.71288e+19
7.69576e+19
7.79032e+19
7.79648e+19
7.78032e+19
7.74608e+19
7.73912e+19
7.78208e+19
7.78664e+19
7.7528e+19
7.75384e+19
7.75152e+19
7.74968e+19
7.74504e+19
7.7392e+19
7.74608e+19
7.77896e+19
7.77888e+19
7.80464e+19
7.78704e+19
7.79224e+19
7.77848e+19
7.78712e+19
7.77128e+19
7.76088e+19
7.74408e+19
7.73912e+19
7.72408e+19
7.71864e+19
7.69776e+19
7.69424e+19
7.69168e+19
7.73152e+19
7.74848e+19
7.71272e+19
7.7164e+19
7.7344e+19
7.73816e+19
7.71128e+19
7.702e+19
7.7412e+19
7.7716e+19
7.76824e+19
7.76776e+19
7.78552e+19
7.7784e+19
7.76888e+19
7.80224e+19
7.7712e+19
7.75904e+19
7.7476e+19
7.68848e+19
7.73272e+19
7.73128e+19
7.75656e+19
7.7624e+19
7.79928e+19
7.7668e+19
7.77008e+19
7.76712e+19
7.76768e+19
7.7572e+19
7.70104e+19
7.70352e+19
7.68584e+19
7.70328e+19
7.7204e+19
7.73104e+19
7.75944e+19
7.77688e+19
7.77016e+19
7.77296e+19
7.76272e+19
7.7316e+19
7.73104e+19
7.74448e+19
7.7212e+19
7.7472e+19
7.7748e+19
7.7844e+19
7.76288e+19
7.7404e+19
7.77488e+19
7.79496e+19
7.76752e+19
7.80096e+19
7.80696e+19
7.83872e+19
7.84328e+19
7.8248e+19
7.81072e+19
7.8176e+19
7.82544e+19
7.77744e+19
7.78088e+19
7.77952e+19
7.78088e+19
7.75728e+19
7.7844e+19
7.74736e+19
7.76544e+19
7.76352e+19
7.71656e+19
7.72864e+19
7.75352e+19
7.7236e+19
7.71464e+19
7.68712e+19
7.75336e+19
7.72312e+19
7.71136e+19
7.6788e+19
7.70464e+19
7.70232e+19
7.68952e+19
7.6704e+19
7.74096e+19
7.788e+19
7.75088e+19
7.74808e+19
7.77256e+19
7.7456e+19
7.71128e+19
7.72352e+19
7.69784e+19
7.71472e+19
7.70672e+19
7.72736e+19
7.73024e+19
7.73936e+19
7.75968e+19
7.81136e+19
7.794e+19
7.75608e+19
7.7272e+19
7.73688e+19
7.73144e+19
7.72704e+19
7.74584e+19
7.72392e+19
7.73072e+19
7.72608e+19
7.75016e+19
7.73704e+19
7.79472e+19
7.80528e+19
7.81304e+19
7.82264e+19
7.81744e+19
7.78424e+19
7.7364e+19
7.736e+19
7.71944e+19
7.72448e+19
7.73608e+19
7.76224e+19
7.7428e+19
7.75376e+19
7.75776e+19
7.78328e+19
7.76856e+19
7.7644e+19
7.71792e+19
7.70016e+19
7.71896e+19
7.74568e+19
7.75144e+19
7.73768e+19
7.72824e+19
7.77848e+19
7.77352e+19
7.77712e+19
7.74432e+19
7.72424e+19
7.742e+19
7.7256e+19
7.74416e+19
7.75144e+19
7.73872e+19
7.74976e+19
7.734e+19
7.7416e+19
7.67512e+19
7.70328e+19
7.7232e+19
7.70368e+19
7.722e+19
7.724e+19
7.7572e+19
7.77592e+19
7.79272e+19
7.79496e+19
7.78784e+19
7.77144e+19
7.72384e+19
7.71152e+19
7.69312e+19
7.70456e+19
7.69944e+19
7.7556e+19
7.7168e+19
7.69808e+19
7.72704e+19
7.75608e+19
7.73128e+19
7.70328e+19
7.71368e+19
7.73552e+19
7.71504e+19
7.72272e+19
7.72304e+19
7.7608e+19
7.76704e+19
7.76792e+19
7.74512e+19
7.74312e+19
7.73936e+19
7.70864e+19
7.74216e+19
7.76416e+19
7.74048e+19
7.73248e+19
7.78856e+19
7.76944e+19
7.77456e+19
7.78656e+19
7.8152e+19
7.75544e+19
7.7216e+19
7.73792e+19
7.708e+19
7.7104e+19
7.71216e+19
7.71712e+19
7.75432e+19
7.72968e+19
7.7304e+19
7.77112e+19
7.79792e+19
7.80656e+19
7.80472e+19
7.78424e+19
7.74608e+19
7.74176e+19
7.75224e+19
7.74792e+19
7.742e+19
7.77928e+19
7.77096e+19
7.77368e+19
7.7488e+19
7.76912e+19
7.76408e+19
7.7944e+19
7.81992e+19
7.79112e+19
7.75592e+19
7.78128e+19
7.76088e+19
7.7896e+19
7.75184e+19
7.75976e+19
7.77272e+19
7.73912e+19
7.69992e+19
7.66568e+19
7.66736e+19
7.70096e+19
7.75096e+19
7.77928e+19
7.76456e+19
7.8004e+19
7.84672e+19
7.79576e+19
7.7784e+19
7.78856e+19
7.82304e+19
7.83264e+19
7.81544e+19
7.83544e+19
7.78704e+19
7.7824e+19
7.76232e+19
7.7772e+19
7.79096e+19
7.7884e+19
7.8072e+19
7.75088e+19
7.74096e+19
7.7672e+19
7.76456e+19
7.75512e+19
7.73216e+19
7.72992e+19
7.77136e+19
7.7704e+19
7.77904e+19
7.76928e+19
7.74648e+19
7.72688e+19
7.72752e+19
7.73296e+19
7.7796e+19
7.77536e+19
7.7564e+19
7.77112e+19
7.77208e+19
7.75608e+19
7.75496e+19
7.73568e+19
7.76544e+19
7.80512e+19
7.81616e+19
7.80568e+19
7.78368e+19
7.75512e+19
7.7476e+19
7.70544e+19
7.7284e+19
7.72208e+19
7.7064e+19
7.74608e+19
7.7736e+19
7.73776e+19
7.76968e+19
7.7644e+19
7.7772e+19
7.76824e+19
7.7608e+19
7.77912e+19
7.7496e+19
7.74064e+19
7.74608e+19
7.73672e+19
7.75728e+19
7.78072e+19
7.73704e+19
7.76064e+19
7.80784e+19
7.79624e+19
7.7996e+19
7.75432e+19
7.74024e+19
7.78776e+19
7.78016e+19
7.76496e+19
7.78096e+19
7.78456e+19
7.82176e+19
7.81256e+19
7.80208e+19
7.80488e+19
7.8144e+19
7.81264e+19
7.81144e+19
7.78312e+19
7.7596e+19
7.70064e+19
7.73776e+19
7.75464e+19
7.75184e+19
7.76328e+19
7.74448e+19
7.76688e+19
7.7948e+19
7.78536e+19
7.74736e+19
7.74408e+19
7.74184e+19
7.77776e+19
7.80728e+19
7.79864e+19
7.79664e+19
7.76264e+19
7.7628e+19
7.78e+19
7.78344e+19
7.75512e+19
7.74984e+19
7.7328e+19
7.73776e+19
7.73752e+19
7.81048e+19
7.78296e+19
7.80496e+19
7.826e+19
7.85768e+19
7.84376e+19
7.78568e+19
7.78944e+19
7.776e+19
7.77064e+19
7.73344e+19
7.74704e+19
7.72576e+19
7.72008e+19
7.72672e+19
7.72552e+19
7.72792e+19
7.7576e+19
7.78808e+19
7.80216e+19
7.76352e+19
7.78344e+19
7.77896e+19
7.74624e+19
7.72568e+19
7.71152e+19
7.74816e+19
7.71816e+19
7.76448e+19
7.77808e+19
7.78744e+19
7.8208e+19
7.79e+19
7.77904e+19
7.80056e+19
7.82184e+19
7.8144e+19
7.75536e+19
7.73064e+19
7.76192e+19
7.72448e+19
7.72208e+19
7.68816e+19
7.71696e+19
7.72224e+19
7.72888e+19
7.72984e+19
7.73416e+19
7.78968e+19
7.81536e+19
7.82064e+19
7.88168e+19
7.85864e+19
7.82408e+19
7.79256e+19
7.7848e+19
7.77128e+19
7.76472e+19
7.7944e+19
7.7652e+19
7.83672e+19
7.8208e+19
7.83392e+19
7.80704e+19
7.79328e+19
7.78488e+19
7.75544e+19
7.75728e+19
7.76928e+19
7.7048e+19
7.70112e+19
7.66304e+19
7.71344e+19
7.74536e+19
7.75608e+19
7.77456e+19
7.78552e+19
7.78616e+19
7.79248e+19
7.77968e+19
7.7924e+19
7.77664e+19
7.77688e+19
7.7972e+19
7.76784e+19
7.77456e+19
7.75416e+19
7.7292e+19
7.72544e+19
7.7624e+19
7.7892e+19
7.76488e+19
7.75352e+19
7.73008e+19
7.75152e+19
7.74872e+19
7.75088e+19
7.73736e+19
7.71144e+19
7.74024e+19
7.75656e+19
7.77296e+19
7.74832e+19
7.73944e+19
7.72328e+19
7.73616e+19
7.77344e+19
7.80656e+19
7.82224e+19
7.79456e+19
7.78864e+19
7.79368e+19
7.7924e+19
7.81368e+19
7.77504e+19
7.7692e+19
7.80432e+19
7.8e+19
7.78376e+19
7.75704e+19
7.75808e+19
7.76048e+19
7.73448e+19
7.75432e+19
7.77136e+19
7.76712e+19
7.76032e+19
7.7256e+19
7.74064e+19
7.71896e+19
7.74216e+19
7.77184e+19
7.77288e+19
7.76336e+19
7.77496e+19
7.76856e+19
7.8064e+19
7.73744e+19
7.73112e+19
7.72096e+19
7.73288e+19
7.7028e+19
7.69664e+19
7.68256e+19
7.66656e+19
7.63912e+19
7.65648e+19
7.67008e+19
7.62664e+19
7.62104e+19
7.65888e+19
7.67176e+19
7.70264e+19
7.6824e+19
7.68368e+19
7.71776e+19
7.69776e+19
7.67728e+19
7.718e+19
7.75296e+19
7.77672e+19
7.78144e+19
7.74856e+19
7.68936e+19
7.6724e+19
7.69816e+19
7.75352e+19
7.7524e+19
7.77288e+19
7.78256e+19
7.74776e+19
7.71e+19
7.7004e+19
7.73664e+19
7.76008e+19
7.7196e+19
7.69944e+19
7.7536e+19
7.73512e+19
7.77008e+19
7.76024e+19
7.76632e+19
7.79848e+19
7.80704e+19
7.8012e+19
7.79008e+19
7.74536e+19
7.78936e+19
7.7812e+19
7.7452e+19
7.77928e+19
7.80472e+19
7.77424e+19
7.76936e+19
7.77872e+19
7.74064e+19
7.7592e+19
7.72704e+19
7.76392e+19
7.75096e+19
7.71248e+19
7.68896e+19
7.70544e+19
7.698e+19
7.7188e+19
7.6824e+19
7.6996e+19
7.72688e+19
7.74032e+19
7.74608e+19
7.76112e+19
7.7632e+19
7.76128e+19
7.74576e+19
7.73688e+19
7.74464e+19
7.7696e+19
7.71976e+19
7.7128e+19
7.74992e+19
7.74392e+19
7.7564e+19
7.75144e+19
7.74664e+19
7.79056e+19
7.83216e+19
7.79984e+19
7.75432e+19
7.7468e+19
7.70776e+19
7.6644e+19
7.69312e+19
7.69808e+19
7.69552e+19
7.70496e+19
7.744e+19
7.72888e+19
7.75264e+19
7.76808e+19
7.75408e+19
7.75768e+19
7.79496e+19
7.79504e+19
7.77864e+19
7.76648e+19
7.80096e+19
7.76088e+19
7.76232e+19
7.7608e+19
7.79944e+19
7.77832e+19
7.78328e+19
7.77208e+19
7.73672e+19
7.75008e+19
7.68064e+19
7.66872e+19
7.70624e+19
7.76688e+19
7.77416e+19
7.7344e+19
7.7048e+19
7.68792e+19
7.68856e+19
7.73576e+19
7.7244e+19
7.73696e+19
7.73624e+19
7.75352e+19
7.77672e+19
7.76016e+19
7.78464e+19
7.74776e+19
7.76e+19
7.78456e+19
7.78872e+19
7.77144e+19
7.77752e+19
7.75392e+19
7.74568e+19
7.7492e+19
7.78376e+19
7.75824e+19
7.77432e+19
7.75224e+19
7.78104e+19
7.77504e+19
7.79424e+19
7.78648e+19
7.78432e+19
7.73608e+19
7.72776e+19
7.7504e+19
7.72136e+19
7.73688e+19
7.75888e+19
7.74792e+19
7.76672e+19
7.74584e+19
7.74136e+19
7.7996e+19
7.80136e+19
7.80192e+19
7.79584e+19
7.76928e+19
7.72992e+19
7.74096e+19
7.67872e+19
7.74672e+19
7.7556e+19
7.73696e+19
7.75776e+19
7.74208e+19
7.7672e+19
7.7468e+19
7.77128e+19
7.72632e+19
7.7144e+19
7.73424e+19
7.76024e+19
7.83808e+19
7.81648e+19
7.81288e+19
7.7536e+19
7.74504e+19
7.75128e+19
7.73432e+19
7.75272e+19
7.69824e+19
7.71424e+19
7.75552e+19
7.7504e+19
7.79048e+19
7.79136e+19
7.76872e+19
7.75152e+19
7.77672e+19
7.81184e+19
7.82208e+19
7.79976e+19
7.71296e+19
7.67976e+19
7.71432e+19
7.7364e+19
7.74872e+19
7.7648e+19
7.752e+19
7.78624e+19
7.76816e+19
7.74672e+19
7.75472e+19
7.77632e+19
7.77808e+19
7.77496e+19
7.8024e+19
7.83136e+19
7.84392e+19
7.82096e+19
7.8184e+19
7.76416e+19
7.7328e+19
7.75272e+19
7.75072e+19
7.7524e+19
7.72496e+19
7.772e+19
7.7464e+19
7.78208e+19
7.78784e+19
7.78088e+19
7.7796e+19
7.77816e+19
7.78696e+19
7.75288e+19
7.75288e+19
7.70472e+19
7.6988e+19
7.722e+19
7.75432e+19
7.75544e+19
7.77536e+19
7.76704e+19
7.75864e+19
7.79792e+19
7.77424e+19
7.74344e+19
7.73088e+19
7.71408e+19
7.67248e+19
7.67168e+19
7.6916e+19
7.71704e+19
7.73984e+19
7.7284e+19
7.72328e+19
7.74152e+19
7.70328e+19
7.7488e+19
7.80736e+19
7.81112e+19
7.73704e+19
7.76272e+19
7.75608e+19
7.71416e+19
7.77264e+19
7.76272e+19
7.75328e+19
7.7664e+19
7.74928e+19
7.7284e+19
7.75968e+19
7.77464e+19
7.75688e+19
7.79e+19
7.78112e+19
7.75528e+19
7.76224e+19
7.75584e+19
7.71768e+19
7.74456e+19
7.76464e+19
7.77312e+19
7.73576e+19
7.7536e+19
7.78424e+19
7.79016e+19
7.7884e+19
7.78816e+19
7.82384e+19
7.8172e+19
7.81384e+19
7.80976e+19
7.81448e+19
7.77112e+19
7.74184e+19
7.73696e+19
7.72872e+19
7.76312e+19
7.74912e+19
7.78688e+19
7.80896e+19
7.78912e+19
7.80816e+19
7.77064e+19
7.77248e+19
7.7916e+19
7.8312e+19
7.81552e+19
7.79944e+19
7.76296e+19
7.75056e+19
7.7496e+19
7.76784e+19
7.82056e+19
7.812e+19
7.79904e+19
7.76944e+19
7.77904e+19
7.75472e+19
7.79048e+19
7.78464e+19
7.79984e+19
7.7672e+19
7.7728e+19
7.76176e+19
7.74792e+19
7.75168e+19
7.74432e+19
7.7276e+19
7.74112e+19
7.74248e+19
7.75536e+19
7.76632e+19
7.77064e+19
7.76592e+19
7.78408e+19
7.81048e+19
7.79072e+19
7.77712e+19
7.7864e+19
7.71592e+19
7.72968e+19
7.7372e+19
7.77464e+19
7.75104e+19
7.72856e+19
7.7244e+19
7.716e+19
7.7592e+19
7.79672e+19
7.79224e+19
7.77824e+19
7.7436e+19
7.69696e+19
7.7132e+19
7.7076e+19
7.68624e+19
7.70064e+19
7.71616e+19
7.71864e+19
7.74256e+19
7.77344e+19
7.79096e+19
7.79648e+19
7.7896e+19
7.7892e+19
7.80192e+19
7.736e+19
7.72984e+19
7.74632e+19
7.7504e+19
7.70176e+19
7.74616e+19
7.76968e+19
7.73e+19
7.8016e+19
7.78104e+19
7.77632e+19
7.7444e+19
7.75656e+19
7.79304e+19
7.82208e+19
7.7908e+19
7.78136e+19
7.76312e+19
7.7804e+19
7.7584e+19
7.74216e+19
7.73432e+19
7.73368e+19
7.71672e+19
7.69744e+19
7.74632e+19
7.74016e+19
7.75616e+19
7.7868e+19
7.77784e+19
7.80872e+19
7.81992e+19
7.78888e+19
7.80792e+19
7.77664e+19
7.79696e+19
7.78584e+19
7.7856e+19
7.77424e+19
7.75512e+19
7.7592e+19
7.74352e+19
7.74536e+19
7.74088e+19
7.77432e+19
7.77872e+19
7.80272e+19
7.76504e+19
7.7372e+19
7.74992e+19
7.74472e+19
7.74624e+19
7.75464e+19
7.73296e+19
7.69744e+19
7.71776e+19
7.7072e+19
7.72048e+19
7.72376e+19
7.7368e+19
7.75416e+19
7.79192e+19
7.79608e+19
7.83328e+19
7.83712e+19
7.80032e+19
7.77376e+19
7.75264e+19
7.81624e+19
7.78568e+19
7.74832e+19
7.73536e+19
7.72856e+19
7.72504e+19
7.73048e+19
7.75048e+19
7.72912e+19
7.72608e+19
7.70408e+19
7.72664e+19
7.70752e+19
7.68736e+19
7.69104e+19
7.69416e+19
7.7348e+19
7.76272e+19
7.77736e+19
7.81224e+19
7.79568e+19
7.778e+19
7.73008e+19
7.7056e+19
7.72352e+19
7.7836e+19
7.77496e+19
7.80784e+19
7.854e+19
7.85728e+19
7.84368e+19
7.84928e+19
7.85064e+19
7.87104e+19
7.82848e+19
7.8056e+19
7.75776e+19
7.77576e+19
7.76728e+19
7.77736e+19
7.77672e+19
7.76712e+19
7.79008e+19
7.79256e+19
7.84392e+19
7.80064e+19
7.84568e+19
7.78752e+19
7.79512e+19
7.78472e+19
7.82816e+19
7.81912e+19
7.80136e+19
7.79168e+19
7.81456e+19
7.81976e+19
7.81904e+19
7.7848e+19
7.77792e+19
7.73656e+19
7.7232e+19
7.78656e+19
7.7896e+19
7.80712e+19
7.77648e+19
7.7632e+19
7.73664e+19
7.7052e+19
7.72624e+19
7.75264e+19
7.72288e+19
7.73304e+19
7.72496e+19
7.752e+19
7.7636e+19
7.77392e+19
7.79168e+19
7.79432e+19
7.79344e+19
7.79152e+19
7.76144e+19
7.76368e+19
7.73568e+19
7.73512e+19
7.77904e+19
7.7388e+19
7.76864e+19
7.73752e+19
7.75768e+19
7.7636e+19
7.76592e+19
7.8e+19
7.8036e+19
7.80624e+19
7.78408e+19
7.73472e+19
7.70048e+19
7.73688e+19
7.78928e+19
7.78064e+19
7.7396e+19
7.7448e+19
7.71328e+19
7.72792e+19
7.74848e+19
7.74232e+19
7.75e+19
7.73504e+19
7.73496e+19
7.74176e+19
7.70544e+19
7.71248e+19
7.6856e+19
7.70744e+19
7.70656e+19
7.74728e+19
7.73888e+19
7.68544e+19
7.65088e+19
7.69424e+19
7.74088e+19
7.7568e+19
7.74736e+19
7.726e+19
7.7116e+19
7.81456e+19
7.7968e+19
7.7432e+19
7.73304e+19
7.72032e+19
7.74256e+19
7.70392e+19
7.70048e+19
7.69832e+19
7.7064e+19
7.67056e+19
7.66696e+19
7.66984e+19
7.70368e+19
7.7224e+19
7.7404e+19
7.7444e+19
7.7484e+19
7.732e+19
7.80104e+19
7.73576e+19
7.72448e+19
7.75352e+19
7.75408e+19
7.74696e+19
7.71792e+19
7.70152e+19
7.70096e+19
7.68072e+19
7.72552e+19
7.72296e+19
7.76928e+19
7.7848e+19
7.73464e+19
7.7468e+19
7.7756e+19
7.77664e+19
7.78408e+19
7.81928e+19
7.7844e+19
7.74064e+19
7.76912e+19
7.7512e+19
7.7436e+19
7.77304e+19
7.79184e+19
7.80888e+19
7.77928e+19
7.7412e+19
7.7192e+19
7.72168e+19
7.75032e+19
7.77248e+19
7.78864e+19
7.81024e+19
7.85016e+19
7.83512e+19
7.83112e+19
7.77496e+19
7.76928e+19
7.78616e+19
7.77504e+19
7.7756e+19
7.7696e+19
7.79528e+19
7.80632e+19
7.79248e+19
7.72584e+19
7.77504e+19
7.79832e+19
7.79856e+19
7.76304e+19
7.73528e+19
7.7228e+19
7.72496e+19
7.69784e+19
7.74096e+19
7.7744e+19
7.78912e+19
7.76656e+19
7.7256e+19
7.7668e+19
7.80928e+19
7.78968e+19
7.79664e+19
7.77056e+19
7.76024e+19
7.7696e+19
7.78832e+19
7.7636e+19
7.72488e+19
7.73792e+19
7.7464e+19
7.77704e+19
7.74408e+19
7.73616e+19
7.74936e+19
7.75624e+19
7.69752e+19
7.70048e+19
7.79728e+19
7.80688e+19
7.84136e+19
7.83696e+19
7.81688e+19
7.84192e+19
7.80376e+19
7.77112e+19
7.76384e+19
7.78304e+19
7.80544e+19
7.7736e+19
7.7604e+19
7.78776e+19
7.77104e+19
7.73824e+19
7.73584e+19
7.74792e+19
7.79032e+19
7.76384e+19
7.77936e+19
7.77712e+19
7.76376e+19
7.76216e+19
7.7288e+19
7.73952e+19
7.7516e+19
7.76816e+19
7.76464e+19
7.7548e+19
7.7296e+19
7.74032e+19
7.76952e+19
7.76448e+19
7.7888e+19
7.75192e+19
7.78968e+19
7.80408e+19
7.78872e+19
7.79512e+19
7.78e+19
7.7528e+19
7.74904e+19
7.77216e+19
7.74112e+19
7.67888e+19
7.71584e+19
7.7732e+19
7.76856e+19
7.76808e+19
7.79392e+19
7.81536e+19
7.80408e+19
7.82104e+19
7.81608e+19
7.79824e+19
7.81136e+19
7.862e+19
7.85768e+19
7.8004e+19
7.73704e+19
7.76216e+19
7.75512e+19
7.73952e+19
7.76376e+19
7.80168e+19
7.7668e+19
7.80672e+19
7.79072e+19
7.79984e+19
7.80608e+19
7.7896e+19
7.78072e+19
7.7712e+19
7.80136e+19
7.8108e+19
7.7848e+19
7.72984e+19
7.73416e+19
7.72904e+19
7.77192e+19
7.76504e+19
7.79632e+19
7.78376e+19
7.78312e+19
7.7224e+19
7.73376e+19
7.73048e+19
7.70624e+19
7.69744e+19
7.718e+19
7.72176e+19
7.73832e+19
7.73392e+19
7.69328e+19
7.67712e+19
7.70304e+19
7.75616e+19
7.75544e+19
7.77696e+19
7.69256e+19
7.71976e+19
7.73792e+19
7.7908e+19
7.78424e+19
7.80808e+19
7.7632e+19
7.74512e+19
7.72184e+19
7.696e+19
7.7204e+19
7.77048e+19
7.7516e+19
7.74904e+19
7.73352e+19
7.71688e+19
7.7232e+19
7.70152e+19
7.70072e+19
7.69432e+19
7.78264e+19
7.78208e+19
7.77744e+19
7.73728e+19
7.72152e+19
7.7268e+19
7.72168e+19
7.74712e+19
7.76224e+19
7.74288e+19
7.74048e+19
7.72024e+19
7.73096e+19
7.74216e+19
7.78424e+19
7.79504e+19
7.76072e+19
7.74912e+19
7.78392e+19
7.77304e+19
7.81392e+19
7.75976e+19
7.76496e+19
7.78904e+19
7.8104e+19
7.7916e+19
7.80864e+19
7.83936e+19
7.81984e+19
7.83336e+19
7.82216e+19
7.79248e+19
7.76264e+19
7.77736e+19
7.80832e+19
7.81496e+19
7.8148e+19
7.83216e+19
7.85416e+19
7.83784e+19
7.71672e+19
7.73656e+19
7.7656e+19
7.76624e+19
7.7632e+19
7.7608e+19
7.74424e+19
7.70888e+19
7.71712e+19
7.73224e+19
7.71712e+19
7.72584e+19
7.77816e+19
7.768e+19
7.76088e+19
7.77864e+19
7.78208e+19
7.79736e+19
7.76296e+19
7.70176e+19
)
;

boundaryField
{
    xPeriodic_half0
    {
        type            cyclic;
    }
    xPeriodic_half1
    {
        type            cyclic;
    }
    yPeriodic_half0
    {
        type            cyclic;
    }
    yPeriodic_half1
    {
        type            cyclic;
    }
    zPeriodic_half0
    {
        type            cyclic;
    }
    zPeriodic_half1
    {
        type            cyclic;
    }
}


// ************************************************************************* //
