/*--------------------------------*- C++ -*----------------------------------*\
| =========                 |                                                 |
| \\      /  F ield         | OpenFOAM: The Open Source CFD Toolbox           |
|  \\    /   O peration     | Version:  v1706                                 |
|   \\  /    A nd           | Web:      www.OpenFOAM.com                      |
|    \\/     M anipulation  |                                                 |
\*---------------------------------------------------------------------------*/
FoamFile
{
    version     2.0;
    format      ascii;
    class       volScalarField;
    location    "0.01";
    object      rotationalT_mixture;
}
// * * * * * * * * * * * * * * * * * * * * * * * * * * * * * * * * * * * * * //

dimensions      [0 0 0 1 0 0 0];


internalField   nonuniform List<scalar> 
5120
(
298.2812764
297.9689621
298.3065207
298.3289565
298.0461579
299.2949587
298.3812944
299.8184916
299.3875506
299.1610658
297.7979146
298.1471819
298.4658091
299.7783097
299.0256329
298.6809951
300.0370691
299.20007
300.0787903
299.8920118
299.0736491
299.8397011
299.8728477
299.2163102
299.3463204
299.9821047
300.6467061
300.294116
300.8583932
299.9635132
299.1352436
298.71848
298.7646666
298.9410614
299.0104407
300.4865771
300.3091496
301.4591036
299.7384288
300.6898252
299.7303319
300.2017001
299.4224718
300.0725191
299.3948678
298.9116599
298.4392566
298.1102853
297.2701685
296.1730311
296.4717705
297.0372301
299.1731109
299.465496
298.3912328
298.7628767
299.1167985
300.1426128
299.6349621
300.1249497
300.4811403
299.603669
300.01298
299.558382
298.1493204
297.524699
297.8451052
296.8211149
297.4425191
297.9797841
299.0001017
298.7312443
299.31583
297.9288845
298.547739
299.8342831
299.4705246
299.072635
299.930387
299.4848748
299.2591721
300.1781407
299.7743651
298.7707537
299.729678
299.9671708
300.8811283
301.24415
301.4860658
300.9127243
301.1923419
301.6758534
301.0734268
301.1890698
300.376978
300.6062239
302.2108954
300.9293311
300.7641038
301.2789689
300.6850027
300.5572218
299.4715405
300.6406874
300.2385802
299.455652
298.9176345
299.2064948
300.5116636
300.0688237
298.9390667
300.4032954
299.4075299
299.6899601
298.5378133
299.8437047
298.4773878
299.1859013
299.288427
299.2464983
298.8467498
298.2738623
299.0593408
299.2599771
298.7852435
297.9600386
298.4589288
298.0001584
298.2552424
298.982923
299.8579396
301.4938446
302.2500701
302.724684
301.6828073
300.6995722
298.986281
298.3775935
298.9259877
298.6257857
298.3448822
298.2066672
299.466281
298.9655117
299.026629
299.6397082
299.0449244
298.8372099
298.4799518
298.7369483
298.7331396
298.0656354
298.4070958
298.0871137
297.9768376
296.6250906
297.190439
297.0556742
297.8711446
298.2215564
300.448294
300.3020994
300.4623705
300.4935458
300.0090059
299.1374796
298.8550352
298.3926047
298.2307484
299.1191148
298.5380894
299.3160058
299.1712239
299.5944408
299.4203635
299.6718957
299.8979083
300.8379949
302.1467825
300.9662518
301.1137334
299.4578611
300.1940565
299.7256254
300.4149251
298.8590149
300.4804814
299.8847993
300.0274907
299.2736492
300.6579473
301.1840345
300.1197667
299.7132934
300.2780666
301.0972157
301.7518206
301.0372542
301.4691594
301.590609
298.5597791
300.3630805
298.5200588
298.273301
298.2946738
298.4226012
298.5560584
298.388275
298.5379209
298.527375
298.0203143
297.8806298
299.5669073
300.6500805
299.7367773
298.6898349
298.1402545
298.5027662
297.5873019
297.2305101
299.4286031
299.7638164
300.4189305
300.4655878
300.8387896
299.8862497
299.3357204
299.1259418
298.8429627
298.9966687
297.1637652
297.9687537
297.0683969
297.8260849
299.1666049
299.5378087
299.4548777
298.7155989
298.8829888
299.9387207
298.7933548
299.4455954
298.9528263
298.6469586
299.4262949
300.5115724
299.8942014
298.0648756
296.389283
297.4810536
298.412944
297.9933318
299.3785276
299.7208414
300.6864363
301.5597266
300.8223624
299.3227854
299.2574296
299.106223
296.517993
296.2909842
296.6519017
297.1183704
297.5183434
297.126157
296.5868368
297.9825731
299.0024514
298.3441108
297.9971034
298.4132466
297.2172399
297.9411049
298.6023961
299.0678208
299.9999774
298.7395705
297.7718558
296.5773004
299.4357425
300.289897
300.5231757
301.1929672
300.5191203
300.6748862
299.4175279
298.1557458
298.6151611
298.8992044
298.7482049
298.7333174
298.7878104
298.3255136
298.4187148
297.1997488
298.2152524
298.9819103
299.6851388
299.5046806
300.3773125
300.9300466
300.728876
301.0550306
301.3403926
300.4355133
300.2043611
299.3611242
300.8193906
301.4401544
304.0570016
302.9303074
301.0668519
300.4898512
300.3292228
299.7652159
299.4465215
299.0682957
298.4595222
299.1694487
300.4505596
298.8407394
297.9488471
297.4059445
298.2204696
297.4265262
299.1118548
298.9222633
298.923679
298.3563856
298.4760985
299.3362059
299.5878223
299.72701
300.7981638
300.4853064
300.4097801
300.1326903
299.7346117
299.7227282
301.2580966
299.7402957
301.0460197
300.7313767
299.6218547
300.1447209
300.2657638
299.1288063
298.504986
298.9676486
300.3588264
300.1293077
300.3131581
300.471489
300.8521223
299.9679304
301.5407408
301.2333563
300.6132711
301.7316363
297.2949587
297.7736084
298.026348
298.9570466
300.4172349
299.2921407
299.48829
300.0077146
300.8217698
300.8048794
299.6782975
299.7517553
299.6666623
300.164302
301.4015793
301.3921938
300.6587719
299.858203
300.1411572
297.8735732
300.2124924
299.5736288
299.7231309
299.0037561
298.4374398
300.1658773
300.1001308
299.6568429
297.6377818
298.7897248
298.6098046
298.1494638
298.9211658
299.9517786
300.4670826
300.1543916
300.2948096
300.1620298
300.3538786
300.0112698
297.2270956
297.6424671
297.5571432
299.0936662
298.30081
298.9845954
299.6697824
300.5664769
300.7826269
301.0265891
299.8970154
299.3469809
299.0716594
299.8301464
299.6698498
300.1578352
299.7134926
300.1396028
298.2145053
297.8296727
298.8479847
299.2382155
299.7477706
297.7245826
299.0835905
299.8242014
298.1862887
298.3035441
298.7986132
299.5329233
298.1754989
299.0352196
298.6099307
298.0271107
297.8222556
298.2519604
297.7041912
297.6641913
298.9192661
298.9239624
298.5505495
298.0168941
297.9208527
297.3132637
297.6245415
297.4694487
297.651465
299.0471429
299.0697777
298.2436895
298.8394822
298.1621393
298.4464657
299.2474161
299.9387916
301.2869913
302.5078719
301.8643854
300.8552072
299.0571693
299.1829861
298.9995992
298.7861081
298.8775118
299.4940542
298.8688837
298.6783865
298.1139808
298.044505
298.3359971
298.844701
299.5490461
299.799337
301.2078064
299.1518758
298.9417622
298.903019
299.2133305
298.7513745
298.0015273
298.732345
299.0173751
298.919383
299.4047737
298.6837513
298.8995541
298.1793575
299.1601787
298.2074409
298.794605
298.1347965
298.1779292
298.4564948
297.4466828
298.4923711
298.8144763
297.2954061
296.5960353
298.5491649
298.7254947
299.9910213
299.9116572
299.3934334
298.3720174
298.4842568
298.2887783
298.5537668
298.4473336
298.9664056
299.5448114
300.1042664
299.6595787
300.4303955
301.2213232
300.7875012
299.3103304
299.5266413
299.5684632
299.5512834
298.9646044
298.3055815
297.5174766
297.4144831
298.6547101
299.2161628
299.255725
297.9329366
298.2745724
298.418632
298.7497881
298.9213248
300.407559
299.0834556
298.8940533
300.3092464
300.6053203
300.8799038
300.017231
298.5480638
298.6063974
298.8563119
298.7395118
298.1328041
298.8536335
297.8417794
298.6088392
298.8334327
298.5482803
298.3164005
299.7791861
301.0280764
302.6184129
301.2312833
300.1306637
300.0159551
298.3556025
298.3609249
299.1882437
299.2796341
298.8107759
300.383156
300.8883443
298.9411501
297.9198668
297.1083797
298.2071335
299.1275494
299.8264641
300.7686874
299.7106792
299.9334787
300.3452686
299.850221
299.3929456
297.5861532
298.3796477
297.74057
299.4304585
300.632868
299.961803
300.3390735
298.6657895
299.7511682
299.4534254
299.5036194
298.1348372
298.3097585
298.9364682
298.6981458
299.9380208
300.6303268
299.7491747
299.3151713
298.4920316
300.4401035
300.1919786
298.8390458
299.6098244
300.08653
300.7289151
301.0627032
301.8606665
301.701606
300.5057198
299.2531747
298.767127
298.606739
299.1668209
299.3565784
297.9892523
296.8696355
297.2204801
297.3453576
298.3314038
299.0370526
298.7866487
299.3968979
299.8265358
300.4550867
301.0499927
300.4416764
299.0954166
298.2344596
298.5934573
298.839872
298.7563125
300.4690385
299.0219533
300.1232179
299.1562724
298.8752756
298.2808789
300.2329303
299.164304
299.8616332
300.8175049
300.864155
300.9746273
302.4064671
300.9201963
297.8234006
298.1573718
297.9738616
299.4620586
298.1964384
298.373946
298.7784379
297.5770662
297.5183922
296.6210566
298.0202861
298.8209121
299.4613208
299.952123
299.859296
298.7361856
298.6226609
299.0358185
298.7654944
298.1376628
300.4620515
299.4624101
298.8021119
297.8044499
296.0477753
295.9554303
296.7907034
299.552603
300.788055
300.150301
298.9239537
297.293378
295.8917737
296.8216205
296.3117008
298.2015286
299.2706744
298.6165414
299.709375
300.9809397
298.2007829
298.4910584
297.9225999
298.2911341
298.3758126
299.4501573
299.1930366
298.5669334
298.6147261
299.4210081
299.8175235
300.5868062
301.3578855
301.6347997
299.5770374
298.1958727
298.7018763
298.9317487
297.0054515
297.9254325
299.5907165
300.2137429
300.7145473
299.5718777
300.8102628
300.7033514
300.6333306
300.2905668
300.271947
299.2702765
299.0156628
299.0082455
298.9469844
298.5088299
298.4059246
299.7135509
299.596292
299.5019276
298.6991697
299.8141567
298.8577654
299.6596252
299.5566202
299.5012424
300.1081092
300.057265
300.1916629
299.4194644
299.047631
299.0439424
298.9048048
298.8116462
298.4762986
299.0767245
298.5603429
297.9244768
297.9152805
298.59173
300.1491079
299.143894
297.9129684
297.8284406
297.8173334
297.6276993
297.9625613
297.4769952
298.2715231
298.8279442
298.243575
298.4448783
299.0645329
299.2823778
299.0487375
298.0688022
298.754902
297.6087409
298.3345501
296.6220944
297.35629
297.5433887
298.8140819
298.1850544
298.2817729
299.2361564
298.9816471
299.6763142
299.7630953
297.1569842
297.3629008
297.3422159
297.6149293
296.0053949
297.8408655
298.1635828
298.5455097
298.2445974
298.2110102
297.8189436
297.7718675
299.3555756
298.3347984
297.2219231
297.6955138
297.683937
298.6267056
299.0452947
299.7936342
300.2046187
301.1583592
300.6346734
300.9636445
299.5739605
297.6857462
297.9724098
297.8674403
296.4589782
297.775236
297.5224711
298.557611
296.7895012
298.1826422
299.1170109
299.3182755
300.1004436
300.7094907
298.8305211
298.1892941
298.1772019
298.4906965
298.8513599
298.185489
296.7481962
297.1266423
296.9669755
297.8512421
297.3264843
297.0448025
295.8171475
294.4682987
296.1549442
300.1441004
298.888591
300.0432429
301.0691641
301.2817043
301.911479
301.1078379
299.7422236
299.5598983
299.745065
299.8398041
299.6444124
299.8763829
299.9745728
299.2273403
298.6165719
299.4362018
299.9288909
300.4863197
300.5097296
298.65445
299.5760135
299.5333345
299.8426464
299.31465
299.8263792
302.1702364
302.4662793
302.0075092
301.4474912
300.8220552
298.0482128
300.2490062
299.4663614
299.793276
300.203625
298.7908801
298.8944668
298.5700109
297.7372882
299.3716242
300.5147556
299.7790858
299.7623085
300.153368
300.5972932
298.996285
299.386654
299.7703934
298.6006491
298.7013639
299.4289381
299.9979684
299.8287134
301.2171513
300.3373666
299.5344321
299.1850508
299.441322
300.0395405
298.5114507
297.7075008
299.041303
299.8071114
300.8552302
299.7538889
299.4184506
298.819557
298.7209899
298.5647538
297.9618427
297.8935269
299.6299267
300.1818403
300.89265
301.5438122
301.8437595
300.1620583
300.0391417
299.1319077
299.7036492
299.411774
300.4864452
299.1819336
297.90363
296.8872108
297.7941258
298.9031434
299.6936339
299.3097639
298.5987704
299.0912351
300.5350544
300.5191029
299.5901753
298.5708033
299.1124853
300.8119694
299.3048292
299.5955121
296.5725702
296.6140704
296.8211251
297.7576356
298.4332118
299.9003152
299.5835463
297.7354472
298.1910777
298.4201758
297.9461021
298.1241577
298.2536265
298.0449293
298.9094529
298.9469745
298.7604848
298.6845857
297.8176661
296.5314065
296.5900744
297.235547
298.1140989
297.7806832
298.5517321
299.3987228
299.5242335
300.0185154
300.790644
301.1372628
300.3755978
300.3896069
299.6504648
299.6809186
298.5072099
298.9776328
298.7983932
297.5261849
296.8377839
296.7237738
296.1929044
296.9652674
298.0347954
297.9798505
296.3690673
296.6671663
295.4160028
296.3135693
296.1417861
297.793127
296.5864945
297.1599933
297.1256203
296.5820962
296.168685
297.0299668
296.6754072
295.7225564
295.7627656
295.6654111
298.0004233
296.8522182
297.1259425
297.5322102
298.4042695
298.7618288
297.1018042
297.3672192
297.6044306
298.1784882
299.4717501
298.8099733
298.117005
298.6358267
298.1336232
297.0549993
296.5959482
298.1276465
298.7027286
298.3756086
298.6026331
300.5993625
300.1450204
300.312896
301.8804193
301.9786871
302.7999459
302.9906127
302.5943844
301.2684356
299.5080534
299.6377082
299.2189361
298.1011051
297.7122897
297.8841335
299.4874081
299.5044881
299.3059515
298.3574797
300.9662292
298.9249369
300.4077105
300.2801115
300.1892668
298.997734
298.4141089
298.8243309
299.0381045
299.5045261
300.4578747
299.1147031
298.4670165
298.8610747
299.8236131
299.3337051
299.6922535
299.6089964
301.2511359
301.8208799
299.5441977
300.1964208
299.9005894
298.502328
297.9887977
297.5156453
296.967654
297.623277
296.5075258
298.1539702
298.2803544
299.3267315
299.2003376
299.8389798
298.4740973
299.6246545
299.6662713
298.6083917
298.2260245
298.370498
295.9004304
296.5408786
296.7003989
297.4749735
297.2732083
296.5078143
296.1544447
296.3055069
296.1192443
295.8620393
295.5263566
296.082646
295.1690209
297.206303
298.0937371
297.9184982
297.1024397
298.3414265
298.3622328
296.3147158
298.2165496
296.9804087
296.6807218
297.1202925
297.7894239
297.1011547
296.0820327
297.5131269
297.9121322
298.2205588
299.0086647
299.3874415
300.6190323
299.7486074
298.8267833
298.901058
298.8025144
299.7160397
298.7981336
298.7998961
298.9507413
297.9334037
297.6313588
296.8456279
296.6966277
298.0815436
299.2842024
300.7909857
300.0400534
298.2688467
296.4961521
296.3796262
297.786012
296.9398911
298.1257054
299.4191213
299.9713368
300.4648977
299.7674137
298.839304
299.7024617
298.6121179
298.9248564
298.5239093
299.0389713
298.2319904
297.9248898
297.57224
298.2346806
298.3768354
298.8399801
299.2593253
298.0434415
297.4111755
297.3962907
296.5173244
297.1917952
298.4916126
299.8594672
299.9400882
299.4587064
298.865216
297.9835682
298.0085154
298.0115423
298.7208338
299.0704044
300.4695054
300.0240967
299.6314262
299.1350821
298.541702
298.3704417
298.8613526
299.1030368
301.0171637
300.508942
299.4930033
299.7883723
299.2093631
299.0970214
299.0295144
297.9413829
297.8709658
299.3989278
297.890025
298.202518
297.4290214
298.1375732
298.3687933
298.5211798
299.8279787
300.6417337
300.2210521
299.9944576
299.6711372
298.7864228
298.5209426
299.3307457
299.6309135
300.4332308
301.2491517
302.3999418
302.2162502
301.2051269
300.5141104
300.4038254
299.9288351
298.9177687
299.3393029
299.2089032
299.8473054
299.5218466
300.2500272
299.9820412
299.9055669
300.0387791
299.4835048
300.1290428
300.7745898
298.7038423
298.5546354
297.5770772
297.7606813
298.2439537
299.6838827
299.8223885
300.5201427
300.8971306
300.0177809
300.5480251
301.0042679
300.992173
300.4593769
298.2745545
299.221013
300.9180742
301.4016094
300.4139045
298.9385934
296.8038263
297.1683222
297.9228084
297.6739055
299.6352764
300.5638361
301.1335046
299.2738247
297.9338935
297.757678
298.0982046
297.467913
296.0219612
296.9000629
296.8304761
297.4869575
296.2003458
295.4146586
297.0645404
297.0335061
297.1725696
296.4962564
297.5861988
298.27561
299.7665958
298.4914241
298.0712086
298.6248106
298.6224289
299.0924354
300.0473448
298.7887445
299.3488665
299.4139561
299.7593267
300.2434655
298.7858794
298.3803559
297.4336777
297.1281183
300.1778681
299.5106714
299.836894
301.1998231
299.9665141
300.681558
300.3374087
300.963442
299.583456
299.3010918
299.7135547
299.7142217
299.8546114
298.8444877
299.020106
298.7615336
298.8051175
298.2856459
298.1952959
299.0395242
299.0379869
298.8190488
300.087649
298.6059218
299.4443954
297.8669355
297.9092969
298.311174
298.2961642
298.5546468
297.330697
297.7204905
297.0562793
297.7811583
297.1029459
295.8435949
295.7695721
296.2479719
296.8977797
298.0465039
298.5418652
298.5128183
298.9913616
298.9601673
299.2696104
299.400801
300.1356926
300.4910338
299.2366306
297.7946023
297.3369729
297.3942641
298.2667118
298.2167347
299.0932277
298.51601
299.5329253
298.4094157
297.2698408
297.716109
299.79325
299.5390044
298.3453879
299.7728737
300.9517801
300.1045591
299.2874245
296.283149
297.950003
299.2541032
299.0477642
298.7276279
299.6002505
298.9577136
296.3540949
296.6824452
297.6748024
298.5605509
299.1205578
299.9313639
299.0127415
298.718657
298.501118
298.026425
297.5834574
297.8795711
298.668435
299.6841974
299.395729
299.7370588
299.8435302
301.4762895
302.486932
302.0521404
301.9244056
302.3503137
302.5542874
302.0237579
301.81438
299.8438442
294.6323922
294.4676704
295.1333857
296.8815493
295.91168
296.5816601
297.3570461
297.9904854
298.1984764
298.597864
298.8508989
298.109631
297.6814492
297.3607309
297.6284132
297.3498392
295.8245339
294.8590351
295.6699992
295.1716864
296.0312416
297.1760191
298.329548
298.0605526
299.3962659
299.5498106
297.9092265
297.8456064
298.7420743
297.5338171
298.3831465
297.7234399
297.3135384
295.6957981
295.5376073
296.6335011
297.5607823
297.1071172
296.2810561
296.2882521
297.5971777
298.8268903
298.1961693
298.0517852
296.8345556
296.5898215
297.5361686
297.3437526
297.7257841
296.4227888
295.7175428
295.2659292
294.7651911
295.9945716
295.7880585
294.7189111
295.1662064
296.3033967
297.2723246
297.5096441
298.1610444
298.8178903
299.3651249
299.4765422
299.49412
300.1051609
299.7079901
299.1282048
297.8595251
297.5593455
298.7405332
299.0371367
298.0482796
299.0613088
298.2507772
298.3128634
298.1804368
298.3838085
298.7738313
297.7610796
299.4199438
300.6364618
301.3287364
300.97963
299.7989684
297.5286491
297.4937622
297.1645097
297.7168884
298.6529194
299.5379948
299.0115068
300.8520099
299.8170808
300.6027641
300.5191591
299.2610631
299.2665262
298.0643485
298.7304884
299.8364018
299.6619075
300.0658832
298.7437736
298.3777338
298.8548387
298.4995004
298.4162532
297.286854
298.2065009
297.4907897
299.1720786
298.8914412
299.9020632
300.0977809
300.5135622
301.2614121
300.2820593
300.450426
300.092251
297.1246532
296.1675939
297.1043291
296.6291793
297.2905072
297.0343332
296.3977708
298.0784921
298.9456278
298.851986
300.2488602
299.6515353
299.0715937
298.5007848
298.386447
298.391571
299.077992
299.7374438
298.9920562
298.5588156
298.4848792
297.9105922
298.0373462
298.8810413
298.9937583
298.7966962
298.4370334
298.5768926
299.1883396
300.6637988
301.5080368
299.6402858
299.5601947
299.2646449
298.8275733
298.247906
298.1736339
298.1450288
297.5606129
297.4614898
300.7353626
301.4502301
301.1157306
300.3261835
301.1526388
300.4441793
299.7729944
299.1076454
298.8409343
298.8701809
297.6156781
296.241669
296.3410333
296.6801953
297.6139305
296.6837733
296.8594866
296.8151497
298.6775882
299.4635637
296.7330122
296.3694585
297.9191818
298.0708022
297.8787186
297.7563936
297.6005773
298.5051841
298.1539185
299.2762534
298.2486944
298.7423681
298.955396
298.1805164
297.9282346
297.6531416
297.9838771
298.1863551
296.6618918
296.0882003
301.3542153
300.9715765
301.0206478
300.1332759
299.5827671
298.6533669
299.410018
300.6493015
299.635844
299.9749675
299.2985477
299.72813
301.2523239
301.7835278
300.3049435
299.5450703
298.5176685
298.5789811
299.6100089
300.6443128
298.7081322
298.5755006
299.1771412
298.8051467
297.5664464
298.4669327
298.9149719
298.9683673
298.4319361
300.8012343
299.8777781
300.3542204
299.9540014
299.8361099
299.7501604
299.2237282
299.3641818
300.6110021
300.0111293
299.384594
297.8103769
298.3764479
299.1771454
299.1786851
299.6848462
299.676333
298.8075529
298.2126544
297.5663017
298.2872519
297.4185435
297.8169128
298.2832311
298.1984678
297.8602791
299.070346
299.3604958
298.3195073
299.0463397
299.1590895
297.2900816
298.2558142
296.9835972
298.2900297
297.6868347
298.4153753
298.8049498
299.1847872
298.2480135
296.854602
297.1987073
299.2901804
297.379359
297.1017118
298.5566733
298.3632314
298.2292641
297.9953399
297.1437756
298.0534667
300.9000558
299.9929424
299.7045234
298.0415691
298.8470497
299.4173423
299.1113336
298.9264081
298.5051041
299.8840598
299.5316271
299.3899735
298.833125
298.2709836
298.6883888
298.3765076
298.9205093
299.1099011
298.0846877
299.4955685
297.9616773
297.1392375
298.9972323
298.3644676
297.9656476
298.7006788
299.8799008
298.9435192
299.9652986
301.1051461
301.4808679
300.83397
300.4639839
300.717415
302.0976219
300.6565108
299.3770716
298.7699686
297.911246
297.5067172
297.1930146
297.7500707
296.9001145
296.3438956
296.5963592
296.1065229
296.1695263
294.8517969
296.0262529
295.3951103
295.4368553
295.9875455
296.5929263
297.4988112
297.2767832
295.845086
296.9092795
297.369746
296.8899734
296.9689525
298.6697283
297.4492905
297.0699098
297.0136457
295.5089579
296.5006853
296.6740085
296.6587085
296.0017178
295.8248918
295.7337366
296.5703807
296.5845558
296.3985162
297.2555078
298.3377283
298.2966866
298.3679524
299.4933149
299.0589991
300.1361343
299.584795
298.2099251
298.0851766
299.3838105
299.5459616
298.7693791
298.9272072
297.622877
299.666431
298.367867
298.4290556
299.7040937
298.755474
296.9614816
297.6269447
297.9850235
297.6635509
298.0197857
298.6865409
298.3854091
298.7261838
299.161593
298.4603904
299.85645
299.8446291
301.0744049
300.7588031
300.1661102
298.5211093
299.6040103
299.7123368
301.1800641
301.7592128
302.9701274
302.3014549
302.2593766
300.9768685
299.131967
298.2765263
301.6623052
301.5024692
301.7953896
300.9425233
299.8984758
300.7437769
300.3791896
300.2708222
300.4584923
300.2693899
299.8433222
299.9725333
297.8366244
297.6642154
296.238416
297.29043
298.6300014
299.2536256
299.783989
300.1548807
299.7335838
299.6597198
299.0546241
300.3806492
300.2616833
300.5345078
299.9064886
298.9161579
299.926966
301.0685085
300.3238322
299.8909285
300.6213374
300.5725907
300.617628
300.1271744
299.2644157
298.982019
299.416736
300.7775836
297.1098562
299.3291285
299.608535
298.3151053
297.9074095
297.9340082
297.8379878
299.1739158
298.6305809
299.0701717
301.1741561
302.0750805
302.6297265
302.1279686
300.8281803
300.9908642
300.2671637
299.7368956
299.1980654
298.0321129
299.3446402
299.1466664
297.8226587
298.1714824
298.0155279
298.9429654
299.5036729
299.2403086
299.8034873
299.7698047
298.2422263
298.3134257
298.2076865
300.6470065
300.7485161
301.0160731
301.1453373
300.7035146
300.6434573
300.5303467
298.2860388
297.2526374
297.7950924
298.6997048
299.344157
298.8298011
298.191327
298.1477217
296.8405945
297.1780635
297.3689515
298.1655296
297.9386768
296.2043848
296.6367807
298.071259
297.6775654
299.1447336
298.6128084
297.7519301
297.8905312
298.3428951
297.0725769
296.7908419
296.6920661
297.1147995
295.9825626
296.9810936
296.8172842
295.700825
297.42864
298.0619799
297.5612542
297.7035203
298.5864454
298.5700724
297.7301216
297.8173091
297.8366078
298.1222687
300.6231147
300.6100848
298.6267357
297.8890533
297.3894902
298.4971942
299.6175466
298.8845118
299.1500774
299.5536259
299.7586535
299.5824911
299.2482246
299.3074783
300.3143407
300.0889835
301.196276
301.6536957
301.51541
301.3766752
301.0274398
301.5709212
301.2924874
301.5396133
302.5028284
302.0031021
299.829915
299.0784316
298.0565365
297.4815289
297.8989932
296.9912798
296.9182664
297.5493929
297.0058658
297.6910265
298.9702247
301.4534009
300.3162114
300.5410838
300.3531864
299.0355007
298.8412054
297.5994644
297.6135665
296.8652795
297.7634219
298.8929341
298.3954334
297.7716429
296.6852786
296.1162875
297.1744636
297.4445356
298.2920556
298.6159636
299.075155
300.1153565
299.6599101
299.4667507
297.3155665
297.0228952
297.2799645
298.3421898
297.6607324
297.2251562
296.8709113
298.0689946
298.4023002
298.6871385
299.8109801
299.4730392
299.8257169
297.9455292
297.710571
298.7411639
298.5103025
298.4910151
297.9789663
296.3651513
299.670501
299.5293598
298.9915767
299.256342
297.7706266
297.0032178
297.084089
297.9526275
299.5480207
300.4927382
298.4467164
298.3673392
298.7749203
300.8021488
300.828509
299.6031258
298.9906082
298.5074896
298.5611978
300.0004127
297.7430739
297.029622
297.9946565
298.5522441
297.9137285
298.5014429
298.4274338
298.8147469
298.2880791
297.0643787
298.0652045
297.918014
298.2680118
297.8844044
297.9368801
297.0915833
296.4329288
296.7527528
297.1776461
297.096539
295.5692254
295.5882308
295.8853404
297.0829487
297.3384151
297.6589231
296.6764029
297.4146607
297.2504369
298.0189542
296.4513395
295.715794
295.8253157
294.5788033
295.7028313
297.7511743
298.7519749
297.8206822
297.4717236
296.3037873
297.4801724
297.7839862
296.5987668
296.6028113
296.1618662
294.746205
295.0249332
294.2757201
294.3772312
294.9217757
295.771393
295.1070597
296.2071474
296.7849597
295.8470074
296.9463626
296.5512536
295.5305596
296.0634892
297.2308378
297.2081406
295.6866771
295.8030671
295.7381664
295.2601296
296.2638179
296.8728929
297.6750576
300.0507965
300.1977406
300.1834218
300.1737198
299.4460494
297.5150953
298.1080257
297.9126168
297.7435451
298.4346325
297.5915523
297.5523892
298.3531746
299.1231177
298.060384
298.2195481
298.8949961
300.0933462
299.177373
299.3747668
298.9195174
301.7469991
302.3147411
301.8573815
301.4292087
300.4451707
298.1757541
298.3815207
297.6495539
298.7831147
299.0143687
297.9396248
298.9594078
298.3715959
299.2756666
299.4735289
300.3786462
300.507246
300.4714469
299.280247
299.639831
298.776256
298.3128446
297.8474992
298.1769218
298.9317537
300.1249611
299.8136695
299.6676685
297.6111335
297.5781079
300.3105619
302.0776151
301.2262695
301.3045075
300.1414188
299.6133437
300.7618137
301.6436007
302.5160503
301.6928658
298.715832
298.566466
298.7226734
299.1502221
299.8622668
299.9580575
299.6548081
300.2908209
299.842637
300.8998272
301.5694517
301.1347177
300.674001
300.7791286
301.0235862
300.5935849
299.9834418
299.3393312
298.1955846
299.4264939
300.0246799
298.2182453
298.8243366
299.33698
297.9401054
299.6034978
299.6743222
300.2123575
302.0862602
302.5271318
301.1451766
300.604181
300.9959406
300.9138834
300.4877601
299.6569175
300.2211844
301.2505257
301.2244805
301.5732373
301.3223856
300.7916148
301.3063499
300.2832205
298.3877178
299.0789437
299.8459124
300.6413769
299.8873753
299.8971351
299.5646139
296.3081871
296.4241083
296.1479635
295.7153715
297.0920675
297.1089249
298.2866088
298.025019
300.0176
298.9490012
298.692778
298.6339906
299.0414679
299.7589092
299.0158574
298.6864895
297.6880777
296.9479803
297.2173546
297.6657469
300.0366144
301.2100342
300.5099073
299.5160578
299.6845261
299.029037
298.506747
298.0373206
299.335206
300.1794605
298.0495539
297.6873436
297.3623561
298.3692076
298.2488533
298.7066465
299.7989647
301.1813865
300.7684451
300.9286727
299.2634326
296.9965696
298.8170723
298.9783024
298.9095753
299.2784779
300.7626419
300.4015435
300.1561101
299.3451764
299.4800195
298.8172
300.0128946
300.2578474
300.4082351
299.4416112
297.5281096
296.2251101
296.8595397
297.5902333
300.0886073
300.1798971
299.8810393
300.9406568
300.8851195
300.147497
298.973876
298.8724125
297.9626862
299.0733288
299.2105666
298.7962853
298.7973872
297.7348056
298.328071
297.5876277
297.9964448
299.0711292
300.2826449
300.2686865
297.5436552
299.1721901
300.2734349
299.4929647
300.3915886
300.0850228
299.7251136
298.5014297
297.7396442
298.5107175
300.4754367
300.214171
299.779607
298.9429299
297.9055475
297.260656
296.0834483
296.050566
296.0887343
297.111878
296.281514
294.7640609
295.2522316
295.5583646
296.6102133
298.4238071
297.7485587
296.7547558
297.6091609
297.2230366
298.0915524
297.932156
297.7470787
298.3553701
298.6641481
298.2555397
298.6412376
299.6481444
298.6494367
297.3674538
299.8673088
299.45507
299.2584205
298.5945087
297.7242365
297.9050749
298.3552724
298.7382137
297.6504112
297.5602982
298.1376706
297.6589679
298.0786693
297.7347228
297.5082789
298.1712897
299.2340224
297.7050386
299.0341893
298.28402
299.3539693
299.888491
299.7234912
300.5608062
300.4455482
299.7461809
299.2497444
299.8566301
299.3356287
299.2023735
298.2461266
298.4194667
299.4323912
298.4990814
298.0387662
297.6124883
298.8792858
297.7450505
298.5929283
299.0906749
297.3082486
298.9059206
299.3680645
298.7739619
298.7361314
299.5912478
299.6695747
299.0369405
298.0469298
297.6877602
299.7289968
300.8330154
299.5378996
299.7080829
299.0592019
299.706042
298.9940037
298.3062216
297.5918018
297.759557
299.1843704
298.9802955
299.8515054
299.9728031
300.3480713
300.3091151
299.3760322
299.8796919
299.8565203
299.8005406
297.2297765
297.8522982
297.6849879
297.6098557
299.3248235
299.6370119
298.8787551
300.5924545
300.3087909
299.9682304
300.0959226
300.6371128
299.7165527
299.9217561
298.745364
297.7427161
298.4486807
298.6019074
298.485546
297.7955676
298.3044393
298.5674212
297.6622344
299.1485961
298.4383575
298.4998947
299.4159067
299.8301452
299.2570055
299.7696653
297.6683356
296.8002436
297.6335955
298.6869351
299.3094662
299.7992152
300.005351
299.8190745
300.4696533
299.8338442
300.4494475
300.2280581
300.1316152
299.686065
301.1561292
302.2095546
301.1216971
299.9558475
300.784677
299.2837946
299.8890018
300.9654111
299.9670837
298.7495469
298.0553944
298.2906814
297.95469
297.9471918
299.0071349
299.0429875
299.8687265
299.7710803
300.8242101
301.2596133
300.3890794
300.8567186
300.5113308
300.5552094
299.9956327
299.7419458
299.4538836
301.0114961
301.022177
302.0071823
301.6759467
300.3975478
301.3887416
299.8816844
298.9644195
298.2182801
299.5479844
300.8832003
300.1131754
300.8485708
301.2904834
300.5173592
300.1561923
300.4181983
301.3828418
299.953753
299.2762653
298.8338319
299.6085491
301.4394994
301.4336534
302.4247906
301.8300477
300.4200436
300.7468555
301.2963616
301.394515
299.8668769
299.0195709
299.1049677
299.7279134
300.0952393
300.4873505
299.1640671
299.2215533
299.215922
299.8640509
300.0039365
299.8150541
298.1583724
298.8572196
298.976748
300.5181451
301.5544253
301.0344991
300.1991782
299.451703
299.0823592
299.7224446
299.3312288
299.0853167
299.0398229
299.7888911
299.9078037
299.5854292
300.5683959
297.8062518
297.6487965
299.5217859
300.3596668
300.1652805
300.5037272
299.4201569
298.6058562
298.6021977
298.4416942
300.165257
300.6764383
300.9505773
300.7439487
299.879914
301.6911478
299.7407921
298.3002
297.30223
298.0418827
300.6195482
301.2564187
300.3918577
298.6181211
298.0814592
296.0611125
298.2061322
298.4761842
296.9828878
298.0933532
298.5261947
298.2170324
297.2158194
297.0909356
298.4701486
299.0308844
300.1080518
299.2135775
300.7544976
300.0567129
298.6819077
297.7625854
298.8534518
298.9831201
300.3700838
300.2258341
300.8294516
301.9811645
302.1716065
300.3845772
299.5326754
299.1038092
299.8082725
299.1644302
299.7963926
298.2772768
298.0836249
299.4468932
301.1540913
300.4131002
298.2576675
299.1896656
298.3033073
298.4202313
298.9555356
298.5768574
298.0835599
298.2921607
299.083435
299.1398323
298.6304316
298.6496285
298.0936894
299.1198558
299.0051428
298.8565517
299.5248656
298.7017729
297.5643082
296.9102395
299.0694379
299.7278627
300.7774124
300.3696738
299.4760871
299.3255688
298.9197231
299.3778945
301.0055235
299.6881103
296.962343
296.8708597
296.5544607
298.4993459
299.4572564
299.8951514
299.5093384
298.3716523
298.7443541
299.5366056
297.8490673
298.180446
296.8697964
298.0566314
299.2816037
298.5258487
299.1353115
298.1305147
298.3150745
299.1903768
299.9884835
300.142081
300.5064415
298.9309017
300.0032386
298.2556014
297.0942572
296.7316232
297.3116998
297.2465664
297.3422951
298.5347284
297.9442233
299.2881523
300.0353997
301.5066393
299.8494769
299.3981244
299.6341248
298.4147367
298.0960418
296.3226059
295.244791
296.8664458
295.8984996
295.9075435
296.0132642
296.6019123
296.1635918
297.6799287
298.7038317
299.4459498
298.771783
298.1303627
298.8423949
299.5513061
299.5142162
298.6833798
298.2939938
298.5199466
297.8455894
299.6690002
299.7977787
299.6461229
299.1927042
299.0978312
298.8549495
298.762515
299.3716374
298.4250719
298.5723388
299.0561787
298.9244149
299.0439367
298.9458648
297.841283
298.9478886
299.1281615
299.4056972
299.6587957
299.7046788
298.4559481
299.0745735
299.4140951
297.9325413
297.74468
298.6334637
298.7838921
298.784717
298.4621672
299.7688019
300.4416446
298.6837524
297.8485806
299.4453849
300.4456754
301.0422603
300.8666151
301.1253899
301.5777421
302.8301863
302.1369928
301.210234
300.1778417
300.1054877
298.9778744
298.9606229
299.0504319
298.5962402
298.1319484
298.7725849
298.7804427
299.5165128
300.2314316
300.8289579
300.7099074
300.2150278
299.0956998
298.1733876
299.1176823
298.8463502
299.579393
300.3381566
299.4034786
299.5433474
298.5542607
299.2644249
300.0074482
298.9783548
298.9070025
301.4162104
301.9787204
301.8557654
301.9173519
300.6133409
300.0150624
299.5415426
299.2499945
298.4770591
299.3818819
299.5461432
299.7935564
299.423831
300.8120845
299.6438569
300.5311648
301.2682326
300.4315963
299.4593175
300.1958914
300.4171872
298.7724768
298.024353
298.9193222
300.2717558
301.2729459
302.2583444
301.1891737
300.8726551
298.7030638
299.0931196
299.7618449
298.7509366
298.0409629
299.0589269
297.482638
298.1457661
298.278918
299.4435825
300.3270703
301.7814838
301.4969944
300.5288437
300.4073069
300.4383348
299.2445942
299.8178295
299.4398859
301.4665809
300.2602111
298.7197189
298.755838
299.2763482
299.8963593
301.0657625
300.1220532
299.4288933
300.141664
300.8221334
301.2739824
298.7715277
300.8424645
300.834046
300.9000751
300.3454285
299.3000956
299.9743592
301.1289232
301.33647
301.0890165
302.1104187
303.406784
301.8754891
300.9588287
299.155911
298.5494634
299.2542473
299.5640782
298.2823061
297.5513686
297.24963
297.0853149
298.6286746
299.3708372
300.7126274
301.1606085
300.6428714
300.1716312
299.9120282
299.9628253
299.6196723
299.707364
298.6195575
299.6680018
298.8325266
297.7326526
298.6554652
297.0502107
298.1266506
296.6826123
301.514625
301.0536158
300.3741584
300.9947097
300.1207785
298.7743179
298.4097446
298.5019706
298.9627329
298.3577572
298.1748267
299.4013999
299.7880028
300.1186318
299.6877556
298.3157682
298.3502205
300.6898205
302.6193266
303.1991293
299.3902036
298.9977543
298.7261044
300.0563006
300.1866447
301.5005269
299.7491528
298.772735
299.4908732
300.5581079
300.8954339
299.7767764
301.2881708
301.5967401
300.9770264
302.2313037
302.0272023
303.6645911
301.8438012
300.2798412
303.1388679
302.9674573
303.9977674
302.5848922
301.6033332
301.5351293
302.0176554
301.1167321
302.0690281
301.9788541
301.1232756
300.3018548
301.8577753
300.6965035
299.7551384
300.9608531
300.9832341
300.0213405
301.2416554
301.0302045
300.8606285
300.9055773
299.4658925
300.4895949
299.7419191
299.0265807
298.3212916
298.9160279
298.4810726
298.8723199
300.3985924
300.6843623
300.7764872
299.0486281
298.9549225
299.8891147
299.9420018
300.4595014
300.9849823
300.1877197
302.2816715
300.1913333
298.6699074
298.567649
299.5549616
299.1535014
298.8737577
298.1839823
297.600263
297.297958
299.0513477
298.7331894
299.7885276
299.3357251
299.5241533
298.7640577
297.86827
300.4310212
300.8194078
302.6276821
297.7894151
299.1558305
299.1902359
299.0843704
297.8558849
297.4620128
298.1162859
298.2290643
298.5569874
298.1473563
298.2832555
298.6706854
298.1222685
298.2450874
298.46352
297.9878538
298.9867687
298.7384489
298.6364982
298.6936105
298.2180288
297.8592481
297.8365755
298.3489398
296.7222678
298.3345537
299.0267424
297.9304914
296.9524359
297.1870995
297.8732797
297.5972927
299.3629956
298.3583645
300.145957
301.2732951
301.6247783
301.0900663
300.7014118
298.0889466
300.4693878
299.1952723
299.0887029
297.1367098
295.8439823
295.6442365
295.679107
297.3259054
298.7221449
299.6758559
299.856838
299.6845125
300.2723474
300.9512378
300.0978458
300.4243677
300.7595136
300.691227
299.5957984
299.927259
296.3748664
296.5771638
295.7317515
298.0301732
297.7120046
297.8061193
297.7808616
297.4255522
298.2235063
299.5850509
299.4729183
299.2143141
298.3891558
299.0627028
299.4695449
299.8583578
299.8041697
299.4464553
299.0960817
297.6485992
300.067911
298.1336487
298.7430952
297.8620145
298.3933912
298.0721309
298.071857
298.4914079
298.9717856
299.2216437
297.8409111
297.2644586
298.4397682
298.0510704
298.8033232
298.4253311
298.2722482
298.506843
300.2311822
301.3977611
300.0273123
300.2836183
301.4751188
300.1149515
298.7566187
299.2547673
300.1571012
300.036397
300.0717205
300.2080328
300.7671537
300.7790301
300.9029783
300.5068082
298.8069459
299.9316665
299.3170634
299.4418727
299.6055321
299.0634151
297.5978141
297.3581028
297.5945927
298.1917422
298.0581926
298.42129
298.8945329
299.1420245
298.1785538
299.0063043
299.4782055
299.889842
298.7574162
299.0152732
298.8564534
298.4007278
298.7557456
298.8864489
298.7683869
298.1596029
298.9302972
299.3285954
301.9242069
301.1461212
298.9656889
297.9293659
296.9791152
298.6704387
299.0063999
299.4593047
298.7859965
299.1738746
299.0441107
298.9838241
298.0402709
298.3983603
298.3210894
298.1292599
297.6229957
298.187581
300.537864
300.1680166
299.0056711
299.2412333
299.3655538
300.752419
300.4835227
299.6963543
298.9344295
298.589281
299.2712889
299.7165215
299.9123877
301.6590679
302.2613382
302.4617647
303.0859685
301.7541929
301.8306113
301.1167736
299.3544462
298.0322779
298.8815478
299.2629635
299.776447
299.7538182
299.7943321
300.5371458
300.9026831
300.5343204
299.9525686
299.3546781
300.6255197
303.4343498
303.6632456
303.492573
302.1207477
301.7176921
301.6362409
300.7482561
298.5735634
298.4823187
298.8782698
299.0762857
298.205834
299.58961
299.835529
299.7587508
299.8884985
300.336157
300.7999998
299.4535006
298.4849159
298.1190213
298.7658056
297.5173111
297.1453342
297.994576
298.5667078
297.6757359
300.4470435
300.4983855
299.4820901
298.3811081
297.8127984
298.6462811
300.0377956
299.5158951
298.5726436
298.0004305
298.3209231
298.025294
298.0498442
297.3422556
298.1131869
298.7459485
299.5208928
300.3728684
299.8656304
300.25674
301.7329331
301.3817888
300.7293848
301.7635776
302.5479789
302.5080997
303.5118807
303.6652687
303.8984133
302.2288233
301.9627909
302.9181629
302.7093659
302.8103467
300.790705
300.8053535
300.4564776
300.5774616
300.6266968
300.6010687
300.0774802
300.0480667
298.7109339
299.7414457
301.1175365
302.3430353
302.446701
302.7714879
301.8570041
302.8838727
300.419023
299.6168984
300.5626489
301.3280406
302.4037417
301.2329987
300.4233654
300.7317053
301.5084778
301.3792281
299.9502925
301.4989622
301.4387348
301.104362
301.5633019
302.080341
301.2994001
300.3666542
299.6728027
300.71392
301.8561097
302.0130658
300.294006
299.717004
299.3008136
299.5639334
300.0428843
300.14127
300.4265707
299.0743764
298.8968675
299.8878893
299.7580722
298.8945625
297.0385044
297.2191593
297.2414557
297.8676964
298.9410833
299.1177196
300.0712712
298.6996371
298.4334762
299.9895503
298.7952301
298.6776857
298.4724247
298.0721445
297.3697471
296.9404057
297.9145193
296.8661634
296.5410356
296.8478409
298.849096
299.1319275
299.1578172
300.4006213
298.5428677
298.1458464
298.302972
298.1890131
298.3693263
298.7402334
298.5553784
297.3170234
297.3173685
296.7374231
297.4815287
298.0543905
296.2300858
297.9159989
298.5944324
299.8850319
299.7871668
299.5444525
299.716748
299.5824073
299.9739278
299.2332193
298.4028888
298.3462932
298.0553834
297.8926067
298.11764
298.515645
298.5435942
297.0459373
296.6234815
297.0155827
297.2807867
296.8469547
296.7692461
295.8098618
296.8713157
298.3625506
298.6643184
298.3573223
297.7164513
298.8013294
298.1294768
299.6688214
298.3563855
296.192765
295.8769678
295.5094947
296.5813761
297.1816888
298.7225193
298.2192427
298.9160458
299.5780364
299.2955619
300.2709807
301.1008091
299.7890462
300.4550082
300.6843803
298.324849
298.0855827
297.3705158
297.4524183
296.9944833
297.4808811
298.1396685
297.7846043
296.1121208
295.8652532
295.8481164
297.0464786
299.2646705
299.813805
299.9591569
297.9565522
299.2766824
299.6579829
299.3725409
298.2596409
297.9901849
299.1670385
299.5580235
299.2336347
299.875077
300.5414109
300.040018
300.6134669
300.6463283
301.2054142
300.596517
300.156766
297.4660302
297.6366577
298.6187039
297.9168574
297.3154233
297.7047296
299.7570023
299.8375835
299.9043729
299.8755596
299.4897511
299.5530993
297.6479132
297.9064486
297.6802321
297.2325886
297.84042
298.0137031
297.7103875
297.1782142
296.8565991
296.4111975
296.5855979
297.8081185
297.7556837
299.7300524
298.7318674
297.4656796
298.349118
297.2779275
299.1814481
298.9036488
298.7987725
298.0223634
298.4120552
297.2725487
295.4833275
295.4927098
297.0303048
297.0062015
298.7379805
298.1198952
297.910392
297.1725023
297.1785013
297.3481626
297.7221349
298.0523693
297.5570883
297.8009893
298.3047376
298.4928231
299.3914497
299.349198
298.4014179
298.2792862
297.7651785
299.0951327
299.6961745
299.094346
299.3226382
301.2398164
301.1480796
300.7634308
301.3783718
302.3634813
301.4148379
301.1186467
298.6413155
299.0938521
299.256477
299.2054707
298.00522
297.6015863
298.6343646
298.5181614
300.0199221
299.653678
299.5802654
299.9180903
302.9785095
301.1304507
299.9756487
298.0852949
297.2820274
298.2688534
298.3853497
299.4967459
300.2947239
302.1384893
302.0221886
302.0705043
300.0950436
299.7889326
299.903921
300.2762562
299.4003637
299.9302961
300.0914889
300.6028291
301.4009101
300.3527024
300.892512
301.7637707
301.7074481
300.4952261
300.429488
300.2004938
300.8976529
299.8342956
299.3520119
299.4585217
300.5226728
298.9318635
300.5430746
302.0491064
301.9218573
303.0406773
301.5487767
301.6539224
299.3481191
299.4128238
300.1392486
299.126453
299.3384796
299.8283344
298.8888628
298.6062477
297.3749326
297.3887644
296.4613242
297.4435221
299.6531847
300.1888235
300.9297291
300.7790005
300.2736992
299.8799745
299.189191
299.2603064
297.4704925
297.0840589
298.1626801
299.4695371
298.9691807
299.0844053
299.7333289
300.6028059
300.3100242
300.9879685
301.653225
301.1650597
299.6074864
299.1205943
299.7584219
299.9488597
299.9425615
299.3610062
298.0077912
297.7216438
298.7920596
300.2853926
300.1276516
301.1207465
301.3368853
300.2433985
300.4392247
300.4659189
301.4873399
300.0567301
300.2889506
300.6892503
301.4260692
301.2970747
300.7770691
301.2880676
301.1997544
300.4821141
300.950605
300.2760418
300.0615424
299.3131384
299.5754064
299.9368046
298.4586948
298.6666078
299.1346594
298.3856044
297.9258664
298.6086255
299.3228271
300.1231418
299.994335
300.0749822
300.3186347
300.487683
300.1113663
300.5528934
300.5618881
300.4847653
297.3504871
297.1179129
296.9813211
297.7923331
298.9471675
298.5701989
298.9051099
299.1403932
300.5117319
300.7558832
299.6314432
298.8557404
297.9437428
297.1678547
297.7235644
298.8991906
298.0228764
299.0315406
299.5818421
299.4532879
298.643676
299.2977243
298.8912456
298.9310522
299.078858
298.8188794
296.8849365
297.5393056
296.5986699
295.5972972
296.1345013
297.31344
298.0675757
299.0837012
298.9228105
299.2325472
300.8628495
301.1457145
300.4814118
299.6767023
299.130407
298.9623194
298.9825982
297.2106378
295.5710258
295.8797323
297.8037886
297.2720069
297.2942139
297.6450103
299.590476
298.3471151
298.5812138
298.9490447
298.847759
298.2916515
297.2969598
298.3253126
297.0804324
297.6117107
297.7387995
296.5847429
297.9264783
298.5168357
298.9773955
299.8885019
298.1931883
297.7937165
297.9627543
297.9544512
297.819115
296.9842444
297.0532251
297.0269013
297.9860019
297.3645493
297.9756987
297.6767939
297.2226937
298.4612563
298.6567562
299.4069031
298.5141857
297.8368385
296.8627441
297.5080061
296.6016442
298.8299775
297.9866584
297.5325548
296.7690066
297.2833549
296.9075087
295.88896
297.8200185
297.7005238
297.4204427
297.3419459
297.1753676
297.1969326
299.4648656
298.6022793
298.837832
300.1855899
298.9943881
297.3673179
298.0726517
297.7459449
299.2941038
299.2063098
300.172758
299.4676902
298.7395484
298.8605222
298.5031036
297.4856605
297.0695287
297.627473
299.6203443
299.6012238
299.5486679
299.6656337
299.0918894
298.0124232
299.2611165
298.0632941
297.2821836
297.0575469
297.2415524
297.0259882
296.8214987
297.295253
297.5757847
297.491052
298.0483725
299.6957763
300.5408728
297.9769012
298.8262131
299.3904692
300.6707085
299.7956045
300.4832411
300.7171318
300.300881
300.74056
300.4988854
299.6045649
299.6550024
299.0494311
297.8034343
297.9075871
297.3686395
298.0304729
298.2917528
299.5800723
300.8023742
300.3388297
300.770591
301.3945455
301.5191788
301.836375
300.8495447
300.6532669
299.7203725
298.8557907
297.4163074
298.5608941
298.4907778
297.2035688
298.6802783
299.4324217
299.449104
299.5779621
300.2017622
300.4422137
301.5753627
302.3942413
300.7888477
301.482517
298.4491772
298.6311024
299.1698711
298.963217
297.9967341
298.3143255
298.2915686
297.3851282
299.4915284
299.9613356
299.0986657
299.7059147
300.6122746
300.0569057
300.7212398
301.2553171
300.4268685
300.2532447
299.804478
298.736571
299.8338356
300.4531249
300.2329661
300.5468226
300.9607178
300.2104027
299.9616139
300.0144044
301.0680874
300.4235828
301.5062098
300.2980889
301.0157475
301.3162006
300.4964607
299.8932317
299.5160642
299.6322986
299.4340836
300.210826
302.736246
302.7111449
303.3924161
302.3768402
302.6658323
302.6193128
302.4264722
301.8595034
301.7577184
302.2681927
301.3283099
300.979935
300.2280857
298.948617
299.2258624
299.6962467
300.0719524
299.6934653
300.1977952
301.2799629
299.1373983
298.8379208
298.7866524
299.7242654
299.7990317
299.201785
299.0948948
298.9489623
299.5489615
298.5480013
300.0009804
299.7101483
298.247445
299.1294302
298.2902206
297.5109612
297.5076163
297.7051169
297.4328163
298.1219058
298.5760741
298.8349098
298.8725883
297.9919742
298.4299085
298.6096141
298.3909009
297.9067204
297.8990398
299.4676203
300.1707746
300.1263689
298.3370386
299.4402991
299.4507723
300.7426404
300.8931242
301.9038407
301.5265242
300.0158998
301.7126593
301.4607533
300.9062979
299.5291508
300.5154058
299.300752
300.0451261
300.2962686
300.8318598
300.6430487
299.5302324
299.4653806
298.9307088
299.0659691
300.7202539
300.273022
300.9469485
301.1314643
299.8980939
301.5580996
300.0400556
301.9687163
300.0494114
299.1644477
298.6159891
298.2883417
297.5886043
297.8989707
297.5992409
297.5826745
297.4698285
297.6888705
298.3191849
298.4782518
298.4336856
298.3714506
298.719304
298.3000449
298.259929
297.6610316
296.817276
297.7990832
297.6574904
297.8915746
298.5085652
299.2461769
298.9153858
300.5317933
299.8722178
299.8376359
299.3342268
298.8654357
300.2440774
299.6055872
299.9817039
299.246286
299.1284771
297.6484661
297.6774162
296.752158
300.2264199
300.0579483
299.8351153
299.4213641
299.953076
298.2934849
298.8602931
298.0040598
297.8148384
297.5077946
297.6032848
298.6843668
299.6611936
299.6372317
298.3218042
298.4236086
297.9109105
297.3473378
299.5949403
301.3005151
299.4534647
299.298917
299.4166277
300.3163011
298.6886578
299.1409012
298.7324283
299.8531739
299.3358833
300.2656693
298.9506794
298.4660324
298.6249161
298.4374469
298.7561537
298.3936004
299.2378384
299.9719133
299.8057969
300.4669691
301.5923687
301.0403738
299.1400424
298.1876427
299.0451638
299.0220552
299.015965
298.4102315
298.2771539
298.4453119
300.0367988
300.4330306
299.0227085
298.6394824
298.0021973
298.3636069
299.554206
298.6244075
298.5451407
300.8274751
297.5053696
297.930689
299.1569545
299.167221
299.6781124
299.7879315
299.5864982
298.7948881
298.8163224
298.6504456
297.2854246
297.1112691
299.851893
300.9717162
300.3439285
299.0274286
298.6420571
298.2546162
297.8665404
299.3988999
300.0501764
298.9399259
298.595204
297.748846
297.1970267
297.314607
298.3511886
298.8041369
299.5785435
298.5286642
300.0722766
301.430031
300.1475875
300.7813758
301.1922626
302.5676506
303.408623
303.4689418
301.8699826
301.276682
297.7476184
297.447371
297.5133671
298.2267092
299.0581031
299.9218315
301.1465108
300.9139576
300.6736272
300.9521927
300.9177475
300.8092548
301.5478655
300.852424
298.9109354
299.1281477
298.2817201
298.7339263
297.5228648
296.8011558
301.5747474
300.7022956
300.6526582
299.8841102
299.4528325
298.5792717
298.3519932
297.9930817
297.6168359
297.3580658
298.648363
298.8001501
300.2003128
300.4764506
300.2818523
298.5640013
298.5648519
298.8996238
298.9628161
299.3426997
298.9975979
299.0316622
300.1614781
300.1825461
301.043394
300.7443902
300.1082761
300.3627915
299.2682021
299.8703912
298.9419282
298.4501542
298.8380079
298.5671935
298.6510429
300.6085475
300.1342395
300.1039727
300.9172793
299.7993734
299.6800013
298.9987544
299.7985037
299.2775485
299.4920606
299.0474235
298.8030551
298.3494271
299.989133
299.503317
299.2950519
300.041177
300.3937258
301.0526147
301.1378166
300.3790537
298.7434444
299.0316054
298.0685765
298.722471
300.1008404
299.8308069
299.7718275
299.3345003
300.3361721
301.4303693
303.3386829
303.0081454
301.4236815
301.5321211
300.9868306
301.6644234
300.4491278
298.5932389
298.7952501
298.1487708
299.1762678
299.5952857
299.9430417
299.5213702
300.343615
301.0985839
301.2614096
300.1598334
301.2258482
301.5734121
301.4983437
300.5022645
300.8763042
300.1161881
299.9025419
299.4650535
300.0259913
299.6778336
299.8675616
300.1681572
299.2962446
299.0404756
299.3265381
300.0123247
297.4267228
298.2773694
298.4266523
299.2616133
298.7757924
298.9762783
298.6252323
299.9129656
300.1285282
300.3463048
300.2737301
300.6158386
300.1270064
300.6506808
299.664164
298.2386732
299.4936768
298.7506544
300.2951962
298.976831
302.1531624
301.4338351
300.9165986
301.1202039
301.1964664
300.2571167
300.3711381
300.3957174
299.3109971
299.168662
298.0735532
298.1338317
299.3264796
298.917612
298.9905418
297.5760042
298.6826213
298.7514126
299.7654313
300.8419014
301.2926199
301.4505421
302.1309896
301.0254266
300.0592196
298.3079529
298.0403956
298.8972733
298.8546821
298.6861052
300.8123593
301.10069
300.709327
300.9077214
299.4253902
299.9490091
300.6399077
300.3894968
301.0489759
299.9413597
299.0822581
297.6831475
297.1658937
298.1631861
299.1736323
300.6971225
299.3592515
298.938055
298.4659903
297.9180713
299.4090864
300.50817
300.0939514
300.7721118
301.8018514
300.0899446
299.2688805
298.9809686
299.7485233
300.7325336
300.4458128
300.6380598
300.8846144
300.7960588
299.6075098
300.241371
298.7080232
298.9465109
297.6713061
297.840699
297.0630829
298.2944602
297.684831
298.2204616
299.5302386
300.5111619
300.0407194
299.9958137
299.5735771
298.7531589
298.9427471
299.6817149
298.3131728
298.6456228
299.4338853
298.1814171
299.0987031
298.2909942
298.6334517
298.0646824
298.6379164
298.1726015
297.7454638
298.2392548
296.6577405
297.4917419
297.8200696
297.0423044
297.3350001
299.1051884
296.5996416
297.3838957
298.6883276
299.0253092
299.5565371
297.9123529
297.4522863
298.228584
297.9929305
298.1228469
298.2290168
298.0398705
298.0936905
297.2044807
298.1115745
298.1263751
297.8282547
298.9315665
299.2377634
297.5238056
297.7989394
297.9519509
299.0417742
297.9475038
298.1876744
300.3297531
300.4961484
299.1048949
299.8355098
298.90182
297.0542263
297.6268615
297.4652155
299.8853646
299.2004231
300.1481997
299.9407635
298.8518336
297.9056988
297.7068231
298.3571422
298.5384225
298.370137
299.1027166
299.5327296
299.5061274
299.2936773
298.5772291
297.6928725
297.7611448
298.7260807
298.8001415
299.0698428
299.5412852
299.4787349
298.592273
298.6694608
299.6501108
298.9720886
298.490162
297.6364055
298.4878177
298.8812231
299.4256387
298.9558035
297.3538156
296.9497248
297.3816487
297.9743658
299.1125975
299.7390081
298.6840466
299.81878
299.4412347
300.4062589
301.049498
300.7622587
300.2354867
300.5126711
297.9167372
301.4166234
300.6645633
299.9522173
299.8918532
298.3427472
297.9117651
297.9648248
298.5968616
297.5319666
297.7608775
298.5307049
300.0627989
299.0587621
299.0745633
298.8416115
299.3208636
299.9465026
298.4406028
298.9538201
301.2155003
298.8969421
298.5490277
298.6614262
298.3051896
298.1694532
298.4548301
298.4474897
299.4700752
301.2537101
301.3137316
301.1598279
299.2710749
297.7933816
298.1138509
298.1690468
297.0154767
297.3000197
298.4702776
298.615557
298.6014926
298.687444
298.6580488
298.376652
299.5612198
301.2634495
301.2349572
301.6089874
302.195849
299.9718625
299.9175229
299.4078594
299.7098364
297.8105755
296.8864371
297.1615506
297.8054091
299.8595217
299.6007557
299.5075916
299.6624918
299.786334
301.1977293
299.6256923
299.5110651
298.2939652
298.8108754
298.4184913
297.783264
297.9306021
299.0659698
298.2933947
298.4965325
299.5604239
300.5285015
300.2346341
299.4252446
298.4244814
298.3467154
298.2496827
298.9556903
296.6004067
297.4937428
297.9566713
298.7061553
298.400829
298.1429874
297.5555529
297.0477699
296.8953007
297.7334962
297.8388204
298.4734384
298.9325529
296.5564983
297.8121429
297.847363
297.7096735
299.0692392
298.2528377
299.0877753
297.8710898
296.9423312
297.8072261
299.8882101
298.9157697
298.7433202
298.8977707
298.312031
298.8971503
299.4239221
298.6310523
297.6828093
299.122416
299.3974194
299.9219097
301.419112
300.6859799
298.9244795
298.1493495
297.8060427
300.6888125
300.8611215
299.59917
300.4402909
299.5191921
298.8542494
298.6941253
300.6092098
300.2065851
300.7328464
300.6969968
299.7282662
298.8805461
297.4772291
299.4029376
300.2142948
299.3416979
300.0982242
301.0090454
300.7607129
299.1711081
299.1434761
300.1989224
299.7574605
300.3948171
301.052135
300.1291481
300.4304964
300.4501461
300.6754378
300.3987975
300.0045381
300.4286045
300.1231476
298.9223313
299.7703402
299.8536744
300.1392543
299.6984207
300.2483972
297.8114115
297.3593011
297.627796
298.5574294
299.3827503
298.6177005
299.2753492
299.4950789
297.8044364
297.9784115
297.5953852
298.2899673
300.1448941
300.697826
301.2145637
301.4172897
301.4289618
299.7340636
300.1272662
298.0583771
298.5054834
298.082742
297.9048484
298.0885193
297.3575243
296.9674882
296.4135596
296.9641977
298.0230156
300.5323929
300.1977831
299.1659382
299.4529051
299.6649364
299.6091545
300.3369353
300.4757073
301.7562573
301.2418658
299.525367
296.593749
297.9294315
298.2767966
298.2412759
298.3883544
299.0190738
299.7374274
299.6125928
298.5319301
297.9982426
297.3370871
297.6275043
297.4005396
298.7400054
299.4642498
299.5624022
299.0163829
298.4508941
298.370531
298.3628243
296.8086902
297.3720535
298.0478766
298.4086478
298.198486
298.6519689
299.900837
301.895677
301.2301125
301.6821489
300.2755182
301.4780097
299.5306006
299.0778282
299.2246041
299.0601425
299.018782
299.833052
298.4721178
297.5496852
299.7206388
299.8291882
299.4655158
300.052537
299.2057769
300.9342299
300.2541191
299.1740194
298.1996493
298.874377
299.3674554
298.9609539
298.1808202
298.922033
297.4035203
297.5847077
296.773828
296.3434338
297.5785426
299.3448658
298.5208253
298.7030473
300.2417373
299.7190281
300.7881863
299.5664222
299.5469032
299.0953853
298.0882859
299.7949273
299.4935982
299.9919629
300.3154417
299.0499169
299.1612321
298.6107422
296.0847414
296.4235815
298.2328621
297.5680856
298.8448222
300.0672505
299.3346908
300.1272549
300.4087711
298.9653525
300.1459413
300.7287109
301.1238405
300.2631733
301.2279086
300.4365366
300.1099145
297.317787
296.2337359
296.5041798
296.9124766
297.8446337
296.7870785
298.2987458
297.8214699
297.7366718
298.309644
297.5783515
298.6795316
299.4085745
299.0780784
297.8393459
297.9332098
298.031841
298.5357461
299.4274588
299.8508817
299.6474968
298.8737911
298.6388847
299.7541171
299.5709718
299.2417145
298.4752003
298.6911678
299.1392156
298.2023646
298.1601962
298.5816262
298.395288
298.8063269
297.9345346
297.0971762
297.0252339
296.7192836
296.362833
296.2324569
297.7973274
298.5755912
297.5911151
297.897328
298.3683454
299.2904981
299.5271809
295.6041827
296.0309684
298.5645377
299.9717699
299.8939885
300.4909541
300.0446064
299.031259
298.6829658
298.3455224
299.7275345
298.8385405
299.147472
298.6414376
297.1121553
297.7921605
297.1369803
297.4734955
296.9562823
295.9184463
297.2159912
298.618314
299.3572258
300.2367406
298.4749224
299.2626288
299.9535856
299.5020532
299.7465849
300.0710087
299.3620065
299.7410836
300.242289
299.6191397
299.3976759
299.4750985
299.3569332
298.56634
298.8600269
297.5472533
299.3974201
299.1345497
298.6499987
299.3012829
300.5178398
299.7257228
299.0835023
298.996544
298.2782595
296.696482
296.1740785
296.3242261
296.3572656
298.2012172
297.119174
297.2053015
298.7763623
297.9723006
298.3837363
299.0383583
301.0991053
301.4743399
299.977212
299.9166128
299.4138973
298.6762072
298.2797067
297.9706415
297.5134885
297.8594234
297.5607399
298.4015995
297.9227303
298.9402882
298.7655834
299.8538387
298.5246644
298.1880132
300.9429875
299.7417533
298.7411193
298.3683557
299.876449
299.0321295
298.9858966
299.0269604
299.1979806
298.4326193
297.9588776
297.7796225
298.8284305
298.3677611
298.157066
299.5828115
298.7550915
298.9950204
298.9794113
299.3663026
297.7060006
299.5138966
297.4082518
297.429369
297.110635
299.3682226
299.3426219
300.1298734
300.2084593
298.9704518
299.4467952
298.7198731
297.7768178
299.133834
299.277748
300.5384171
300.936721
298.5932931
297.745254
297.7562772
297.5479554
297.1535339
298.9646051
299.095445
298.6966222
299.3837501
298.1620272
297.6965658
298.7124746
297.7345822
298.5181097
300.1850858
300.1786066
300.5747924
300.4501953
300.1517832
299.4778069
300.3323611
301.1011748
301.488014
299.096462
298.935932
298.803547
298.0339754
297.4931587
298.1215481
301.0294528
301.7294021
300.7941745
302.2068965
302.8882202
300.8071648
300.3547157
299.6700063
299.5003171
299.1147003
299.5866518
298.8241337
297.6894689
297.1797175
298.0074198
297.8850952
302.7574505
302.1918025
302.075046
301.6972621
299.6517139
299.1250382
301.1663437
300.3809167
299.4664117
299.386209
299.0853902
299.7821659
299.9127882
300.4227724
299.4993703
298.6055788
299.1882539
301.2220141
300.356851
302.9113833
298.9884891
298.4920501
298.9467717
298.944482
299.325848
297.8373125
298.1325805
297.2904555
296.6862779
297.2539244
299.6389516
298.283633
298.4153845
299.9687636
300.0981523
300.0652763
298.3947603
298.7984632
297.8502749
298.5609689
298.1430056
299.4421012
299.3608864
299.7565951
300.7026443
299.3697622
298.7560865
298.5652511
298.8784412
300.0651143
301.1261829
301.9461728
300.3676636
299.0303407
298.04926
298.2267247
298.2432596
296.9752627
298.1719409
298.2984684
300.8936062
300.8333743
299.8480525
298.1586215
299.2672387
299.3558618
298.6450486
299.2922136
298.6767602
298.4651522
297.8149863
296.916735
297.5833889
297.7514114
297.968432
297.5283471
298.3811506
298.4733364
299.1555951
299.5988279
297.5253455
297.4540072
298.1471665
299.1579082
297.5972743
299.0145262
298.2980579
298.9110827
300.0525349
299.2598403
297.6724641
298.6431608
299.1053588
299.4950842
298.9974612
300.1383369
300.8334041
301.3212635
299.6353042
299.4614487
301.4257685
301.3726011
301.5727221
299.6718165
300.4146252
299.7670368
300.0851167
298.200651
298.7264652
299.1708503
298.3311125
298.8881105
297.7339613
299.1847701
299.7803411
299.9395704
298.9062965
298.9174389
298.8637388
300.7743068
300.223749
300.1079985
299.6857338
298.9332022
299.1984801
297.9582811
298.2240059
299.3903161
299.0173291
298.7631594
297.5119667
298.1856314
298.5527517
299.1090833
299.3976057
298.8412349
298.9140316
299.9406183
299.4554317
300.0349369
299.1194484
298.675978
299.1886831
298.8259195
300.4422858
301.0833667
301.7739199
301.7138984
300.9294813
300.9597213
300.9472931
299.3127338
297.3172811
297.2336826
295.2904364
297.6404506
298.3878073
298.6850621
297.755629
297.7562207
299.5847876
299.5373252
297.7157458
296.7865142
296.748661
296.0981417
297.3796401
297.9990462
299.1267458
298.3338816
298.3956853
300.2072889
300.117097
299.0893813
300.4877973
298.65818
299.129366
298.9823705
298.3688617
298.8181747
301.6353272
300.3994722
299.5181378
298.7602603
299.5835144
299.3036182
300.10209
299.2908925
298.7002367
298.5016355
299.9802723
300.0439566
299.2955612
299.5897763
300.6617184
300.2270147
300.6983685
300.7472464
301.3297789
302.1721927
297.9457358
297.3261399
298.0452087
298.173659
298.9336283
298.4235566
298.7536568
299.340436
299.3907301
298.9204561
299.197054
298.9526153
299.8556081
298.7754136
298.413784
297.787534
297.8406783
299.6440957
297.4018973
296.373071
296.8331238
296.7259145
297.1081712
297.5005965
296.5496459
296.8015491
296.4067785
297.6435167
297.8765349
297.9468762
297.1109564
297.5424393
296.909001
295.5471791
296.0117391
297.9155811
298.1269509
297.6617744
297.6345412
297.9697469
299.2405632
299.4336447
298.449372
297.120074
297.5480021
296.9908692
296.9664869
297.8967023
298.8164819
297.5928087
298.7017155
298.1413074
298.1710246
298.9094227
297.8883224
297.7391082
297.4575403
298.3782612
299.3570332
300.0568266
298.4641506
298.556642
299.0048935
299.0078147
298.8539508
298.9993188
298.4249042
298.9019936
299.4443415
299.6429923
299.8438189
299.1147688
298.622228
298.3007909
298.0802617
296.8877311
297.0471694
298.5847281
298.8023081
299.3199984
296.5651508
298.5725508
300.4944165
300.6529876
300.7052433
301.4464525
302.7790966
302.9817917
301.6204932
300.4893726
300.542032
298.8542719
299.8563221
298.4897574
299.1072706
297.3878478
296.001619
296.2078022
296.8754203
295.8417373
301.2351378
299.9694916
300.1262654
300.4580914
298.8168096
299.5060376
299.2669328
298.8668349
298.7390159
298.8031902
299.2727739
298.6127626
299.1234593
298.8848038
297.7753568
297.5560354
298.2099799
297.874241
298.3749285
300.5495237
297.2788733
297.4177785
297.7362396
297.1306356
298.6824773
298.9349934
299.1924148
300.1210046
300.3550643
300.159765
299.4954439
299.1980919
299.5518924
299.2301965
299.1766465
299.8527697
299.8595625
298.9007152
299.4151839
298.0024056
)
;

boundaryField
{
    xPeriodic_half0
    {
        type            cyclic;
    }
    xPeriodic_half1
    {
        type            cyclic;
    }
    yPeriodic_half0
    {
        type            cyclic;
    }
    yPeriodic_half1
    {
        type            cyclic;
    }
    zPeriodic_half0
    {
        type            cyclic;
    }
    zPeriodic_half1
    {
        type            cyclic;
    }
}


// ************************************************************************* //
