/*--------------------------------*- C++ -*----------------------------------*\
| =========                 |                                                 |
| \\      /  F ield         | OpenFOAM: The Open Source CFD Toolbox           |
|  \\    /   O peration     | Version:  v1706                                 |
|   \\  /    A nd           | Web:      www.OpenFOAM.com                      |
|    \\/     M anipulation  |                                                 |
\*---------------------------------------------------------------------------*/
FoamFile
{
    version     2.0;
    format      ascii;
    class       volScalarField;
    location    "0.01";
    object      translationalT_N2;
}
// * * * * * * * * * * * * * * * * * * * * * * * * * * * * * * * * * * * * * //

dimensions      [0 0 0 1 0 0 0];


internalField   nonuniform List<scalar> 
5120
(
300.291624
301.0936611
300.3465556
299.1590097
299.1710119
299.8084066
301.5497711
301.8240998
302.1334941
300.0996435
300.464633
301.175674
300.1645787
300.4586896
298.9010496
298.7585399
300.102775
300.0700521
299.9329241
299.7306905
300.590132
301.1269313
302.4029724
301.1502151
300.0413329
300.1783538
300.5636619
299.3782065
298.4686
300.0696434
299.5421632
301.3857599
300.7518603
301.9033867
300.5425804
298.7452034
296.8061135
297.6800942
298.7833217
300.345537
300.7538424
301.9905747
301.2464856
299.0669457
299.3255277
299.9453515
301.9305945
301.2425553
300.1100813
300.2429416
298.806321
298.9953377
299.9546853
300.4768147
301.1657032
300.9227536
300.7624078
300.8383572
301.9955306
300.681365
299.4245421
297.843795
297.9771448
299.0580188
299.6751533
299.0538033
300.4338083
299.434026
300.0281733
299.2110957
298.7635374
297.0419183
298.3143112
297.7084419
298.1503088
298.7360063
299.3091095
297.7385706
297.6159587
299.2405862
299.3265502
299.2128818
298.6331277
297.7694921
297.9902018
299.6555606
299.2821465
298.5033098
299.2182915
298.7337175
296.7214276
295.1771739
294.7155237
295.6328969
297.8672513
297.6739116
296.24438
296.8303644
296.9735787
298.7786868
299.1521484
300.0718909
299.8537566
298.784054
298.4850321
298.3223808
298.0938138
298.6056043
297.8631201
297.9675328
299.2354225
299.8132363
298.712684
296.9269824
295.805393
296.0569121
296.5208288
298.211669
296.7822706
296.0276835
299.8961821
299.2900728
299.2880483
298.7911432
299.5467957
300.1245187
298.202194
298.257128
297.4613829
297.1513842
296.0188545
297.3181721
297.9707989
297.8380217
297.55112
296.952568
296.9041005
296.9755119
297.269179
299.2708639
299.3700943
298.443377
297.8304548
297.3759624
299.6051
299.1523911
298.4106916
297.9668159
297.468106
297.7351382
297.6038501
298.0396317
298.5438591
298.4184042
300.5397959
300.4256996
298.9388473
298.1060224
298.3249865
299.3860344
297.9611492
298.6521383
298.3565476
297.9036106
297.4321327
298.0743195
297.8104584
297.9423732
299.8565756
299.9171803
299.3928755
299.0509063
296.8336975
298.4461545
298.6559213
300.1953416
300.2063575
298.5528091
298.115026
298.1319203
295.3034203
295.371245
296.314528
296.6719919
298.2198898
299.4158136
300.059663
298.697123
298.6638333
299.7761792
299.6961957
299.6415225
300.1373266
299.2593537
299.001113
298.90597
299.2145287
297.6968561
297.9322699
297.4761943
300.2130131
299.8767387
298.9057851
299.3186376
298.9135404
298.5861734
296.8129705
298.2758062
298.851645
297.1356631
295.8694805
295.7349365
295.877046
295.7413562
295.4615756
297.1412519
298.9306532
298.815093
300.0059584
299.8136853
297.1687814
297.7756358
298.6346698
298.4571145
297.2052148
296.7838195
296.7563393
296.8731869
297.2828881
298.5152097
297.64887
298.7805747
298.08254
298.303395
299.4884733
299.2293382
297.8923159
298.1723282
297.1668489
297.5579801
297.9064035
298.4034133
297.8113261
297.387
296.9650565
297.0886879
297.9294272
299.4058052
300.2090236
298.8931519
299.2634353
299.9148582
299.7269908
300.4002388
299.5627398
300.460956
299.9590208
299.7258604
297.5675096
296.8279873
300.2911396
299.5799179
299.5649948
298.3459576
299.0162342
297.7168328
299.3618245
299.3474045
298.9844436
299.2931238
299.2739207
298.5353805
299.4865708
298.5049398
298.9356173
299.7050433
299.7223835
299.4750414
297.7428249
299.7431339
299.5263231
299.9996388
299.35733
298.8869424
300.5716952
301.4659908
299.5502028
298.4895758
298.7833558
298.9619748
298.8275905
300.0711138
299.7400576
298.0015301
299.2697483
300.850685
300.9725667
298.5081298
298.0914584
298.2626315
297.2971181
299.1964936
300.6946025
299.6740692
299.8896205
300.4633098
301.6914813
302.9328135
301.7586495
302.1788357
301.4240502
301.3394736
300.7144073
301.2064806
300.7957501
299.7812611
298.5040614
299.7385088
299.7012769
299.5300671
298.8010577
296.9524478
296.0005466
297.9702416
297.8675445
298.1810848
298.5655205
301.2526431
300.3492146
299.4849918
298.6214028
297.3915864
296.340838
296.3954541
299.2760548
299.7811785
298.6650373
298.4718133
297.6696474
298.9758106
298.1238176
298.4513995
299.5468595
299.085974
299.9100649
298.9824999
297.4701813
298.1827291
298.7696625
299.4947959
299.742688
300.304215
300.3780787
301.2024564
299.9441556
299.6609538
298.9349295
298.9236321
298.1519695
297.0035538
300.1230144
299.2382281
300.4338039
301.8872746
300.9452487
299.9905962
299.7655937
300.5986028
300.0627733
299.5860504
301.2113035
300.402797
301.6300827
300.7845112
300.0506131
298.5253988
300.0948911
299.0793367
299.5862661
301.0560146
299.7607872
299.9094516
298.5265104
298.2390129
300.3506582
300.9007918
299.3960433
300.0760004
299.2697332
298.9406667
298.5491065
298.8508447
299.2813767
300.8276772
300.3869925
299.5171735
300.9704734
301.3085898
301.0340627
298.7585266
300.2247087
300.608911
301.1977191
300.194078
297.9431217
297.4602625
298.8274879
298.959444
299.2957317
298.3055822
298.8634001
299.1978433
298.6598938
298.9611167
298.8296712
298.6426077
298.402722
299.7043129
300.0208413
299.6178138
297.3305759
299.1593784
300.7100105
300.5337747
300.8853777
300.5536092
299.7001043
298.7985367
297.3382236
298.9651465
301.2549034
301.1623049
300.2727723
300.3819633
300.1625094
300.1272492
300.0206423
299.1412918
299.441672
299.6522494
299.4113247
300.1728346
299.5942997
298.9611564
299.0423612
300.1203777
299.4898962
299.441332
300.043028
299.3401245
298.5800647
298.1092653
299.5994384
299.6472047
299.8123856
300.8240246
300.5950462
301.0846056
300.5341094
299.4023112
299.4141987
297.2589068
297.9778534
300.5009443
300.5417104
301.8386182
299.6863468
300.4203981
301.1880479
300.4821916
299.49574
298.7825151
298.5858463
299.2711076
299.9437151
298.8729147
301.4349501
301.715117
300.606051
299.9985508
297.1286696
298.4334523
298.1912992
296.7050171
296.9039623
295.7043159
298.1549328
298.2895983
296.2701144
296.8557613
296.5590977
297.9611964
298.177633
299.9682971
299.2229556
298.2123677
299.3029262
299.7842695
297.4561378
297.5155001
299.0456822
299.0152971
299.5515056
299.0992568
298.6851574
298.1620092
297.3837442
297.5292596
297.0364603
297.0703274
298.2250788
296.4027824
297.1558011
296.6697197
296.4933896
297.503983
295.9247772
296.789874
298.5416839
298.1192696
297.9415766
299.2664606
297.8411118
296.3884834
297.3582453
298.7600591
298.740426
297.9072281
296.879695
298.7005314
299.0698962
298.0214232
296.6284341
297.8283734
298.0448666
298.0501143
298.2062893
299.6810245
298.7050236
298.1196072
299.8224706
299.5635326
298.7107297
298.5866086
297.6798301
297.8219503
297.4608768
297.392419
298.4652995
297.8344425
297.8895946
298.9511125
299.7383993
297.9363
296.575471
297.5106171
297.0290984
296.5891005
297.7733438
300.2126061
296.5737576
296.2396782
298.3566993
299.3118859
299.4542173
300.1108921
300.3767501
298.3374087
297.2849485
298.4948227
298.4302541
297.1666971
297.4249219
297.4384123
296.8035915
295.4630511
297.1564372
298.5071539
298.4550445
296.5700032
299.0930403
297.7586839
297.3960896
298.1395758
298.2109404
299.3942468
297.9319077
297.4205833
298.5743279
298.8525635
298.9572977
298.325079
296.4735076
295.1025767
296.7437967
297.9169184
296.8046048
297.0493542
298.4242836
299.3999701
298.3584598
298.374626
297.2947187
296.6128942
298.7426343
298.3913717
298.2104188
298.7201294
298.4266363
297.9583122
299.306061
298.9310522
299.2273997
299.7028954
299.1799684
298.804574
299.3016739
300.6630286
298.9238513
298.7218451
299.2676445
299.5949716
299.7239388
301.3129529
300.4353836
298.779557
299.3032153
299.6463495
299.8096909
299.4254111
297.848512
297.9739876
299.0326152
299.1596404
298.4792418
297.4897341
298.3141409
297.7597877
300.1812497
299.6685023
298.517002
299.0457458
299.4447185
299.0954248
299.8761304
299.6370268
299.2974079
298.4345712
297.3699778
299.404516
300.4259952
300.8520024
300.1905747
298.6957318
298.839818
299.2566606
300.3291286
298.6622108
299.1700231
298.9079777
298.0579118
298.0021615
301.0785434
300.5542419
299.7509679
300.4175816
300.1058561
299.7729589
300.9155525
299.1899651
299.9335495
299.5554417
299.2064701
298.2104244
300.1809612
298.0613087
299.0166721
299.0674951
299.5407354
298.707228
299.9986005
300.8984776
300.8008479
299.9881361
300.9270177
301.6387984
300.9863162
298.9557407
299.473486
300.743325
299.6966636
300.6536534
300.3030515
299.8184198
298.9380255
299.8403778
300.8409327
300.7504953
299.9393188
298.8938631
300.3821608
299.3416244
298.9226223
300.1441064
301.219242
299.9986815
299.2618009
299.1810184
298.8254876
298.6746016
299.6641251
299.0691969
298.0801823
297.7985299
298.1728171
299.2845129
299.1927138
299.4509578
301.0153129
300.9983152
299.2028029
299.5692069
298.9609078
299.4635638
298.6392893
297.2625819
298.2180101
298.3864229
298.3819745
297.5318701
298.3952474
298.6002118
299.2873339
300.2066912
299.9639478
298.896144
297.9860057
298.3040824
297.9673548
297.4770405
300.4518546
300.2618777
299.1868808
298.0762277
299.7818014
299.3562333
298.0856705
297.2309317
298.0872135
298.5202197
298.8222661
298.7171974
297.9757475
298.8307273
298.4864115
300.0009295
299.4171335
298.4538722
299.4593456
299.820003
298.4531103
298.8623548
299.0539495
299.2708096
297.6219018
297.7565874
299.4518381
299.4708546
298.7897576
298.523488
299.0469468
300.0379133
301.8203897
301.1489573
299.3756824
299.6775266
300.02699
300.2292068
300.5275409
299.9930807
297.8534008
299.5201002
299.7282418
298.6643316
298.3301365
299.5379578
298.7992641
299.1789918
298.2925208
298.2004125
298.6358607
298.8146456
298.3263083
297.8215668
299.0422836
301.0442719
300.5548547
297.9686091
298.3772362
298.7289237
300.741239
299.1701959
299.3831367
298.4722744
298.2420951
297.1856729
297.7780928
298.397853
299.6382982
298.8656584
299.4475408
299.5961271
299.688112
300.0368435
299.6822876
298.0301059
297.8066008
298.5380011
300.2722899
300.1951093
298.5006001
298.97407
300.4771949
299.3411752
297.8657621
298.3840495
298.8915233
298.5771369
299.4869414
299.5253307
300.2023426
298.0848998
298.1274899
298.3239987
298.2603554
299.0390923
299.8951121
298.7989967
298.4372146
297.7113361
300.3442501
298.5332216
298.7304476
299.2561837
298.579167
298.1891275
298.3860974
297.5932427
298.2515825
297.9430684
297.6990588
298.0157787
298.6644043
297.154764
298.0151722
298.4233901
298.3030033
299.1425221
299.0540016
301.0368906
297.6996342
298.2795459
297.3707955
298.0544329
298.7398287
299.9246125
298.153616
298.4667632
296.9792735
297.4644082
297.4309509
298.6116824
297.2119835
297.4220558
298.8930682
299.1756924
298.2672013
298.8614471
299.0875373
299.2245571
299.4842826
296.7485348
296.7130015
298.3004321
298.2721689
297.3558376
296.875959
295.9373783
295.8824996
296.4154548
296.050995
297.7154742
297.063609
295.6291711
296.5436906
297.2917505
298.1869204
297.329027
298.3564791
298.2013566
295.9762177
296.8279294
297.7348335
296.3128138
296.7926709
296.0738794
297.001329
296.8324499
295.6934084
296.3336735
298.7418111
297.4994818
296.5809336
300.3254812
300.4429058
298.6653241
297.7198451
298.0666139
298.1546714
296.702009
300.3464466
300.1100034
300.397956
300.221299
297.3483504
297.0971887
298.5441941
299.39059
299.2043077
299.5295333
299.2812447
300.6146411
301.4564684
300.8556716
301.3928325
300.9837157
299.6663878
300.4344999
299.4465982
299.416271
297.7899335
297.8633607
297.5018223
297.8192361
299.6803374
300.5847343
298.0067359
298.1469757
298.3928336
299.3370935
299.3823051
299.7305949
298.8152809
297.2068577
295.7941382
296.6399586
297.3135095
297.6764504
297.2072686
297.5117823
300.7950695
299.95077
298.596783
297.2152692
297.6597837
297.8014633
299.2073467
299.0482701
298.5526639
300.1354811
300.5781809
300.3591824
301.3130588
301.9175412
300.5218918
300.0266369
300.5445546
300.2266252
300.5179196
301.3344517
299.0944517
298.9285668
295.9257636
297.8609019
297.0000317
297.7864071
296.7954351
296.428562
297.5291732
296.6941919
296.622451
296.7884529
297.2689543
298.085514
299.3707082
298.9213695
298.2508538
298.390299
298.434603
299.4458706
299.5463452
300.9424282
302.1441337
302.5085437
301.5327286
299.954344
299.5604527
299.4854009
298.129407
297.9160157
298.8563903
298.0638218
298.0791378
299.9706538
299.2749027
299.9894039
301.1520971
299.7697691
299.23881
299.8625777
298.1685914
296.7059802
297.6180462
298.852389
296.2619447
297.4417126
297.906104
299.5586926
300.5608427
301.9192144
300.2347583
299.0232148
300.3792922
299.8137398
300.1657923
300.3761815
297.5253096
298.0893269
297.809701
299.0315077
297.717899
298.5799093
297.9588339
296.929617
299.5994834
301.4303864
302.5657095
301.0804237
298.4067486
298.2628392
297.5990346
297.9914742
298.2702129
299.6186807
297.8186737
297.3533666
297.3414299
298.1518124
298.5728384
297.7419667
299.4197223
298.4752436
298.7577822
300.0358118
298.7638869
297.9533609
299.6773408
298.6486981
299.5916942
299.2312925
299.2262369
299.532185
299.6055259
298.7304968
299.9995002
300.3839291
300.4574493
299.2766739
299.0022691
298.7169292
299.6346315
298.6781121
299.2100308
300.159706
300.0467782
297.772718
298.4969637
299.1145658
299.9156123
300.0780909
300.1805134
300.5985662
300.2208781
300.7524487
301.5375851
300.4362687
299.7487201
300.0382776
299.2370469
299.4304027
300.0321365
299.8396138
299.5050976
298.3938632
299.7742972
298.6834383
298.6608499
298.624177
299.6380836
300.2534051
300.4499626
299.7925555
300.3293567
300.1070779
301.4559224
300.1928401
300.9922313
299.164899
298.8838809
299.9794494
299.6506596
299.0711108
296.7786741
298.0978402
299.2422085
298.9507721
298.6907235
300.2660355
299.0759668
298.6758885
298.8234445
299.5430654
299.6654744
297.9468015
297.9519087
298.9063468
297.1298223
299.3665474
299.3365721
299.4393274
299.1209377
298.1209813
297.2712633
298.8399065
299.0775959
298.9495536
299.9902572
299.2778706
300.1294449
299.2162559
299.7156946
300.0905094
299.9570784
299.6524416
299.2371753
297.4994223
297.8202097
296.9005952
297.1341912
298.1351467
297.2635349
296.3123675
298.6265171
297.9534363
296.7313523
296.619198
298.0571959
300.1166403
300.5107132
300.2835649
298.4855161
299.1352591
299.0240884
299.1730888
298.0620575
298.8180443
299.7592081
299.9758251
298.6837255
296.9451297
299.0876024
298.2775106
299.3212773
298.9543009
299.3940584
297.9859912
300.0645082
300.0076318
298.8668361
298.3694294
298.07893
298.5982293
299.8165669
301.5450832
300.3302772
299.3561139
298.0966002
298.325059
299.3793859
299.6814722
297.214168
299.0913102
298.3644649
297.9145445
298.5095957
298.0623622
295.8907084
297.9542378
297.6615607
295.9893317
295.2378742
296.3102299
298.3559773
299.0452995
299.8738452
299.3703814
296.6764494
297.3063838
296.6210235
297.7435816
297.8416754
298.485025
299.529706
300.1612223
298.8156835
298.8291763
299.6018532
299.2308443
300.5640956
299.7371629
299.9082482
300.1604572
298.9958966
298.4037791
298.3337507
298.0822999
299.2233192
296.8732045
297.3902801
297.9916566
299.6982628
300.2475349
299.7699769
300.077706
300.8261129
301.854687
300.0524191
299.4652223
299.6113535
300.0653131
297.9405517
299.0976113
299.6254887
300.9171735
298.1684358
297.4945922
297.570987
298.1386788
299.0136412
300.0644793
298.9705255
298.1486676
299.427984
298.8634494
298.5091615
299.0445179
300.1270879
301.426709
300.6516745
300.0257158
300.5661026
299.3935522
297.8424479
298.8760613
298.733282
299.8084376
299.0390016
299.9102607
298.8740031
298.7374059
298.6748361
298.2285709
299.2810115
299.4931402
299.6375548
299.014349
300.1058647
300.5283487
300.2534564
299.6332933
298.7778699
299.4692481
300.9121742
300.5401775
298.8628996
298.5056245
298.6955997
298.971619
300.06271
299.6871682
299.8223298
298.9691647
297.9685394
298.0843941
296.5632504
296.1397333
296.4983468
296.9048247
297.8332652
299.8229409
299.7531309
300.559231
300.3502793
298.6012337
298.3932238
300.1246251
299.9524352
301.042116
300.3114291
300.6145141
299.9728286
299.3199799
298.6937433
298.3666784
300.100965
299.8614291
300.0906544
299.9061207
300.9399414
300.2858469
300.4393419
299.7653898
297.7230224
298.4587054
301.0857999
300.7428834
300.8648995
301.3610204
299.0264312
299.0077242
298.1977527
300.5372663
300.7298475
300.1978033
300.8354723
301.0711451
301.6656533
301.8781316
300.7131242
301.0088887
300.2090689
301.962566
300.9363643
299.4639701
299.7033207
299.4941031
300.1431267
299.6132923
297.5859931
297.897602
298.063937
298.5602128
299.9681843
301.4067428
299.7751938
297.5281991
297.7539942
299.9252102
299.2074577
300.1146494
299.9505265
297.9443101
297.7276095
299.2705401
301.2319069
299.2833547
297.9121929
298.4109242
300.2343548
298.2070986
298.402823
297.9812734
297.6701123
297.6396883
298.521769
298.0127458
298.5603263
298.4605589
298.6007976
298.9028044
298.7994652
299.2745792
298.8290652
299.6393992
299.0807001
301.015081
299.186626
298.7824325
297.6777424
298.2653812
297.7528253
297.8081598
297.7964052
297.2477502
296.7530481
298.6813728
298.105138
299.414785
299.5494048
299.8481768
300.3661939
299.8608503
298.620603
297.6578971
297.0541734
296.949998
298.4735847
299.577694
299.6516838
298.0076571
299.7251559
299.0704824
299.6909248
300.3452568
298.919146
299.3005482
299.5938528
299.7931582
300.053353
300.2021768
298.7443831
299.1269235
298.7601428
300.4460049
299.5341582
299.3333473
297.3928708
297.8882853
299.263656
299.6276243
297.3990949
298.1406761
299.5249295
298.7970228
298.7578739
300.1729366
301.5736309
299.9127099
299.2641492
299.3457952
297.6201368
296.1574634
296.9733973
299.7740445
299.7236985
298.4497263
297.6824765
297.9259194
298.6225469
298.2089922
297.2219793
297.1071418
297.8512447
298.7814999
301.1486257
300.2488569
300.0766124
298.8313448
299.2012971
299.7638183
300.1930509
300.9486352
300.1923541
297.9721039
298.3404066
298.480815
299.8421323
300.0090179
299.808567
298.4527515
299.1474609
298.381386
297.6492442
298.928568
299.1085338
301.0610677
301.3511383
302.9952773
300.407955
298.769302
299.1934792
298.9073834
298.7845988
298.4460647
299.5140199
301.1382709
299.3589805
299.6177863
299.1416876
298.8541435
299.3130388
299.514314
298.0631566
297.6596992
297.7869202
299.4669089
299.3313719
300.2563579
301.3259507
301.7871972
301.8624801
300.6827104
299.8168434
297.8889782
298.3923752
299.8003818
300.1182244
299.7959907
298.7956309
298.1283273
298.6161161
298.042645
298.9162899
299.3455843
300.1996208
298.6826985
297.6420046
296.5914738
297.0234836
296.7736578
297.6682494
298.0767628
299.1104233
299.3687161
297.1478438
298.4815528
298.3776281
297.4139996
297.9623049
298.9765521
297.2797094
297.08131
297.4039259
299.4203595
299.5431647
300.2888925
299.124178
296.9420977
295.7992114
297.9681787
299.2458715
297.8367294
298.6551121
297.8775045
298.5303601
299.4076845
298.864892
297.6171249
297.5556186
296.9098559
298.9104032
298.0654521
298.6081154
297.7104338
297.5240065
297.988286
298.4422489
298.2406765
297.9677713
297.8165994
297.2202629
297.3334887
296.5901087
297.9200351
298.8979445
299.0702962
298.6476674
299.076533
297.8330507
297.8638094
298.3817204
300.6911649
299.423841
298.5332988
298.7734363
298.2780979
297.3346317
299.0136168
299.4493745
298.8623078
298.9696799
299.7146653
299.436878
298.8180671
300.4262325
299.5508381
299.877168
298.6386872
298.1181912
298.1658145
301.6971982
301.8622983
300.0941937
298.9329502
299.5022047
299.0850513
297.8843045
296.0330441
296.7986577
297.2515505
298.520281
300.526115
299.790353
299.1224486
298.6094046
299.2361754
299.4878108
300.6033854
299.2788526
300.0293497
299.3424556
300.4247232
301.5760421
300.9598887
300.3234857
300.4646211
300.0145398
299.9106671
299.2355757
298.9433687
298.2645746
297.8518096
298.5506899
300.0940816
302.5095877
301.0717739
300.5455308
300.9585477
300.6650454
299.7637731
301.4342957
300.5167755
300.2192268
300.9038607
300.8677292
300.3558112
301.1356504
301.3660931
301.6250716
300.5912753
300.1988223
299.3377376
300.0190622
300.850793
300.5531779
301.2819592
301.4404809
300.9632577
302.3871032
302.195627
298.6643786
298.5660678
298.9461387
299.8774511
300.8281599
300.5427499
299.8331583
300.5095649
299.2881229
299.4960983
298.9690518
299.5191816
300.5425418
299.905253
297.8377802
296.9422107
297.7320639
298.3148745
298.5334662
297.9566282
299.0112785
299.527737
299.4153256
297.9496593
298.5937056
299.0520041
299.1499993
299.0431271
300.4248983
301.0574924
299.8188715
300.3078189
300.6056305
299.9568894
300.2745513
300.775804
300.0622183
300.3524323
300.302681
299.7304457
299.6807851
298.1032582
297.8153001
298.9463664
298.6598027
299.5005037
297.586736
297.5842772
297.7360407
298.0075375
298.4142401
298.2089844
299.6239813
298.3930865
297.5232709
297.6000616
297.6437326
299.3528029
299.5782669
300.4586925
300.347728
300.5326159
300.5371124
299.6213639
299.4144144
298.7130524
299.3622597
298.7337582
297.9000235
297.8252389
298.8224198
298.5050982
297.8050803
297.2115017
298.0549165
298.7622528
297.6855975
296.4151696
296.5133231
298.9422572
298.1314356
300.5243062
299.7903659
300.0273636
301.319188
300.1382818
300.4373705
297.2622078
297.4628303
298.850745
298.8841985
299.2431468
298.9297167
299.0876608
298.4245202
298.9726387
299.2161383
299.5820825
298.8427786
298.2262685
300.6808357
301.0711567
300.8727194
301.1600271
300.8553045
299.0478906
297.872837
297.4325443
298.1611107
296.7138801
297.8922509
297.6482624
297.2640301
296.843425
297.6507369
298.388529
299.6819692
301.2218919
300.6445378
301.1568743
300.8744808
302.4749283
301.9253762
300.3086246
298.1781968
298.4663007
299.0327241
298.7828414
298.6870431
298.1528357
297.0439258
297.6333395
297.8942992
298.5768424
296.614341
298.1271246
299.6727228
299.0236436
298.6199343
299.1234086
298.3918182
298.9633688
301.1816813
300.5104947
299.9618979
298.2242738
298.5092215
298.6857393
298.8301149
299.6390045
299.6235844
298.836133
298.8703055
299.0385298
299.2964921
298.756429
299.6984172
298.5486271
298.620997
298.7285812
298.2983335
298.6544443
297.9297737
300.316756
300.7192323
301.0537096
300.6442622
299.2097262
299.2930126
300.0209609
300.1322193
298.3463729
300.043013
300.1281849
300.3737966
299.9850396
301.020017
300.0693199
300.1648682
298.4568638
299.9105746
300.9977374
300.1698775
299.2916959
298.8182167
298.3651647
298.2984159
297.5936415
297.5803463
298.3456958
299.0383091
300.7611819
298.667803
298.0766104
296.7384828
296.9156358
297.005051
298.3926553
298.459795
299.5682418
298.6322425
298.0498286
298.0667374
297.2219585
297.1745985
297.4945301
298.4860089
299.8268298
299.1860978
298.4417416
298.4739411
298.0884165
298.4094956
298.9360362
299.2331451
296.9829133
296.9780912
298.0261676
297.8692699
296.940693
298.1921219
297.9745285
297.771246
297.2839879
297.1191179
297.7747738
298.3854908
297.1563333
297.8303868
298.5232074
299.5180204
299.0700839
299.1844287
297.8545732
298.1267994
300.1836307
299.569738
299.184272
299.1262171
298.3344116
301.4267945
302.3391162
302.4538936
301.190075
300.4588738
298.827221
297.3134943
298.8882334
299.1008231
299.9028335
300.5401713
300.2719805
300.242314
300.7488586
301.4727427
301.1762923
300.6712812
299.3467895
301.2497697
300.4470919
299.5401414
299.176785
299.3422841
300.1916455
299.4876256
300.268215
300.2239639
300.5371091
299.1155125
299.4143221
300.3575616
299.5641291
299.1734257
297.7168026
296.8131773
298.3240744
300.4570315
299.1024729
298.1186872
299.1883339
298.1127201
297.1960671
298.4139003
298.6792807
299.3055395
299.2384993
299.1314746
299.1123473
299.6575835
299.3729888
299.018316
299.7634782
299.667286
299.3922745
298.1713348
297.7868206
298.190527
299.6814598
299.5445855
298.6599303
298.0716667
298.5291406
298.3639632
298.5103324
298.4177918
300.6979952
301.1548854
301.5155223
299.2568352
299.0839645
301.0176307
300.7151895
300.6476279
300.2897893
299.726306
299.5781343
300.4450798
300.3058921
300.2039822
299.382849
299.5016922
298.3960183
299.6220948
299.7723332
299.259872
298.1095856
298.002707
297.8770177
300.4794487
300.8840854
301.5606638
300.0746902
299.9405934
300.6238738
300.5315471
301.3596666
301.3175153
299.981902
300.8423142
300.6757481
299.7279873
299.3672391
299.0289956
299.518962
298.4303182
299.1619714
298.0566292
299.2018596
297.7058232
297.7754431
297.6254442
297.5519044
298.1193577
299.4826991
299.322822
298.3964101
299.7428762
300.2618619
299.0818932
298.7409543
299.8817583
300.2387188
299.7513474
298.6091216
299.0437512
299.3021633
301.0034597
299.1077688
300.4011452
300.6223648
299.4631311
300.6615995
299.8056754
300.0615052
301.0041636
300.8672412
299.8012254
300.3751227
299.3210065
300.3363561
297.2887614
297.7250618
297.9079379
297.2443127
297.458625
298.2412693
298.1486604
299.5645717
298.9116748
298.6530034
299.2164838
299.2721067
299.4246891
299.1206074
298.2473946
297.2392775
297.2337224
296.7904135
297.6324153
297.3815098
298.295405
298.0688008
298.5410721
299.834812
301.1700595
299.9345232
298.3503337
297.9427757
300.0168687
298.0139699
298.0941886
298.2336027
299.7761128
298.4334835
298.1935353
298.7474785
298.5179574
299.6691196
300.035338
300.0524044
301.5415454
300.6978399
301.2043136
300.0523661
299.0565748
299.0521274
299.4461093
300.7952018
298.4701431
299.2192163
299.1164793
298.4898233
297.6333586
297.8408432
298.7467928
298.8753135
300.2270146
300.3601499
299.6949165
302.1638726
301.1414089
301.0888717
300.003197
300.4468553
301.8550235
300.634169
299.9877442
298.8039744
300.0759081
299.0850404
299.0871809
298.9831569
297.6768796
300.0271609
301.8154458
301.6213514
299.8268903
298.9914527
301.0328466
302.0647068
298.7984474
299.0079726
298.7305144
299.3811322
299.9287859
300.5843107
300.0185868
298.4212767
297.3419059
298.8173334
299.9261848
299.7903536
300.1354134
299.5448705
297.9493011
298.0986713
298.7009905
299.8817425
299.1189031
298.7905885
297.5020572
296.6065616
297.3659886
296.6087736
297.1278713
296.3107501
296.9257708
298.9795349
298.9531832
299.5796846
299.6633259
301.1414417
301.5366947
301.1612462
300.7137291
301.1195781
300.043638
299.90795
300.8114669
299.1214355
298.4440204
297.0513806
297.4662876
299.0641446
298.6551395
299.1473424
298.3604756
299.98081
298.759917
298.4285274
298.6996063
297.6346024
298.9888952
299.1169531
299.5739691
297.9621847
297.4872421
297.9150988
298.5103184
300.192563
298.0484791
296.5283985
296.8446338
297.4115946
297.5907991
298.1902166
299.1372993
298.8999935
299.3802061
297.8277578
296.9827161
297.1582758
298.7405906
299.3848371
299.4349464
298.9781008
298.3357503
298.5150459
297.5670452
297.0564764
300.3340392
299.5658199
299.4864866
297.9164078
297.0209011
296.566828
297.5097239
296.7496773
298.015124
299.2116202
300.6184586
300.454602
300.2511057
299.727805
300.9489518
301.5648825
301.0588183
301.0802521
301.6200594
300.5662709
299.4378097
298.4368005
297.9953397
298.6858648
299.1719106
299.6856574
298.0473136
298.9006774
299.2878788
298.5714592
297.8568308
296.5845812
298.6205054
300.6870207
300.5357149
298.77092
298.2554153
298.8934576
299.8055967
300.1494311
298.4901899
298.0427465
298.7348058
301.0851908
300.5954602
300.5328062
300.1996118
300.175614
301.0899472
298.6714134
298.0625942
297.4332635
298.2328144
299.8964404
299.5575692
299.9861807
300.7332957
300.3797116
299.2289168
298.5063305
299.7113309
300.5090713
301.3615472
301.0109331
301.9096903
300.8317658
300.1583504
300.2059577
300.2078815
301.8171526
299.392802
296.8527464
296.3233545
298.1493826
298.4075106
298.3350357
298.0126834
298.3600025
299.7716444
299.6746337
299.3133988
299.38539
298.2086914
297.634304
298.7993731
298.5702125
300.1548642
300.8572245
302.10633
300.9724586
299.942058
298.9848565
298.2629741
297.1071319
296.8941817
297.7134318
299.3517492
299.9413072
298.8990019
298.3263004
299.5313214
299.6199381
299.6587229
298.9187093
297.9419886
300.0238751
299.9423398
300.34363
299.8682604
299.6194819
299.4464711
300.212709
298.9499828
298.1948987
296.8083789
297.8040526
296.6638967
297.8586637
297.8180715
297.9459107
297.8926729
298.2246811
298.7877193
299.8378895
300.2362083
301.6041398
300.8912272
299.0305119
299.5878901
298.6228005
299.0962703
300.2561738
300.3248962
299.33634
301.1922803
300.863473
302.1659856
300.5498543
299.9508668
298.6432518
298.2256728
300.1814201
301.1652794
302.7268158
302.4994556
301.7395394
300.2315608
300.0631399
299.9297647
301.0685712
299.4235325
299.3520679
300.2428384
300.4461186
301.2690151
300.9107996
299.7520585
301.1416106
301.1098822
299.8575939
299.6647164
299.785936
300.3411998
301.5498936
299.5827266
299.1172812
300.3618011
301.2440477
299.5823757
301.1584461
299.7958194
299.8429108
300.4468335
299.2046012
299.4600153
301.8386476
301.868284
301.3185814
298.9492966
299.1360017
299.8686157
300.496941
300.6876856
297.6004382
299.1054664
299.7337197
298.7725422
299.3200926
299.4898371
298.7854324
299.0830184
298.9865779
298.6139797
299.5000946
300.3381226
300.8602205
299.9153883
298.6666439
298.1048788
298.7671957
299.735084
301.048485
301.7537866
300.6981099
299.6859867
297.9224816
299.0523443
298.6466147
299.2875742
299.9874306
299.3985764
298.9858119
298.8855969
299.390889
298.7767382
298.7206515
298.9476497
299.848352
299.435263
298.507746
300.6484661
299.0082712
299.0644235
297.9738305
298.28502
299.6039463
298.1819798
299.3903925
300.6543169
300.8414779
299.4775697
299.2520782
300.0977726
299.4927705
298.9500262
299.4880675
300.1787364
301.0489252
300.5023464
300.2170192
299.2970964
299.7653094
300.1119369
299.4891771
300.5485157
300.3420747
300.5348713
300.8742687
299.7161965
297.4998552
298.6881128
299.6710396
300.6691052
300.041098
300.8454127
299.376942
299.2131637
299.1900413
299.4615551
298.6835244
298.3695236
298.1227311
298.2612844
298.9991857
299.2525493
299.589475
299.0087952
298.3236631
298.8015449
298.8662134
299.1514605
299.3485015
300.1381667
300.7639717
300.8329748
300.2677179
301.0454985
300.1000142
298.0810415
298.5568248
300.6793794
299.8044129
299.3822405
299.5308989
298.2833865
297.8374207
298.561756
298.6208119
299.1531632
299.0519858
299.3189623
298.7813789
299.1645261
298.0933012
298.4757541
299.6431847
299.8692965
299.9884065
298.9973639
299.3816024
298.2809603
298.0359801
299.9091094
299.963758
300.1911166
300.5472891
299.6183427
299.8920076
300.1346517
299.5756918
299.0417492
299.8139469
298.5995353
297.0055245
297.9379137
298.382412
299.0495598
299.6841397
299.699873
298.2989459
299.0168788
298.7689598
298.075302
298.1273838
298.3291965
299.1271994
299.746648
301.9436311
300.2039102
298.4927139
299.3471572
298.3927958
298.4911615
301.2260528
299.9300367
298.0180566
298.5810845
298.7983562
300.4113006
299.8055244
298.5248841
300.562192
300.2271583
299.2420989
298.9923815
299.1584466
300.0562386
299.4273903
299.2478458
300.068983
300.964563
300.1866965
299.7954839
298.1007999
299.0810135
299.6987794
299.7476772
299.8507089
298.9566545
298.1140664
298.2472994
299.4181277
301.3901136
301.2168287
301.5612116
299.2498796
300.1816827
298.3598144
297.9695233
297.3777026
297.7897353
297.7810488
298.5850396
297.9697663
298.665864
299.4329478
300.2480947
298.9480919
299.5356578
298.6046365
301.3962428
300.3611039
299.8317969
300.3428393
301.1980517
300.2966766
300.4957129
299.2025243
297.3875114
297.8517141
298.6815661
299.0070676
299.383903
299.3982813
298.9977925
298.1120041
298.6094796
300.7124333
300.7351474
301.7329289
300.1105352
299.8477691
299.6590932
298.4577168
296.6859948
297.9752648
298.3960446
297.6340142
297.8932623
296.5986334
297.3436877
298.5227944
299.0689624
299.0155227
299.1926272
300.2270171
297.7497585
297.6636867
298.6409875
299.6947715
299.15448
298.5406017
298.8531593
298.0254418
300.2927653
299.8816604
299.090057
299.720137
300.2924269
301.3441711
299.5071579
298.0387177
296.8402157
298.1952731
298.5849796
298.2805539
298.2883087
298.3568664
298.5174959
298.7722799
300.3174865
300.3378502
300.2580611
300.3979442
300.9320506
299.0216581
298.8066493
299.8692723
300.2291758
300.7740986
300.7174121
300.686248
302.3439682
299.1444232
298.9789965
298.3277982
298.9400762
298.5451348
298.7379236
299.1745522
301.2868338
300.2431911
300.1512909
299.4660515
299.2637685
300.5143387
300.9597743
301.031179
299.3432465
298.8323008
300.4696955
299.5758411
299.0674432
300.8159977
300.2402164
299.4896456
299.3709523
300.1856668
300.6319623
299.6758615
300.5523621
299.1877023
297.2850891
298.8452665
301.0970103
301.336708
300.3905781
299.3342775
299.5419366
298.808443
299.4312756
300.8115491
301.2540691
299.1083132
300.4419692
300.4280092
299.6982589
300.7922968
301.8269455
301.0304214
299.0589009
297.3443623
298.6386758
298.8029242
297.5284183
297.9415559
297.509495
298.4129769
298.9496878
297.2623208
296.0289666
295.8149713
295.9828732
297.3639321
297.7583107
296.84103
298.0223846
298.6229954
298.4367672
298.6713061
300.6126615
298.5971352
297.7103434
300.2916099
300.5367935
300.21678
300.1539393
298.8303099
298.4562094
298.3116396
300.902619
300.000975
300.3018507
299.4248983
298.7192944
299.1579979
301.6836737
300.0206277
301.0106792
302.067013
300.69957
301.5196596
301.484892
302.0193253
301.8060838
302.2463156
301.722712
301.3080726
299.7436354
300.559152
300.2246736
300.9462652
302.4911799
301.8346674
303.05227
301.8565503
301.7928115
300.6431346
300.9349745
300.6490054
298.8061784
298.9200641
298.1460866
298.5916095
297.8796699
298.5729484
298.1981729
298.7682064
300.2524185
300.1064068
300.5331857
300.7795227
299.7529424
299.5015843
299.4319921
299.1950716
299.2050449
298.0627303
299.087206
297.8068401
299.8404389
299.5523812
299.9908759
297.7410199
298.3510947
297.9220685
297.1887039
297.3588491
297.1130675
298.3272404
298.4745381
298.7701808
299.0865023
299.2288667
299.4136577
300.6083805
299.5046928
299.0845329
299.646649
300.5481545
299.7557512
301.0812749
301.1368243
300.9220211
300.9139994
299.0352998
298.571974
297.3055453
298.4097885
298.6148362
298.476997
298.9551127
299.5876603
300.9106288
299.629378
300.3751421
299.0138473
298.0597
298.6665989
300.4010444
298.6196271
300.0233663
300.7599605
299.9906936
298.8990317
297.5172403
298.6023221
299.1372885
298.8444462
299.3133286
299.7248794
299.2158598
299.6769904
299.3302751
298.4794214
298.0912205
297.3211234
296.7152473
297.1835802
297.9083679
300.7126832
300.3807298
300.0412828
299.9527342
300.5901574
300.0823862
300.0897911
298.4020264
299.6895883
299.1112531
298.9169961
300.2923143
299.1888887
299.4417709
301.1634829
300.506844
299.5602779
298.060503
299.9859904
299.8638732
300.029965
300.0357809
299.6503745
299.5218744
299.1559913
299.6880726
297.6788723
298.8366665
297.5687079
298.0318216
299.0956104
298.104698
298.0416293
297.4979467
298.1211443
298.8453476
299.063417
300.7847014
301.4676177
300.3588129
300.1453536
299.2911841
299.3045453
299.60642
297.9330693
297.5924631
299.227194
300.2038606
299.8383082
300.1306004
299.7772439
300.4425234
299.3435237
298.0904375
297.9330459
299.0637243
298.7408291
299.5416663
299.0389559
299.0732106
298.3075421
299.7672243
300.2888493
300.0642323
299.6440865
299.0567224
298.8149127
299.5262864
300.7026722
299.7524633
299.4863245
300.3966067
300.6910761
300.5476477
299.9376391
299.0706212
300.3179177
300.4209753
298.905494
298.5366731
301.0158576
301.3694658
301.2755909
299.233058
299.6787757
299.4172676
299.0977558
299.3740674
299.805574
299.0834783
299.448236
299.322482
299.6506925
299.8133163
299.8047258
299.1051914
298.6985186
298.3277659
300.4765934
299.2681501
296.7189882
297.1153329
298.0292953
298.2862939
298.7245342
298.6065178
298.4018774
298.2330284
297.9856052
298.0371536
300.3347339
300.3713304
299.5474217
298.4892842
298.2325734
299.2069753
298.4777228
297.0942147
296.5057131
296.0418339
299.4928137
299.0711409
298.6220615
297.6127409
297.4901727
298.1919166
298.7132881
297.5420293
298.9512922
298.1624059
297.4995799
297.757298
297.2668326
299.1147744
298.1328594
297.1183837
297.2699845
298.1165482
298.9696018
299.786375
300.3185214
299.7393125
298.9859866
298.6953759
298.382482
298.5336991
297.8190453
297.1556542
296.8486829
298.0016684
298.1527249
298.538219
298.3889786
298.845249
299.3965712
299.6386229
299.8750529
300.9947566
300.6493306
300.0624067
298.9741585
300.5353579
301.6883798
300.0884199
298.5090711
299.1270263
297.5898472
296.9929741
298.5360866
298.8332074
299.1056134
298.4658125
299.3499414
299.6706771
299.8688183
300.4203629
300.7170325
299.9989189
298.9111517
299.9106743
300.7745059
299.8275002
298.2648737
298.6962602
298.1315326
299.3076228
299.180907
300.6180032
300.0360067
299.4226835
299.3464089
299.005837
301.1659244
301.1485669
299.3874919
298.7427412
298.1345686
298.7605119
300.1608148
300.4587989
299.5309214
300.7606564
299.879656
299.4478982
298.2139183
299.0224754
300.4151494
300.6247318
300.8514291
301.0194033
300.78944
300.2497733
299.7255303
299.5234553
299.9672809
300.0970404
299.7465491
302.3525937
300.9602803
298.7382678
298.7821086
298.6790225
300.0844464
300.7327495
301.6134129
300.3526474
300.0806178
300.4505387
300.863071
300.5855038
300.8164924
301.1143685
300.4625369
301.5626827
301.2015937
300.4850337
298.6041481
298.0792531
296.9813613
298.8135653
297.8532126
299.4461015
300.2968816
300.3593045
299.8317282
299.3235853
298.3795118
299.5603126
298.1803589
297.6368705
298.3490458
298.2481926
299.405356
298.9285477
299.6326257
299.3416155
297.1084461
297.9360297
298.2013125
297.8135482
300.7830139
299.5000367
297.8855301
297.7587661
297.0618281
298.6316806
299.4988111
298.5369273
299.0964383
299.6426963
299.7969153
300.3042798
299.9675174
298.4506402
297.4840489
299.7226903
300.0268519
300.6670666
299.9453804
299.294277
299.4977944
299.9544762
299.9552965
298.2807613
298.0587802
298.3859307
297.7108442
298.2836036
297.7017115
297.8610127
297.7683471
298.9681371
299.0131907
300.3052725
297.7615974
298.6830104
299.0725382
297.580552
299.8983704
299.6883756
298.3616624
298.8178498
299.0495814
298.9361472
299.1367564
299.3213365
299.6131226
299.4188138
298.6936599
300.3097786
300.6972669
299.8669487
299.9603935
299.549326
298.7870213
298.4963341
299.4976946
300.431249
300.1761372
299.0877961
301.1733001
301.0259733
299.3773847
299.5006553
299.2591524
297.8161191
296.4313926
297.4161693
298.151503
299.5499927
300.8802688
298.6341874
298.872144
299.6392552
301.7400461
302.251813
301.9276734
299.7896273
300.057403
301.6090249
300.4536778
299.4886889
300.1596211
299.9838509
300.1572029
300.166287
299.6460959
298.0397207
298.2210124
297.6071441
296.877713
297.7366089
298.539238
298.1786975
297.2330106
296.2254859
296.3080946
297.354603
299.8264119
300.480936
298.0070972
298.1597512
299.0136034
298.9409625
299.5781527
300.7056599
300.935298
300.764679
302.6061806
301.4579067
299.1974661
299.6841157
300.6636178
301.8807564
300.4455301
299.3733404
299.4484892
300.4244022
300.1553805
299.7110195
298.9553982
298.7704776
300.1048147
300.4316868
300.5637832
301.7841453
300.5926938
300.4371745
299.8166791
301.2711691
298.9341337
300.8097339
300.372434
300.5115584
301.7412368
301.5523424
301.2894899
299.177778
299.8615251
299.6602813
298.4912814
298.5253489
297.9465197
297.8365656
299.4654987
299.8310193
300.0453746
299.6708604
301.211052
300.6549295
301.5951993
301.0818415
300.9874784
302.8813328
300.4988336
301.0724336
299.8777449
300.4047833
299.3931045
299.8365958
299.1534079
299.7844452
301.2556515
301.3310668
300.1073759
299.1558171
299.1904153
299.0378517
299.6125139
300.8449486
301.0461446
299.9361276
299.2422037
299.7055806
300.4666456
299.4380403
299.9001952
298.9985431
298.3551032
297.9410202
299.0012904
299.2994249
297.693706
299.0825781
300.2791623
299.3574773
297.924498
299.7607751
299.0167098
299.1911431
299.7817658
300.2468453
299.0395912
297.9896361
298.0395371
299.6808724
299.4183994
299.2608075
298.8740675
298.6847226
297.9288031
296.8859704
296.9727187
298.3585485
298.5444645
298.3735139
299.7422987
299.8448483
299.4748934
298.7475934
297.4856726
298.3823958
300.1468203
299.2144334
299.3477959
299.9456067
299.7886335
297.979815
298.2606746
298.5484037
298.3330465
298.2602314
298.5987723
298.6878764
298.3257664
298.285334
297.9791022
298.9786454
299.7664675
301.1386299
301.9659606
300.2932156
298.2148375
300.4916861
299.1036396
299.0636634
298.3708358
299.3998818
299.115802
299.2745295
297.1128511
298.5939912
299.3889311
299.2657129
299.4308623
298.2517964
298.0143673
299.1194018
298.4915532
298.3489311
298.3785282
297.312017
298.3450777
298.6287371
299.3510358
299.2940612
298.9733236
296.8364139
296.8352064
296.3522425
299.5196803
299.5100769
300.6118735
300.6380507
300.7805722
300.4982286
300.4793551
300.535908
299.3122579
298.4788183
298.5188033
298.7934102
299.1184368
298.7540296
299.7416736
299.7805722
301.0501074
298.9377157
298.1858976
299.2593493
298.997979
299.6144199
299.3973836
300.5813887
299.2863148
299.947692
300.7951376
301.6551136
301.3913869
301.2027347
301.8123035
302.0518989
301.1609882
300.1387608
299.2249903
299.9984666
298.5022164
298.8741814
299.6837765
298.7039995
299.3160731
297.525488
298.1985866
299.4816922
299.984186
300.2397285
299.2424425
299.4903304
300.3764546
301.3283409
301.67236
301.8566925
300.9637114
299.4615792
298.550723
297.8987807
297.8987526
298.7062208
299.9953949
300.2072592
298.8582424
299.3371278
297.8977953
298.032895
298.651814
298.2215441
299.3801477
299.3193564
299.0692902
299.2374822
300.5270798
298.5324853
298.1285929
298.3525008
297.5245489
296.756984
299.1595133
299.8216745
300.7531037
298.757896
299.4929811
298.9920943
299.8441662
301.1259778
300.4702228
299.9265063
300.4412122
300.2940183
299.8928189
299.3035095
299.5753251
297.86088
296.8843121
297.7270915
300.5234391
298.8880262
299.7126733
300.898211
300.2304595
298.9406912
298.8660792
298.4662004
298.5405409
297.7189042
297.533712
298.277789
299.5204186
299.675938
300.7607241
300.6732
299.273115
299.5602002
298.7535422
297.4351146
297.2012905
299.2277383
299.7167655
299.5504559
298.553433
298.0624192
297.9982814
298.1324723
299.2598774
299.4493178
298.3999879
299.0882606
299.5164346
299.7232131
300.6009563
299.7967945
301.3941272
301.3598814
301.1820297
300.5414335
300.3443175
300.6998483
302.0151957
301.5491502
299.2375243
297.5556414
298.6759187
297.6964676
296.7647453
298.1389209
299.215223
298.6105328
299.3184039
300.3577936
299.9549418
300.2334498
300.5860616
298.5630664
298.3452207
298.9078426
299.7876048
299.0529262
298.9758235
299.8551143
299.3663781
299.921628
301.4771143
299.9356682
300.0669071
298.1241889
299.2977425
300.6700347
299.9239143
300.131438
299.4097689
298.5069882
299.8946398
300.5545172
301.6199008
301.4057097
299.1275296
298.866707
298.6676914
299.3516769
299.7056674
301.2190837
300.8349436
299.609979
299.1763351
299.7350077
298.8613321
298.9714776
299.1057743
300.4027741
299.924203
300.349016
300.4864245
300.1216417
297.8258493
297.6709684
299.041072
299.8950349
301.2652299
301.3638146
299.8569717
299.9422692
299.4958948
300.4094353
301.3402929
300.8968849
300.7622825
300.0044228
299.871584
299.64014
299.2059333
300.4167924
299.5107204
300.4223792
300.4926876
300.0759162
299.3983345
299.9099653
301.1047782
301.4763622
301.1523958
300.6891928
300.8820103
300.2844798
299.4979337
298.1240062
299.5539327
299.8259875
299.7102477
300.5442519
299.4123985
298.3839218
298.4716511
299.2931209
299.2822692
301.4470502
299.7806135
299.1238079
298.1845122
299.4177285
298.4091438
298.934374
299.1128615
298.7472108
298.1318411
298.2421236
298.9024542
299.8078286
300.9126568
300.009997
300.7314463
299.472901
299.0427932
299.6602417
300.22468
298.9316582
300.5680703
300.6054465
301.5859148
301.9201442
302.5982588
300.8748772
298.8351489
298.1096627
298.5987087
297.9003015
298.8575076
299.2414065
299.2737751
298.4442688
297.2382844
298.825205
298.8975408
298.5428
297.2614142
297.9009455
298.5598657
298.6876455
298.9226463
298.9318516
297.1987187
298.5980217
298.4229847
298.7265417
299.5466908
299.7948068
299.8660346
300.2643014
298.8615942
299.2359329
297.7761522
297.2585866
299.2696142
299.7910058
300.7834137
300.441067
299.6345376
299.9957802
299.6050088
298.7591487
299.3842564
299.3312182
298.2696134
298.0760857
298.8063099
298.6661413
297.485688
298.339828
297.9457459
298.5851343
298.1370301
298.4492668
298.1170401
300.0184019
299.0407122
297.6115843
298.439052
298.9328723
299.4121772
298.6048596
298.1644917
298.3100885
300.7113387
299.0011832
298.4594683
300.2090134
300.3539107
300.5186514
299.84203
300.1025459
301.2388093
300.8202709
300.0467186
300.0655289
299.6937171
302.5990057
301.5354791
302.1796442
301.3328221
301.5027811
302.7319709
302.6943524
297.9147099
298.278235
299.3631642
298.6049596
299.5925753
301.3194318
301.3190418
302.144935
300.4350795
299.8962088
300.6738061
299.1788821
300.3824659
300.2632712
300.5638969
299.1491105
299.9638587
299.1741296
296.892607
296.8896477
300.3124417
299.9477723
299.1305538
299.0378088
300.1078033
299.9530904
299.2508066
298.2161161
298.6817929
298.1108167
298.5086562
298.9671964
300.3200529
299.3406946
298.9377598
299.9549977
300.0260859
299.7394285
301.1705308
300.9236856
299.5992405
299.7754015
300.8982788
299.4048414
299.6736347
298.8449053
299.6610841
301.1298004
300.5740481
299.4243316
298.9652373
300.3128097
301.0611737
301.5787275
300.5896843
302.9874532
302.3192514
301.0749029
299.3953187
300.1129112
296.87179
297.41706
297.7448858
298.3224698
298.3636766
300.3057809
299.4195961
299.514435
298.2563926
298.2021801
297.3695342
297.4967276
299.6652111
299.9662154
298.6264082
297.7176993
295.5999041
296.7528451
296.4204993
297.1380973
300.1068649
298.1877481
297.9663315
297.6535359
300.3092477
300.2256955
298.9293033
298.5112683
298.1610597
299.2573793
299.9691705
299.4942397
298.0648925
298.9697671
299.5702269
299.4646013
299.3593957
298.4089398
298.4037674
300.2903875
300.2254423
301.6935432
300.7555406
299.8842294
299.1814435
299.0119598
299.257048
300.7015384
299.2749778
298.2649868
299.5298749
298.6681126
299.8858298
301.1849821
301.1010637
301.5325773
299.7692415
300.7905386
300.6329505
301.0249678
299.4730493
298.3445187
299.3522608
300.7236707
300.5275153
299.7066119
300.2014125
299.4486845
299.3014141
300.0010369
297.7582462
299.7496454
300.4881745
300.2355681
301.7676591
301.8714091
302.0040741
301.0767697
300.8440432
299.633245
300.3314212
299.5376927
300.0472426
300.4508421
300.83813
300.4672465
299.8217547
300.248801
298.0852562
298.0834772
300.229525
300.0495915
298.5487647
298.053013
298.322319
299.8819222
300.1613898
298.8412566
299.8539636
300.3108721
300.2280927
299.425358
299.2991967
299.0528738
299.7411099
299.7986595
300.5126633
300.8353691
301.0405711
301.4518361
300.667753
299.3970157
299.000434
298.5981742
300.273135
300.5367023
299.6905833
301.5799168
301.2030989
300.6228437
300.9841991
301.335444
300.290208
301.2607461
301.4234124
300.4841786
300.4890728
300.9434293
301.7208157
301.2774571
302.1574417
301.0315393
300.1423968
301.5655126
301.6979271
301.5737336
301.1835371
300.4565769
301.2502979
301.5180825
298.9172237
297.8786259
298.4610046
299.8358496
300.1365125
300.6446771
302.3323406
301.0433692
299.2649902
299.1178651
300.6710174
300.9917787
301.3044573
301.0583083
298.6646118
297.4712176
296.5877086
297.8822065
298.2739072
299.3395567
299.256914
298.5395315
299.9882441
299.9179447
299.7282981
299.6849656
299.5128454
300.1042587
301.1760732
301.5850779
300.9550942
299.9082687
300.2240915
300.3789024
301.1669837
300.557081
299.2851951
299.9629986
300.0160292
299.1519205
299.2482821
300.7949494
300.4259557
299.9512581
299.3390979
299.5225106
299.7236019
299.456159
298.3616798
297.767365
298.3412757
297.1374787
298.0442355
299.7254709
300.246984
301.5377236
300.3097682
301.5601651
299.5324219
298.6120206
301.0914077
301.1579469
299.0665445
299.7444372
299.9226576
300.7863524
299.5359753
298.5312077
300.1312146
301.0370429
299.8096292
299.5937419
299.2030126
298.8727629
298.6802414
298.2171208
298.4955398
299.943332
300.8770116
299.8254419
298.2974893
298.6957914
298.0822063
297.0432242
298.2298596
296.2569686
296.4625415
297.219487
297.4442657
297.2651387
298.6650438
297.6551118
298.8428628
299.2592915
299.1627904
297.8242936
298.7840622
298.9580306
300.5773865
297.942758
299.0751246
298.2988111
297.4435818
298.6179259
298.0912326
298.076561
298.5801491
299.7612049
300.4226527
301.8305272
302.05452
302.129423
300.8962299
299.0938639
296.9566786
298.0256785
298.7334889
299.3657944
298.4884513
299.4225584
300.3064261
300.8718494
300.029931
298.7559279
297.6801514
299.8822359
300.0701737
300.5703195
300.3496705
300.2424041
299.9543209
301.4817965
299.609545
299.6644772
301.1836504
302.0328909
301.9885981
301.0547159
299.7093055
299.7140022
301.0312663
299.7946578
300.0162879
298.444177
298.0779089
296.9025086
298.7913918
298.9493755
297.8951189
299.5464818
298.980603
298.3569656
298.1259012
299.477904
299.8566006
298.7182157
297.9557707
298.8708156
299.4295632
299.8355589
299.0273755
299.5690469
299.874297
299.4502585
300.2876804
300.1228409
298.3855725
297.4035133
298.7592818
300.3257367
300.3585036
297.6325696
296.7066232
296.3962877
296.984512
296.4795988
299.0405565
297.7323735
298.5755561
298.2627365
297.9155441
298.8820304
298.448935
299.4137963
299.6198501
299.5706976
300.4400086
300.4169788
299.2600006
297.9274016
297.9441356
298.0188704
297.587344
297.2967362
297.1523062
296.8603879
298.8716442
296.4507839
296.9097405
296.8191981
299.3007499
297.2807273
297.4502277
298.4791312
298.308198
297.9782073
298.8538546
299.5053911
300.0515285
298.2935236
298.4363353
297.6835054
299.0046776
297.8202895
297.7890433
296.4239942
296.6916799
296.6013111
298.0355203
298.8166566
298.3186005
301.0034404
301.4256423
300.1019042
299.527284
298.7442664
298.0376376
296.9677332
296.7989446
296.5622572
296.300296
297.8290782
298.1030954
298.8505265
298.571576
297.5418677
297.4712055
297.9669171
299.1696469
298.1549719
297.2847915
298.8304764
297.7673312
298.7754606
299.093273
299.0263055
300.0211443
299.5660426
299.7023769
301.359388
301.94343
300.2399757
298.1844164
298.1543446
297.5089043
297.3453952
297.9766547
298.2993001
297.989659
297.6865577
299.6467206
299.0842234
299.2005495
296.9966204
296.0462293
296.9889877
296.5277801
297.2520083
300.4679117
300.191307
300.253707
301.1784727
300.8233043
300.2912892
299.9063216
299.633035
299.6171619
298.5524098
298.0047141
297.9523484
299.9526801
300.0763561
299.8869334
300.0270984
299.422808
299.0193045
299.056227
300.0025495
299.3429442
298.8659429
299.8092928
298.5630311
298.7869771
299.9650291
298.7374495
299.2208052
300.2631495
300.9637774
301.9987347
300.179002
300.6606181
301.5850628
300.726364
298.4797889
298.9896041
299.064437
299.8494715
300.0231487
300.5429596
300.2548074
300.0231136
299.4922934
299.6810563
299.6293845
299.6370685
299.038711
300.224506
299.644652
299.7912706
300.2138892
300.3269024
300.9370491
301.3194845
299.9778024
299.1134361
299.0978627
299.3941152
299.1575271
299.9546073
300.3997384
300.2419623
300.6505128
300.4961879
299.3737817
299.1517472
300.0772518
301.0106443
299.159264
299.5815478
300.1005218
300.1464107
300.403003
300.4432694
299.6907317
299.535107
298.8970819
297.9327283
298.9847278
301.2754744
300.6442206
299.7378445
300.1461785
299.7913703
300.1505873
299.4322431
300.1912971
300.3257016
301.1174471
299.2107991
298.8581314
299.5049513
299.8604309
298.4821544
298.9799004
297.9872195
297.9946308
297.5116326
296.8696061
297.6442492
298.5211804
300.5759057
301.2385599
300.7939661
298.834358
299.4301283
299.8127627
299.3080646
298.789735
299.4796164
299.5298824
300.4083289
299.9496197
298.9331979
299.1297012
299.8922779
300.3906322
299.6393457
300.6365141
300.6809352
299.3324302
299.2193824
301.6048829
300.3863497
300.1457953
300.3166566
300.0154715
300.00778
299.5087808
300.6125024
300.2482214
301.3204945
301.2477496
301.9751751
301.352583
300.3820431
299.3330744
300.3665065
299.3635863
297.8802854
298.8872132
297.8836101
297.9303212
298.4242855
300.5925493
301.3754488
299.8271382
297.5521112
298.583683
299.5011168
301.1979604
299.2919477
298.5605099
299.7200304
298.8966701
298.5825896
298.1541995
298.9366207
301.5730041
301.3315751
300.4530054
301.3514073
301.0270114
302.9459302
301.7579849
303.9946703
302.4901415
302.5981227
300.3361967
300.5677859
300.4848988
297.701061
298.1602317
299.3001978
301.8689802
302.2142685
300.3439297
300.9768958
300.1595657
299.9580137
300.1309282
298.3485066
298.7123018
300.1837747
300.7903254
298.7133444
299.1079802
300.8265839
299.6088477
299.3778693
298.2537154
299.0815717
298.8734261
298.5784199
298.1454213
297.6210753
298.4001253
297.9807748
298.9434442
300.1269457
298.2476029
299.0391724
298.6969216
300.5524769
299.741716
298.9429056
299.7715767
298.9454822
298.8368701
298.7632363
299.344724
296.4754626
296.2175264
299.3650735
298.4998658
298.2550992
298.8713997
297.2518488
297.9796078
297.7538278
298.3810193
298.9315014
300.0462928
299.0490571
298.7261033
298.2174263
297.5409864
298.7356894
299.357041
298.3522338
298.5112657
297.7385883
298.4505146
299.9606152
299.9673544
299.8162767
300.4547592
299.7142094
299.2731464
300.3534974
301.3668189
300.4889693
301.2565042
300.5031247
298.6822646
297.8198922
298.2181904
297.8332561
298.2869049
298.6373759
299.0623632
297.5855743
299.1209086
300.7373254
299.0552478
299.1007103
298.4715781
299.169883
299.6494093
299.5649851
299.1287058
297.5879185
298.1533905
297.7984175
299.6682198
300.1028703
298.8912284
298.534394
299.5350447
298.1393522
297.6791966
300.5419632
298.663393
298.7749124
297.9738136
298.8670008
297.8504516
298.9432551
299.0382561
299.2312719
300.6336036
299.0997288
298.7615395
297.5856566
297.6025103
298.2398375
299.1403252
298.7870329
298.9292239
298.007256
300.0229924
297.8166536
299.3236555
298.365425
298.1216987
298.3028144
297.6296745
297.5232146
298.3142185
297.1001419
298.0180048
299.1976465
300.3909905
300.4273815
299.8787988
298.9443449
298.4856285
298.0839478
298.1579534
297.7101199
297.5625792
298.0259785
297.3844328
298.0974731
299.9435873
299.9109865
300.21617
298.4676657
297.7644804
298.3293452
298.4573747
298.6092346
297.6006568
299.1832159
298.6441841
299.2398242
299.6753987
298.9715977
298.0671327
298.7591134
298.4169788
300.0086651
299.3895707
299.4623956
298.5216867
298.7313349
298.6777028
299.5649585
299.9652493
300.9452316
300.5203951
300.9012804
301.0781813
301.5462291
301.7136581
302.586174
300.8927782
301.123993
301.670436
301.6404947
301.8406126
300.7481676
300.5126901
299.9684384
299.614954
299.4873695
298.7881301
298.2411844
298.9946828
297.2135893
296.2635788
297.9668675
298.9434728
299.6573377
301.3922814
302.0004709
301.2112729
301.8562397
302.1271873
301.5064816
299.8428588
300.6640177
301.1345908
302.3502812
301.4206943
299.9312226
299.3979945
298.496168
299.1109262
299.3223317
299.2644451
299.8082778
299.3332136
297.6828931
297.433514
299.4184505
299.7204005
299.2317939
299.5807409
300.3171714
300.4171066
297.8970937
297.3364762
297.0018549
298.6226613
300.6013392
301.428868
300.0296443
299.8029901
298.5407081
298.8597424
298.9169895
299.4653239
300.2684387
299.7104792
300.4596096
300.9576117
301.1288527
300.0724481
300.5284473
300.464174
299.8206097
298.3777756
297.7779209
297.701767
297.9923662
298.2844896
299.6385547
299.1745755
299.1512498
299.0258407
298.2094526
296.8834066
296.7543702
300.2866503
299.2311438
298.9854651
297.5518236
298.7706226
298.5192622
299.6983547
297.9292738
298.3975325
298.599271
299.6392116
297.332598
297.6361326
297.363048
298.7527812
299.1441404
299.1707686
298.9019017
297.48508
297.9267366
296.5116775
297.8405242
298.1018037
299.262374
298.6278983
298.5463387
297.7217955
299.9942842
299.5466701
299.8745313
298.5697137
298.9890271
298.0719716
298.0174818
297.496303
297.4012046
297.7840804
299.2550977
299.5958432
298.9510624
298.1981771
297.6884571
297.4230177
297.2308088
296.7395947
297.7892989
298.4597408
300.8278246
300.2620877
300.3704953
301.1691203
299.0774574
299.0176387
296.8143701
298.1388584
299.6466469
301.3928667
301.3466702
300.0601358
298.6970625
298.6464321
298.6069486
299.4812638
300.0436664
298.7439915
298.8558572
300.365997
297.8449253
298.1322225
297.7298643
298.3263216
298.8981775
300.5372317
301.7773803
299.1031374
298.1856842
298.2623311
298.427014
298.9389716
299.1772795
299.0007562
299.4957477
300.0540632
299.1365265
300.1463221
299.9381292
299.4970088
301.8380302
300.8604857
299.5540784
298.3295405
299.6480428
299.4310068
298.2816824
299.5316588
299.5178732
298.2871983
298.6956798
298.5706276
299.1722504
299.2905273
300.9012107
301.4792502
301.8654384
300.2448985
299.8068244
301.5650656
301.0915483
300.3490633
301.7339648
302.4804208
302.4218377
301.3952832
300.2318612
299.4224122
298.0256355
298.6508022
298.3405597
297.8531253
297.9597119
297.4673116
296.8298802
299.0799174
297.532314
297.8123882
298.5506276
299.5008711
298.1528568
299.2263254
297.6309615
299.8382589
299.0640913
298.725359
299.0995384
297.9995402
298.2595912
297.9811722
298.7044434
297.5962045
297.5406074
297.1353751
298.5750465
299.0780038
298.1450072
296.1303616
295.8847664
297.1552307
297.6759501
297.8949453
298.8741918
299.6944599
297.8664698
297.1807583
298.8455709
299.2517303
297.5692726
298.0297948
298.4456594
299.3676979
299.4035495
299.5661214
299.8171945
300.4964495
300.5977603
300.2859164
299.9127335
298.736221
300.8997326
299.9203429
299.1860381
298.967089
299.4141121
300.8353438
299.7866396
298.6398113
299.9613947
298.6902731
299.6597771
298.4817006
299.8107584
298.9953004
299.3082983
298.9842219
301.3509401
301.9016122
300.6709095
301.348734
299.5336199
298.2886033
298.6954272
299.3457411
299.1869268
299.3162855
300.0519064
299.2376208
298.8948704
299.1105358
298.7973042
299.0163529
299.0175776
299.2226039
299.2570284
298.2284658
299.4105847
298.2421372
298.9157825
299.9318698
298.820769
298.388412
297.5856822
299.3045803
300.5940924
300.8495714
300.6476044
299.6076963
299.4833292
299.5603449
298.8843301
299.7205192
300.8737027
300.559284
302.2176425
300.7940853
301.0680285
299.2422068
297.0173964
297.9230309
298.9689191
299.1733287
298.0997887
298.477986
299.1605897
297.2172527
298.5721165
298.7321358
300.208978
301.4501466
302.2361429
303.2172126
301.3526841
300.6702688
300.3910803
300.8059781
301.3653213
300.4032397
300.0589502
298.7276799
301.9472181
300.700283
300.2169891
300.0958856
298.1721781
298.8955034
298.2253492
297.9370274
300.0973659
297.9571619
297.2584564
299.6624123
299.0825671
299.2188443
299.7410203
301.3188257
301.7311704
300.7824353
300.0493376
301.9175297
298.9640627
299.8091289
300.3163543
299.8342049
300.5509061
300.3867242
301.0238153
300.290257
300.0238418
300.5267669
300.9987125
300.9229924
301.3279496
300.7582766
300.9288123
300.0579834
299.0145531
299.9984017
299.6923636
299.450497
298.9493523
297.2335247
297.9955834
299.1432536
298.4482906
297.7317068
297.1072965
297.907671
297.3126756
297.663605
297.9769185
298.4036999
298.6950967
297.7225475
295.6144436
296.54422
296.9403473
298.3556653
299.1512162
298.6185366
297.5089029
297.4532419
297.4181903
298.0015982
297.0782494
298.447936
299.0571135
299.3493514
299.9932987
300.9233131
299.1590504
299.0494741
298.0763539
297.2537503
297.9125565
298.7954066
300.9722738
299.9453474
300.13415
298.8832517
297.5823865
299.3173398
299.0471375
298.5726385
297.8260257
297.1936255
297.083674
297.1877617
299.2621858
298.868123
298.0026148
298.0903705
299.102382
298.7985357
298.7067764
298.1076497
297.808227
298.0203906
298.0128289
296.9531472
299.009125
298.8025548
298.3968937
299.1313106
298.0088312
298.3743716
299.3824387
299.5129675
298.3101658
297.2894524
297.2452905
296.043058
295.6568056
295.7964124
295.0804259
296.0742631
297.3221968
299.8864518
299.3220946
298.3949045
299.1759527
298.23636
299.137842
299.1742014
298.5258963
299.1835679
299.0098815
298.4067825
297.9600227
298.0222163
298.9586939
298.6512176
299.2732397
298.3908548
297.1328663
295.840519
296.779104
296.411164
297.7504488
299.0218178
298.2184024
299.2860376
299.6989457
299.873883
300.5728754
298.5040721
298.7183998
300.3411588
299.3203336
298.2198557
299.2308722
298.5717314
298.7498682
300.5469122
299.5660482
297.983922
298.6606873
300.8437423
299.5715935
299.0011959
298.2996832
297.0063092
297.0459908
297.4796544
297.988871
297.6502962
299.3962778
298.7976782
299.1123686
298.6887826
298.5137195
299.0343833
297.734156
297.5409022
297.5447393
299.0467409
299.012609
299.0387738
299.8578061
297.8164432
298.875552
301.4223776
298.3719009
297.3240862
300.2790167
299.470604
299.7697483
300.1457988
299.7946657
300.2568058
300.9216476
299.497807
299.9714586
300.4241018
299.304734
297.8181055
299.0458345
300.3862916
299.1968706
299.2280363
300.8281697
300.1586354
300.7292527
299.4900205
296.9787534
298.0259953
297.101575
299.6233433
299.5174982
299.6258867
298.6096646
299.3027999
300.7932937
300.8712309
299.5866114
298.6258658
298.8361092
299.9626234
300.5559124
300.8044078
299.3558918
298.8359934
299.5140888
298.3671168
299.3717327
300.0666227
300.1363625
300.4494873
299.2255851
298.4740062
298.0415972
298.1808436
298.3343303
298.2572392
299.9932176
298.3296314
298.0855798
299.4829768
300.5895987
300.35416
301.610997
299.0302876
298.4865373
300.035142
299.7394124
299.0997227
299.0183729
299.3171289
299.5973967
300.6441113
300.3427175
298.0254865
296.7795184
297.4278385
298.8549518
299.7919355
299.8206407
301.0291569
301.0612307
302.0054178
297.6704904
299.0867496
300.5409846
300.3512405
300.2406869
299.2022378
298.2804024
297.0234115
297.0966217
296.8184131
297.7258882
298.5657218
299.9355999
301.0915896
300.7887394
300.295555
300.0337168
300.7628515
300.7212155
298.5451405
)
;

boundaryField
{
    xPeriodic_half0
    {
        type            cyclic;
    }
    xPeriodic_half1
    {
        type            cyclic;
    }
    yPeriodic_half0
    {
        type            cyclic;
    }
    yPeriodic_half1
    {
        type            cyclic;
    }
    zPeriodic_half0
    {
        type            cyclic;
    }
    zPeriodic_half1
    {
        type            cyclic;
    }
}


// ************************************************************************* //
