/*--------------------------------*- C++ -*----------------------------------*\
| =========                 |                                                 |
| \\      /  F ield         | OpenFOAM: The Open Source CFD Toolbox           |
|  \\    /   O peration     | Version:  v1706                                 |
|   \\  /    A nd           | Web:      www.OpenFOAM.com                      |
|    \\/     M anipulation  |                                                 |
\*---------------------------------------------------------------------------*/
FoamFile
{
    version     2.0;
    format      ascii;
    class       volScalarField;
    location    "0.004";
    object      dsmcNMean_Ar;
}
// * * * * * * * * * * * * * * * * * * * * * * * * * * * * * * * * * * * * * //

dimensions      [0 0 0 0 0 0 0];


internalField   nonuniform List<scalar> 
4000
(
22.56385
22.575325
22.5721
22.500575
22.43335
22.50585
22.539175
22.6294
22.778825
22.864625
23.01945
23.2713
23.543025
23.795875
24.02695
24.427025
24.793875
25.33525
25.9043
26.915875
28.036225
29.614875
31.55255
34.299975
37.73705
42.416825
47.827525
53.900225
61.395775
68.9152
76.381975
83.548875
90.7584
97.709925
104.94515
114.601375
127.40825
145.224125
173.153575
223.003825
30.483075
30.517075
30.523425
30.554925
30.586
30.615925
30.6947
30.672525
30.705275
30.838275
30.8987
30.977175
31.0559
31.2778
31.601975
32.033275
32.5077
33.24305
34.094
35.11075
36.561225
38.527325
41.017875
44.49905
49.1215
54.999975
62.341475
71.150025
80.882375
91.17365
101.104525
110.904975
120.258275
130.022525
140.31365
153.06975
170.4609
194.886575
233.33925
300.294425
31.620175
31.6623
31.745575
31.778175
31.8289
31.863125
31.910475
31.947675
31.938575
31.98775
32.13265
32.272825
32.4216
32.6573
32.855775
33.192575
33.61625
34.19305
35.056875
36.18675
37.6824
39.660625
42.20085
45.8678
50.3974
56.226825
64.0345
73.03735
82.82545
93.7164
104.314675
114.031175
124.0007
134.3383
145.173975
158.172575
176.614675
202.24345
241.4306
310.635875
32.077025
32.070725
32.039125
32.0369
32.10095
32.1759
32.2541
32.273275
32.385475
32.428325
32.492875
32.593575
32.720425
32.96935
33.2923
33.629275
34.087825
34.6798
35.428875
36.464425
37.8757
39.893575
42.569625
46.200675
50.484775
56.5167
64.126225
73.30585
83.31
93.837125
104.775425
115.081225
125.11035
135.397375
146.534025
160.015075
178.667875
203.9429
243.961675
314.12155
32.2618
32.2606
32.286175
32.36545
32.3717
32.3567
32.362725
32.412575
32.46415
32.554825
32.65695
32.7073
32.918825
33.162925
33.3992
33.66675
34.070125
34.645925
35.493775
36.62125
38.0935
39.883525
42.463075
45.8864
50.680625
56.420025
63.955175
73.22305
83.278575
93.4749
104.550725
115.144975
125.16415
135.4805
147.048325
160.7453
179.4648
205.20095
244.455475
314.397825
32.405225
32.378475
32.387775
32.373525
32.431375
32.454775
32.4845
32.551725
32.646125
32.6768
32.74095
32.819725
32.949825
33.161625
33.42895
33.80175
34.2148
34.835175
35.655925
36.720275
38.03855
39.9306
42.639625
45.793825
50.412
56.367225
63.814
72.669225
82.6428
93.451375
104.069225
114.587825
124.967375
135.269825
146.8816
160.714475
179.14665
205.4785
243.883825
314.128425
32.43205
32.5085
32.535025
32.585175
32.5595
32.55055
32.554275
32.55715
32.63045
32.706325
32.771275
32.95415
33.152675
33.325225
33.5759
33.851525
34.300825
34.8697
35.59785
36.58855
37.926725
39.764225
42.246
45.5585
50.095325
55.93375
63.40865
72.16115
81.95165
92.661325
103.527975
114.2387
124.6605
134.962975
146.333175
160.1317
178.7932
204.427225
243.545025
313.788025
32.560325
32.5643
32.56255
32.564375
32.5786
32.65385
32.69515
32.745425
32.775625
32.816125
32.94375
33.0014
33.1433
33.348425
33.651575
33.90745
34.276625
34.860625
35.619625
36.669425
38.0019
39.818875
42.17925
45.457725
49.770125
55.33245
62.645875
71.109575
81.00485
91.5939
102.65605
113.367575
123.7002
134.31095
145.371125
159.798475
178.2716
203.4603
242.5204
312.836825
32.541025
32.5561
32.55445
32.574
32.59605
32.671025
32.707475
32.745525
32.778825
32.878025
32.947525
33.0806
33.172925
33.347025
33.60715
33.939925
34.376225
34.9101
35.611775
36.501825
37.8287
39.65835
41.927725
45.0625
49.35605
54.8236
61.7097
70.431725
79.802325
90.4928
101.005775
112.253275
122.593175
133.00065
144.54605
158.54385
176.60145
202.255275
241.19485
311.814825
32.6022
32.60615
32.636575
32.6604
32.66145
32.613175
32.681175
32.7328
32.779675
32.831575
32.940025
33.08105
33.31535
33.5101
33.698675
33.944775
34.299
34.8078
35.440475
36.343475
37.604175
39.323175
41.5772
44.627525
48.57475
53.860525
60.6777
69.0171
78.65675
89.367725
100.2713
110.711175
121.45065
131.79225
143.31705
157.259775
175.62215
201.304775
240.8032
311.472875
32.61025
32.6341
32.7173
32.77485
32.819775
32.8621
32.859925
32.9317
32.96915
32.998725
33.09685
33.124175
33.202675
33.349475
33.569825
33.934925
34.2868
34.8806
35.4999
36.39585
37.5964
39.157975
41.303625
44.10105
48.130125
53.174425
59.671275
67.71965
77.25445
87.59065
98.622575
109.287125
119.666025
130.30795
142.2339
156.409325
174.4578
199.96675
239.115275
308.683975
32.633675
32.659025
32.669725
32.64575
32.6263
32.662475
32.703125
32.74035
32.777125
32.896575
32.936225
32.96235
33.051475
33.26305
33.467575
33.774775
34.1228
34.621
35.237625
36.163425
37.30765
38.8662
40.8869
43.56885
47.386625
52.30745
58.454975
66.096975
75.423325
85.8553
96.587875
107.264675
118.0034
128.866275
140.788475
154.2947
172.4789
197.4335
235.638725
305.206225
32.65935
32.693125
32.6979
32.716425
32.781275
32.8602
32.881225
32.8583
32.895475
32.898325
33.002275
33.108175
33.248175
33.348925
33.50475
33.779675
34.164575
34.639375
35.21605
36.02005
37.184275
38.59675
40.455525
43.1219
46.4201
51.0455
57.147625
64.576075
73.575425
83.62495
94.51665
105.171775
116.299675
126.782975
138.500575
151.920175
170.05865
194.7319
232.259775
302.905225
32.665175
32.6425
32.664025
32.6846
32.69195
32.72845
32.772875
32.83515
32.905025
32.957925
33.0106
33.11345
33.1868
33.27965
33.4511
33.73455
34.041475
34.463275
35.0551
35.83865
36.847825
38.234225
40.18955
42.53685
45.82775
50.0799
55.923225
63.034225
71.659475
81.7845
91.988225
102.976575
113.614925
124.71575
135.820425
149.6614
166.7994
190.954425
229.019875
298.37305
32.663775
32.6865
32.703875
32.654825
32.65115
32.6225
32.60165
32.6226
32.599325
32.68815
32.784375
32.884325
33.05735
33.209725
33.401625
33.670625
33.9932
34.39095
34.946025
35.636525
36.629625
37.92815
39.53935
41.786675
45.028
49.1062
54.39685
61.3946
69.861675
79.4738
89.812275
100.177675
111.26595
121.5607
132.8721
146.410975
163.589925
187.6799
224.779575
292.70415
32.651375
32.619875
32.62745
32.69875
32.7024
32.7127
32.753525
32.74825
32.8046
32.843775
32.901925
32.97055
33.054075
33.1764
33.363925
33.611475
33.9848
34.414475
34.869475
35.634375
36.5046
37.645775
39.229125
41.404475
44.321775
48.145325
53.0817
59.6459
67.4823
76.80335
86.9971
97.709425
108.2939
118.7912
130.048525
142.70395
159.48315
182.595675
219.178425
287.278475
32.711825
32.720225
32.726825
32.670475
32.7171
32.766425
32.777225
32.85805
32.938775
33.0236
33.065375
33.120675
33.227775
33.3413
33.499175
33.65345
33.957625
34.24065
34.77705
35.45565
36.3396
37.38005
38.74695
40.825375
43.5355
47.1843
51.794975
57.77565
65.447825
74.252475
84.483525
95.0231
105.181975
115.926875
126.311675
138.3863
154.655525
176.789475
211.978475
278.173425
32.663825
32.6997
32.72185
32.731425
32.76145
32.7699
32.852275
32.871075
32.86555
32.861225
32.938125
32.96675
33.0996
33.296425
33.49265
33.70865
33.910675
34.2911
34.77295
35.3734
36.09615
37.236275
38.59045
40.563475
42.968525
46.122575
50.312725
56.119125
63.00985
71.578825
81.266
91.645475
101.631
111.94145
121.864775
133.802675
148.2441
168.926975
202.453125
267.0694
32.721125
32.688125
32.66875
32.707075
32.70815
32.727975
32.762225
32.725925
32.751775
32.837475
32.890725
32.985825
33.08915
33.231625
33.370975
33.619925
33.900075
34.185
34.624
35.105925
35.852625
36.815225
38.015775
39.735975
42.0987
45.19005
48.9809
54.220975
60.8041
68.91535
78.140725
87.890225
97.610675
107.799825
117.4259
128.246
141.044025
159.244525
188.63535
248.518675
32.7141
32.7338
32.72225
32.740625
32.682675
32.723275
32.787525
32.89585
32.934325
32.93445
32.961325
33.04725
33.105
33.149525
33.26575
33.432475
33.682575
33.9874
34.380375
34.898275
35.53855
36.401475
37.782625
39.2759
41.37145
44.207175
47.711875
52.575875
58.5327
66.028175
74.43305
83.812125
93.511725
102.9722
112.191125
122.482575
132.8951
146.3969
167.266575
213.701575
32.680425
32.672125
32.70995
32.743875
32.828925
32.819475
32.774425
32.7761
32.75825
32.794375
32.9198
32.9864
33.074125
33.2273
33.332275
33.4869
33.74535
34.054075
34.38205
34.80805
35.362975
36.19045
37.253975
38.715175
40.64215
43.179475
46.5707
50.76255
56.1736
63.0509
70.999475
79.8299
88.874825
98.122025
106.99255
115.273075
123.60215
132.348425
139.784975
131.49535
32.728525
32.7642
32.76405
32.753425
32.74245
32.736225
32.6964
32.733125
32.7095
32.749725
32.8194
32.8585
32.942725
33.00535
33.173875
33.3285
33.5349
33.792575
34.17345
34.551875
35.08225
35.869975
36.96035
38.242025
39.8728
42.024225
45.084975
49.021375
53.9924
60.00405
67.52785
75.735775
84.18905
93.036
101.178425
108.4436
114.777225
119.0581
118.78205
105.56225
32.6999
32.72105
32.7349
32.761925
32.749775
32.76735
32.794075
32.783425
32.852625
32.8665
32.90565
32.910875
32.930375
33.022575
33.168225
33.332275
33.519125
33.77325
34.05915
34.5016
35.01645
35.6405
36.4685
37.69625
39.2101
41.193125
43.729925
47.1773
51.5956
57.267325
63.915425
71.556225
79.88385
88.2649
95.776975
101.864375
107.0107
108.734925
105.9185
96.046975
32.69685
32.7204
32.71
32.7224
32.72655
32.788575
32.871
32.9581
32.989075
33.02645
33.090275
33.1518
33.225775
33.265075
33.3364
33.479475
33.640575
33.815675
34.06465
34.299625
34.79395
35.354375
36.079675
37.13785
38.3816
40.255225
42.73095
45.621725
49.53045
54.44805
60.57775
67.46175
75.329525
82.790825
90.0056
95.49825
99.591925
100.697425
98.468325
91.126
32.746425
32.755975
32.782825
32.825125
32.81145
32.79215
32.790525
32.810475
32.832
32.88525
32.87695
32.92865
33.04645
33.146575
33.2443
33.3251
33.502875
33.6384
33.904175
34.212725
34.671975
35.16845
35.824875
36.7777
37.93035
39.352625
41.45875
44.2063
47.659225
52.1321
57.659525
63.991325
70.869875
77.909275
84.659375
89.9492
93.319775
94.3685
92.74515
87.6315
32.7479
32.766725
32.756375
32.741325
32.761425
32.786475
32.8334
32.8307
32.870275
32.8617
32.904475
32.918225
32.946625
33.005575
33.095025
33.175925
33.3265
33.54365
33.747825
34.008625
34.350925
34.78215
35.4466
36.33745
37.44045
38.800725
40.672125
43.00495
46.113075
50.0501
54.775625
60.401925
66.704225
73.1794
79.360125
84.62445
88.234625
89.675925
88.4969
84.8976
32.69635
32.6598
32.691775
32.6745
32.70225
32.72385
32.736925
32.743875
32.753625
32.758625
32.765325
32.8067
32.84935
32.925575
33.006975
33.097725
33.196975
33.3592
33.56165
33.854325
34.156725
34.63395
35.151775
35.919575
36.82195
38.105825
39.712675
41.68005
44.366875
47.75255
51.87325
56.765175
62.36235
68.584475
74.5954
79.480375
83.49145
85.297425
85.076125
82.599725
32.749775
32.78
32.7804
32.75995
32.749075
32.73135
32.7194
32.743675
32.77895
32.8065
32.886375
32.9429
32.99765
33.0001
33.0018
33.079875
33.15315
33.337375
33.5416
33.766625
34.047675
34.470825
34.978475
35.668775
36.452875
37.3905
38.8856
40.63425
42.939025
45.88145
49.473925
53.940225
58.957975
64.389375
69.745075
74.76415
78.5687
81.1346
81.543
80.3253
32.749425
32.737375
32.733575
32.7832
32.84175
32.872125
32.8672
32.8528
32.860925
32.84345
32.812275
32.838325
32.882275
32.9819
33.092075
33.181125
33.237825
33.36905
33.496925
33.681475
33.96415
34.2534
34.731325
35.2808
36.0448
36.8862
38.0773
39.7102
41.676
44.1371
47.327925
51.078775
55.3315
60.368075
65.3233
70.1612
74.2473
77.3247
78.555325
78.21625
32.73945
32.7123
32.707575
32.682275
32.654275
32.627825
32.6468
32.667
32.729425
32.753225
32.7791
32.8203
32.85925
32.8999
32.98
33.0845
33.1752
33.264875
33.52065
33.64475
33.8525
34.141375
34.5053
34.983425
35.5854
36.412525
37.526375
38.925
40.71595
42.868825
45.331875
48.579525
52.4692
56.76175
61.44455
66.0291
70.100225
73.380375
75.275925
75.712875
32.735025
32.7654
32.7584
32.735575
32.727125
32.766625
32.779925
32.765675
32.7314
32.709225
32.751775
32.7645
32.838825
32.86715
32.909725
32.93905
33.015025
33.109775
33.243575
33.416175
33.723175
33.927525
34.288
34.75095
35.305
36.0234
36.913525
38.026975
39.5321
41.26205
43.590225
46.322075
49.775325
53.5791
57.7441
61.96055
65.977025
69.60935
71.9839
73.284625
32.748425
32.746675
32.800275
32.764475
32.76885
32.7607
32.7311
32.7026
32.7404
32.77645
32.833725
32.809475
32.837725
32.852375
32.956725
33.033975
33.0714
33.121525
33.242625
33.374425
33.509275
33.79735
34.04615
34.443625
34.937675
35.511725
36.300225
37.204675
38.5173
40.089425
41.91015
44.2205
47.129025
50.4211
54.320475
58.284225
62.144325
65.58325
68.462525
70.6615
32.728525
32.7457
32.67345
32.69365
32.71075
32.694475
32.7722
32.814275
32.788075
32.8203
32.784825
32.79515
32.847825
32.88085
32.93725
32.96535
33.0306
33.1257
33.253775
33.388325
33.6182
33.8029
34.05525
34.376725
34.824775
35.3853
36.02235
36.84865
37.854425
39.15545
40.7286
42.7057
45.18305
47.80895
51.250725
54.918325
58.3945
61.876325
64.9175
67.338325
32.7364
32.690425
32.69135
32.700225
32.70885
32.751075
32.748875
32.761275
32.83175
32.8215
32.82805
32.8364
32.829525
32.87745
32.9356
32.963125
33.0359
33.121825
33.169925
33.283575
33.34905
33.558425
33.78945
34.066525
34.4174
34.882975
35.3891
36.1414
37.06865
38.2076
39.6392
41.447675
43.4636
45.9806
48.6171
51.7775
55.145325
58.50805
61.59245
64.396075
32.71255
32.745075
32.7823
32.8114
32.80395
32.77385
32.7974
32.79505
32.765725
32.7712
32.7924
32.861375
32.889625
33.001025
33.0441
33.086525
33.084825
33.1614
33.228075
33.2798
33.4383
33.64555
33.81835
34.0793
34.42225
34.6911
35.162325
35.7094
36.483725
37.37025
38.506275
39.88845
41.68315
43.80005
46.170575
48.90105
51.9623
55.0619
58.1944
61.1626
32.7647
32.759975
32.773625
32.756225
32.740125
32.724225
32.734275
32.740325
32.767475
32.813025
32.877925
32.86015
32.87055
32.82785
32.81905
32.838275
32.90085
32.94835
33.029075
33.172775
33.31695
33.469775
33.636025
33.829025
34.083625
34.496775
34.832225
35.362325
35.941375
36.62885
37.6255
38.760575
40.33425
42.214325
44.17995
46.6466
49.20705
52.08425
54.910225
57.7587
32.70085
32.726625
32.7206
32.717575
32.757725
32.7836
32.77285
32.802725
32.8076
32.786225
32.8238
32.80995
32.827275
32.862625
32.91665
33.012225
33.044825
33.065475
33.10885
33.16885
33.188975
33.266475
33.3789
33.5417
33.79395
34.074125
34.450925
34.8443
35.414525
36.0988
36.892025
37.844175
39.09135
40.60685
42.35895
44.201225
46.59515
49.09885
51.9064
54.6833
32.7161
32.71455
32.70005
32.745425
32.74855
32.75505
32.795175
32.7542
32.767275
32.84565
32.825375
32.870325
32.86995
32.887925
32.880725
32.8526
32.8644
32.95215
32.981375
33.050175
33.163825
33.288775
33.42995
33.5762
33.7874
33.999275
34.33385
34.70495
35.116125
35.7853
36.46525
37.281775
38.244175
39.489825
40.9599
42.67885
44.436625
46.591625
49.061125
51.672275
32.7633
32.7727
32.76425
32.738025
32.719
32.710925
32.70635
32.723825
32.725075
32.6874
32.707225
32.70925
32.69855
32.663475
32.696925
32.756625
32.75995
32.841975
32.90565
33.01675
33.13365
33.234775
33.377525
33.54315
33.70895
33.897975
34.13935
34.474625
34.8205
35.275725
35.8531
36.532975
37.3462
38.395475
39.525975
40.97735
42.65815
44.531925
46.71345
48.9167
32.72115
32.72445
32.7409
32.75095
32.734925
32.752725
32.715425
32.715725
32.718325
32.689575
32.658475
32.745925
32.814775
32.91335
32.955925
32.92255
32.950125
32.991825
33.054475
33.128325
33.159075
33.151525
33.239675
33.355775
33.5177
33.65635
33.923175
34.181875
34.518125
34.85235
35.34425
35.883275
36.599925
37.4398
38.443175
39.7728
41.224525
42.814875
44.68825
46.4966
32.753325
32.7583
32.739775
32.701775
32.72685
32.7798
32.769025
32.7732
32.834
32.860675
32.9135
32.868275
32.87645
32.8346
32.843975
32.8824
32.923275
32.962475
32.957825
32.956925
33.0256
33.1209
33.192825
33.27345
33.388475
33.527375
33.6971
33.964375
34.1881
34.54135
34.934
35.374575
35.90045
36.55965
37.5436
38.48925
39.580025
41.15915
42.7713
44.5904
32.77565
32.7926
32.8078
32.868675
32.90065
32.88405
32.87845
32.864025
32.7878
32.790675
32.797075
32.8059
32.785825
32.77335
32.76725
32.7845
32.76275
32.78895
32.80735
32.9068
32.958725
33.0443
33.16815
33.293475
33.428675
33.594875
33.725175
33.915225
34.21325
34.492625
34.867625
35.2159
35.633475
36.200225
36.8786
37.724775
38.687025
39.736825
41.032325
42.6247
32.718225
32.738375
32.733575
32.645
32.59095
32.55895
32.62325
32.6507
32.6931
32.724125
32.720225
32.727725
32.72475
32.76495
32.79765
32.8053
32.846225
32.885075
32.93845
32.933725
32.980525
33.05455
33.05505
33.10965
33.147625
33.304625
33.4431
33.619675
33.791975
34.049025
34.367125
34.777825
35.209925
35.6189
36.238
36.890075
37.731
38.701075
39.8011
41.019225
32.75365
32.73855
32.768925
32.812025
32.80685
32.82905
32.783075
32.79745
32.8158
32.7854
32.800725
32.82195
32.812475
32.77665
32.785675
32.8257
32.876
32.926175
32.929325
32.94965
32.963225
32.953425
33.05325
33.147075
33.205425
33.27615
33.3588
33.51035
33.696975
33.9204
34.19805
34.508525
34.867775
35.25745
35.76895
36.24255
36.941425
37.76215
38.718275
39.73095
32.729
32.7401
32.732425
32.74235
32.8002
32.78555
32.797525
32.781325
32.7908
32.8111
32.8201
32.808675
32.83135
32.855625
32.8724
32.848125
32.838025
32.8462
32.892325
32.925425
32.993925
33.076075
33.08115
33.1234
33.22365
33.323025
33.39045
33.477625
33.593225
33.72375
33.9122
34.2098
34.56825
34.8661
35.271575
35.8191
36.282775
36.912825
37.69775
38.58025
32.7506
32.799075
32.77955
32.727425
32.66105
32.67975
32.638975
32.62305
32.6196
32.6294
32.640625
32.652275
32.648
32.67805
32.708275
32.6976
32.687025
32.73775
32.7794
32.843425
32.87315
32.868075
32.9304
33.009725
33.09615
33.178375
33.28445
33.3964
33.525525
33.642125
33.84755
33.98965
34.173025
34.494075
34.82695
35.231575
35.724175
36.27245
36.8256
37.58615
32.733925
32.700675
32.6537
32.7014
32.76305
32.7311
32.762675
32.796125
32.773
32.7523
32.76
32.81615
32.807225
32.7581
32.7376
32.778125
32.8051
32.78245
32.74165
32.75275
32.7891
32.834325
32.89555
32.9814
33.0102
32.988275
33.0314
33.066825
33.17415
33.3111
33.455525
33.641225
33.82035
34.07955
34.43875
34.8043
35.220875
35.692475
36.169225
36.90175
32.762575
32.73485
32.790925
32.7405
32.717675
32.7182
32.765875
32.78905
32.78615
32.824475
32.7922
32.732675
32.747375
32.7743
32.80985
32.822975
32.851025
32.8933
32.93625
32.9475
32.927775
32.9042
32.91275
32.9075
32.9924
33.068025
33.17725
33.2744
33.40165
33.542325
33.630675
33.756475
33.9426
34.08635
34.256275
34.518875
34.894975
35.228175
35.68
36.1617
32.74815
32.775075
32.79165
32.788575
32.796275
32.8347
32.76995
32.759025
32.78245
32.780175
32.77635
32.827425
32.860475
32.888175
32.8896
32.8928
32.897125
32.8722
32.851825
32.907425
32.94905
32.966325
32.9655
33.018625
33.0431
33.10215
33.0877
33.1349
33.182925
33.232825
33.313075
33.45355
33.623875
33.809875
34.03185
34.31545
34.517625
34.8544
35.201175
35.573375
32.73665
32.7535
32.6906
32.695825
32.67675
32.706025
32.78025
32.7764
32.781825
32.8067
32.804275
32.84555
32.848075
32.81575
32.782225
32.765575
32.764975
32.789
32.7969
32.78075
32.786625
32.7701
32.803825
32.79795
32.864625
32.9127
32.99255
33.051475
33.1413
33.215325
33.283125
33.411775
33.50215
33.661825
33.7525
33.888325
34.17885
34.347375
34.6429
34.98515
32.74145
32.71095
32.7774
32.78485
32.752475
32.7147
32.695375
32.68165
32.659675
32.64145
32.652175
32.642575
32.641825
32.6563
32.65305
32.655775
32.671625
32.72365
32.72975
32.74645
32.850575
32.937775
32.95485
32.9726
33.009725
32.98065
32.994425
33.11435
33.11985
33.152725
33.167475
33.26315
33.37425
33.4825
33.60795
33.82565
34.0568
34.281475
34.553425
34.860575
32.782925
32.7758
32.7257
32.7139
32.746975
32.7306
32.6815
32.709225
32.71315
32.7175
32.72075
32.6926
32.656825
32.701075
32.740375
32.7578
32.79715
32.77805
32.768025
32.752525
32.788525
32.774275
32.78915
32.84595
32.8283
32.8944
32.936425
32.942675
32.943975
32.992225
33.1268
33.140825
33.24185
33.387
33.5794
33.6943
33.858325
34.055775
34.253425
34.450725
32.7368
32.75335
32.767425
32.790275
32.797
32.808025
32.831075
32.79565
32.798
32.767875
32.7991
32.818
32.82265
32.8107
32.811675
32.806625
32.762925
32.7508
32.752675
32.801575
32.824525
32.83565
32.823025
32.8053
32.84905
32.829725
32.867575
32.964525
33.02055
33.14545
33.15535
33.238775
33.278475
33.347275
33.386825
33.485275
33.60775
33.728925
33.94905
34.2108
32.732825
32.723325
32.712
32.702425
32.72825
32.795225
32.798825
32.850075
32.867075
32.908275
32.821025
32.811375
32.846475
32.866975
32.8187
32.79225
32.8297
32.878375
32.888
32.874875
32.838425
32.82335
32.881125
32.88305
32.8565
32.8385
32.886375
32.9105
32.962425
32.967725
33.012875
33.07465
33.1171
33.169375
33.251775
33.3362
33.388475
33.464225
33.5733
33.7011
32.76725
32.76625
32.8278
32.8019
32.77885
32.7326
32.7184
32.701125
32.699925
32.723
32.773425
32.76895
32.7636
32.77745
32.783525
32.76725
32.7869
32.799775
32.8053
32.79965
32.7942
32.8144
32.781525
32.78905
32.81285
32.886925
32.920625
32.90395
32.90725
32.937375
32.939125
32.9692
33.0232
33.1066
33.21845
33.3
33.38075
33.50315
33.617875
33.75525
32.764725
32.729625
32.663375
32.68475
32.649175
32.6321
32.657575
32.703225
32.669
32.6534
32.66885
32.6776
32.642425
32.68155
32.74475
32.7669
32.78615
32.79185
32.777075
32.860725
32.92835
32.913975
32.93305
32.95685
32.971025
32.9613
32.934775
32.927275
32.953575
32.9534
32.971375
33.015
33.060625
33.0909
33.0923
33.1162
33.233675
33.314625
33.340175
33.477725
32.731875
32.767575
32.81795
32.8218
32.81065
32.805275
32.769475
32.729925
32.768675
32.77245
32.77805
32.794225
32.786575
32.788825
32.7486
32.7325
32.74455
32.725975
32.7695
32.750925
32.718275
32.76055
32.76695
32.8082
32.8182
32.86775
32.87785
32.966575
32.978975
33.016575
33.00985
33.029425
33.066625
33.0997
33.1552
33.203275
33.276075
33.3404
33.471375
33.5818
32.78835
32.805875
32.80665
32.800675
32.8292
32.83785
32.8784
32.875425
32.888625
32.856525
32.855525
32.846475
32.82225
32.8641
32.893075
32.9116
32.848825
32.8325
32.79545
32.76485
32.781575
32.768725
32.762925
32.78165
32.786775
32.78925
32.79405
32.747875
32.8056
32.8619
32.9657
33.010025
33.016925
33.08285
33.1661
33.213475
33.368725
33.394525
33.447875
33.445775
32.7643
32.74575
32.74705
32.759225
32.775325
32.781025
32.765575
32.7838
32.776175
32.82045
32.82505
32.818675
32.8177
32.7398
32.715375
32.702475
32.729275
32.74565
32.74685
32.809875
32.789825
32.821925
32.858275
32.816475
32.802575
32.819625
32.823025
32.8813
32.85725
32.84495
32.823575
32.83215
32.874575
32.8769
32.881275
32.913675
32.934425
33.00335
33.107575
33.270875
32.74245
32.72075
32.718175
32.710175
32.699325
32.7006
32.7184
32.6895
32.67915
32.66455
32.668975
32.68305
32.73695
32.72755
32.73375
32.727
32.7471
32.7543
32.768675
32.721025
32.702075
32.71235
32.69075
32.745825
32.779725
32.78745
32.7748
32.77705
32.82705
32.86685
32.877725
32.893275
32.919025
32.96835
32.97255
33.00255
33.034025
33.077925
33.096325
33.113525
62.859375
42.440425
37.259675
34.689575
32.990425
31.93485
31.187825
30.723425
29.832325
29.106175
28.4398
27.99135
27.53105
27.220725
26.64095
26.40055
25.9038
25.552575
25.08275
24.984575
24.4382
24.16385
23.8831
23.667225
23.241225
22.958175
22.56175
22.484925
22.14285
21.97255
21.477
21.2675
20.7447
20.2329
19.809675
19.395125
18.8481
18.4786
17.712325
15.559975
77.161725
55.397325
44.698625
39.511825
36.34755
34.24785
32.606525
31.616875
30.495125
29.687475
28.9546
28.38745
27.7765
27.2942
26.773
26.1906
25.705125
25.4083
24.92355
24.61075
24.450175
24.106875
23.55965
23.3096
23.028775
22.80395
22.601125
22.287525
21.91335
21.5439
21.10955
20.8585
20.498375
20.111925
19.653275
19.09625
18.648925
18.0517
16.94355
15.258075
79.707575
63.664525
52.3313
45.298475
40.6289
37.2977
34.963275
33.58975
32.126375
31.099825
30.103
29.214625
28.41115
27.814475
27.0674
26.552
26.189525
25.768125
25.325
25.0775
24.7337
24.287375
23.822275
23.507825
23.3906
22.8932
22.4285
22.153725
21.867275
21.647175
21.307975
20.889075
20.55975
20.2498
19.7476
19.2847
18.782775
18.095275
17.02795
15.8609
80.2571
68.14785
57.93115
50.3471
45.074625
41.125275
38.01075
35.9526
34.049025
32.7095
31.4999
30.5152
29.553475
28.754125
27.947175
27.4157
26.768125
26.2795
25.88005
25.47255
24.857325
24.484375
24.204025
23.78095
23.4314
23.058075
22.685375
22.4296
22.3313
21.981
21.422625
21.091975
20.855325
20.373725
19.92885
19.459225
18.810375
18.22645
17.491175
16.43455
79.996025
70.919175
62.230575
54.895475
49.100625
44.86745
41.43375
38.8152
36.559775
34.845175
33.291425
32.0888
30.942175
30.0868
29.17025
28.262875
27.606475
27.09475
26.4811
25.9651
25.525075
25.099275
24.78515
24.249225
23.940375
23.543325
23.379925
23.024775
22.63885
22.312725
21.980675
21.669275
21.2494
20.79805
20.256525
19.717875
19.317475
18.76345
17.939575
17.0615
79.036175
72.316125
65.36935
58.7521
53.20395
48.482875
44.70735
41.436775
39.121175
37.058575
35.250125
33.870425
32.53315
31.4335
30.547025
29.818225
28.916975
28.25775
27.56265
27.041875
26.498625
25.9986
25.449475
25.04485
24.6578
24.34625
23.9689
23.52395
23.136275
22.720575
22.464775
22.0359
21.686225
21.35135
20.884725
20.399075
19.924275
19.418425
18.703125
17.959725
78.3759
72.819225
67.22425
61.691325
56.276925
51.7932
47.8098
44.69995
41.94075
39.736325
37.699525
35.978
34.54025
33.17935
32.1389
31.1173
30.20025
29.4739
28.734225
28.01015
27.41035
26.833575
26.304025
25.6888
25.395325
24.9064
24.621175
24.1445
23.81665
23.41295
22.9311
22.587275
22.12655
21.8443
21.4319
21.000225
20.4715
19.958675
19.33455
18.74965
77.67405
73.465625
68.551275
63.7642
59.2203
54.690625
50.947975
47.392625
44.593425
42.158575
39.961975
38.1698
36.6114
35.18585
33.894575
32.799975
31.75785
30.874325
30.144775
29.39075
28.535825
27.958525
27.3363
26.7417
26.28715
25.8501
25.3421
24.895775
24.30885
23.9133
23.57805
23.231825
22.745425
22.24275
21.864825
21.59635
21.182975
20.65235
20.10665
19.577625
76.292075
73.403
69.64675
65.21345
61.0852
57.166125
53.54035
50.25175
47.2289
44.67085
42.525075
40.5207
38.644225
37.000575
35.736625
34.5644
33.20945
32.264775
31.387225
30.646425
29.900525
29.174625
28.574075
27.92335
27.348575
26.837275
26.2411
25.80805
25.382625
24.866125
24.4537
23.999025
23.5708
23.210475
22.685225
22.266825
21.8604
21.322225
20.831225
20.3243
74.925825
72.8503
69.88695
66.516475
62.8876
59.433425
56.0051
52.73525
49.7668
47.13585
44.8038
42.62005
40.76045
39.114925
37.509925
36.2406
35.1211
33.92425
32.8973
31.9549
31.193475
30.45005
29.677425
29.037475
28.47845
27.97095
27.345325
26.73975
26.2399
25.83445
25.382325
24.8693
24.480325
24.060875
23.515875
23.104875
22.70215
22.224975
21.742925
21.20205
73.29785
72.0967
70.0103
67.53235
64.5689
61.2939
58.0214
55.15025
52.241825
49.576625
47.1866
44.92675
43.0184
41.2894
39.607425
38.06345
36.70465
35.602
34.534275
33.5111
32.673025
31.8097
31.005875
30.36995
29.618425
29.0368
28.4308
27.817525
27.315225
26.6633
26.14875
25.5818
25.18585
24.73175
24.390025
23.895125
23.430525
23.033775
22.53365
21.985125
71.299075
71.085725
70.0241
67.94045
65.510375
62.8624
60.031225
57.24655
54.453
51.816875
49.312975
47.126075
45.266375
43.426425
41.768325
40.1693
38.77565
37.483225
36.381475
35.23525
34.289675
33.390975
32.4981
31.59175
30.933825
30.203075
29.533475
28.871225
28.375275
27.864125
27.311925
26.7325
26.2879
25.795875
25.3779
24.93605
24.480775
24.004475
23.38005
22.90915
68.939075
69.277075
69.00665
67.920525
66.15195
63.7424
61.21455
58.82615
56.348225
54.0746
51.690625
49.437925
47.3511
45.462475
43.675225
42.10695
40.56705
39.317475
38.042775
36.895125
35.820275
34.726525
33.797725
33.0219
32.25625
31.53985
30.8806
30.13385
29.49965
28.8972
28.3844
27.70245
27.209
26.6878
26.2703
25.7841
25.286425
24.86535
24.419225
23.8701
66.284875
67.4078
67.553275
67.1852
66.2442
64.67995
62.543575
60.367425
58.1427
55.723275
53.622375
51.497325
49.450075
47.65445
45.775775
44.116975
42.64725
40.997175
39.666025
38.429375
37.351825
36.373775
35.267125
34.325475
33.525825
32.832
32.19115
31.50725
30.848425
30.1625
29.52275
28.90785
28.362475
27.828325
27.2396
26.7133
26.2166
25.6196
25.158925
24.665325
63.59245
65.108925
66.109525
66.336975
65.79225
64.89445
63.457175
61.5347
59.674525
57.59255
55.549675
53.3834
51.357075
49.470625
47.60805
45.9373
44.3819
42.954975
41.47225
40.174525
39.054125
37.998025
37.00835
36.068825
35.0924
34.0772
33.32385
32.64385
31.923725
31.2172
30.738375
29.999625
29.47335
28.8831
28.30655
27.67265
27.1394
26.63685
26.1902
25.74785
60.3681
62.6239
64.046775
64.787725
64.986025
64.5053
63.55455
62.403
60.70385
59.199925
57.228575
55.3181
53.432075
51.45225
49.7144
47.93705
46.308475
44.839225
43.639875
42.2596
40.85455
39.661625
38.465375
37.450975
36.630825
35.7594
34.81895
34.038725
33.22085
32.575675
31.82585
31.28735
30.65095
29.999525
29.40565
28.9408
28.48145
27.905175
27.399875
26.81185
57.411325
59.7211
61.48485
62.9003
63.558525
63.7475
63.3163
62.5433
61.3852
59.945725
58.451775
56.846425
55.093
53.35485
51.6046
49.975675
48.4106
46.90895
45.4302
44.114075
42.846575
41.594225
40.3923
39.17185
38.109
37.194575
36.295775
35.425075
34.676075
33.985825
33.294075
32.515925
31.850975
31.302525
30.689275
30.108275
29.509825
28.980375
28.3664
27.8141
54.353625
56.79
58.94255
60.684625
61.947425
62.78595
62.9517
62.506675
61.95415
60.882275
59.619675
58.141275
56.756425
55.2481
53.561925
51.994075
50.226175
48.561625
47.151575
45.724375
44.466025
43.26055
42.085575
40.946675
39.97435
38.940775
37.941725
37.105
36.287975
35.42505
34.50525
33.786775
33.046475
32.434525
31.897875
31.2671
30.56775
30.0193
29.489825
28.8904
51.334475
53.73125
56.1007
58.120375
59.73235
61.05165
61.81305
62.055775
61.7927
61.303525
60.38635
59.176575
57.81045
56.603475
55.19075
53.662875
52.284425
50.611675
49.0629
47.629025
46.268725
45.0816
43.9192
42.77315
41.573775
40.582775
39.689975
38.726
37.794025
36.899625
36.089925
35.31535
34.54695
33.84365
33.115675
32.521825
31.87145
31.18035
30.5602
30.055025
48.612875
50.998
53.2434
55.538225
57.427625
58.835425
59.926925
60.80025
61.1608
60.9135
60.42315
59.8874
58.87905
57.5733
56.367725
55.09895
53.685375
52.367475
50.907825
49.540875
48.104875
46.830175
45.5776
44.472475
43.309825
42.109475
41.106325
40.1513
39.316
38.45315
37.64065
36.87765
36.107275
35.39335
34.6801
33.84545
33.216025
32.582
31.9334
31.32575
46.608725
48.601675
50.7104
52.70545
54.805525
56.64525
58.322375
59.416075
60.114275
60.507375
60.502675
59.883675
59.37035
58.55765
57.636575
56.412225
55.156825
53.94585
52.6126
51.235925
50.011325
48.73225
47.468375
46.255775
45.099175
44.053225
42.934325
41.8215
40.6926
39.88725
38.96075
38.1443
37.322375
36.535125
35.799075
35.208175
34.5522
33.845325
33.297525
32.600325
44.271775
46.125
48.153525
50.0686
52.084875
53.969775
55.7561
57.331475
58.584
59.2803
59.7387
59.89955
59.49695
58.99515
58.2949
57.4547
56.4965
55.312525
54.131225
52.9008
51.614625
50.25515
49.165375
47.940775
46.763825
45.6251
44.6099
43.66765
42.66765
41.66525
40.7867
39.909
39.0107
38.07095
37.3428
36.629625
35.968275
35.30295
34.5675
33.944
42.4362
44.155825
45.950625
47.80865
49.634275
51.4927
53.2842
54.922975
56.44385
57.710125
58.562925
59.016725
59.177825
59.05395
58.55175
57.9485
57.144375
56.27865
55.27735
54.2407
53.13575
52.02885
50.766775
49.574275
48.49215
47.466275
46.31075
45.18685
44.266225
43.33525
42.32135
41.399725
40.52595
39.760575
38.8632
37.9876
37.16695
36.517
35.89955
35.314075
40.975775
42.300275
43.83745
45.5094
47.325775
49.052725
50.816575
52.596425
54.12395
55.532675
56.6945
57.6943
58.3674
58.734775
58.7922
58.57005
58.091525
57.309375
56.464075
55.3905
54.392125
53.342075
52.331
51.3992
50.178425
49.059225
48.021525
47.044075
45.8802
44.849925
43.922375
42.95525
41.98705
41.056975
40.327125
39.544375
38.701875
37.978775
37.1471
36.456825
39.5437
40.723
42.04235
43.45005
45.030175
46.71825
48.40195
50.18485
51.78885
53.4631
54.9421
55.980275
57.0081
57.6589
58.076125
58.14745
58.02975
57.66665
57.158825
56.4978
55.6006
54.6297
53.641525
52.59185
51.650925
50.531875
49.428925
48.422625
47.511725
46.45665
45.527475
44.681075
43.713675
42.85445
41.9405
41.1347
40.3457
39.470075
38.78775
37.975875
38.414875
39.38645
40.47575
41.6624
43.014175
44.61025
46.2203
47.8307
49.520275
51.1687
52.76855
53.9504
55.177075
56.1801
56.925175
57.4273
57.6807
57.732475
57.491025
56.96295
56.355325
55.73595
54.8865
53.91935
53.021475
52.074
51.162125
50.05895
49.008475
48.119
47.0733
46.1917
45.299225
44.4357
43.565225
42.73875
41.923625
41.07845
40.2363
39.385425
37.649075
38.441775
39.387
40.431825
41.6615
42.78615
44.2022
45.7779
47.281925
48.952475
50.552075
52.16035
53.3983
54.601925
55.6296
56.328125
56.92225
57.174525
57.425875
57.43655
57.05755
56.4401
55.825475
55.068825
54.323025
53.493125
52.563275
51.720425
50.75945
49.699125
48.7729
47.794025
46.899225
45.905725
45.021775
44.155275
43.3052
42.500975
41.7414
40.971275
36.770775
37.469975
38.292875
39.14495
40.047975
41.241775
42.461625
43.8275
45.2299
46.64
48.210525
49.7876
51.386175
52.7384
53.8828
55.00415
55.786925
56.435175
56.8415
56.9217
56.9548
56.770025
56.37595
55.9182
55.3405
54.64995
53.784
52.94765
52.146525
51.233575
50.30925
49.33575
48.417475
47.530875
46.544525
45.719225
44.88295
44.117175
43.3031
42.534775
36.0637
36.730425
37.389225
38.113475
38.9954
39.991075
40.997425
42.1633
43.467075
44.7689
46.106775
47.62455
49.018275
50.4403
51.813475
53.165475
54.290075
55.1511
55.943475
56.52215
56.7794
56.896325
56.730675
56.36705
55.9032
55.35885
54.837625
54.148875
53.18115
52.4625
51.708125
50.818375
49.847525
49.0118
48.2104
47.25215
46.379325
45.63985
44.896175
44.10395
35.389425
35.9036
36.51195
37.096925
37.7928
38.575725
39.466175
40.42785
41.6013
42.85875
44.1819
45.4996
46.97215
48.327675
49.6953
51.087625
52.2975
53.435025
54.376625
55.1546
55.706
56.1824
56.50195
56.53005
56.30305
56.0687
55.611675
54.991125
54.471575
53.7641
52.89245
52.18175
51.3677
50.53865
49.7256
48.917875
48.00855
47.0705
46.189775
45.44985
35.22565
35.547275
35.9081
36.440075
37.03755
37.620475
38.306425
39.219425
40.1582
41.16505
42.234375
43.521225
44.807175
46.15405
47.4997
48.843675
50.1296
51.4428
52.519625
53.654825
54.479625
55.050175
55.50195
55.82295
56.034725
56.04665
55.870525
55.63205
55.120475
54.603
54.0071
53.29255
52.512825
51.708175
50.854175
50.019225
49.354025
48.5902
47.696875
46.83965
34.746975
35.0825
35.44395
35.848375
36.304275
36.823775
37.392025
38.0939
38.866125
39.66705
40.656275
41.76005
42.9635
44.244975
45.542775
46.78635
48.089175
49.398725
50.596675
51.835825
52.8824
53.812375
54.5694
55.068825
55.517175
55.782225
55.888775
55.7069
55.483025
55.1911
54.688025
54.192725
53.706625
53.03945
52.34975
51.522225
50.69325
49.92795
49.258075
48.4248
34.40435
34.7109
35.009725
35.3352
35.7058
36.120225
36.637825
37.16835
37.856725
38.601875
39.35915
40.19685
41.15605
42.221175
43.421175
44.718225
45.8864
47.2364
48.712425
49.83165
51.03695
52.212225
53.10035
53.953475
54.53995
54.995075
55.3277
55.622825
55.66355
55.49805
55.35935
54.936175
54.4356
53.966925
53.431125
52.7969
52.0228
51.3148
50.6175
49.931475
33.89865
34.1711
34.47735
34.8192
35.1343
35.475125
35.965775
36.4513
36.954875
37.529375
38.2573
39.024175
39.86795
40.794675
41.8731
43.04965
44.293975
45.339
46.449
47.838075
49.06045
50.220625
51.2919
52.187125
53.1092
53.98135
54.542925
54.874
55.2249
55.352625
55.27085
55.1246
54.8438
54.403
54.023575
53.65555
53.071925
52.4507
51.612475
50.884475
33.882925
34.029375
34.216925
34.44885
34.7264
35.030825
35.36805
35.790775
36.21865
36.68205
37.25685
37.906475
38.5659
39.34975
40.17365
41.095875
42.157775
43.37855
44.54715
45.670325
46.7986
48.093925
49.4216
50.518475
51.488075
52.319225
53.106775
53.8566
54.346025
54.758325
54.983825
55.1388
55.0884
54.941175
54.5999
54.109925
53.73795
53.1836
52.6997
52.144075
33.682875
33.807875
33.961275
34.15545
34.387675
34.671325
35.011825
35.33295
35.7485
36.193075
36.626125
37.1132
37.7158
38.356625
39.036975
39.793075
40.655475
41.548475
42.63015
43.789875
44.9715
46.08
47.2469
48.3614
49.51185
50.57105
51.599275
52.38765
53.063775
53.631175
54.123125
54.494975
54.6831
54.73935
54.73985
54.675525
54.270175
53.933675
53.45555
52.930575
33.639825
33.81885
33.976875
34.155075
34.3475
34.5525
34.702075
34.984
35.284575
35.659725
36.095625
36.576725
37.054
37.605075
38.258725
38.99015
39.682575
40.52475
41.33345
42.231
43.21895
44.313525
45.3758
46.5837
47.670275
48.716825
49.85545
50.909075
51.782
52.546875
53.19655
53.812425
54.14785
54.4648
54.625275
54.61365
54.57935
54.40735
54.0517
53.673975
33.483275
33.510975
33.62575
33.7056
33.8534
34.0747
34.338925
34.572675
34.8248
35.128425
35.412475
35.8323
36.23435
36.6592
37.111175
37.580925
38.204175
38.927
39.77355
40.602675
41.44315
42.372275
43.464525
44.586275
45.790625
46.850925
47.8493
49.013275
50.150475
51.13335
51.94145
52.6645
53.356175
53.7886
54.193225
54.489575
54.613425
54.619075
54.664875
54.54075
33.34295
33.479975
33.582275
33.682975
33.79245
33.881525
34.033525
34.204625
34.353275
34.576375
34.84495
35.108625
35.52205
35.89815
36.362925
36.9438
37.495825
38.069475
38.683975
39.363475
40.2201
41.0347
41.873775
42.844675
43.93815
45.098775
46.2245
47.230025
48.2582
49.36535
50.44865
51.403325
52.30905
53.083575
53.73445
54.256075
54.713725
55.036425
55.20775
55.2661
33.183825
33.2819
33.341825
33.47535
33.63705
33.796075
33.890525
34.05315
34.245525
34.4431
34.69805
34.92365
35.19995
35.554475
35.92095
36.2943
36.815325
37.3388
38.0082
38.6608
39.328375
40.183125
41.01405
41.81885
42.6902
43.791675
44.90765
46.055
47.267525
48.426325
49.577425
50.754125
51.851875
52.8815
53.7574
54.676775
55.397975
55.974725
56.48355
56.961475
)
;

boundaryField
{
    flow
    {
        type            calculated;
        value           nonuniform List<scalar> 
180
(
22.56385
30.483075
31.620175
32.077025
32.2618
32.405225
32.43205
32.560325
32.541025
32.6022
32.61025
32.633675
32.65935
32.665175
32.663775
32.651375
32.711825
32.663825
32.721125
32.7141
32.680425
32.728525
32.6999
32.69685
32.746425
32.7479
32.69635
32.749775
32.749425
32.73945
32.735025
32.748425
32.728525
32.7364
32.71255
32.7647
32.70085
32.7161
32.7633
32.72115
32.753325
32.77565
32.718225
32.75365
32.729
32.7506
32.733925
32.762575
32.74815
32.73665
32.74145
32.782925
32.7368
32.732825
32.76725
32.764725
32.731875
32.78835
32.7643
32.74245
32.74245
32.72075
32.718175
32.710175
32.699325
32.7006
32.7184
32.6895
32.67915
32.66455
32.668975
32.68305
32.73695
32.72755
32.73375
32.727
32.7471
32.7543
32.768675
32.721025
32.702075
32.71235
32.69075
32.745825
32.779725
32.78745
32.7748
32.77705
32.82705
32.86685
32.877725
32.893275
32.919025
32.96835
32.97255
33.00255
33.034025
33.077925
33.096325
33.113525
33.183825
33.2819
33.341825
33.47535
33.63705
33.796075
33.890525
34.05315
34.245525
34.4431
34.69805
34.92365
35.19995
35.554475
35.92095
36.2943
36.815325
37.3388
38.0082
38.6608
39.328375
40.183125
41.01405
41.81885
42.6902
43.791675
44.90765
46.055
47.267525
48.426325
49.577425
50.754125
51.851875
52.8815
53.7574
54.676775
55.397975
55.974725
56.48355
56.961475
15.559975
15.258075
15.8609
16.43455
17.0615
17.959725
18.74965
19.577625
20.3243
21.20205
21.985125
22.90915
23.8701
24.665325
25.74785
26.81185
27.8141
28.8904
30.055025
31.32575
32.600325
33.944
35.314075
36.456825
37.975875
39.385425
40.971275
42.534775
44.10395
45.44985
46.83965
48.4248
49.931475
50.884475
52.144075
52.930575
53.673975
54.54075
55.2661
56.961475
)
;
    }
    cylinder
    {
        type            calculated;
        value           nonuniform List<scalar> 
60
(
62.859375
42.440425
37.259675
34.689575
32.990425
31.93485
31.187825
30.723425
29.832325
29.106175
28.4398
27.99135
27.53105
27.220725
26.64095
26.40055
25.9038
25.552575
25.08275
24.984575
24.4382
24.16385
23.8831
23.667225
23.241225
22.958175
22.56175
22.484925
22.14285
21.97255
21.477
21.2675
20.7447
20.2329
19.809675
19.395125
18.8481
18.4786
17.712325
15.559975
223.003825
300.294425
310.635875
314.12155
314.397825
314.128425
313.788025
312.836825
311.814825
311.472875
308.683975
305.206225
302.905225
298.37305
292.70415
287.278475
278.173425
267.0694
248.518675
213.701575
)
;
    }
    wedgeFront
    {
        type            symmetry;
    }
    wedgeBack
    {
        type            symmetry;
    }
    defaultFaces
    {
        type            empty;
    }
}


// ************************************************************************* //
