/*--------------------------------*- C++ -*----------------------------------*\
| =========                 |                                                 |
| \\      /  F ield         | OpenFOAM: The Open Source CFD Toolbox           |
|  \\    /   O peration     | Version:  v1706                                 |
|   \\  /    A nd           | Web:      www.OpenFOAM.com                      |
|    \\/     M anipulation  |                                                 |
\*---------------------------------------------------------------------------*/
FoamFile
{
    version     2.0;
    format      ascii;
    class       volScalarField;
    location    "0.004";
    object      dsmcN_Ar;
}
// * * * * * * * * * * * * * * * * * * * * * * * * * * * * * * * * * * * * * //

dimensions      [0 0 0 0 0 0 0];


internalField   nonuniform List<scalar> 
4000
(
17
20
28
28
15
19
14
23
19
42
11
29
32
30
35
23
22
17
27
29
33
36
33
37
31
43
42
47
51
47
86
85
83
87
107
110
108
126
166
234
29
35
37
33
32
28
30
37
35
32
32
35
34
29
31
32
33
42
29
38
35
40
39
28
55
50
74
57
77
113
77
105
127
119
112
110
166
216
233
290
30
35
26
36
30
34
32
26
30
25
26
25
31
27
29
32
21
40
46
35
41
35
32
43
51
59
65
60
92
86
93
108
139
120
159
141
156
207
239
337
37
32
29
31
31
31
30
37
22
30
39
35
24
24
28
30
42
36
37
31
49
42
42
47
43
43
66
69
86
90
97
109
90
128
148
171
192
219
228
327
30
30
32
29
31
23
20
44
41
19
35
29
23
30
26
37
35
28
28
40
37
33
40
46
68
55
57
53
69
107
92
137
126
118
161
163
156
207
227
321
32
29
36
34
33
23
28
35
27
29
33
30
27
34
24
26
29
27
47
41
35
28
44
42
50
60
55
73
88
105
101
121
120
141
152
160
183
246
250
327
34
34
32
39
42
31
29
33
35
35
29
23
41
31
36
41
30
28
32
36
33
34
31
40
41
48
57
59
76
92
125
109
128
122
133
155
172
205
239
338
30
29
33
36
25
37
31
30
39
31
39
37
36
32
33
35
40
47
36
31
49
45
39
50
49
42
62
74
64
92
95
120
118
136
152
167
188
226
255
311
37
40
27
31
43
32
31
29
52
34
30
35
39
39
30
30
34
35
43
27
39
29
46
50
48
47
53
67
93
95
107
117
133
106
143
175
178
212
266
296
28
32
28
27
36
27
35
25
26
29
39
29
42
34
28
37
32
37
44
37
33
52
41
55
56
54
63
63
80
90
103
125
109
146
158
137
163
200
233
322
30
34
40
27
38
37
38
21
31
36
36
41
33
37
41
35
35
37
25
34
38
42
45
48
44
62
52
75
77
81
98
113
118
130
139
161
165
202
210
290
34
24
28
43
30
32
29
25
30
36
23
27
29
36
29
44
25
40
39
25
46
37
38
53
58
42
55
74
82
103
75
113
118
112
144
134
184
210
238
272
36
28
38
35
37
33
40
35
33
33
36
42
29
35
35
27
47
31
29
38
39
30
35
41
45
58
53
60
66
83
98
108
103
119
160
155
173
215
232
284
35
23
35
36
31
30
32
31
32
34
31
35
29
38
26
30
37
38
46
41
38
43
34
28
41
55
44
53
77
94
86
115
130
122
155
139
170
194
216
296
37
35
36
31
26
40
34
32
32
34
28
29
30
31
36
23
32
28
28
41
30
34
39
44
36
47
53
57
70
69
93
99
106
127
124
139
197
175
230
287
30
36
31
37
32
25
27
28
27
31
26
32
30
30
39
29
36
37
35
33
32
32
38
44
52
36
50
65
70
72
81
97
124
110
116
173
160
179
212
300
33
38
36
24
42
36
33
34
33
30
31
43
28
41
38
29
33
44
38
34
38
29
38
34
46
47
56
65
57
92
84
98
101
109
145
152
151
186
203
296
34
32
34
22
32
26
41
30
35
30
30
20
36
32
42
31
33
30
33
36
25
35
36
39
52
54
56
57
70
71
95
101
101
131
120
131
151
174
182
243
33
36
28
40
34
38
18
31
47
31
38
43
30
28
26
34
24
35
37
33
42
37
43
35
49
39
49
58
67
74
72
85
92
103
112
122
148
155
172
271
39
31
27
34
29
35
32
41
39
37
37
34
30
39
26
32
38
40
40
38
46
22
48
44
32
48
47
44
54
67
64
83
95
101
112
125
130
159
141
196
27
33
33
24
31
35
31
35
29
27
34
32
30
37
37
39
34
50
39
30
49
34
25
32
45
38
43
52
69
66
58
93
98
94
108
126
113
143
144
156
31
34
39
39
33
44
35
35
25
32
35
30
37
25
34
27
28
35
32
41
27
45
37
41
43
40
45
50
44
72
63
82
90
94
96
103
108
97
101
104
35
31
32
30
39
35
30
28
47
31
36
45
39
22
51
28
29
40
39
37
38
20
34
39
44
34
28
52
43
62
73
72
78
95
103
100
115
113
90
100
33
32
31
31
27
32
28
27
23
36
39
31
35
32
39
32
36
42
35
29
41
36
39
29
42
44
36
51
40
57
47
75
84
76
89
97
121
114
93
84
37
34
35
28
31
35
35
36
22
31
33
29
29
45
33
39
29
31
34
41
29
27
46
37
39
38
42
45
46
55
47
57
71
65
61
80
76
95
86
82
30
33
29
33
25
39
36
26
32
29
38
24
28
40
26
24
40
35
38
25
30
35
32
46
43
33
44
43
42
39
70
52
73
63
95
78
78
109
82
88
37
37
34
21
31
36
31
33
30
29
33
36
40
41
32
41
29
33
28
37
47
36
33
35
33
45
48
51
37
49
50
44
56
64
79
77
83
81
100
89
32
27
42
32
37
30
32
35
29
32
36
36
21
30
35
25
31
38
31
35
45
45
42
30
39
40
38
45
37
72
39
43
63
68
73
69
89
76
90
104
34
31
31
38
48
33
31
37
31
29
37
34
39
31
26
44
29
30
37
33
38
23
27
37
39
50
43
47
40
42
48
47
59
64
88
69
74
81
70
80
32
30
35
32
34
30
32
33
32
39
26
31
34
35
29
25
34
29
30
31
30
41
30
34
29
36
48
47
47
34
44
41
54
53
94
61
79
67
74
63
37
30
40
31
36
31
36
23
41
27
28
31
31
29
44
28
37
32
38
25
42
35
26
37
31
31
36
38
46
44
37
36
52
56
58
65
58
71
64
68
31
38
26
24
35
34
40
30
35
28
28
32
28
31
27
36
35
28
28
33
26
39
28
41
31
34
48
33
40
46
35
39
47
51
50
68
67
71
57
73
34
30
39
27
24
42
39
27
36
41
44
41
33
27
39
31
45
38
31
28
31
33
28
34
46
38
36
40
38
40
33
51
60
51
53
61
50
80
58
70
35
33
25
43
29
41
27
29
34
37
40
27
31
33
30
32
38
35
31
26
38
36
34
56
45
32
38
26
45
32
40
36
35
47
40
44
56
66
51
64
32
36
27
25
32
31
29
34
41
25
31
27
31
19
35
25
39
26
39
34
24
40
29
31
34
36
23
37
41
43
34
34
45
28
46
45
43
54
66
67
32
28
43
38
31
46
34
31
27
33
27
38
31
29
39
29
43
24
30
25
37
34
33
30
25
34
39
37
35
37
40
37
44
43
48
61
51
30
47
52
32
24
22
40
37
24
33
44
32
23
37
32
39
29
27
27
34
40
27
31
25
40
28
30
21
44
31
41
27
32
37
36
36
40
50
40
47
59
54
50
34
38
34
30
30
35
33
29
31
35
26
36
26
44
28
47
37
37
42
38
21
24
41
26
36
47
30
37
39
33
37
40
47
46
46
52
44
48
60
61
32
35
36
33
35
38
38
28
42
34
22
38
39
30
36
31
28
33
30
26
32
19
33
31
40
31
41
34
38
33
38
35
42
37
34
43
50
45
44
45
32
36
29
29
44
29
21
33
35
38
30
39
29
28
29
26
25
28
34
26
24
32
29
32
32
32
31
28
29
32
41
32
32
41
30
36
43
48
42
32
33
28
31
35
25
38
29
31
39
42
33
38
36
25
31
29
44
38
32
28
40
39
34
36
29
33
32
34
39
28
24
35
49
37
34
33
36
37
38
44
32
39
36
27
34
19
44
26
36
42
30
36
38
29
30
24
43
32
23
25
34
31
35
30
36
32
37
27
34
33
25
38
35
36
35
35
37
30
48
41
35
27
27
38
27
36
36
40
26
45
34
28
36
40
24
38
31
33
42
40
31
36
35
33
35
40
31
29
31
34
34
38
31
41
35
37
33
35
31
46
31
33
39
30
37
34
36
28
30
29
36
19
30
33
22
27
33
33
28
43
32
25
31
47
32
43
32
34
42
35
36
48
33
31
39
33
30
37
32
45
38
31
35
29
38
25
40
40
24
26
39
39
36
51
39
31
29
30
30
28
34
35
36
29
34
31
41
29
33
34
47
29
38
34
46
31
32
35
36
39
25
36
24
41
38
25
30
39
32
31
38
21
32
38
30
33
28
41
34
38
45
39
28
40
24
24
41
34
41
26
29
29
30
34
36
27
39
40
31
33
31
40
37
29
31
37
41
36
33
26
34
37
43
34
32
47
24
43
40
34
30
27
32
29
42
31
42
33
39
36
37
32
35
32
34
39
30
44
31
37
32
28
27
40
27
34
32
20
31
38
27
31
32
36
41
28
27
31
28
39
34
40
33
40
24
27
28
27
18
42
28
38
28
22
33
33
34
37
33
41
33
36
32
39
34
26
30
40
37
31
36
32
34
36
41
40
30
36
34
25
28
50
41
32
34
30
30
21
29
29
34
25
29
32
24
52
36
41
35
31
33
35
31
28
35
32
23
39
34
24
26
29
29
37
39
28
39
37
26
37
37
32
29
45
37
28
30
40
30
36
27
39
35
35
40
23
27
34
32
45
36
30
34
34
34
28
27
28
26
32
45
42
37
31
28
45
34
43
38
26
31
34
44
32
32
31
31
28
41
39
29
34
34
35
42
39
36
30
25
37
33
34
30
36
28
30
28
35
27
34
29
44
28
41
29
35
37
30
36
30
18
31
41
31
32
38
28
36
28
35
39
32
33
32
34
24
28
34
30
30
32
27
27
34
25
35
33
34
37
35
32
31
36
30
35
34
28
21
30
37
34
33
35
44
35
35
33
35
32
38
30
42
44
39
25
42
27
33
39
32
35
39
38
27
43
35
46
44
28
38
33
32
36
32
20
18
32
36
34
24
31
34
37
43
37
36
40
22
40
26
31
37
45
40
35
30
30
39
56
27
30
34
31
40
26
35
43
26
23
36
21
35
32
34
44
38
34
32
34
27
27
36
29
32
24
42
43
30
38
27
27
46
36
32
27
34
32
22
36
46
35
28
35
31
43
27
32
34
24
27
30
33
31
36
30
21
24
27
29
37
30
23
39
36
26
30
32
38
35
30
47
31
32
38
40
25
34
24
36
34
30
37
37
22
36
35
30
29
28
29
37
26
34
32
29
24
36
28
29
33
25
33
27
32
30
34
17
36
28
34
32
28
24
43
30
27
37
27
30
38
34
34
32
25
43
37
41
39
33
39
28
32
21
38
33
36
41
25
32
32
26
40
40
33
30
51
37
39
24
24
39
30
25
34
28
31
38
31
27
33
33
25
37
32
39
25
32
28
33
34
33
34
23
27
32
43
29
34
35
32
32
30
36
34
37
39
33
28
28
30
31
33
33
28
34
35
25
29
32
37
32
31
38
20
33
24
34
28
40
26
26
36
42
28
25
33
28
43
35
29
40
36
41
39
27
32
29
31
40
41
35
21
32
35
33
36
31
35
27
37
77
38
45
32
37
31
34
34
30
32
35
34
32
21
17
21
32
22
24
21
23
34
19
21
18
37
23
23
31
22
18
22
19
17
17
18
22
20
20
17
80
63
44
55
39
36
25
34
36
36
30
32
26
24
37
29
30
26
19
28
20
16
17
22
31
27
24
31
24
23
20
20
16
19
35
18
18
19
15
11
78
65
36
45
44
39
40
35
31
31
22
25
32
30
27
21
31
27
23
29
26
26
27
20
22
21
20
17
18
25
29
17
15
16
13
28
15
15
20
16
73
64
51
64
37
42
29
45
29
26
32
35
30
29
28
18
21
26
19
14
17
34
28
30
28
23
21
23
32
30
15
23
18
19
24
24
24
11
19
16
87
65
59
52
49
46
49
41
26
48
27
41
26
30
35
22
25
20
26
20
26
21
19
20
33
29
23
13
25
23
25
19
20
25
20
14
15
19
22
18
86
77
49
56
49
51
36
34
43
42
31
28
41
27
27
33
27
28
34
28
26
38
23
32
28
24
20
19
36
26
20
14
26
21
22
20
24
11
25
23
69
66
78
64
65
49
51
43
49
47
35
34
35
26
33
34
28
22
37
28
30
25
29
28
25
16
17
22
21
33
39
20
38
15
25
18
22
22
11
17
80
71
80
54
71
51
58
35
38
40
36
37
34
29
32
43
35
32
26
29
22
24
35
22
19
26
18
27
28
24
25
27
22
19
17
25
23
18
19
16
72
69
63
75
44
62
66
59
55
46
40
27
32
43
32
40
33
29
27
37
26
19
36
28
27
26
14
33
22
20
28
29
20
33
14
20
22
28
25
11
76
79
77
57
55
53
61
67
52
40
39
45
32
44
38
39
40
26
26
37
29
29
23
28
32
31
32
34
26
29
24
14
35
20
27
21
16
19
22
24
70
77
83
59
61
63
58
66
50
55
49
30
40
31
48
35
40
34
25
38
29
23
26
37
39
27
38
24
35
29
29
32
18
23
34
31
15
27
22
25
53
69
67
66
58
75
58
61
56
49
54
41
40
48
49
37
33
37
37
25
42
33
25
33
36
38
37
39
22
19
23
32
25
23
29
24
30
16
12
26
63
63
72
78
71
67
82
63
47
55
42
49
49
46
45
41
34
40
39
37
34
39
30
43
40
32
44
21
25
28
21
30
25
21
22
33
18
16
20
28
60
68
70
66
69
65
59
51
57
49
53
52
65
42
45
50
38
46
44
38
40
50
34
29
26
35
31
32
25
32
41
32
37
24
36
33
36
28
31
34
64
60
52
66
56
77
63
58
73
53
60
68
56
39
49
45
40
45
45
34
43
43
34
29
33
23
40
35
39
41
24
34
32
23
30
31
20
25
23
29
69
70
74
70
61
53
70
51
53
62
48
68
51
45
57
52
55
47
46
39
48
42
37
35
49
34
40
40
25
46
39
31
23
35
27
26
23
24
31
24
55
71
67
65
65
59
60
65
59
62
62
64
49
40
48
44
55
45
57
39
31
45
39
32
41
28
32
29
32
44
25
31
23
45
27
30
30
26
33
39
56
62
61
58
64
48
69
57
53
47
56
55
57
67
45
55
53
49
56
41
43
45
33
33
48
34
27
31
44
43
49
30
49
34
51
30
29
26
29
32
64
45
53
64
56
49
48
56
63
67
55
60
62
46
44
48
49
53
51
48
48
46
46
37
36
44
42
35
38
41
37
30
39
35
30
34
30
40
39
36
64
53
51
54
60
81
67
54
51
64
57
71
67
56
58
53
59
57
48
46
54
45
58
47
45
53
57
37
34
40
30
30
29
32
33
37
40
47
34
36
37
50
42
61
47
64
54
73
62
56
60
54
64
61
46
39
58
59
53
55
50
48
56
41
46
49
28
52
35
47
40
55
27
39
50
46
47
38
41
46
37
39
56
64
56
42
67
64
67
52
63
50
50
75
76
61
50
56
47
55
51
54
50
58
42
45
48
45
45
44
52
41
42
44
34
32
36
36
38
32
34
44
44
52
56
68
62
66
51
42
50
48
40
62
58
48
54
60
47
61
43
49
51
49
45
44
41
45
38
35
43
31
60
43
32
39
42
49
43
37
47
42
42
52
47
47
48
48
55
53
55
57
52
55
52
54
63
53
54
66
50
40
49
48
52
42
51
46
48
51
47
39
40
42
52
46
32
23
32
26
37
53
57
52
40
60
43
52
55
52
54
53
59
56
61
71
58
51
49
51
45
52
47
57
56
40
45
47
59
65
60
40
30
46
52
44
43
45
35
43
47
54
31
41
38
50
40
53
49
46
53
61
47
53
55
59
49
58
55
55
40
44
56
43
57
44
47
41
50
54
55
71
52
44
32
35
37
44
28
39
40
50
34
43
39
42
42
56
43
37
53
59
67
60
60
53
53
47
61
48
61
53
68
57
62
45
44
54
49
43
61
60
52
36
37
40
58
40
50
35
42
33
41
32
34
44
40
47
48
47
42
43
54
59
66
46
45
59
43
51
50
63
64
57
54
56
59
49
51
60
54
41
48
45
47
40
51
31
50
34
49
25
31
41
33
35
49
43
51
44
40
42
50
50
55
56
48
60
66
48
62
63
67
50
58
45
66
59
63
54
46
75
53
43
63
33
41
46
60
55
30
29
38
39
41
38
48
26
42
41
41
43
43
32
57
50
45
51
59
48
58
48
54
50
47
60
50
70
61
61
62
46
51
56
56
47
42
61
53
42
33
34
27
28
44
42
28
49
38
35
44
49
39
35
64
54
52
59
51
43
49
49
63
63
53
53
57
54
57
55
62
55
70
61
47
50
37
58
56
58
35
33
44
35
38
36
53
46
30
42
46
50
36
55
42
58
51
40
46
41
48
55
46
50
57
47
54
64
53
62
58
55
44
45
58
42
42
56
56
46
40
36
28
32
23
54
38
38
45
30
52
44
38
54
47
34
52
34
45
46
48
36
54
41
45
63
58
61
58
41
55
54
63
59
50
50
48
52
55
57
29
29
44
33
42
31
39
40
29
34
38
45
37
41
32
38
42
35
44
40
54
56
61
42
46
55
55
42
60
57
53
45
54
52
57
56
60
56
53
58
42
49
30
28
33
25
45
35
34
42
40
48
33
36
46
43
35
51
42
40
52
42
47
53
47
54
48
43
53
47
52
47
43
61
49
54
48
47
46
59
26
40
49
33
23
38
53
30
27
41
35
40
33
39
45
41
46
36
35
37
39
46
50
56
59
51
42
40
56
60
63
65
48
42
58
70
56
65
47
66
38
31
37
30
36
36
25
24
30
30
31
35
32
41
39
28
38
43
48
30
45
57
52
42
54
55
55
50
43
50
49
47
58
55
47
62
52
47
49
54
37
35
33
35
31
42
35
31
39
41
27
28
38
40
38
31
33
41
34
45
40
44
44
51
43
47
41
61
58
54
40
34
55
52
49
51
61
51
57
64
40
35
27
39
34
30
31
32
33
28
35
40
43
35
47
41
37
46
42
38
48
46
39
42
43
56
41
45
41
50
52
46
37
51
70
51
59
53
58
52
40
36
35
28
32
31
35
32
47
40
31
44
28
33
42
38
43
34
52
41
29
38
42
46
49
47
50
52
50
53
56
43
38
60
46
40
46
56
47
52
)
;

boundaryField
{
    flow
    {
        type            calculated;
        value           nonuniform List<scalar> 
180
(
17
29
30
37
30
32
34
30
37
28
30
34
36
35
37
30
33
34
33
39
27
31
35
33
37
30
37
32
34
32
37
31
34
35
32
32
32
34
32
32
33
32
35
31
38
25
31
32
33
33
36
33
32
35
30
35
30
34
33
32
32
31
38
20
33
24
34
28
40
26
26
36
42
28
25
33
28
43
35
29
40
36
41
39
27
32
29
31
40
41
35
21
32
35
33
36
31
35
27
37
40
36
35
28
32
31
35
32
47
40
31
44
28
33
42
38
43
34
52
41
29
38
42
46
49
47
50
52
50
53
56
43
38
60
46
40
46
56
47
52
17
11
16
16
18
23
17
16
11
24
25
26
28
34
29
24
39
32
36
36
46
32
37
26
43
39
35
34
55
42
58
46
57
58
59
66
54
64
52
52
)
;
    }
    cylinder
    {
        type            calculated;
        value           nonuniform List<scalar> 
60
(
77
38
45
32
37
31
34
34
30
32
35
34
32
21
17
21
32
22
24
21
23
34
19
21
18
37
23
23
31
22
18
22
19
17
17
18
22
20
20
17
234
290
337
327
321
327
338
311
296
322
290
272
284
296
287
300
296
243
271
196
)
;
    }
    wedgeFront
    {
        type            symmetry;
    }
    wedgeBack
    {
        type            symmetry;
    }
    defaultFaces
    {
        type            empty;
    }
}


// ************************************************************************* //
