/*--------------------------------*- C++ -*----------------------------------*\
| =========                 |                                                 |
| \\      /  F ield         | OpenFOAM: The Open Source CFD Toolbox           |
|  \\    /   O peration     | Version:  v1706                                 |
|   \\  /    A nd           | Web:      www.OpenFOAM.com                      |
|    \\/     M anipulation  |                                                 |
\*---------------------------------------------------------------------------*/
FoamFile
{
    version     2.0;
    format      ascii;
    class       volScalarField;
    location    "0.004";
    object      meanCollisionTime_Ar;
}
// * * * * * * * * * * * * * * * * * * * * * * * * * * * * * * * * * * * * * //

dimensions      [0 0 1 0 0 0 0];


internalField   nonuniform List<scalar> 
4000
(
4.105102403e-06
4.08992511e-06
4.070115087e-06
4.048534178e-06
4.023840474e-06
4.000017458e-06
3.95213461e-06
3.912487556e-06
3.879056167e-06
3.785653377e-06
3.732608654e-06
3.638060418e-06
3.548018794e-06
3.470602915e-06
3.365184538e-06
3.252707626e-06
3.143797722e-06
2.981257233e-06
2.80482244e-06
2.621342486e-06
2.445647038e-06
2.257983271e-06
2.056943014e-06
1.84312974e-06
1.641920654e-06
1.448063876e-06
1.261070076e-06
1.107287991e-06
9.804020031e-07
8.720667299e-07
7.943238932e-07
7.267107538e-07
6.728369992e-07
6.302452206e-07
5.903709416e-07
5.463041508e-07
5.011592847e-07
4.477135582e-07
3.876384304e-07
3.159271162e-07
4.090886223e-06
4.084212729e-06
4.073207988e-06
4.067999515e-06
4.039231655e-06
4.018724907e-06
3.975661547e-06
3.952426585e-06
3.913169065e-06
3.836612025e-06
3.797768839e-06
3.73718061e-06
3.643722213e-06
3.564657132e-06
3.465834743e-06
3.343851999e-06
3.198498775e-06
3.070304536e-06
2.889885276e-06
2.718246109e-06
2.536143213e-06
2.327831272e-06
2.134677481e-06
1.916000754e-06
1.716025304e-06
1.50427132e-06
1.313109255e-06
1.144070606e-06
1.005019398e-06
8.932579596e-07
8.038882128e-07
7.370089052e-07
6.821243738e-07
6.369478346e-07
5.946348097e-07
5.507871023e-07
5.039269177e-07
4.498441989e-07
3.893361061e-07
3.169815559e-07
4.094575411e-06
4.085945276e-06
4.073848947e-06
4.067430649e-06
4.040997395e-06
4.032076222e-06
4.006773398e-06
3.964639639e-06
3.919634456e-06
3.85764293e-06
3.802319145e-06
3.740065794e-06
3.667717484e-06
3.57237442e-06
3.475542551e-06
3.361456135e-06
3.230978522e-06
3.093421392e-06
2.926414938e-06
2.76063491e-06
2.571169922e-06
2.372462516e-06
2.16003735e-06
1.952096836e-06
1.741937171e-06
1.536010842e-06
1.336870224e-06
1.162381945e-06
1.020553209e-06
9.029521204e-07
8.129198606e-07
7.42429363e-07
6.863755434e-07
6.411690291e-07
5.957310367e-07
5.525373295e-07
5.044783717e-07
4.504838723e-07
3.914266668e-07
3.173906476e-07
4.103605413e-06
4.094799821e-06
4.067961217e-06
4.040989184e-06
4.025383938e-06
4.010815472e-06
3.989450971e-06
3.958088764e-06
3.910664298e-06
3.859445318e-06
3.805385144e-06
3.74238571e-06
3.671870473e-06
3.605203166e-06
3.511941702e-06
3.382586986e-06
3.255777836e-06
3.106960898e-06
2.949443509e-06
2.7859475e-06
2.589247606e-06
2.39170754e-06
2.191442388e-06
1.97387732e-06
1.756816301e-06
1.546128971e-06
1.350129731e-06
1.173692051e-06
1.026245989e-06
9.095126796e-07
8.179540374e-07
7.4671341e-07
6.897501257e-07
6.423254185e-07
5.969227611e-07
5.525948059e-07
5.050101299e-07
4.513667879e-07
3.914492718e-07
3.178469591e-07
4.093359502e-06
4.077329192e-06
4.07479443e-06
4.063926423e-06
4.033834216e-06
4.023265405e-06
3.990302181e-06
3.960513983e-06
3.933787514e-06
3.875859645e-06
3.82759486e-06
3.768009546e-06
3.698762976e-06
3.620299859e-06
3.51876651e-06
3.412915046e-06
3.278942191e-06
3.123736093e-06
2.957967646e-06
2.791518765e-06
2.605402567e-06
2.40522552e-06
2.193183578e-06
1.977139296e-06
1.77372465e-06
1.563263503e-06
1.36270378e-06
1.18454898e-06
1.033980057e-06
9.166145694e-07
8.219182763e-07
7.511331132e-07
6.94231347e-07
6.455858249e-07
5.991787752e-07
5.571281755e-07
5.071899687e-07
4.523506696e-07
3.911596965e-07
3.184605877e-07
4.095561537e-06
4.080729721e-06
4.058265895e-06
4.050894339e-06
4.033148574e-06
4.022725327e-06
3.998333846e-06
3.971509013e-06
3.937963018e-06
3.895544509e-06
3.847050636e-06
3.788218171e-06
3.71270997e-06
3.625840494e-06
3.525371137e-06
3.407658668e-06
3.282094775e-06
3.133188004e-06
2.974058385e-06
2.805240816e-06
2.626943598e-06
2.422837717e-06
2.215902439e-06
1.993697986e-06
1.781272381e-06
1.568668277e-06
1.370105536e-06
1.191821049e-06
1.045771757e-06
9.232627988e-07
8.311524442e-07
7.588018848e-07
6.989268009e-07
6.501366055e-07
6.024390152e-07
5.585802261e-07
5.09503367e-07
4.552848006e-07
3.922575739e-07
3.189333879e-07
4.09481567e-06
4.085248803e-06
4.072084517e-06
4.060875366e-06
4.040554538e-06
4.017178594e-06
3.994080261e-06
3.967156824e-06
3.939784419e-06
3.900797515e-06
3.857057803e-06
3.785786757e-06
3.7157615e-06
3.630563699e-06
3.525096926e-06
3.422282232e-06
3.29501224e-06
3.147203329e-06
2.987047501e-06
2.811454274e-06
2.628013115e-06
2.434671686e-06
2.229514651e-06
2.001763176e-06
1.79352698e-06
1.584225387e-06
1.385325915e-06
1.204494407e-06
1.056756645e-06
9.301032954e-07
8.359782741e-07
7.616499206e-07
7.029568859e-07
6.5379212e-07
6.061786952e-07
5.606340285e-07
5.120008565e-07
4.568185655e-07
3.942727918e-07
3.200997129e-07
4.099872611e-06
4.088369972e-06
4.070516672e-06
4.064576899e-06
4.051358492e-06
4.03994401e-06
4.008406412e-06
3.98933105e-06
3.944270058e-06
3.904197948e-06
3.846627275e-06
3.792972222e-06
3.722462827e-06
3.62541296e-06
3.530941437e-06
3.429233573e-06
3.31149629e-06
3.161881871e-06
3.007989628e-06
2.842712305e-06
2.64489686e-06
2.459488708e-06
2.245592379e-06
2.039261241e-06
1.822054209e-06
1.606627536e-06
1.402317853e-06
1.226925678e-06
1.071248763e-06
9.426787561e-07
8.453282146e-07
7.70224521e-07
7.088123808e-07
6.572350435e-07
6.100284208e-07
5.635614193e-07
5.14860431e-07
4.592092923e-07
3.973886816e-07
3.226477277e-07
4.092594668e-06
4.081707405e-06
4.069673167e-06
4.05245398e-06
4.034163017e-06
4.017333735e-06
3.989125941e-06
3.964574144e-06
3.945597937e-06
3.909038493e-06
3.857044561e-06
3.801252522e-06
3.737160627e-06
3.652461808e-06
3.563759699e-06
3.443507399e-06
3.309475182e-06
3.174012544e-06
3.022448157e-06
2.848534417e-06
2.668721314e-06
2.478852965e-06
2.277679413e-06
2.071392107e-06
1.848019383e-06
1.63322064e-06
1.434238576e-06
1.249460222e-06
1.087990909e-06
9.589572833e-07
8.589841229e-07
7.783563229e-07
7.158517457e-07
6.628889183e-07
6.152819391e-07
5.675010526e-07
5.181155312e-07
4.622256425e-07
3.999458584e-07
3.244688646e-07
4.102346113e-06
4.094919114e-06
4.086560513e-06
4.073487732e-06
4.051972474e-06
4.034331821e-06
4.00817563e-06
3.980263218e-06
3.932148177e-06
3.895659558e-06
3.836706992e-06
3.787826536e-06
3.721177632e-06
3.639893362e-06
3.555123071e-06
3.455083712e-06
3.328911952e-06
3.19645434e-06
3.051093311e-06
2.885376316e-06
2.706326942e-06
2.504147764e-06
2.30374554e-06
2.096508888e-06
1.873398067e-06
1.660860865e-06
1.460260141e-06
1.265819465e-06
1.106668579e-06
9.732317426e-07
8.692674644e-07
7.882241246e-07
7.227026052e-07
6.698381851e-07
6.206443994e-07
5.73745389e-07
5.221385471e-07
4.655053609e-07
4.021274672e-07
3.257416562e-07
4.100542351e-06
4.091743429e-06
4.075940461e-06
4.067368204e-06
4.053293744e-06
4.032740903e-06
4.021167631e-06
3.994118001e-06
3.958374777e-06
3.919783236e-06
3.877435268e-06
3.827036124e-06
3.757941356e-06
3.672772785e-06
3.58049431e-06
3.481574723e-06
3.342110527e-06
3.214891834e-06
3.064036939e-06
2.899802429e-06
2.722232693e-06
2.53831706e-06
2.331551755e-06
2.121782798e-06
1.908777561e-06
1.686915169e-06
1.485586342e-06
1.298840283e-06
1.134660565e-06
9.955015438e-07
8.839177475e-07
8.014291835e-07
7.328556457e-07
6.80330617e-07
6.268897074e-07
5.779340114e-07
5.260577261e-07
4.696533692e-07
4.05104239e-07
3.279475752e-07
4.096909083e-06
4.084530646e-06
4.06846703e-06
4.054998026e-06
4.034535815e-06
4.026168857e-06
4.009507735e-06
3.994345238e-06
3.965339803e-06
3.935618121e-06
3.89038268e-06
3.853396103e-06
3.766640478e-06
3.680359687e-06
3.588525834e-06
3.484860484e-06
3.36564321e-06
3.232618384e-06
3.095820019e-06
2.938114613e-06
2.746614241e-06
2.575936987e-06
2.371463983e-06
2.157613011e-06
1.94849938e-06
1.732214373e-06
1.525577074e-06
1.328579145e-06
1.158304099e-06
1.019382168e-06
9.039740447e-07
8.147636398e-07
7.44725728e-07
6.879293684e-07
6.348849499e-07
5.849245301e-07
5.32777799e-07
4.756127705e-07
4.089024401e-07
3.303326036e-07
4.102253795e-06
4.091557579e-06
4.075713176e-06
4.068588598e-06
4.06617433e-06
4.056851883e-06
4.016345715e-06
3.994679161e-06
3.970773093e-06
3.938132068e-06
3.87890983e-06
3.830935072e-06
3.7702224e-06
3.707819959e-06
3.614465071e-06
3.505860616e-06
3.394795329e-06
3.270495804e-06
3.120738961e-06
2.969465445e-06
2.798114083e-06
2.604323635e-06
2.404667173e-06
2.203393476e-06
1.982181018e-06
1.760192344e-06
1.562129342e-06
1.360302205e-06
1.188215435e-06
1.042237676e-06
9.250424377e-07
8.29643203e-07
7.562910789e-07
6.973946483e-07
6.442957711e-07
5.929889758e-07
5.397613054e-07
4.81637605e-07
4.147053425e-07
3.338570218e-07
4.101527696e-06
4.100905018e-06
4.085576193e-06
4.070496675e-06
4.049124247e-06
4.040161276e-06
4.021247869e-06
4.000375195e-06
3.988114493e-06
3.952503248e-06
3.900007521e-06
3.858753995e-06
3.79377733e-06
3.726064389e-06
3.640580034e-06
3.525054568e-06
3.414766646e-06
3.304152834e-06
3.156408077e-06
3.000952823e-06
2.831778881e-06
2.638046439e-06
2.446784071e-06
2.243887613e-06
2.025054424e-06
1.813992877e-06
1.601594807e-06
1.401977314e-06
1.224973398e-06
1.069628596e-06
9.478487825e-07
8.490721908e-07
7.735955842e-07
7.107641445e-07
6.549356919e-07
6.030694804e-07
5.503696432e-07
4.899634945e-07
4.208829226e-07
3.384366088e-07
4.099801579e-06
4.088294304e-06
4.078606178e-06
4.071520936e-06
4.072717546e-06
4.054987201e-06
4.041853196e-06
4.016524426e-06
3.979397437e-06
3.949804717e-06
3.911812611e-06
3.86976516e-06
3.815040248e-06
3.743864472e-06
3.65728477e-06
3.562048848e-06
3.445532823e-06
3.328798618e-06
3.185483278e-06
3.028826898e-06
2.868352655e-06
2.690524362e-06
2.489629829e-06
2.292584903e-06
2.075217635e-06
1.859876136e-06
1.647649878e-06
1.444384906e-06
1.269018189e-06
1.109738145e-06
9.741621885e-07
8.729169684e-07
7.951891388e-07
7.259266254e-07
6.691687679e-07
6.17659706e-07
5.599806561e-07
4.997335937e-07
4.28434064e-07
3.441501908e-07
4.098487769e-06
4.089528432e-06
4.090843343e-06
4.084113498e-06
4.07203608e-06
4.054704329e-06
4.037307361e-06
4.013459199e-06
3.998355943e-06
3.982316318e-06
3.941118268e-06
3.885054943e-06
3.835439978e-06
3.75548872e-06
3.680020943e-06
3.601031256e-06
3.490907448e-06
3.353227099e-06
3.220970247e-06
3.072570121e-06
2.902598237e-06
2.72276361e-06
2.532575804e-06
2.33517302e-06
2.133989544e-06
1.911459028e-06
1.695590209e-06
1.495081409e-06
1.307177716e-06
1.143123176e-06
1.006591653e-06
8.971830745e-07
8.133406319e-07
7.446481426e-07
6.873680022e-07
6.311330539e-07
5.748008254e-07
5.131746631e-07
4.39853252e-07
3.527124132e-07
4.099532641e-06
4.086007756e-06
4.079894157e-06
4.073901966e-06
4.063381751e-06
4.043194428e-06
4.035674448e-06
4.025445736e-06
3.995949846e-06
3.974323319e-06
3.936220205e-06
3.87575359e-06
3.826706729e-06
3.777497915e-06
3.706659368e-06
3.611133288e-06
3.506321921e-06
3.385323587e-06
3.253607867e-06
3.117749211e-06
2.953401186e-06
2.780484603e-06
2.596278364e-06
2.384775874e-06
2.171874099e-06
1.962255293e-06
1.753365654e-06
1.548549217e-06
1.350849002e-06
1.17850738e-06
1.045855847e-06
9.292241886e-07
8.38945773e-07
7.665477768e-07
7.074318179e-07
6.509503846e-07
5.935755398e-07
5.299555547e-07
4.541279541e-07
3.626841714e-07
4.109277869e-06
4.108425465e-06
4.110416081e-06
4.092688735e-06
4.077085955e-06
4.06118192e-06
4.047414324e-06
4.035301593e-06
4.005995969e-06
3.97808285e-06
3.941435648e-06
3.898021648e-06
3.85804284e-06
3.796441526e-06
3.716640029e-06
3.620623059e-06
3.521428143e-06
3.420919599e-06
3.292501263e-06
3.138661673e-06
2.985699937e-06
2.82469681e-06
2.638364757e-06
2.441794526e-06
2.236941593e-06
2.022128881e-06
1.808029398e-06
1.601508834e-06
1.405785971e-06
1.23426033e-06
1.087786695e-06
9.654290246e-07
8.694397657e-07
7.954919495e-07
7.308155463e-07
6.738997042e-07
6.170431376e-07
5.530097664e-07
4.755097693e-07
3.770654857e-07
4.110137716e-06
4.101942007e-06
4.090891331e-06
4.088832279e-06
4.083443537e-06
4.060532436e-06
4.056829144e-06
4.038363892e-06
4.013675544e-06
3.985272484e-06
3.955769332e-06
3.924374891e-06
3.876941229e-06
3.807081348e-06
3.741064251e-06
3.657700035e-06
3.570028921e-06
3.453515492e-06
3.319964431e-06
3.192857156e-06
3.039689361e-06
2.868209771e-06
2.694315389e-06
2.500876479e-06
2.304357271e-06
2.094957949e-06
1.880299997e-06
1.670508623e-06
1.46683958e-06
1.289875491e-06
1.138304536e-06
1.009362514e-06
9.064325617e-07
8.267545059e-07
7.589266347e-07
7.026052602e-07
6.472046203e-07
5.859598826e-07
5.090694317e-07
4.032256087e-07
4.105326518e-06
4.094994071e-06
4.088251891e-06
4.073160213e-06
4.066882588e-06
4.055340771e-06
4.054181927e-06
4.042785176e-06
4.016182177e-06
3.986680732e-06
3.957523717e-06
3.928134576e-06
3.881182007e-06
3.833223214e-06
3.765553201e-06
3.69600014e-06
3.604527485e-06
3.488946218e-06
3.37670362e-06
3.243337475e-06
3.086793705e-06
2.916534268e-06
2.750005185e-06
2.569591685e-06
2.376767697e-06
2.170058263e-06
1.95442717e-06
1.745123908e-06
1.540545248e-06
1.35421953e-06
1.192544059e-06
1.055033274e-06
9.497977296e-07
8.627375876e-07
7.949257291e-07
7.407287025e-07
6.883345784e-07
6.341677356e-07
5.728764557e-07
4.68397002e-07
4.105465601e-06
4.097199956e-06
4.098642166e-06
4.097279337e-06
4.085322776e-06
4.07717901e-06
4.059235768e-06
4.039191319e-06
4.013893596e-06
3.995026469e-06
3.971334708e-06
3.941762089e-06
3.891365917e-06
3.840896861e-06
3.77367786e-06
3.69730846e-06
3.606488041e-06
3.523407185e-06
3.413913806e-06
3.274455172e-06
3.130933439e-06
2.980769469e-06
2.817843135e-06
2.635558402e-06
2.439736396e-06
2.237709871e-06
2.026263343e-06
1.821703611e-06
1.61219254e-06
1.423667195e-06
1.258024686e-06
1.114827659e-06
9.968774806e-07
9.065488761e-07
8.407020611e-07
7.859200462e-07
7.38481966e-07
7.029465019e-07
6.825172336e-07
7.505415125e-07
4.111729828e-06
4.105432566e-06
4.101121521e-06
4.097118775e-06
4.084007431e-06
4.07096758e-06
4.053568608e-06
4.046224004e-06
4.026378918e-06
3.999287661e-06
3.985042651e-06
3.95135725e-06
3.90326763e-06
3.846344618e-06
3.786672165e-06
3.728632902e-06
3.646193361e-06
3.560038745e-06
3.444892852e-06
3.324229047e-06
3.188817986e-06
3.027306981e-06
2.881492833e-06
2.69065608e-06
2.504396974e-06
2.310161111e-06
2.100989726e-06
1.900434015e-06
1.696943687e-06
1.505736441e-06
1.327922652e-06
1.179496407e-06
1.052487301e-06
9.60172759e-07
8.870386133e-07
8.36664146e-07
7.999997778e-07
7.827929109e-07
8.032547732e-07
9.284098312e-07
4.107020411e-06
4.096749103e-06
4.084135605e-06
4.074459024e-06
4.073504244e-06
4.069054077e-06
4.049945068e-06
4.042972914e-06
4.033894687e-06
4.00216249e-06
3.978729881e-06
3.959820803e-06
3.923446036e-06
3.875946588e-06
3.821434872e-06
3.756155622e-06
3.672695514e-06
3.582898755e-06
3.485772627e-06
3.368431876e-06
3.214834548e-06
3.081503215e-06
2.923626549e-06
2.756403717e-06
2.583752744e-06
2.39095074e-06
2.181163502e-06
1.985642407e-06
1.780239532e-06
1.585062715e-06
1.406806723e-06
1.246252814e-06
1.120697936e-06
1.017992524e-06
9.452965862e-07
8.926235456e-07
8.604055441e-07
8.566468087e-07
8.940429589e-07
1.009942392e-06
4.095603649e-06
4.09561176e-06
4.093760297e-06
4.091930165e-06
4.08706675e-06
4.078170451e-06
4.064955953e-06
4.048352033e-06
4.03007989e-06
4.028157826e-06
3.99716094e-06
3.967048527e-06
3.941391801e-06
3.893535549e-06
3.841668043e-06
3.770593672e-06
3.693078047e-06
3.599777887e-06
3.502011429e-06
3.391678086e-06
3.269246213e-06
3.139866507e-06
2.984887614e-06
2.829174326e-06
2.651265932e-06
2.462242013e-06
2.263192091e-06
2.071335621e-06
1.870949586e-06
1.684082457e-06
1.496833148e-06
1.334770816e-06
1.195370939e-06
1.084275161e-06
1.008907946e-06
9.544783582e-07
9.230775014e-07
9.220061994e-07
9.608182861e-07
1.054983658e-06
4.106432022e-06
4.108092375e-06
4.091542862e-06
4.082997852e-06
4.075751781e-06
4.068807584e-06
4.07038536e-06
4.062705327e-06
4.044188688e-06
4.03193824e-06
4.006316329e-06
3.976302253e-06
3.944839935e-06
3.89736015e-06
3.853364132e-06
3.806522108e-06
3.735470311e-06
3.658053614e-06
3.555762747e-06
3.451937542e-06
3.324551724e-06
3.205869734e-06
3.057703235e-06
2.904562671e-06
2.743429475e-06
2.554548227e-06
2.364243326e-06
2.165601616e-06
1.960982324e-06
1.771592571e-06
1.592413407e-06
1.423217619e-06
1.274021184e-06
1.156311381e-06
1.073619665e-06
1.015209852e-06
9.862341052e-07
9.803765006e-07
1.012351388e-06
1.09211236e-06
4.100968472e-06
4.097841672e-06
4.102559332e-06
4.09890164e-06
4.079077892e-06
4.074679312e-06
4.064022494e-06
4.060830308e-06
4.036790287e-06
4.015422658e-06
3.999876017e-06
3.9682655e-06
3.94758955e-06
3.910782919e-06
3.864911198e-06
3.811145879e-06
3.761329599e-06
3.683392578e-06
3.57817406e-06
3.486274044e-06
3.384822937e-06
3.255449838e-06
3.123382109e-06
2.978555348e-06
2.813939026e-06
2.639149894e-06
2.456466261e-06
2.273625392e-06
2.074530894e-06
1.879046335e-06
1.690929024e-06
1.519617348e-06
1.363608498e-06
1.24383228e-06
1.147561586e-06
1.080073417e-06
1.045240555e-06
1.035630385e-06
1.06194052e-06
1.121895048e-06
4.109355569e-06
4.107016186e-06
4.10096893e-06
4.095797476e-06
4.092288003e-06
4.091182748e-06
4.086241325e-06
4.072099163e-06
4.052796016e-06
4.040426896e-06
4.025189842e-06
4.005414009e-06
3.974405741e-06
3.938635994e-06
3.89694376e-06
3.839936105e-06
3.775596256e-06
3.719797736e-06
3.635473668e-06
3.535137885e-06
3.429888692e-06
3.311713149e-06
3.170617645e-06
3.034484319e-06
2.882456314e-06
2.713391495e-06
2.553590193e-06
2.362741017e-06
2.181327515e-06
1.992781328e-06
1.798016103e-06
1.621830944e-06
1.469977264e-06
1.338792631e-06
1.229404892e-06
1.154182319e-06
1.113035545e-06
1.093121951e-06
1.104172092e-06
1.148825229e-06
4.112931822e-06
4.116042998e-06
4.116819778e-06
4.106958504e-06
4.102503591e-06
4.096705748e-06
4.089927232e-06
4.085556206e-06
4.072573834e-06
4.056386065e-06
4.030032294e-06
4.01396455e-06
3.989890781e-06
3.951838093e-06
3.906081705e-06
3.864739618e-06
3.794512358e-06
3.737854125e-06
3.63930445e-06
3.563359821e-06
3.466856717e-06
3.361461979e-06
3.228743262e-06
3.1073005e-06
2.96206671e-06
2.807834289e-06
2.639502641e-06
2.470155249e-06
2.28501869e-06
2.092059652e-06
1.910341633e-06
1.734703749e-06
1.565840161e-06
1.433478092e-06
1.318729315e-06
1.233440666e-06
1.179968816e-06
1.154050173e-06
1.149271581e-06
1.183135745e-06
4.107449253e-06
4.099358329e-06
4.093585358e-06
4.095178201e-06
4.089588005e-06
4.088251066e-06
4.090251413e-06
4.076930094e-06
4.061386821e-06
4.047546343e-06
4.040538861e-06
4.018396504e-06
3.993873834e-06
3.960185496e-06
3.927603989e-06
3.888732949e-06
3.842050354e-06
3.798565876e-06
3.722823607e-06
3.63399035e-06
3.540363381e-06
3.427332015e-06
3.317211188e-06
3.189664451e-06
3.050841872e-06
2.898555245e-06
2.731537287e-06
2.562784381e-06
2.388113979e-06
2.208838913e-06
2.029190922e-06
1.860469815e-06
1.690304483e-06
1.546066101e-06
1.417015256e-06
1.320916751e-06
1.254759031e-06
1.217201385e-06
1.202569789e-06
1.21379418e-06
4.109546146e-06
4.105713605e-06
4.09873352e-06
4.09102853e-06
4.091284823e-06
4.089343464e-06
4.086780777e-06
4.078867249e-06
4.077406733e-06
4.067499381e-06
4.048093175e-06
4.028295311e-06
4.004759885e-06
3.970320881e-06
3.937869484e-06
3.907909842e-06
3.865856573e-06
3.812190807e-06
3.751671426e-06
3.669785389e-06
3.581358563e-06
3.489277097e-06
3.384024424e-06
3.252483463e-06
3.123340231e-06
2.971764413e-06
2.82247591e-06
2.658855418e-06
2.492687076e-06
2.313731525e-06
2.143045148e-06
1.969028611e-06
1.811073589e-06
1.656512176e-06
1.517832752e-06
1.411587746e-06
1.333686252e-06
1.28521928e-06
1.255604694e-06
1.255270219e-06
4.117501911e-06
4.115595461e-06
4.112642584e-06
4.106052829e-06
4.103914037e-06
4.095243136e-06
4.080869484e-06
4.07678383e-06
4.061401179e-06
4.049853816e-06
4.040562161e-06
4.030781246e-06
4.011693417e-06
3.979979758e-06
3.951779318e-06
3.917138176e-06
3.867921827e-06
3.818391664e-06
3.766066507e-06
3.700071197e-06
3.601763039e-06
3.521799498e-06
3.427738776e-06
3.306555209e-06
3.187637518e-06
3.061902708e-06
2.927409371e-06
2.771950469e-06
2.600073988e-06
2.436546032e-06
2.270969989e-06
2.097240157e-06
1.933574207e-06
1.781480454e-06
1.632416105e-06
1.514149827e-06
1.428138674e-06
1.360458974e-06
1.317549454e-06
1.305352411e-06
4.11052944e-06
4.11227257e-06
4.111143202e-06
4.109974104e-06
4.100751375e-06
4.098458127e-06
4.09385223e-06
4.084166828e-06
4.07775551e-06
4.065471837e-06
4.050503107e-06
4.034527622e-06
4.005350726e-06
3.98578573e-06
3.956753796e-06
3.930036195e-06
3.898149045e-06
3.851068521e-06
3.794519082e-06
3.731911244e-06
3.645790688e-06
3.58267401e-06
3.489916028e-06
3.399489389e-06
3.270554025e-06
3.159227473e-06
3.018376755e-06
2.869699553e-06
2.701254315e-06
2.553663343e-06
2.386446518e-06
2.215386397e-06
2.056031152e-06
1.90487675e-06
1.756814692e-06
1.630920541e-06
1.522560068e-06
1.44563527e-06
1.386599446e-06
1.35768547e-06
4.112658991e-06
4.111316757e-06
4.107699307e-06
4.111457396e-06
4.1166576e-06
4.106693058e-06
4.09437364e-06
4.085772906e-06
4.078368672e-06
4.066741972e-06
4.059374521e-06
4.050143531e-06
4.033434157e-06
4.010398491e-06
3.985965915e-06
3.950200778e-06
3.920314739e-06
3.87572032e-06
3.820970564e-06
3.772900707e-06
3.719306864e-06
3.630063626e-06
3.551226169e-06
3.449879652e-06
3.338531298e-06
3.225222493e-06
3.095630106e-06
2.95291651e-06
2.803114999e-06
2.662854049e-06
2.49713427e-06
2.339696186e-06
2.18588916e-06
2.028042491e-06
1.887324497e-06
1.752788473e-06
1.63553567e-06
1.544353204e-06
1.47276219e-06
1.423938899e-06
4.112888336e-06
4.11333258e-06
4.108862454e-06
4.106601356e-06
4.106283764e-06
4.101012458e-06
4.103379448e-06
4.100041077e-06
4.093443812e-06
4.078986197e-06
4.060813837e-06
4.041602068e-06
4.022474392e-06
3.999437505e-06
3.969935257e-06
3.949152596e-06
3.940647885e-06
3.910040383e-06
3.870829572e-06
3.80383294e-06
3.745660407e-06
3.678043906e-06
3.591349301e-06
3.501921196e-06
3.403063787e-06
3.298178229e-06
3.173821569e-06
3.050915872e-06
2.916218467e-06
2.775654924e-06
2.615476816e-06
2.470550071e-06
2.32011512e-06
2.160992967e-06
2.014016056e-06
1.875834476e-06
1.757617564e-06
1.651590698e-06
1.563928963e-06
1.503842645e-06
4.110091911e-06
4.106668421e-06
4.104441683e-06
4.101670802e-06
4.093014807e-06
4.087607031e-06
4.075796215e-06
4.077438311e-06
4.074019545e-06
4.068834918e-06
4.056722936e-06
4.043740165e-06
4.038889114e-06
4.019745062e-06
4.006162257e-06
3.974307181e-06
3.946547234e-06
3.907896175e-06
3.877863115e-06
3.821562765e-06
3.766208476e-06
3.726794464e-06
3.633937973e-06
3.552227111e-06
3.450408089e-06
3.361869931e-06
3.260553759e-06
3.124370744e-06
3.006898046e-06
2.885330513e-06
2.739371103e-06
2.586796541e-06
2.440255125e-06
2.288587816e-06
2.141648682e-06
2.006349908e-06
1.871403914e-06
1.760433973e-06
1.66636748e-06
1.586230628e-06
4.107638228e-06
4.104985848e-06
4.094713462e-06
4.094567515e-06
4.102910083e-06
4.096586441e-06
4.096582943e-06
4.086939917e-06
4.084571974e-06
4.077374713e-06
4.078906077e-06
4.064610909e-06
4.053778296e-06
4.039184652e-06
4.018623005e-06
3.991473126e-06
3.962094661e-06
3.947028803e-06
3.899964807e-06
3.865387893e-06
3.81663848e-06
3.754096877e-06
3.680821663e-06
3.604286023e-06
3.524652487e-06
3.439015357e-06
3.343414701e-06
3.226002594e-06
3.106221618e-06
2.977449685e-06
2.84912096e-06
2.710728817e-06
2.570152698e-06
2.41691923e-06
2.271193457e-06
2.139517182e-06
2.003686024e-06
1.886414482e-06
1.781957031e-06
1.694796808e-06
4.112610863e-06
4.109515006e-06
4.112853227e-06
4.116439407e-06
4.109782596e-06
4.112640751e-06
4.100967419e-06
4.098595134e-06
4.093157265e-06
4.083929918e-06
4.062260955e-06
4.056467407e-06
4.052048835e-06
4.037262557e-06
4.016234702e-06
4.00010849e-06
3.982943951e-06
3.948612461e-06
3.927070742e-06
3.896618206e-06
3.846161402e-06
3.799192846e-06
3.74226115e-06
3.670589809e-06
3.593849584e-06
3.50774366e-06
3.431315557e-06
3.328123635e-06
3.21018761e-06
3.091494361e-06
2.960230835e-06
2.839814836e-06
2.698015133e-06
2.560976707e-06
2.416355348e-06
2.277823676e-06
2.146859717e-06
2.013468148e-06
1.898813147e-06
1.804543584e-06
4.116236033e-06
4.117542038e-06
4.12273773e-06
4.116973145e-06
4.108391438e-06
4.10376501e-06
4.103042769e-06
4.097876235e-06
4.095903946e-06
4.090893703e-06
4.094591927e-06
4.086712726e-06
4.071048743e-06
4.047575518e-06
4.028117755e-06
4.020835294e-06
3.994996163e-06
3.970057776e-06
3.957029949e-06
3.917913428e-06
3.882147033e-06
3.841088869e-06
3.79893792e-06
3.725230013e-06
3.648146454e-06
3.576667272e-06
3.49544127e-06
3.394382524e-06
3.30593029e-06
3.18780646e-06
3.070241851e-06
2.949729555e-06
2.831991671e-06
2.690632403e-06
2.559535101e-06
2.413642379e-06
2.293423151e-06
2.154963751e-06
2.032578064e-06
1.921708398e-06
4.107996624e-06
4.107389349e-06
4.101237029e-06
4.115683322e-06
4.110389631e-06
4.115477534e-06
4.111501721e-06
4.104621199e-06
4.111729865e-06
4.099296859e-06
4.085965051e-06
4.088530258e-06
4.085485125e-06
4.070908151e-06
4.066575082e-06
4.04468724e-06
4.023352565e-06
4.006637069e-06
3.996615701e-06
3.959174198e-06
3.911391906e-06
3.869870348e-06
3.823335883e-06
3.760939171e-06
3.705048886e-06
3.625752717e-06
3.553970629e-06
3.460468457e-06
3.37801123e-06
3.272975914e-06
3.168222278e-06
3.050734771e-06
2.936513427e-06
2.805613775e-06
2.681837377e-06
2.559376485e-06
2.420967172e-06
2.293368313e-06
2.164803322e-06
2.056310624e-06
4.111851079e-06
4.113285696e-06
4.107559673e-06
4.093444262e-06
4.101920431e-06
4.099042744e-06
4.096419699e-06
4.102381592e-06
4.097507088e-06
4.087463809e-06
4.090398057e-06
4.085336238e-06
4.073755589e-06
4.067218461e-06
4.059107477e-06
4.038224661e-06
4.029998813e-06
4.007182822e-06
3.991744154e-06
3.961165302e-06
3.941560889e-06
3.892908569e-06
3.854318224e-06
3.81188664e-06
3.755728741e-06
3.677164463e-06
3.614058703e-06
3.551913633e-06
3.455955369e-06
3.373895789e-06
3.282132262e-06
3.166925685e-06
3.059174784e-06
2.944788792e-06
2.811158705e-06
2.669629462e-06
2.547813506e-06
2.430489608e-06
2.307490659e-06
2.187757202e-06
4.112641107e-06
4.113004218e-06
4.112458004e-06
4.121038959e-06
4.116184113e-06
4.107181648e-06
4.108961314e-06
4.104775813e-06
4.101204207e-06
4.106769241e-06
4.095244114e-06
4.093611767e-06
4.088608146e-06
4.077718312e-06
4.064785881e-06
4.05662122e-06
4.042070747e-06
4.024172652e-06
4.001722912e-06
3.969580729e-06
3.946784511e-06
3.90362859e-06
3.873355882e-06
3.830553491e-06
3.779667834e-06
3.723984691e-06
3.663344066e-06
3.5937003e-06
3.519890111e-06
3.440071371e-06
3.335324286e-06
3.244871531e-06
3.146469606e-06
3.031370829e-06
2.927294287e-06
2.808326624e-06
2.693334681e-06
2.557194868e-06
2.440973323e-06
2.322706724e-06
4.117737759e-06
4.116882406e-06
4.114672844e-06
4.107789953e-06
4.108143615e-06
4.103202421e-06
4.100442093e-06
4.100806226e-06
4.098867024e-06
4.088082061e-06
4.08954414e-06
4.083496013e-06
4.078252261e-06
4.073605605e-06
4.064331851e-06
4.059674924e-06
4.044329415e-06
4.020839286e-06
3.999452176e-06
3.985079681e-06
3.957398098e-06
3.929795158e-06
3.902851649e-06
3.872922397e-06
3.826127529e-06
3.777732367e-06
3.717192426e-06
3.649747266e-06
3.579147076e-06
3.520653089e-06
3.423759318e-06
3.338481496e-06
3.246610345e-06
3.145875205e-06
3.046523109e-06
2.926009551e-06
2.81354264e-06
2.703753224e-06
2.5847417e-06
2.463778165e-06
4.120557794e-06
4.125921241e-06
4.129382257e-06
4.125091445e-06
4.115606802e-06
4.110240231e-06
4.111457176e-06
4.105945552e-06
4.106455392e-06
4.105501801e-06
4.097128148e-06
4.087109314e-06
4.085545644e-06
4.075586803e-06
4.067932087e-06
4.062632139e-06
4.051435975e-06
4.027443625e-06
4.02049656e-06
4.005706978e-06
3.984048051e-06
3.963722838e-06
3.927178401e-06
3.885597779e-06
3.844333885e-06
3.801300578e-06
3.7475096e-06
3.690281703e-06
3.629439363e-06
3.554601556e-06
3.489273261e-06
3.41037221e-06
3.319635384e-06
3.239503805e-06
3.154915017e-06
3.061189628e-06
2.94359123e-06
2.828418117e-06
2.70900016e-06
2.596314614e-06
4.114471961e-06
4.113705576e-06
4.110413619e-06
4.116681317e-06
4.117912752e-06
4.118793483e-06
4.115409994e-06
4.108999877e-06
4.109266852e-06
4.101835995e-06
4.099062801e-06
4.089697703e-06
4.089408702e-06
4.080264748e-06
4.076846475e-06
4.070799713e-06
4.059083011e-06
4.040264623e-06
4.02777754e-06
4.008967191e-06
3.989655267e-06
3.962263027e-06
3.931659971e-06
3.904154093e-06
3.864206425e-06
3.827893923e-06
3.77995007e-06
3.722158438e-06
3.68116611e-06
3.613325636e-06
3.553385047e-06
3.482754348e-06
3.406248393e-06
3.326912058e-06
3.238483162e-06
3.149186144e-06
3.046561915e-06
2.949484024e-06
2.842646353e-06
2.732551633e-06
4.111969868e-06
4.109328452e-06
4.112752521e-06
4.107802872e-06
4.106250369e-06
4.105397119e-06
4.104392147e-06
4.106376458e-06
4.107575847e-06
4.103355539e-06
4.100307747e-06
4.100575283e-06
4.092011175e-06
4.088614707e-06
4.085739036e-06
4.079392752e-06
4.057866299e-06
4.048206597e-06
4.027478409e-06
4.015258385e-06
3.99676329e-06
3.975244183e-06
3.957578699e-06
3.925871649e-06
3.892000595e-06
3.871276386e-06
3.830603253e-06
3.780833588e-06
3.745133273e-06
3.684258869e-06
3.625651213e-06
3.563341992e-06
3.479768597e-06
3.405957399e-06
3.326154237e-06
3.250122567e-06
3.161759042e-06
3.058576711e-06
2.959180961e-06
2.855006307e-06
4.116541868e-06
4.113790344e-06
4.11224318e-06
4.11591575e-06
4.118874081e-06
4.121735876e-06
4.119492895e-06
4.114417105e-06
4.109509344e-06
4.103454647e-06
4.09916712e-06
4.097446395e-06
4.098184048e-06
4.096805429e-06
4.089782186e-06
4.083849546e-06
4.066107902e-06
4.052290957e-06
4.04113312e-06
4.045065048e-06
4.032203162e-06
4.023483547e-06
3.999085155e-06
3.97042186e-06
3.937308083e-06
3.915656972e-06
3.875170427e-06
3.8345479e-06
3.805617894e-06
3.7600483e-06
3.710383379e-06
3.653348626e-06
3.589086483e-06
3.517158257e-06
3.433598066e-06
3.354248089e-06
3.267021275e-06
3.1864122e-06
3.091217317e-06
2.985510196e-06
4.118739391e-06
4.117888544e-06
4.111621934e-06
4.107055135e-06
4.103563856e-06
4.101704053e-06
4.108767471e-06
4.109696166e-06
4.108718174e-06
4.109974334e-06
4.108768483e-06
4.1015538e-06
4.091390278e-06
4.083985241e-06
4.074372777e-06
4.069484677e-06
4.068826546e-06
4.062656677e-06
4.0604804e-06
4.053868668e-06
4.050647387e-06
4.030594938e-06
4.008838103e-06
3.985831779e-06
3.961474895e-06
3.933242859e-06
3.900507906e-06
3.864223572e-06
3.8265497e-06
3.797790361e-06
3.743514426e-06
3.686559912e-06
3.625206832e-06
3.577809952e-06
3.511173858e-06
3.439407426e-06
3.3696067e-06
3.280256848e-06
3.199907598e-06
3.10586443e-06
4.115038936e-06
4.114597658e-06
4.117309452e-06
4.120483443e-06
4.116446939e-06
4.115553674e-06
4.108229795e-06
4.100932304e-06
4.088983917e-06
4.086058736e-06
4.087823441e-06
4.092109539e-06
4.094519999e-06
4.094321497e-06
4.095492348e-06
4.084181705e-06
4.083163032e-06
4.083254202e-06
4.070650486e-06
4.063038288e-06
4.053995127e-06
4.037948725e-06
4.016018083e-06
4.001870086e-06
3.978348478e-06
3.960228031e-06
3.931614674e-06
3.894510156e-06
3.860064317e-06
3.824126138e-06
3.782183755e-06
3.728482762e-06
3.689321087e-06
3.63744773e-06
3.57095316e-06
3.492821217e-06
3.433364018e-06
3.361764329e-06
3.291634582e-06
3.218913176e-06
4.115960163e-06
4.112494073e-06
4.105723603e-06
4.093529095e-06
4.089743262e-06
4.093708811e-06
4.094579068e-06
4.097925783e-06
4.099347455e-06
4.0958069e-06
4.093295486e-06
4.093815438e-06
4.090200658e-06
4.090808613e-06
4.086587772e-06
4.085614824e-06
4.088916668e-06
4.073227688e-06
4.052450601e-06
4.041325458e-06
4.032125536e-06
4.024151511e-06
4.016698334e-06
4.010098889e-06
3.990682885e-06
3.978534204e-06
3.95554685e-06
3.927399174e-06
3.885809491e-06
3.861387572e-06
3.835989136e-06
3.79680044e-06
3.746432693e-06
3.688908994e-06
3.639131578e-06
3.580113229e-06
3.511550488e-06
3.45199993e-06
3.373708659e-06
3.306355845e-06
4.120009887e-06
4.115031172e-06
4.122461392e-06
4.128362156e-06
4.129562598e-06
4.123832326e-06
4.115511532e-06
4.113409176e-06
4.113654939e-06
4.113429226e-06
4.10566208e-06
4.095405559e-06
4.089660649e-06
4.089136775e-06
4.085269488e-06
4.082194278e-06
4.081713744e-06
4.082332068e-06
4.078638175e-06
4.081137941e-06
4.072960119e-06
4.058368375e-06
4.040944425e-06
4.034125504e-06
4.009966586e-06
3.997223191e-06
3.982568859e-06
3.958691855e-06
3.93541099e-06
3.902322408e-06
3.867778168e-06
3.831925643e-06
3.795652606e-06
3.759695001e-06
3.707587384e-06
3.669542386e-06
3.599568995e-06
3.545126512e-06
3.471940713e-06
3.404770312e-06
4.115427331e-06
4.118255748e-06
4.119849328e-06
4.111938148e-06
4.119697663e-06
4.119074666e-06
4.123112662e-06
4.126709117e-06
4.126421062e-06
4.120792778e-06
4.117769636e-06
4.118162257e-06
4.116840456e-06
4.114272554e-06
4.110893708e-06
4.103441934e-06
4.09611622e-06
4.08317395e-06
4.081962306e-06
4.072914399e-06
4.068512603e-06
4.064472532e-06
4.058958828e-06
4.053687495e-06
4.032191621e-06
4.020677682e-06
4.004346547e-06
3.980175875e-06
3.957535542e-06
3.931113747e-06
3.91949994e-06
3.88215534e-06
3.849307634e-06
3.824734211e-06
3.778947862e-06
3.733036136e-06
3.672173516e-06
3.608551503e-06
3.55479834e-06
3.487858238e-06
4.111342497e-06
4.113958829e-06
4.121063245e-06
4.124669475e-06
4.117458284e-06
4.121141387e-06
4.125388141e-06
4.118723087e-06
4.115943856e-06
4.124920503e-06
4.126072138e-06
4.127227399e-06
4.119410047e-06
4.11404877e-06
4.107123638e-06
4.111596611e-06
4.113588586e-06
4.106262716e-06
4.098605787e-06
4.088282717e-06
4.075063959e-06
4.071324898e-06
4.05832764e-06
4.045091372e-06
4.025698795e-06
4.011259836e-06
4.00406008e-06
3.99203912e-06
3.966287788e-06
3.955476683e-06
3.929491351e-06
3.912614863e-06
3.881346137e-06
3.853117059e-06
3.818444953e-06
3.774930633e-06
3.727130631e-06
3.681735669e-06
3.631396351e-06
3.571150038e-06
4.11719565e-06
4.116700837e-06
4.107413194e-06
4.10889187e-06
4.110627274e-06
4.115920829e-06
4.111824462e-06
4.116612335e-06
4.111957666e-06
4.117008347e-06
4.115401622e-06
4.11236497e-06
4.118499947e-06
4.119218377e-06
4.123407982e-06
4.117180975e-06
4.10910295e-06
4.103572218e-06
4.099664058e-06
4.090767281e-06
4.08172131e-06
4.074682286e-06
4.065862844e-06
4.056142485e-06
4.04582846e-06
4.034715677e-06
4.020596267e-06
4.008559838e-06
3.991186499e-06
3.981233602e-06
3.955245796e-06
3.92938177e-06
3.906032165e-06
3.885809281e-06
3.847328445e-06
3.820100239e-06
3.783076169e-06
3.73218868e-06
3.681892899e-06
3.63121421e-06
4.114007037e-06
4.112223795e-06
4.110136966e-06
4.117019114e-06
4.117329381e-06
4.113099357e-06
4.114805466e-06
4.109025426e-06
4.115715775e-06
4.111892522e-06
4.107123104e-06
4.109153951e-06
4.104165291e-06
4.095838718e-06
4.092540188e-06
4.086111139e-06
4.088931628e-06
4.092685957e-06
4.085194773e-06
4.086225835e-06
4.087644832e-06
4.080124589e-06
4.078262998e-06
4.069875266e-06
4.064728779e-06
4.059067539e-06
4.051428602e-06
4.03447647e-06
4.017517248e-06
3.998837035e-06
3.980341271e-06
3.961911633e-06
3.934872496e-06
3.911850373e-06
3.894515275e-06
3.863469513e-06
3.82589936e-06
3.788232427e-06
3.748487626e-06
3.700581598e-06
4.115928457e-06
4.115493844e-06
4.117508132e-06
4.113458201e-06
4.105735212e-06
4.106831724e-06
4.102327549e-06
4.10359605e-06
4.099355811e-06
4.09027622e-06
4.085922954e-06
4.087297909e-06
4.094672888e-06
4.097353518e-06
4.097129699e-06
4.097227398e-06
4.099238654e-06
4.10111105e-06
4.104530734e-06
4.095286389e-06
4.099258879e-06
4.106318847e-06
4.099170512e-06
4.095297794e-06
4.090605841e-06
4.07467984e-06
4.066169554e-06
4.04633606e-06
4.025863437e-06
4.014589342e-06
3.99520326e-06
3.978517597e-06
3.960551525e-06
3.94204423e-06
3.923819431e-06
3.897096772e-06
3.873655393e-06
3.834210968e-06
3.797798391e-06
3.75158501e-06
4.113162014e-06
4.108091264e-06
4.105400156e-06
4.111851333e-06
4.109692498e-06
4.104990644e-06
4.100725788e-06
4.104337727e-06
4.105370245e-06
4.108907424e-06
4.109026043e-06
4.10319245e-06
4.100811724e-06
4.103393848e-06
4.098512772e-06
4.10240096e-06
4.105622975e-06
4.101786869e-06
4.097113029e-06
4.094124444e-06
4.087917396e-06
4.082564766e-06
4.078756314e-06
4.071469402e-06
4.056399365e-06
4.053550161e-06
4.042691847e-06
4.028370667e-06
4.022468943e-06
4.020871693e-06
4.009530131e-06
3.986743222e-06
3.97072428e-06
3.952128543e-06
3.947137421e-06
3.931285565e-06
3.904623223e-06
3.877676083e-06
3.840884197e-06
3.809718652e-06
4.118960155e-06
4.125699547e-06
4.128163896e-06
4.119244053e-06
4.118010965e-06
4.120743105e-06
4.122143898e-06
4.122266193e-06
4.125511854e-06
4.127796585e-06
4.133362634e-06
4.130321885e-06
4.123686119e-06
4.122594748e-06
4.120627869e-06
4.112845617e-06
4.102197602e-06
4.093851082e-06
4.094496101e-06
4.08891683e-06
4.085557858e-06
4.076670679e-06
4.074111928e-06
4.073051496e-06
4.071049365e-06
4.067465813e-06
4.063490387e-06
4.060887799e-06
4.054684224e-06
4.035874764e-06
4.020645466e-06
4.011962107e-06
3.9961719e-06
3.974765303e-06
3.96401734e-06
3.941587843e-06
3.922229257e-06
3.894108043e-06
3.880304209e-06
3.864383422e-06
4.11433933e-06
4.111601685e-06
4.114494646e-06
4.116740098e-06
4.124685462e-06
4.123573964e-06
4.124026849e-06
4.121260681e-06
4.11570906e-06
4.109350227e-06
4.109302699e-06
4.107305453e-06
4.110648091e-06
4.105561028e-06
4.107683657e-06
4.109070987e-06
4.109965436e-06
4.108765207e-06
4.09591002e-06
4.098096294e-06
4.093786733e-06
4.096846878e-06
4.099385853e-06
4.095038019e-06
4.087958519e-06
4.076070887e-06
4.066590487e-06
4.061365822e-06
4.048284607e-06
4.052027915e-06
4.046634445e-06
4.038329303e-06
4.020757041e-06
4.005459113e-06
3.991551799e-06
3.97715107e-06
3.960793323e-06
3.927818455e-06
3.902346252e-06
3.885029412e-06
4.11932412e-06
4.115961062e-06
4.110903433e-06
4.108209426e-06
4.10899065e-06
4.105582613e-06
4.104444062e-06
4.105319325e-06
4.110000785e-06
4.111661173e-06
4.114529169e-06
4.108876674e-06
4.105298141e-06
4.10779877e-06
4.114105087e-06
4.10646851e-06
4.111611826e-06
4.108859065e-06
4.107062863e-06
4.107127324e-06
4.095982145e-06
4.090407086e-06
4.086001677e-06
4.085802271e-06
4.075811993e-06
4.076263353e-06
4.077704078e-06
4.070944177e-06
4.067893351e-06
4.058558588e-06
4.049921379e-06
4.044130241e-06
4.026263474e-06
4.015392572e-06
4.006470749e-06
4.004491701e-06
3.981356511e-06
3.966130218e-06
3.950646573e-06
3.93546331e-06
4.120251e-06
4.120108823e-06
4.119120277e-06
4.123055267e-06
4.118286849e-06
4.117965341e-06
4.119270674e-06
4.11662405e-06
4.117065294e-06
4.113225736e-06
4.111344277e-06
4.111370594e-06
4.11351701e-06
4.1073056e-06
4.104725643e-06
4.098484787e-06
4.09471106e-06
4.098025094e-06
4.100575228e-06
4.099768376e-06
4.099458982e-06
4.098821859e-06
4.097674339e-06
4.09155874e-06
4.089952543e-06
4.086015065e-06
4.082923408e-06
4.070941156e-06
4.063505587e-06
4.052997902e-06
4.049780109e-06
4.044964022e-06
4.032862e-06
4.029277719e-06
4.018616345e-06
4.009181486e-06
3.996552864e-06
3.976257852e-06
3.956335063e-06
3.941306953e-06
1.593335208e-06
2.369315955e-06
2.682728339e-06
2.876920018e-06
3.011732073e-06
3.132219425e-06
3.206653467e-06
3.292606136e-06
3.384290132e-06
3.439511535e-06
3.534354648e-06
3.618510481e-06
3.686840323e-06
3.7216926e-06
3.786698949e-06
3.864458515e-06
3.888039195e-06
3.956200783e-06
4.007623438e-06
4.073019405e-06
4.145630012e-06
4.156342204e-06
4.216318223e-06
4.268135875e-06
4.349979485e-06
4.442063032e-06
4.484656061e-06
4.532659307e-06
4.577066743e-06
4.612144753e-06
4.674342245e-06
4.743114486e-06
4.849849573e-06
4.936621895e-06
5.020991211e-06
5.174048095e-06
5.317857155e-06
5.468307849e-06
5.810764537e-06
6.589435672e-06
1.28643342e-06
1.803041781e-06
2.214196558e-06
2.526202149e-06
2.743359479e-06
2.904144452e-06
3.056610636e-06
3.173882876e-06
3.281395742e-06
3.396970174e-06
3.48762577e-06
3.54771379e-06
3.625822681e-06
3.705421759e-06
3.781990163e-06
3.838264015e-06
3.912858992e-06
3.971682704e-06
4.000798152e-06
4.071106745e-06
4.132071398e-06
4.137693574e-06
4.21767787e-06
4.295821234e-06
4.349862414e-06
4.43779818e-06
4.498133563e-06
4.563333735e-06
4.593475711e-06
4.661107564e-06
4.719222204e-06
4.766711796e-06
4.919643286e-06
5.024045765e-06
5.099402385e-06
5.257961393e-06
5.425940603e-06
5.624120486e-06
6.032164469e-06
6.788657927e-06
1.238008131e-06
1.566944678e-06
1.913947229e-06
2.212782301e-06
2.477108084e-06
2.689060977e-06
2.861232017e-06
2.996725421e-06
3.127968139e-06
3.236752742e-06
3.351855039e-06
3.443179948e-06
3.545686901e-06
3.632723915e-06
3.687155146e-06
3.770851378e-06
3.86317048e-06
3.905720165e-06
3.996077427e-06
4.054186445e-06
4.086382572e-06
4.142344373e-06
4.216074851e-06
4.239193901e-06
4.329326833e-06
4.41239887e-06
4.430247539e-06
4.516524174e-06
4.56780788e-06
4.607796922e-06
4.727144445e-06
4.816381193e-06
4.886913293e-06
4.973476341e-06
5.09240299e-06
5.232661934e-06
5.384257834e-06
5.613060699e-06
6.005350944e-06
6.613537897e-06
1.219843709e-06
1.457649209e-06
1.723154647e-06
1.990748735e-06
2.232915819e-06
2.464805429e-06
2.639710219e-06
2.815655979e-06
2.978411229e-06
3.095803747e-06
3.219581757e-06
3.317319424e-06
3.41676082e-06
3.498646935e-06
3.600028457e-06
3.665047547e-06
3.7355182e-06
3.820193789e-06
3.884112021e-06
3.971911666e-06
4.036677056e-06
4.099417674e-06
4.168806652e-06
4.235381515e-06
4.301706601e-06
4.354714837e-06
4.400871285e-06
4.468814156e-06
4.520081614e-06
4.591416953e-06
4.67974606e-06
4.74664184e-06
4.803361185e-06
4.904744615e-06
5.031022078e-06
5.203352798e-06
5.366351766e-06
5.600282501e-06
5.916815056e-06
6.293822041e-06
1.216573734e-06
1.387589265e-06
1.60229505e-06
1.82348827e-06
2.045191251e-06
2.248677085e-06
2.448502276e-06
2.616496684e-06
2.780050916e-06
2.904106018e-06
3.048438323e-06
3.161521753e-06
3.264177861e-06
3.359204846e-06
3.468522328e-06
3.541189778e-06
3.604541365e-06
3.699618533e-06
3.790341436e-06
3.855658016e-06
3.903174586e-06
3.993104645e-06
4.087674552e-06
4.163008348e-06
4.236114782e-06
4.270057617e-06
4.331818312e-06
4.387857485e-06
4.433836004e-06
4.513330782e-06
4.590229893e-06
4.68488581e-06
4.774976198e-06
4.882503501e-06
4.976587809e-06
5.136008695e-06
5.303281983e-06
5.460601424e-06
5.718503717e-06
6.013686455e-06
1.2206375e-06
1.353435866e-06
1.519105326e-06
1.699037178e-06
1.890402326e-06
2.07941664e-06
2.261001039e-06
2.433667241e-06
2.595685733e-06
2.730907663e-06
2.876098461e-06
3.006511065e-06
3.115630124e-06
3.216848208e-06
3.33184677e-06
3.418883052e-06
3.483949511e-06
3.579136893e-06
3.682794451e-06
3.745725756e-06
3.805652976e-06
3.917496939e-06
4.007522752e-06
4.073582388e-06
4.115272281e-06
4.192116935e-06
4.245209805e-06
4.334963942e-06
4.395412867e-06
4.455051015e-06
4.519138906e-06
4.592592941e-06
4.721026343e-06
4.805935803e-06
4.915400916e-06
5.042086929e-06
5.157418391e-06
5.30770431e-06
5.524108012e-06
5.785686643e-06
1.226304576e-06
1.329892433e-06
1.459671076e-06
1.613831544e-06
1.783211904e-06
1.945926854e-06
2.112825715e-06
2.268382452e-06
2.424939887e-06
2.57241873e-06
2.708086538e-06
2.838599427e-06
2.958415474e-06
3.07125074e-06
3.187164033e-06
3.288742111e-06
3.360189762e-06
3.450682175e-06
3.54778598e-06
3.62337827e-06
3.717928734e-06
3.795319865e-06
3.888577573e-06
3.951260527e-06
4.006157144e-06
4.066923024e-06
4.167587222e-06
4.259207944e-06
4.348995969e-06
4.383273761e-06
4.436716114e-06
4.504224647e-06
4.586275989e-06
4.687453947e-06
4.786591692e-06
4.908937266e-06
5.065714582e-06
5.215775375e-06
5.413765713e-06
5.610076913e-06
1.237754522e-06
1.32188909e-06
1.427644574e-06
1.551191173e-06
1.686159763e-06
1.839782824e-06
1.99030299e-06
2.135351374e-06
2.28681296e-06
2.417271229e-06
2.553654524e-06
2.673415897e-06
2.797637199e-06
2.910585615e-06
3.02779913e-06
3.121243311e-06
3.226298013e-06
3.317929771e-06
3.394932872e-06
3.477888284e-06
3.571769042e-06
3.636431642e-06
3.728898123e-06
3.811977995e-06
3.880824463e-06
3.954867604e-06
4.058982151e-06
4.123232935e-06
4.195802726e-06
4.281572052e-06
4.350530746e-06
4.410097128e-06
4.492596516e-06
4.603326856e-06
4.682367374e-06
4.800459347e-06
4.920004636e-06
5.070170818e-06
5.255908615e-06
5.447068896e-06
1.257953072e-06
1.318477535e-06
1.401846171e-06
1.501840631e-06
1.618000095e-06
1.742326558e-06
1.883497482e-06
2.014231676e-06
2.158018885e-06
2.288818649e-06
2.412900776e-06
2.53372554e-06
2.651491773e-06
2.773826548e-06
2.898889939e-06
2.994020898e-06
3.097031409e-06
3.197981145e-06
3.292467166e-06
3.371868805e-06
3.470580481e-06
3.539718245e-06
3.614109135e-06
3.685038916e-06
3.754372149e-06
3.830770424e-06
3.909519815e-06
4.017979326e-06
4.112865309e-06
4.172292565e-06
4.24589799e-06
4.309880616e-06
4.399504475e-06
4.490850449e-06
4.575196182e-06
4.672270523e-06
4.773446147e-06
4.908690134e-06
5.052932749e-06
5.192609609e-06
1.280527731e-06
1.326434942e-06
1.388413126e-06
1.47527586e-06
1.573394492e-06
1.676250092e-06
1.79157432e-06
1.911675126e-06
2.034103039e-06
2.158926787e-06
2.284934689e-06
2.399671435e-06
2.524792975e-06
2.636832758e-06
2.747022364e-06
2.859862811e-06
2.968675576e-06
3.069853004e-06
3.160883792e-06
3.229607365e-06
3.315622503e-06
3.402325535e-06
3.480067853e-06
3.568369527e-06
3.641858508e-06
3.722416937e-06
3.796652483e-06
3.864987099e-06
3.939040035e-06
4.023869931e-06
4.125696474e-06
4.210129769e-06
4.279212032e-06
4.35375773e-06
4.45988149e-06
4.570839236e-06
4.659623747e-06
4.764965732e-06
4.88094373e-06
5.053539488e-06
1.310791758e-06
1.341791093e-06
1.393734443e-06
1.458927188e-06
1.540941846e-06
1.630203118e-06
1.729751651e-06
1.830025917e-06
1.942641386e-06
2.059519744e-06
2.170366022e-06
2.282734582e-06
2.388453025e-06
2.504228986e-06
2.60972048e-06
2.717711409e-06
2.82064635e-06
2.916300691e-06
3.015029021e-06
3.102738138e-06
3.187522985e-06
3.279644921e-06
3.34922038e-06
3.431658018e-06
3.50431387e-06
3.581984057e-06
3.660214392e-06
3.744615369e-06
3.816643808e-06
3.904318714e-06
3.990265542e-06
4.064688545e-06
4.144904591e-06
4.229259053e-06
4.299507574e-06
4.408467239e-06
4.50167197e-06
4.594801687e-06
4.704858936e-06
4.853377569e-06
1.34619293e-06
1.364734688e-06
1.39412605e-06
1.445486613e-06
1.505369016e-06
1.585113869e-06
1.667194463e-06
1.76195799e-06
1.857683402e-06
1.954837638e-06
2.063939971e-06
2.175423195e-06
2.282117246e-06
2.380213008e-06
2.479136733e-06
2.586958438e-06
2.685292453e-06
2.777221407e-06
2.879542519e-06
2.983254358e-06
3.065519866e-06
3.128294901e-06
3.220956514e-06
3.308906964e-06
3.382999267e-06
3.463003897e-06
3.535710842e-06
3.611103092e-06
3.696503207e-06
3.752375765e-06
3.822200463e-06
3.90216376e-06
3.982795202e-06
4.074444648e-06
4.169720538e-06
4.263448563e-06
4.360193279e-06
4.441509849e-06
4.548229701e-06
4.660664261e-06
1.401239006e-06
1.397680718e-06
1.415759152e-06
1.444962146e-06
1.495579849e-06
1.552297084e-06
1.62277509e-06
1.699973019e-06
1.788639228e-06
1.879013118e-06
1.973734616e-06
2.073054074e-06
2.172021893e-06
2.271772554e-06
2.367522356e-06
2.465114777e-06
2.564710902e-06
2.659780554e-06
2.744573865e-06
2.845854912e-06
2.936067175e-06
3.020797379e-06
3.090523109e-06
3.186540395e-06
3.265523171e-06
3.353322561e-06
3.424244186e-06
3.487236446e-06
3.564643318e-06
3.63132871e-06
3.700528153e-06
3.770058693e-06
3.849230661e-06
3.927352375e-06
4.013376648e-06
4.094208882e-06
4.181244246e-06
4.277755149e-06
4.383491964e-06
4.515223608e-06
1.46113015e-06
1.435351437e-06
1.442155575e-06
1.457425536e-06
1.490899813e-06
1.53855207e-06
1.594522432e-06
1.663401119e-06
1.738160835e-06
1.817642996e-06
1.894691518e-06
1.985503264e-06
2.078602014e-06
2.173169298e-06
2.260214947e-06
2.355339084e-06
2.443782332e-06
2.535124296e-06
2.62904259e-06
2.711886455e-06
2.794035558e-06
2.885536246e-06
2.97198988e-06
3.049267844e-06
3.119667792e-06
3.207568222e-06
3.273013809e-06
3.350350654e-06
3.418417094e-06
3.493675219e-06
3.574995313e-06
3.655541541e-06
3.742526384e-06
3.803179337e-06
3.875948096e-06
3.967750729e-06
4.060217675e-06
4.1243464e-06
4.213008085e-06
4.32085499e-06
1.529381124e-06
1.495570786e-06
1.47785383e-06
1.482894733e-06
1.500612801e-06
1.537240164e-06
1.574657571e-06
1.625107017e-06
1.689049966e-06
1.761609416e-06
1.837379699e-06
1.910112921e-06
1.985735666e-06
2.072206616e-06
2.159687294e-06
2.244561934e-06
2.32825296e-06
2.425415212e-06
2.50550903e-06
2.597289648e-06
2.683032892e-06
2.759087574e-06
2.84528857e-06
2.916728937e-06
2.998134021e-06
3.078953433e-06
3.158421756e-06
3.233147285e-06
3.316015825e-06
3.382810037e-06
3.459188116e-06
3.536755444e-06
3.601607874e-06
3.682250488e-06
3.764401038e-06
3.833136562e-06
3.904328117e-06
3.992520627e-06
4.067116305e-06
4.159244579e-06
1.620650289e-06
1.564590584e-06
1.538317604e-06
1.52013643e-06
1.522612099e-06
1.538123107e-06
1.56946902e-06
1.609094969e-06
1.658318809e-06
1.714228482e-06
1.779341893e-06
1.849232895e-06
1.920766036e-06
1.993574225e-06
2.073403664e-06
2.152175562e-06
2.232400789e-06
2.309224558e-06
2.401156003e-06
2.479581984e-06
2.555458962e-06
2.633127444e-06
2.720162852e-06
2.804106208e-06
2.869086408e-06
2.945316881e-06
3.031521882e-06
3.105109175e-06
3.182477652e-06
3.246360387e-06
3.320426587e-06
3.389748495e-06
3.451356995e-06
3.525553787e-06
3.614062223e-06
3.694567714e-06
3.772754111e-06
3.84814721e-06
3.914743539e-06
4.003751541e-06
1.722885482e-06
1.651046765e-06
1.608106768e-06
1.576502416e-06
1.560844651e-06
1.557671446e-06
1.575369149e-06
1.605907947e-06
1.638400454e-06
1.681547545e-06
1.733256071e-06
1.799479589e-06
1.864164223e-06
1.926474527e-06
1.998483433e-06
2.071874804e-06
2.147036048e-06
2.220950291e-06
2.298551485e-06
2.379812295e-06
2.455651292e-06
2.529088473e-06
2.603660737e-06
2.685392277e-06
2.767573879e-06
2.843064073e-06
2.911508668e-06
2.976936544e-06
3.051523241e-06
3.123349532e-06
3.202427398e-06
3.271614112e-06
3.335740083e-06
3.407270149e-06
3.473611284e-06
3.55527939e-06
3.634550301e-06
3.714761157e-06
3.787322519e-06
3.854845266e-06
1.830926315e-06
1.749907162e-06
1.685466014e-06
1.6396539e-06
1.61417753e-06
1.601361024e-06
1.595913027e-06
1.608133495e-06
1.634333575e-06
1.668944585e-06
1.708995066e-06
1.754035075e-06
1.810426366e-06
1.871795017e-06
1.930493288e-06
1.999203895e-06
2.06821656e-06
2.144371951e-06
2.211312565e-06
2.281753563e-06
2.353147188e-06
2.431910229e-06
2.500050745e-06
2.56715491e-06
2.642432815e-06
2.723408379e-06
2.798690124e-06
2.870399603e-06
2.9450861e-06
3.007059795e-06
3.068300291e-06
3.138985915e-06
3.220796311e-06
3.290406156e-06
3.363984987e-06
3.430876338e-06
3.50369656e-06
3.568719231e-06
3.642155981e-06
3.720699411e-06
1.94601745e-06
1.85804894e-06
1.780607012e-06
1.717145337e-06
1.674646255e-06
1.648509852e-06
1.633997678e-06
1.627767335e-06
1.638575364e-06
1.656908767e-06
1.68888905e-06
1.727378493e-06
1.773756046e-06
1.822425839e-06
1.876051389e-06
1.934596927e-06
1.997034516e-06
2.05920032e-06
2.136104393e-06
2.202793942e-06
2.27259557e-06
2.335462975e-06
2.403814162e-06
2.47662996e-06
2.543666477e-06
2.61332984e-06
2.685797369e-06
2.760420833e-06
2.819496413e-06
2.891947506e-06
2.962517613e-06
3.035794411e-06
3.102318935e-06
3.165211336e-06
3.229521687e-06
3.294085891e-06
3.374609884e-06
3.449285322e-06
3.521540042e-06
3.586237797e-06
2.085916878e-06
1.984878672e-06
1.891834415e-06
1.816639695e-06
1.754046518e-06
1.713087195e-06
1.684132412e-06
1.664861405e-06
1.660252415e-06
1.668632218e-06
1.677743435e-06
1.705806621e-06
1.743185651e-06
1.789565413e-06
1.838314797e-06
1.88664407e-06
1.937616662e-06
1.99453605e-06
2.049419316e-06
2.118345384e-06
2.183094973e-06
2.254454107e-06
2.319174241e-06
2.384104072e-06
2.441632672e-06
2.506819234e-06
2.57203561e-06
2.6365084e-06
2.71106332e-06
2.778848672e-06
2.84568007e-06
2.909462183e-06
2.98541436e-06
3.04662536e-06
3.102823394e-06
3.178755994e-06
3.235902695e-06
3.306693407e-06
3.380548433e-06
3.447193293e-06
2.213411575e-06
2.106817053e-06
2.009986986e-06
1.923508757e-06
1.847104904e-06
1.787041056e-06
1.74618007e-06
1.716129813e-06
1.70121808e-06
1.691718604e-06
1.696655448e-06
1.710396649e-06
1.733648158e-06
1.760155764e-06
1.797050062e-06
1.844605592e-06
1.890030936e-06
1.939949554e-06
1.994634438e-06
2.052965803e-06
2.105793718e-06
2.164842963e-06
2.233760204e-06
2.29452897e-06
2.354724403e-06
2.413393351e-06
2.481906036e-06
2.546902533e-06
2.606110687e-06
2.672703833e-06
2.735845614e-06
2.805511777e-06
2.864241615e-06
2.931268454e-06
3.001808617e-06
3.064971367e-06
3.131005525e-06
3.185023082e-06
3.252594527e-06
3.323889356e-06
2.347986559e-06
2.232028361e-06
2.138788151e-06
2.04237928e-06
1.958948054e-06
1.884141934e-06
1.825751233e-06
1.778418637e-06
1.752568254e-06
1.737787426e-06
1.722892592e-06
1.719884046e-06
1.727227937e-06
1.74969907e-06
1.773619531e-06
1.80939699e-06
1.848045725e-06
1.894469395e-06
1.941678436e-06
1.986278959e-06
2.03791305e-06
2.089454049e-06
2.148523917e-06
2.206467741e-06
2.264569832e-06
2.322867152e-06
2.384744952e-06
2.446848149e-06
2.516528265e-06
2.57614024e-06
2.634771572e-06
2.698122085e-06
2.765470305e-06
2.824361342e-06
2.881700487e-06
2.945853422e-06
3.006229406e-06
3.078261873e-06
3.140390456e-06
3.207069092e-06
2.483024205e-06
2.370505799e-06
2.267417598e-06
2.167877039e-06
2.078939438e-06
1.995695153e-06
1.927990671e-06
1.862086623e-06
1.817008858e-06
1.783596237e-06
1.760650541e-06
1.749653927e-06
1.7477008e-06
1.753236578e-06
1.768583955e-06
1.792359616e-06
1.815034504e-06
1.853119717e-06
1.897055747e-06
1.937242639e-06
1.980640905e-06
2.037730186e-06
2.083529563e-06
2.139401402e-06
2.191260112e-06
2.247895469e-06
2.298596042e-06
2.358727971e-06
2.41027965e-06
2.476292958e-06
2.539793552e-06
2.602190337e-06
2.663648643e-06
2.725482914e-06
2.778365994e-06
2.839524415e-06
2.904531316e-06
2.965322342e-06
3.028626566e-06
3.083697685e-06
2.626384032e-06
2.5110539e-06
2.404340734e-06
2.305637748e-06
2.206364331e-06
2.117851871e-06
2.036623244e-06
1.965763304e-06
1.90433561e-06
1.858199153e-06
1.821323796e-06
1.794367375e-06
1.780626012e-06
1.777864711e-06
1.778430541e-06
1.788845858e-06
1.808437067e-06
1.83245937e-06
1.866070061e-06
1.904465874e-06
1.936779988e-06
1.97522188e-06
2.022584197e-06
2.073097357e-06
2.125502685e-06
2.177840469e-06
2.232572769e-06
2.282481862e-06
2.333315381e-06
2.393255541e-06
2.448688806e-06
2.502212865e-06
2.560283808e-06
2.618356961e-06
2.68177138e-06
2.734045106e-06
2.794918312e-06
2.85761309e-06
2.915747197e-06
2.969350608e-06
2.753941208e-06
2.645695053e-06
2.538226156e-06
2.430226963e-06
2.34339039e-06
2.238260797e-06
2.149848867e-06
2.069884689e-06
2.000808783e-06
1.94348669e-06
1.895641412e-06
1.850423301e-06
1.821369539e-06
1.80591798e-06
1.79889905e-06
1.797230945e-06
1.805632005e-06
1.82597711e-06
1.841112822e-06
1.865420344e-06
1.900698265e-06
1.936856767e-06
1.974099254e-06
2.016506422e-06
2.061838416e-06
2.104800414e-06
2.156978136e-06
2.208586079e-06
2.263840672e-06
2.313954669e-06
2.366858841e-06
2.42229679e-06
2.47689629e-06
2.530460095e-06
2.592219933e-06
2.651488742e-06
2.703991438e-06
2.756365839e-06
2.816193986e-06
2.875260786e-06
2.881815778e-06
2.77768981e-06
2.685193756e-06
2.574408023e-06
2.46993475e-06
2.375390662e-06
2.278924664e-06
2.194091149e-06
2.112235702e-06
2.039067628e-06
1.979666829e-06
1.934603227e-06
1.891388394e-06
1.858335248e-06
1.834943589e-06
1.822537682e-06
1.817856815e-06
1.820380836e-06
1.835868146e-06
1.853734486e-06
1.876570847e-06
1.906126007e-06
1.935704849e-06
1.968833115e-06
2.010133969e-06
2.05383435e-06
2.094891965e-06
2.138246745e-06
2.183767663e-06
2.229325152e-06
2.279725487e-06
2.338362903e-06
2.386983465e-06
2.43904777e-06
2.490353019e-06
2.540096671e-06
2.596544701e-06
2.650162899e-06
2.704472403e-06
2.766697606e-06
3.006139623e-06
2.908599083e-06
2.817895151e-06
2.715461687e-06
2.617165047e-06
2.512714857e-06
2.421540876e-06
2.319480525e-06
2.234073105e-06
2.152236492e-06
2.07849144e-06
2.021238906e-06
1.966013326e-06
1.92401152e-06
1.888088166e-06
1.866034909e-06
1.851039597e-06
1.840017266e-06
1.838101606e-06
1.84567834e-06
1.860074996e-06
1.88156334e-06
1.906790226e-06
1.932065319e-06
1.962095079e-06
1.997834897e-06
2.035747962e-06
2.078743399e-06
2.123994995e-06
2.162050492e-06
2.207657367e-06
2.254578832e-06
2.30219385e-06
2.357893485e-06
2.408350546e-06
2.456007642e-06
2.504364957e-06
2.561326703e-06
2.615676987e-06
2.672692299e-06
3.140225513e-06
3.045624004e-06
2.945111311e-06
2.854445402e-06
2.759840162e-06
2.661601041e-06
2.570057591e-06
2.474878056e-06
2.379112601e-06
2.289868055e-06
2.21008807e-06
2.133892217e-06
2.066952298e-06
2.01209223e-06
1.966724717e-06
1.935227494e-06
1.903482484e-06
1.88078858e-06
1.868456751e-06
1.866476395e-06
1.862771375e-06
1.873289063e-06
1.892859976e-06
1.911106187e-06
1.935070896e-06
1.964731897e-06
1.99200236e-06
2.025440121e-06
2.066716398e-06
2.111954377e-06
2.150169137e-06
2.191330113e-06
2.24090437e-06
2.285469827e-06
2.338207004e-06
2.393412799e-06
2.439082187e-06
2.486562154e-06
2.531961102e-06
2.578100941e-06
3.234021572e-06
3.1452754e-06
3.063166825e-06
2.97704275e-06
2.890601131e-06
2.800306727e-06
2.701112686e-06
2.611164914e-06
2.506821395e-06
2.42040487e-06
2.331944226e-06
2.254898545e-06
2.177687743e-06
2.110601927e-06
2.0503327e-06
2.000072104e-06
1.960775465e-06
1.933360385e-06
1.908200294e-06
1.8926443e-06
1.887749295e-06
1.884577486e-06
1.887791472e-06
1.899401634e-06
1.923585115e-06
1.940396702e-06
1.96403452e-06
1.987295837e-06
2.015634707e-06
2.057599365e-06
2.098482099e-06
2.136755623e-06
2.177111153e-06
2.217655075e-06
2.256982006e-06
2.305596699e-06
2.358482317e-06
2.405584725e-06
2.452734801e-06
2.496183832e-06
3.340666712e-06
3.269351688e-06
3.188415239e-06
3.098155264e-06
3.016304151e-06
2.917414169e-06
2.832924468e-06
2.743978748e-06
2.650773806e-06
2.555444347e-06
2.469571559e-06
2.380645258e-06
2.295221144e-06
2.223016978e-06
2.155942187e-06
2.095096887e-06
2.046463059e-06
2.004673375e-06
1.969838238e-06
1.939702908e-06
1.919702623e-06
1.905704259e-06
1.90364991e-06
1.904201837e-06
1.909009001e-06
1.925611671e-06
1.943442542e-06
1.967993947e-06
1.989362415e-06
2.017734352e-06
2.047911498e-06
2.081115623e-06
2.11548358e-06
2.155071346e-06
2.200338005e-06
2.239727517e-06
2.278373435e-06
2.324309238e-06
2.37104545e-06
2.413884132e-06
3.427395314e-06
3.357488028e-06
3.285928103e-06
3.207477554e-06
3.131445727e-06
3.052285942e-06
2.958960492e-06
2.884119313e-06
2.792641902e-06
2.702846993e-06
2.601275435e-06
2.524686363e-06
2.439574041e-06
2.349210387e-06
2.275070212e-06
2.202009296e-06
2.137533145e-06
2.083414625e-06
2.045431024e-06
2.010063938e-06
1.977393402e-06
1.950228619e-06
1.931431195e-06
1.927026673e-06
1.922765338e-06
1.925503061e-06
1.939730653e-06
1.950761637e-06
1.968712415e-06
1.987974588e-06
2.014548475e-06
2.0429177e-06
2.074399613e-06
2.102616548e-06
2.136429594e-06
2.175445717e-06
2.213464294e-06
2.251070405e-06
2.290098987e-06
2.336893613e-06
3.528159409e-06
3.446788118e-06
3.380852425e-06
3.309606671e-06
3.239876126e-06
3.161092558e-06
3.075752598e-06
2.991858511e-06
2.909716392e-06
2.82442558e-06
2.736829532e-06
2.645659534e-06
2.565506476e-06
2.485305912e-06
2.405203269e-06
2.330460378e-06
2.259168096e-06
2.187411869e-06
2.133552751e-06
2.086338899e-06
2.043741056e-06
2.011777003e-06
1.986810281e-06
1.961109941e-06
1.946421636e-06
1.941934898e-06
1.938956161e-06
1.945191266e-06
1.958543138e-06
1.970160308e-06
1.983963769e-06
2.008073618e-06
2.030278102e-06
2.060244084e-06
2.086527616e-06
2.118650609e-06
2.161384433e-06
2.19544811e-06
2.234236997e-06
2.274006221e-06
3.57947252e-06
3.524608044e-06
3.47346087e-06
3.401088773e-06
3.33535721e-06
3.267062671e-06
3.193335927e-06
3.116934512e-06
3.030739725e-06
2.960878939e-06
2.876110607e-06
2.790291336e-06
2.704026203e-06
2.616869688e-06
2.539766831e-06
2.460605087e-06
2.388727472e-06
2.317694239e-06
2.247600697e-06
2.187721659e-06
2.13770119e-06
2.0883385e-06
2.045988217e-06
2.016383393e-06
1.996232296e-06
1.976988774e-06
1.966142867e-06
1.963575607e-06
1.962181778e-06
1.969956556e-06
1.981973542e-06
1.988827662e-06
2.009510378e-06
2.035428053e-06
2.062292738e-06
2.082632913e-06
2.106189206e-06
2.142576212e-06
2.181472693e-06
2.217095308e-06
3.657948676e-06
3.612139851e-06
3.559238541e-06
3.499348043e-06
3.441240849e-06
3.375190794e-06
3.307513231e-06
3.242105314e-06
3.172867306e-06
3.084923273e-06
3.008351072e-06
2.930930659e-06
2.849641128e-06
2.761115274e-06
2.668660175e-06
2.593033387e-06
2.514015529e-06
2.43817174e-06
2.362798749e-06
2.296017672e-06
2.234650219e-06
2.181904355e-06
2.131531205e-06
2.084397742e-06
2.044204069e-06
2.022020422e-06
1.9972961e-06
1.979793641e-06
1.973681259e-06
1.975909328e-06
1.980003388e-06
1.986923699e-06
1.995323515e-06
2.008877232e-06
2.027756939e-06
2.053526398e-06
2.07966323e-06
2.106164276e-06
2.13262717e-06
2.165545371e-06
3.712094589e-06
3.670824081e-06
3.622658383e-06
3.572975074e-06
3.513158383e-06
3.466232902e-06
3.402166346e-06
3.331982028e-06
3.266695316e-06
3.207885228e-06
3.131616657e-06
3.046796538e-06
2.973887932e-06
2.89282049e-06
2.809136157e-06
2.719802109e-06
2.646523587e-06
2.564187613e-06
2.496103544e-06
2.421505875e-06
2.347660324e-06
2.282180917e-06
2.233335721e-06
2.18368219e-06
2.132767255e-06
2.088812907e-06
2.056728205e-06
2.030994959e-06
2.011543187e-06
1.996243495e-06
1.990836049e-06
1.99178651e-06
1.995111441e-06
2.00245211e-06
2.015991393e-06
2.032481712e-06
2.050208759e-06
2.066442897e-06
2.093474183e-06
2.119911647e-06
3.768705244e-06
3.734750271e-06
3.691465913e-06
3.64694793e-06
3.602680184e-06
3.546732264e-06
3.492628712e-06
3.440377388e-06
3.368591735e-06
3.307049778e-06
3.24297672e-06
3.177739179e-06
3.103177196e-06
3.027755954e-06
2.95671194e-06
2.873653183e-06
2.790744108e-06
2.715414715e-06
2.625383639e-06
2.548827324e-06
2.474054464e-06
2.405052423e-06
2.338994983e-06
2.286134674e-06
2.233069791e-06
2.181788192e-06
2.13750843e-06
2.099924074e-06
2.067850149e-06
2.045115031e-06
2.027795257e-06
2.016800544e-06
2.009280611e-06
2.007243021e-06
2.013417341e-06
2.023841762e-06
2.035051066e-06
2.053458983e-06
2.071804431e-06
2.092745802e-06
3.830482082e-06
3.794372598e-06
3.755468051e-06
3.720724326e-06
3.677772205e-06
3.632779982e-06
3.584680322e-06
3.525334211e-06
3.471349673e-06
3.416711295e-06
3.353972405e-06
3.291069419e-06
3.2157312e-06
3.138255382e-06
3.068969232e-06
2.990254714e-06
2.921532481e-06
2.845129712e-06
2.77003184e-06
2.69189602e-06
2.614203987e-06
2.537114615e-06
2.46252293e-06
2.392523622e-06
2.339192178e-06
2.281517428e-06
2.226707577e-06
2.181013292e-06
2.14077328e-06
2.107219096e-06
2.074814268e-06
2.05885727e-06
2.044690947e-06
2.033260007e-06
2.024085186e-06
2.023558814e-06
2.032272637e-06
2.040398306e-06
2.052388752e-06
2.07076436e-06
3.857367208e-06
3.829539796e-06
3.792767582e-06
3.754099517e-06
3.726080689e-06
3.690251074e-06
3.654445876e-06
3.615480948e-06
3.554430669e-06
3.502714592e-06
3.437266654e-06
3.384574068e-06
3.335547214e-06
3.264229568e-06
3.19269209e-06
3.11794346e-06
3.04119986e-06
2.973466183e-06
2.901235079e-06
2.828884878e-06
2.749749346e-06
2.679480356e-06
2.604072174e-06
2.531995453e-06
2.458803874e-06
2.39974843e-06
2.343481646e-06
2.288662836e-06
2.237265991e-06
2.191427686e-06
2.149631348e-06
2.113350239e-06
2.085883946e-06
2.067645718e-06
2.05424087e-06
2.042602327e-06
2.039045144e-06
2.039572764e-06
2.045608755e-06
2.05089942e-06
3.912810291e-06
3.888755713e-06
3.862860523e-06
3.826932249e-06
3.785055257e-06
3.750606995e-06
3.715118932e-06
3.671189456e-06
3.625112044e-06
3.58036786e-06
3.531091487e-06
3.479502459e-06
3.430759163e-06
3.369466196e-06
3.305958629e-06
3.237188681e-06
3.180094286e-06
3.111059781e-06
3.038673461e-06
2.961166344e-06
2.882430277e-06
2.802512149e-06
2.732870775e-06
2.65456435e-06
2.58328895e-06
2.511628805e-06
2.447590959e-06
2.384341983e-06
2.328198068e-06
2.273977296e-06
2.226590048e-06
2.180209585e-06
2.141386424e-06
2.108272885e-06
2.082314457e-06
2.063586838e-06
2.046759315e-06
2.040146137e-06
2.034412845e-06
2.031548898e-06
3.925226056e-06
3.909724427e-06
3.889829264e-06
3.855867412e-06
3.827168076e-06
3.801250834e-06
3.774898673e-06
3.74266426e-06
3.700734965e-06
3.654291089e-06
3.622114343e-06
3.57391313e-06
3.520915723e-06
3.476076269e-06
3.419002371e-06
3.346938343e-06
3.276761342e-06
3.207044611e-06
3.146199118e-06
3.084104928e-06
3.01509486e-06
2.940388054e-06
2.85468545e-06
2.782257379e-06
2.705550528e-06
2.628926147e-06
2.549449816e-06
2.482460932e-06
2.411634825e-06
2.350543238e-06
2.28992598e-06
2.234409687e-06
2.188028171e-06
2.143727212e-06
2.104212108e-06
2.069462263e-06
2.042251248e-06
2.015801636e-06
1.995399442e-06
1.981354953e-06
)
;

boundaryField
{
    flow
    {
        type            calculated;
        value           nonuniform List<scalar> 
180
(
4.105102403e-06
4.090886223e-06
4.094575411e-06
4.103605413e-06
4.093359502e-06
4.095561537e-06
4.09481567e-06
4.099872611e-06
4.092594668e-06
4.102346113e-06
4.100542351e-06
4.096909083e-06
4.102253795e-06
4.101527696e-06
4.099801579e-06
4.098487769e-06
4.099532641e-06
4.109277869e-06
4.110137716e-06
4.105326518e-06
4.105465601e-06
4.111729828e-06
4.107020411e-06
4.095603649e-06
4.106432022e-06
4.100968472e-06
4.109355569e-06
4.112931822e-06
4.107449253e-06
4.109546146e-06
4.117501911e-06
4.11052944e-06
4.112658991e-06
4.112888336e-06
4.110091911e-06
4.107638228e-06
4.112610863e-06
4.116236033e-06
4.107996624e-06
4.111851079e-06
4.112641107e-06
4.117737759e-06
4.120557794e-06
4.114471961e-06
4.111969868e-06
4.116541868e-06
4.118739391e-06
4.115038936e-06
4.115960163e-06
4.120009887e-06
4.115427331e-06
4.111342497e-06
4.11719565e-06
4.114007037e-06
4.115928457e-06
4.113162014e-06
4.118960155e-06
4.11433933e-06
4.11932412e-06
4.120251e-06
4.120251e-06
4.120108823e-06
4.119120277e-06
4.123055267e-06
4.118286849e-06
4.117965341e-06
4.119270674e-06
4.11662405e-06
4.117065294e-06
4.113225736e-06
4.111344277e-06
4.111370594e-06
4.11351701e-06
4.1073056e-06
4.104725643e-06
4.098484787e-06
4.09471106e-06
4.098025094e-06
4.100575228e-06
4.099768376e-06
4.099458982e-06
4.098821859e-06
4.097674339e-06
4.09155874e-06
4.089952543e-06
4.086015065e-06
4.082923408e-06
4.070941156e-06
4.063505587e-06
4.052997902e-06
4.049780109e-06
4.044964022e-06
4.032862e-06
4.029277719e-06
4.018616345e-06
4.009181486e-06
3.996552864e-06
3.976257852e-06
3.956335063e-06
3.941306953e-06
3.925226056e-06
3.909724427e-06
3.889829264e-06
3.855867412e-06
3.827168076e-06
3.801250834e-06
3.774898673e-06
3.74266426e-06
3.700734965e-06
3.654291089e-06
3.622114343e-06
3.57391313e-06
3.520915723e-06
3.476076269e-06
3.419002371e-06
3.346938343e-06
3.276761342e-06
3.207044611e-06
3.146199118e-06
3.084104928e-06
3.01509486e-06
2.940388054e-06
2.85468545e-06
2.782257379e-06
2.705550528e-06
2.628926147e-06
2.549449816e-06
2.482460932e-06
2.411634825e-06
2.350543238e-06
2.28992598e-06
2.234409687e-06
2.188028171e-06
2.143727212e-06
2.104212108e-06
2.069462263e-06
2.042251248e-06
2.015801636e-06
1.995399442e-06
1.981354953e-06
6.589435672e-06
6.788657927e-06
6.613537897e-06
6.293822041e-06
6.013686455e-06
5.785686643e-06
5.610076913e-06
5.447068896e-06
5.192609609e-06
5.053539488e-06
4.853377569e-06
4.660664261e-06
4.515223608e-06
4.32085499e-06
4.159244579e-06
4.003751541e-06
3.854845266e-06
3.720699411e-06
3.586237797e-06
3.447193293e-06
3.323889356e-06
3.207069092e-06
3.083697685e-06
2.969350608e-06
2.875260786e-06
2.766697606e-06
2.672692299e-06
2.578100941e-06
2.496183832e-06
2.413884132e-06
2.336893613e-06
2.274006221e-06
2.217095308e-06
2.165545371e-06
2.119911647e-06
2.092745802e-06
2.07076436e-06
2.05089942e-06
2.031548898e-06
1.981354953e-06
)
;
    }
    cylinder
    {
        type            calculated;
        value           nonuniform List<scalar> 
60
(
1.593335208e-06
2.369315955e-06
2.682728339e-06
2.876920018e-06
3.011732073e-06
3.132219425e-06
3.206653467e-06
3.292606136e-06
3.384290132e-06
3.439511535e-06
3.534354648e-06
3.618510481e-06
3.686840323e-06
3.7216926e-06
3.786698949e-06
3.864458515e-06
3.888039195e-06
3.956200783e-06
4.007623438e-06
4.073019405e-06
4.145630012e-06
4.156342204e-06
4.216318223e-06
4.268135875e-06
4.349979485e-06
4.442063032e-06
4.484656061e-06
4.532659307e-06
4.577066743e-06
4.612144753e-06
4.674342245e-06
4.743114486e-06
4.849849573e-06
4.936621895e-06
5.020991211e-06
5.174048095e-06
5.317857155e-06
5.468307849e-06
5.810764537e-06
6.589435672e-06
3.159271162e-07
3.169815559e-07
3.173906476e-07
3.178469591e-07
3.184605877e-07
3.189333879e-07
3.200997129e-07
3.226477277e-07
3.244688646e-07
3.257416562e-07
3.279475752e-07
3.303326036e-07
3.338570218e-07
3.384366088e-07
3.441501908e-07
3.527124132e-07
3.626841714e-07
3.770654857e-07
4.032256087e-07
4.68397002e-07
)
;
    }
    wedgeFront
    {
        type            symmetry;
    }
    wedgeBack
    {
        type            symmetry;
    }
    defaultFaces
    {
        type            empty;
    }
}


// ************************************************************************* //
