/*--------------------------------*- C++ -*----------------------------------*\
| =========                 |                                                 |
| \\      /  F ield         | OpenFOAM: The Open Source CFD Toolbox           |
|  \\    /   O peration     | Version:  v1706                                 |
|   \\  /    A nd           | Web:      www.OpenFOAM.com                      |
|    \\/     M anipulation  |                                                 |
\*---------------------------------------------------------------------------*/
FoamFile
{
    version     2.0;
    format      ascii;
    class       volScalarField;
    location    "0.004";
    object      RWF;
}
// * * * * * * * * * * * * * * * * * * * * * * * * * * * * * * * * * * * * * //

dimensions      [0 0 0 0 0 0 0];


internalField   nonuniform List<scalar> 
4000
(
12.1
12.1
12.1
12.1
12.1
12.1
12.1
12.1
12.1
12.1
12.1
12.1
12.1
12.1
12.1
12.1
12.1
12.1
12.1
12.1
12.1
12.1
12.1
12.1
12.1
12.1
12.1
12.1
12.1
12.1
12.1
12.1
12.1
12.1
12.1
12.1
12.1
12.1
12.1
12.1
26.9
26.9
26.9
26.9
26.9
26.9
26.9
26.9
26.9
26.9
26.9
26.9
26.9
26.9
26.9
26.9
26.9
26.9
26.9
26.9
26.9
26.9
26.9
26.9
26.9
26.9
26.9
26.9
26.9
26.9
26.9
26.9
26.9
26.9
26.9
26.9
26.9
26.9
26.9
26.9
43.18
43.18
43.18
43.18
43.18
43.18
43.18
43.18
43.18
43.18
43.18
43.18
43.18
43.18
43.18
43.18
43.18
43.18
43.18
43.18
43.18
43.18
43.18
43.18
43.18
43.18
43.18
43.18
43.18
43.18
43.18
43.18
43.18
43.18
43.18
43.18
43.18
43.18
43.18
43.18
59.67142857
59.67142857
59.67142857
59.67142857
59.67142857
59.67142857
59.67142857
59.67142857
59.67142857
59.67142857
59.67142857
59.67142857
59.67142857
59.67142857
59.67142857
59.67142857
59.67142857
59.67142857
59.67142857
59.67142857
59.67142857
59.67142857
59.67142857
59.67142857
59.67142857
59.67142857
59.67142857
59.67142857
59.67142857
59.67142857
59.67142857
59.67142857
59.67142857
59.67142857
59.67142857
59.67142857
59.67142857
59.67142857
59.67142857
59.67142857
76.23333333
76.23333333
76.23333333
76.23333333
76.23333333
76.23333333
76.23333333
76.23333333
76.23333333
76.23333333
76.23333333
76.23333333
76.23333333
76.23333333
76.23333333
76.23333333
76.23333333
76.23333333
76.23333333
76.23333333
76.23333333
76.23333333
76.23333333
76.23333333
76.23333333
76.23333333
76.23333333
76.23333333
76.23333333
76.23333333
76.23333333
76.23333333
76.23333333
76.23333333
76.23333333
76.23333333
76.23333333
76.23333333
76.23333333
76.23333333
92.82727273
92.82727273
92.82727273
92.82727273
92.82727273
92.82727273
92.82727273
92.82727273
92.82727273
92.82727273
92.82727273
92.82727273
92.82727273
92.82727273
92.82727273
92.82727273
92.82727273
92.82727273
92.82727273
92.82727273
92.82727273
92.82727273
92.82727273
92.82727273
92.82727273
92.82727273
92.82727273
92.82727273
92.82727273
92.82727273
92.82727273
92.82727273
92.82727273
92.82727273
92.82727273
92.82727273
92.82727273
92.82727273
92.82727273
92.82727273
109.4384615
109.4384615
109.4384615
109.4384615
109.4384615
109.4384615
109.4384615
109.4384615
109.4384615
109.4384615
109.4384615
109.4384615
109.4384615
109.4384615
109.4384615
109.4384615
109.4384615
109.4384615
109.4384615
109.4384615
109.4384615
109.4384615
109.4384615
109.4384615
109.4384615
109.4384615
109.4384615
109.4384615
109.4384615
109.4384615
109.4384615
109.4384615
109.4384615
109.4384615
109.4384615
109.4384615
109.4384615
109.4384615
109.4384615
109.4384615
126.06
126.06
126.06
126.06
126.06
126.06
126.06
126.06
126.06
126.06
126.06
126.06
126.06
126.06
126.06
126.06
126.06
126.06
126.06
126.06
126.06
126.06
126.06
126.06
126.06
126.06
126.06
126.06
126.06
126.06
126.06
126.06
126.06
126.06
126.06
126.06
126.06
126.06
126.06
126.06
142.6882353
142.6882353
142.6882353
142.6882353
142.6882353
142.6882353
142.6882353
142.6882353
142.6882353
142.6882353
142.6882353
142.6882353
142.6882353
142.6882353
142.6882353
142.6882353
142.6882353
142.6882353
142.6882353
142.6882353
142.6882353
142.6882353
142.6882353
142.6882353
142.6882353
142.6882353
142.6882353
142.6882353
142.6882353
142.6882353
142.6882353
142.6882353
142.6882353
142.6882353
142.6882353
142.6882353
142.6882353
142.6882353
142.6882353
142.6882353
159.3210526
159.3210526
159.3210526
159.3210526
159.3210526
159.3210526
159.3210526
159.3210526
159.3210526
159.3210526
159.3210526
159.3210526
159.3210526
159.3210526
159.3210526
159.3210526
159.3210526
159.3210526
159.3210526
159.3210526
159.3210526
159.3210526
159.3210526
159.3210526
159.3210526
159.3210526
159.3210526
159.3210526
159.3210526
159.3210526
159.3210526
159.3210526
159.3210526
159.3210526
159.3210526
159.3210526
159.3210526
159.3210526
159.3210526
159.3210526
175.9571429
175.9571429
175.9571429
175.9571429
175.9571429
175.9571429
175.9571429
175.9571429
175.9571429
175.9571429
175.9571429
175.9571429
175.9571429
175.9571429
175.9571429
175.9571429
175.9571429
175.9571429
175.9571429
175.9571429
175.9571429
175.9571429
175.9571429
175.9571429
175.9571429
175.9571429
175.9571429
175.9571429
175.9571429
175.9571429
175.9571429
175.9571429
175.9571429
175.9571429
175.9571429
175.9571429
175.9571429
175.9571429
175.9571429
175.9571429
192.5956522
192.5956522
192.5956522
192.5956522
192.5956522
192.5956522
192.5956522
192.5956522
192.5956522
192.5956522
192.5956522
192.5956522
192.5956522
192.5956522
192.5956522
192.5956522
192.5956522
192.5956522
192.5956522
192.5956522
192.5956522
192.5956522
192.5956522
192.5956522
192.5956522
192.5956522
192.5956522
192.5956522
192.5956522
192.5956522
192.5956522
192.5956522
192.5956522
192.5956522
192.5956522
192.5956522
192.5956522
192.5956522
192.5956522
192.5956522
209.236
209.236
209.236
209.236
209.236
209.236
209.236
209.236
209.236
209.236
209.236
209.236
209.236
209.236
209.236
209.236
209.236
209.236
209.236
209.236
209.236
209.236
209.236
209.236
209.236
209.236
209.236
209.236
209.236
209.236
209.236
209.236
209.236
209.236
209.236
209.236
209.236
209.236
209.236
209.236
225.8777778
225.8777778
225.8777778
225.8777778
225.8777778
225.8777778
225.8777778
225.8777778
225.8777778
225.8777778
225.8777778
225.8777778
225.8777778
225.8777778
225.8777778
225.8777778
225.8777778
225.8777778
225.8777778
225.8777778
225.8777778
225.8777778
225.8777778
225.8777778
225.8777778
225.8777778
225.8777778
225.8777778
225.8777778
225.8777778
225.8777778
225.8777778
225.8777778
225.8777778
225.8777778
225.8777778
225.8777778
225.8777778
225.8777778
225.8777778
242.5206897
242.5206897
242.5206897
242.5206897
242.5206897
242.5206897
242.5206897
242.5206897
242.5206897
242.5206897
242.5206897
242.5206897
242.5206897
242.5206897
242.5206897
242.5206897
242.5206897
242.5206897
242.5206897
242.5206897
242.5206897
242.5206897
242.5206897
242.5206897
242.5206897
242.5206897
242.5206897
242.5206897
242.5206897
242.5206897
242.5206897
242.5206897
242.5206897
242.5206897
242.5206897
242.5206897
242.5206897
242.5206897
242.5206897
242.5206897
259.1645161
259.1645161
259.1645161
259.1645161
259.1645161
259.1645161
259.1645161
259.1645161
259.1645161
259.1645161
259.1645161
259.1645161
259.1645161
259.1645161
259.1645161
259.1645161
259.1645161
259.1645161
259.1645161
259.1645161
259.1645161
259.1645161
259.1645161
259.1645161
259.1645161
259.1645161
259.1645161
259.1645161
259.1645161
259.1645161
259.1645161
259.1645161
259.1645161
259.1645161
259.1645161
259.1645161
259.1645161
259.1645161
259.1645161
259.1645161
275.8090909
275.8090909
275.8090909
275.8090909
275.8090909
275.8090909
275.8090909
275.8090909
275.8090909
275.8090909
275.8090909
275.8090909
275.8090909
275.8090909
275.8090909
275.8090909
275.8090909
275.8090909
275.8090909
275.8090909
275.8090909
275.8090909
275.8090909
275.8090909
275.8090909
275.8090909
275.8090909
275.8090909
275.8090909
275.8090909
275.8090909
275.8090909
275.8090909
275.8090909
275.8090909
275.8090909
275.8090909
275.8090909
275.8090909
275.8090909
292.4542857
292.4542857
292.4542857
292.4542857
292.4542857
292.4542857
292.4542857
292.4542857
292.4542857
292.4542857
292.4542857
292.4542857
292.4542857
292.4542857
292.4542857
292.4542857
292.4542857
292.4542857
292.4542857
292.4542857
292.4542857
292.4542857
292.4542857
292.4542857
292.4542857
292.4542857
292.4542857
292.4542857
292.4542857
292.4542857
292.4542857
292.4542857
292.4542857
292.4542857
292.4542857
292.4542857
292.4542857
292.4542857
292.4542857
292.4542857
309.1
309.1
309.1
309.1
309.1
309.1
309.1
309.1
309.1
309.1
309.1
309.1
309.1
309.1
309.1
309.1
309.1
309.1
309.1
309.1
309.1
309.1
309.1
309.1
309.1
309.1
309.1
309.1
309.1
309.1
309.1
309.1
309.1
309.1
309.1
309.1
309.1
309.1
309.1
309.1
325.7461538
325.7461538
325.7461538
325.7461538
325.7461538
325.7461538
325.7461538
325.7461538
325.7461538
325.7461538
325.7461538
325.7461538
325.7461538
325.7461538
325.7461538
325.7461538
325.7461538
325.7461538
325.7461538
325.7461538
325.7461538
325.7461538
325.7461538
325.7461538
325.7461538
325.7461538
325.7461538
325.7461538
325.7461538
325.7461538
325.7461538
325.7461538
325.7461538
325.7461538
325.7461538
325.7461538
325.7461538
325.7461538
325.7461538
325.7461538
342.3926074
342.3926074
342.3926074
342.3926074
342.3926074
342.3926074
342.3926074
342.3926074
342.3926074
342.3926074
342.3926074
342.3926074
342.3926074
342.3926074
342.3926074
342.3926074
342.3926074
342.3926074
342.3926074
342.3926074
342.3926074
342.3926074
342.3926074
342.3926074
342.3926074
342.3926074
342.3926074
342.3926074
342.3926074
342.3926074
342.3926074
342.3926074
342.3926074
342.3926074
342.3926074
342.3926074
342.3926074
342.3926074
342.3926074
342.3926074
359.0394662
359.0394662
359.0394662
359.0394662
359.0394662
359.0394662
359.0394662
359.0394662
359.0394662
359.0394662
359.0394662
359.0394662
359.0394662
359.0394662
359.0394662
359.0394662
359.0394662
359.0394662
359.0394662
359.0394662
359.0394662
359.0394662
359.0394662
359.0394662
359.0394662
359.0394662
359.0394662
359.0394662
359.0394662
359.0394662
359.0394662
359.0394662
359.0394662
359.0394662
359.0394662
359.0394662
359.0394662
359.0394662
359.0394662
359.0394662
375.6866039
375.6866039
375.6866039
375.6866039
375.6866039
375.6866039
375.6866039
375.6866039
375.6866039
375.6866039
375.6866039
375.6866039
375.6866039
375.6866039
375.6866039
375.6866039
375.6866039
375.6866039
375.6866039
375.6866039
375.6866039
375.6866039
375.6866039
375.6866039
375.6866039
375.6866039
375.6866039
375.6866039
375.6866039
375.6866039
375.6866039
375.6866039
375.6866039
375.6866039
375.6866039
375.6866039
375.6866039
375.6866039
375.6866039
375.6866039
392.3339851
392.3339851
392.3339851
392.3339851
392.3339851
392.3339851
392.3339851
392.3339851
392.3339851
392.3339851
392.3339851
392.3339851
392.3339851
392.3339851
392.3339851
392.3339851
392.3339851
392.3339851
392.3339851
392.3339851
392.3339851
392.3339851
392.3339851
392.3339851
392.3339851
392.3339851
392.3339851
392.3339851
392.3339851
392.3339851
392.3339851
392.3339851
392.3339851
392.3339851
392.3339851
392.3339851
392.3339851
392.3339851
392.3339851
392.3339851
408.9815797
408.9815797
408.9815797
408.9815797
408.9815797
408.9815797
408.9815797
408.9815797
408.9815797
408.9815797
408.9815797
408.9815797
408.9815797
408.9815797
408.9815797
408.9815797
408.9815797
408.9815797
408.9815797
408.9815797
408.9815797
408.9815797
408.9815797
408.9815797
408.9815797
408.9815797
408.9815797
408.9815797
408.9815797
408.9815797
408.9815797
408.9815797
408.9815797
408.9815797
408.9815797
408.9815797
408.9815797
408.9815797
408.9815797
408.9815797
425.6293629
425.6293629
425.6293629
425.6293629
425.6293629
425.6293629
425.6293629
425.6293629
425.6293629
425.6293629
425.6293629
425.6293629
425.6293629
425.6293629
425.6293629
425.6293629
425.6293629
425.6293629
425.6293629
425.6293629
425.6293629
425.6293629
425.6293629
425.6293629
425.6293629
425.6293629
425.6293629
425.6293629
425.6293629
425.6293629
425.6293629
425.6293629
425.6293629
425.6293629
425.6293629
425.6293629
425.6293629
425.6293629
425.6293629
425.6293629
442.2773133
442.2773133
442.2773133
442.2773133
442.2773133
442.2773133
442.2773133
442.2773133
442.2773133
442.2773133
442.2773133
442.2773133
442.2773133
442.2773133
442.2773133
442.2773133
442.2773133
442.2773133
442.2773133
442.2773133
442.2773133
442.2773133
442.2773133
442.2773133
442.2773133
442.2773133
442.2773133
442.2773133
442.2773133
442.2773133
442.2773133
442.2773133
442.2773133
442.2773133
442.2773133
442.2773133
442.2773133
442.2773133
442.2773133
442.2773133
458.9254125
458.9254125
458.9254125
458.9254125
458.9254125
458.9254125
458.9254125
458.9254125
458.9254125
458.9254125
458.9254125
458.9254125
458.9254125
458.9254125
458.9254125
458.9254125
458.9254125
458.9254125
458.9254125
458.9254125
458.9254125
458.9254125
458.9254125
458.9254125
458.9254125
458.9254125
458.9254125
458.9254125
458.9254125
458.9254125
458.9254125
458.9254125
458.9254125
458.9254125
458.9254125
458.9254125
458.9254125
458.9254125
458.9254125
458.9254125
475.5736451
475.5736451
475.5736451
475.5736451
475.5736451
475.5736451
475.5736451
475.5736451
475.5736451
475.5736451
475.5736451
475.5736451
475.5736451
475.5736451
475.5736451
475.5736451
475.5736451
475.5736451
475.5736451
475.5736451
475.5736451
475.5736451
475.5736451
475.5736451
475.5736451
475.5736451
475.5736451
475.5736451
475.5736451
475.5736451
475.5736451
475.5736451
475.5736451
475.5736451
475.5736451
475.5736451
475.5736451
475.5736451
475.5736451
475.5736451
492.2219974
492.2219974
492.2219974
492.2219974
492.2219974
492.2219974
492.2219974
492.2219974
492.2219974
492.2219974
492.2219974
492.2219974
492.2219974
492.2219974
492.2219974
492.2219974
492.2219974
492.2219974
492.2219974
492.2219974
492.2219974
492.2219974
492.2219974
492.2219974
492.2219974
492.2219974
492.2219974
492.2219974
492.2219974
492.2219974
492.2219974
492.2219974
492.2219974
492.2219974
492.2219974
492.2219974
492.2219974
492.2219974
492.2219974
492.2219974
508.8704577
508.8704577
508.8704577
508.8704577
508.8704577
508.8704577
508.8704577
508.8704577
508.8704577
508.8704577
508.8704577
508.8704577
508.8704577
508.8704577
508.8704577
508.8704577
508.8704577
508.8704577
508.8704577
508.8704577
508.8704577
508.8704577
508.8704577
508.8704577
508.8704577
508.8704577
508.8704577
508.8704577
508.8704577
508.8704577
508.8704577
508.8704577
508.8704577
508.8704577
508.8704577
508.8704577
508.8704577
508.8704577
508.8704577
508.8704577
525.5190156
525.5190156
525.5190156
525.5190156
525.5190156
525.5190156
525.5190156
525.5190156
525.5190156
525.5190156
525.5190156
525.5190156
525.5190156
525.5190156
525.5190156
525.5190156
525.5190156
525.5190156
525.5190156
525.5190156
525.5190156
525.5190156
525.5190156
525.5190156
525.5190156
525.5190156
525.5190156
525.5190156
525.5190156
525.5190156
525.5190156
525.5190156
525.5190156
525.5190156
525.5190156
525.5190156
525.5190156
525.5190156
525.5190156
525.5190156
542.1676622
542.1676622
542.1676622
542.1676622
542.1676622
542.1676622
542.1676622
542.1676622
542.1676622
542.1676622
542.1676622
542.1676622
542.1676622
542.1676622
542.1676622
542.1676622
542.1676622
542.1676622
542.1676622
542.1676622
542.1676622
542.1676622
542.1676622
542.1676622
542.1676622
542.1676622
542.1676622
542.1676622
542.1676622
542.1676622
542.1676622
542.1676622
542.1676622
542.1676622
542.1676622
542.1676622
542.1676622
542.1676622
542.1676622
542.1676622
558.8163896
558.8163896
558.8163896
558.8163896
558.8163896
558.8163896
558.8163896
558.8163896
558.8163896
558.8163896
558.8163896
558.8163896
558.8163896
558.8163896
558.8163896
558.8163896
558.8163896
558.8163896
558.8163896
558.8163896
558.8163896
558.8163896
558.8163896
558.8163896
558.8163896
558.8163896
558.8163896
558.8163896
558.8163896
558.8163896
558.8163896
558.8163896
558.8163896
558.8163896
558.8163896
558.8163896
558.8163896
558.8163896
558.8163896
558.8163896
575.4651907
575.4651907
575.4651907
575.4651907
575.4651907
575.4651907
575.4651907
575.4651907
575.4651907
575.4651907
575.4651907
575.4651907
575.4651907
575.4651907
575.4651907
575.4651907
575.4651907
575.4651907
575.4651907
575.4651907
575.4651907
575.4651907
575.4651907
575.4651907
575.4651907
575.4651907
575.4651907
575.4651907
575.4651907
575.4651907
575.4651907
575.4651907
575.4651907
575.4651907
575.4651907
575.4651907
575.4651907
575.4651907
575.4651907
575.4651907
592.1140593
592.1140593
592.1140593
592.1140593
592.1140593
592.1140593
592.1140593
592.1140593
592.1140593
592.1140593
592.1140593
592.1140593
592.1140593
592.1140593
592.1140593
592.1140593
592.1140593
592.1140593
592.1140593
592.1140593
592.1140593
592.1140593
592.1140593
592.1140593
592.1140593
592.1140593
592.1140593
592.1140593
592.1140593
592.1140593
592.1140593
592.1140593
592.1140593
592.1140593
592.1140593
592.1140593
592.1140593
592.1140593
592.1140593
592.1140593
608.7629899
608.7629899
608.7629899
608.7629899
608.7629899
608.7629899
608.7629899
608.7629899
608.7629899
608.7629899
608.7629899
608.7629899
608.7629899
608.7629899
608.7629899
608.7629899
608.7629899
608.7629899
608.7629899
608.7629899
608.7629899
608.7629899
608.7629899
608.7629899
608.7629899
608.7629899
608.7629899
608.7629899
608.7629899
608.7629899
608.7629899
608.7629899
608.7629899
608.7629899
608.7629899
608.7629899
608.7629899
608.7629899
608.7629899
608.7629899
625.4119774
625.4119774
625.4119774
625.4119774
625.4119774
625.4119774
625.4119774
625.4119774
625.4119774
625.4119774
625.4119774
625.4119774
625.4119774
625.4119774
625.4119774
625.4119774
625.4119774
625.4119774
625.4119774
625.4119774
625.4119774
625.4119774
625.4119774
625.4119774
625.4119774
625.4119774
625.4119774
625.4119774
625.4119774
625.4119774
625.4119774
625.4119774
625.4119774
625.4119774
625.4119774
625.4119774
625.4119774
625.4119774
625.4119774
625.4119774
642.0610175
642.0610175
642.0610175
642.0610175
642.0610175
642.0610175
642.0610175
642.0610175
642.0610175
642.0610175
642.0610175
642.0610175
642.0610175
642.0610175
642.0610175
642.0610175
642.0610175
642.0610175
642.0610175
642.0610175
642.0610175
642.0610175
642.0610175
642.0610175
642.0610175
642.0610175
642.0610175
642.0610175
642.0610175
642.0610175
642.0610175
642.0610175
642.0610175
642.0610175
642.0610175
642.0610175
642.0610175
642.0610175
642.0610175
642.0610175
658.7101062
658.7101062
658.7101062
658.7101062
658.7101062
658.7101062
658.7101062
658.7101062
658.7101062
658.7101062
658.7101062
658.7101062
658.7101062
658.7101062
658.7101062
658.7101062
658.7101062
658.7101062
658.7101062
658.7101062
658.7101062
658.7101062
658.7101062
658.7101062
658.7101062
658.7101062
658.7101062
658.7101062
658.7101062
658.7101062
658.7101062
658.7101062
658.7101062
658.7101062
658.7101062
658.7101062
658.7101062
658.7101062
658.7101062
658.7101062
675.3592399
675.3592399
675.3592399
675.3592399
675.3592399
675.3592399
675.3592399
675.3592399
675.3592399
675.3592399
675.3592399
675.3592399
675.3592399
675.3592399
675.3592399
675.3592399
675.3592399
675.3592399
675.3592399
675.3592399
675.3592399
675.3592399
675.3592399
675.3592399
675.3592399
675.3592399
675.3592399
675.3592399
675.3592399
675.3592399
675.3592399
675.3592399
675.3592399
675.3592399
675.3592399
675.3592399
675.3592399
675.3592399
675.3592399
675.3592399
692.0084153
692.0084153
692.0084153
692.0084153
692.0084153
692.0084153
692.0084153
692.0084153
692.0084153
692.0084153
692.0084153
692.0084153
692.0084153
692.0084153
692.0084153
692.0084153
692.0084153
692.0084153
692.0084153
692.0084153
692.0084153
692.0084153
692.0084153
692.0084153
692.0084153
692.0084153
692.0084153
692.0084153
692.0084153
692.0084153
692.0084153
692.0084153
692.0084153
692.0084153
692.0084153
692.0084153
692.0084153
692.0084153
692.0084153
692.0084153
708.6576295
708.6576295
708.6576295
708.6576295
708.6576295
708.6576295
708.6576295
708.6576295
708.6576295
708.6576295
708.6576295
708.6576295
708.6576295
708.6576295
708.6576295
708.6576295
708.6576295
708.6576295
708.6576295
708.6576295
708.6576295
708.6576295
708.6576295
708.6576295
708.6576295
708.6576295
708.6576295
708.6576295
708.6576295
708.6576295
708.6576295
708.6576295
708.6576295
708.6576295
708.6576295
708.6576295
708.6576295
708.6576295
708.6576295
708.6576295
725.3068798
725.3068798
725.3068798
725.3068798
725.3068798
725.3068798
725.3068798
725.3068798
725.3068798
725.3068798
725.3068798
725.3068798
725.3068798
725.3068798
725.3068798
725.3068798
725.3068798
725.3068798
725.3068798
725.3068798
725.3068798
725.3068798
725.3068798
725.3068798
725.3068798
725.3068798
725.3068798
725.3068798
725.3068798
725.3068798
725.3068798
725.3068798
725.3068798
725.3068798
725.3068798
725.3068798
725.3068798
725.3068798
725.3068798
725.3068798
741.9561637
741.9561637
741.9561637
741.9561637
741.9561637
741.9561637
741.9561637
741.9561637
741.9561637
741.9561637
741.9561637
741.9561637
741.9561637
741.9561637
741.9561637
741.9561637
741.9561637
741.9561637
741.9561637
741.9561637
741.9561637
741.9561637
741.9561637
741.9561637
741.9561637
741.9561637
741.9561637
741.9561637
741.9561637
741.9561637
741.9561637
741.9561637
741.9561637
741.9561637
741.9561637
741.9561637
741.9561637
741.9561637
741.9561637
741.9561637
758.6054792
758.6054792
758.6054792
758.6054792
758.6054792
758.6054792
758.6054792
758.6054792
758.6054792
758.6054792
758.6054792
758.6054792
758.6054792
758.6054792
758.6054792
758.6054792
758.6054792
758.6054792
758.6054792
758.6054792
758.6054792
758.6054792
758.6054792
758.6054792
758.6054792
758.6054792
758.6054792
758.6054792
758.6054792
758.6054792
758.6054792
758.6054792
758.6054792
758.6054792
758.6054792
758.6054792
758.6054792
758.6054792
758.6054792
758.6054792
775.254824
775.254824
775.254824
775.254824
775.254824
775.254824
775.254824
775.254824
775.254824
775.254824
775.254824
775.254824
775.254824
775.254824
775.254824
775.254824
775.254824
775.254824
775.254824
775.254824
775.254824
775.254824
775.254824
775.254824
775.254824
775.254824
775.254824
775.254824
775.254824
775.254824
775.254824
775.254824
775.254824
775.254824
775.254824
775.254824
775.254824
775.254824
775.254824
775.254824
791.9041964
791.9041964
791.9041964
791.9041964
791.9041964
791.9041964
791.9041964
791.9041964
791.9041964
791.9041964
791.9041964
791.9041964
791.9041964
791.9041964
791.9041964
791.9041964
791.9041964
791.9041964
791.9041964
791.9041964
791.9041964
791.9041964
791.9041964
791.9041964
791.9041964
791.9041964
791.9041964
791.9041964
791.9041964
791.9041964
791.9041964
791.9041964
791.9041964
791.9041964
791.9041964
791.9041964
791.9041964
791.9041964
791.9041964
791.9041964
808.5535947
808.5535947
808.5535947
808.5535947
808.5535947
808.5535947
808.5535947
808.5535947
808.5535947
808.5535947
808.5535947
808.5535947
808.5535947
808.5535947
808.5535947
808.5535947
808.5535947
808.5535947
808.5535947
808.5535947
808.5535947
808.5535947
808.5535947
808.5535947
808.5535947
808.5535947
808.5535947
808.5535947
808.5535947
808.5535947
808.5535947
808.5535947
808.5535947
808.5535947
808.5535947
808.5535947
808.5535947
808.5535947
808.5535947
808.5535947
825.2030173
825.2030173
825.2030173
825.2030173
825.2030173
825.2030173
825.2030173
825.2030173
825.2030173
825.2030173
825.2030173
825.2030173
825.2030173
825.2030173
825.2030173
825.2030173
825.2030173
825.2030173
825.2030173
825.2030173
825.2030173
825.2030173
825.2030173
825.2030173
825.2030173
825.2030173
825.2030173
825.2030173
825.2030173
825.2030173
825.2030173
825.2030173
825.2030173
825.2030173
825.2030173
825.2030173
825.2030173
825.2030173
825.2030173
825.2030173
841.8524628
841.8524628
841.8524628
841.8524628
841.8524628
841.8524628
841.8524628
841.8524628
841.8524628
841.8524628
841.8524628
841.8524628
841.8524628
841.8524628
841.8524628
841.8524628
841.8524628
841.8524628
841.8524628
841.8524628
841.8524628
841.8524628
841.8524628
841.8524628
841.8524628
841.8524628
841.8524628
841.8524628
841.8524628
841.8524628
841.8524628
841.8524628
841.8524628
841.8524628
841.8524628
841.8524628
841.8524628
841.8524628
841.8524628
841.8524628
858.5019298
858.5019298
858.5019298
858.5019298
858.5019298
858.5019298
858.5019298
858.5019298
858.5019298
858.5019298
858.5019298
858.5019298
858.5019298
858.5019298
858.5019298
858.5019298
858.5019298
858.5019298
858.5019298
858.5019298
858.5019298
858.5019298
858.5019298
858.5019298
858.5019298
858.5019298
858.5019298
858.5019298
858.5019298
858.5019298
858.5019298
858.5019298
858.5019298
858.5019298
858.5019298
858.5019298
858.5019298
858.5019298
858.5019298
858.5019298
875.151417
875.151417
875.151417
875.151417
875.151417
875.151417
875.151417
875.151417
875.151417
875.151417
875.151417
875.151417
875.151417
875.151417
875.151417
875.151417
875.151417
875.151417
875.151417
875.151417
875.151417
875.151417
875.151417
875.151417
875.151417
875.151417
875.151417
875.151417
875.151417
875.151417
875.151417
875.151417
875.151417
875.151417
875.151417
875.151417
875.151417
875.151417
875.151417
875.151417
891.8009235
891.8009235
891.8009235
891.8009235
891.8009235
891.8009235
891.8009235
891.8009235
891.8009235
891.8009235
891.8009235
891.8009235
891.8009235
891.8009235
891.8009235
891.8009235
891.8009235
891.8009235
891.8009235
891.8009235
891.8009235
891.8009235
891.8009235
891.8009235
891.8009235
891.8009235
891.8009235
891.8009235
891.8009235
891.8009235
891.8009235
891.8009235
891.8009235
891.8009235
891.8009235
891.8009235
891.8009235
891.8009235
891.8009235
891.8009235
908.450448
908.450448
908.450448
908.450448
908.450448
908.450448
908.450448
908.450448
908.450448
908.450448
908.450448
908.450448
908.450448
908.450448
908.450448
908.450448
908.450448
908.450448
908.450448
908.450448
908.450448
908.450448
908.450448
908.450448
908.450448
908.450448
908.450448
908.450448
908.450448
908.450448
908.450448
908.450448
908.450448
908.450448
908.450448
908.450448
908.450448
908.450448
908.450448
908.450448
925.0999897
925.0999897
925.0999897
925.0999897
925.0999897
925.0999897
925.0999897
925.0999897
925.0999897
925.0999897
925.0999897
925.0999897
925.0999897
925.0999897
925.0999897
925.0999897
925.0999897
925.0999897
925.0999897
925.0999897
925.0999897
925.0999897
925.0999897
925.0999897
925.0999897
925.0999897
925.0999897
925.0999897
925.0999897
925.0999897
925.0999897
925.0999897
925.0999897
925.0999897
925.0999897
925.0999897
925.0999897
925.0999897
925.0999897
925.0999897
941.7495476
941.7495476
941.7495476
941.7495476
941.7495476
941.7495476
941.7495476
941.7495476
941.7495476
941.7495476
941.7495476
941.7495476
941.7495476
941.7495476
941.7495476
941.7495476
941.7495476
941.7495476
941.7495476
941.7495476
941.7495476
941.7495476
941.7495476
941.7495476
941.7495476
941.7495476
941.7495476
941.7495476
941.7495476
941.7495476
941.7495476
941.7495476
941.7495476
941.7495476
941.7495476
941.7495476
941.7495476
941.7495476
941.7495476
941.7495476
958.3991208
958.3991208
958.3991208
958.3991208
958.3991208
958.3991208
958.3991208
958.3991208
958.3991208
958.3991208
958.3991208
958.3991208
958.3991208
958.3991208
958.3991208
958.3991208
958.3991208
958.3991208
958.3991208
958.3991208
958.3991208
958.3991208
958.3991208
958.3991208
958.3991208
958.3991208
958.3991208
958.3991208
958.3991208
958.3991208
958.3991208
958.3991208
958.3991208
958.3991208
958.3991208
958.3991208
958.3991208
958.3991208
958.3991208
958.3991208
975.0487087
975.0487087
975.0487087
975.0487087
975.0487087
975.0487087
975.0487087
975.0487087
975.0487087
975.0487087
975.0487087
975.0487087
975.0487087
975.0487087
975.0487087
975.0487087
975.0487087
975.0487087
975.0487087
975.0487087
975.0487087
975.0487087
975.0487087
975.0487087
975.0487087
975.0487087
975.0487087
975.0487087
975.0487087
975.0487087
975.0487087
975.0487087
975.0487087
975.0487087
975.0487087
975.0487087
975.0487087
975.0487087
975.0487087
975.0487087
991.6983104
991.6983104
991.6983104
991.6983104
991.6983104
991.6983104
991.6983104
991.6983104
991.6983104
991.6983104
991.6983104
991.6983104
991.6983104
991.6983104
991.6983104
991.6983104
991.6983104
991.6983104
991.6983104
991.6983104
991.6983104
991.6983104
991.6983104
991.6983104
991.6983104
991.6983104
991.6983104
991.6983104
991.6983104
991.6983104
991.6983104
991.6983104
991.6983104
991.6983104
991.6983104
991.6983104
991.6983104
991.6983104
991.6983104
991.6983104
342.3926074
342.3926074
342.3926074
342.3926074
342.3926074
342.3926074
342.3926074
342.3926074
342.3926074
342.3926074
342.3926074
342.3926074
342.3926074
342.3926074
342.3926074
342.3926074
342.3926074
342.3926074
342.3926074
342.3926074
342.3926074
342.3926074
342.3926074
342.3926074
342.3926074
342.3926074
342.3926074
342.3926074
342.3926074
342.3926074
342.3926074
342.3926074
342.3926074
342.3926074
342.3926074
342.3926074
342.3926074
342.3926074
342.3926074
342.3926074
359.0394662
359.0394662
359.0394662
359.0394662
359.0394662
359.0394662
359.0394662
359.0394662
359.0394662
359.0394662
359.0394662
359.0394662
359.0394662
359.0394662
359.0394662
359.0394662
359.0394662
359.0394662
359.0394662
359.0394662
359.0394662
359.0394662
359.0394662
359.0394662
359.0394662
359.0394662
359.0394662
359.0394662
359.0394662
359.0394662
359.0394662
359.0394662
359.0394662
359.0394662
359.0394662
359.0394662
359.0394662
359.0394662
359.0394662
359.0394662
375.6866039
375.6866039
375.6866039
375.6866039
375.6866039
375.6866039
375.6866039
375.6866039
375.6866039
375.6866039
375.6866039
375.6866039
375.6866039
375.6866039
375.6866039
375.6866039
375.6866039
375.6866039
375.6866039
375.6866039
375.6866039
375.6866039
375.6866039
375.6866039
375.6866039
375.6866039
375.6866039
375.6866039
375.6866039
375.6866039
375.6866039
375.6866039
375.6866039
375.6866039
375.6866039
375.6866039
375.6866039
375.6866039
375.6866039
375.6866039
392.3339851
392.3339851
392.3339851
392.3339851
392.3339851
392.3339851
392.3339851
392.3339851
392.3339851
392.3339851
392.3339851
392.3339851
392.3339851
392.3339851
392.3339851
392.3339851
392.3339851
392.3339851
392.3339851
392.3339851
392.3339851
392.3339851
392.3339851
392.3339851
392.3339851
392.3339851
392.3339851
392.3339851
392.3339851
392.3339851
392.3339851
392.3339851
392.3339851
392.3339851
392.3339851
392.3339851
392.3339851
392.3339851
392.3339851
392.3339851
408.9815797
408.9815797
408.9815797
408.9815797
408.9815797
408.9815797
408.9815797
408.9815797
408.9815797
408.9815797
408.9815797
408.9815797
408.9815797
408.9815797
408.9815797
408.9815797
408.9815797
408.9815797
408.9815797
408.9815797
408.9815797
408.9815797
408.9815797
408.9815797
408.9815797
408.9815797
408.9815797
408.9815797
408.9815797
408.9815797
408.9815797
408.9815797
408.9815797
408.9815797
408.9815797
408.9815797
408.9815797
408.9815797
408.9815797
408.9815797
425.6293629
425.6293629
425.6293629
425.6293629
425.6293629
425.6293629
425.6293629
425.6293629
425.6293629
425.6293629
425.6293629
425.6293629
425.6293629
425.6293629
425.6293629
425.6293629
425.6293629
425.6293629
425.6293629
425.6293629
425.6293629
425.6293629
425.6293629
425.6293629
425.6293629
425.6293629
425.6293629
425.6293629
425.6293629
425.6293629
425.6293629
425.6293629
425.6293629
425.6293629
425.6293629
425.6293629
425.6293629
425.6293629
425.6293629
425.6293629
442.2773133
442.2773133
442.2773133
442.2773133
442.2773133
442.2773133
442.2773133
442.2773133
442.2773133
442.2773133
442.2773133
442.2773133
442.2773133
442.2773133
442.2773133
442.2773133
442.2773133
442.2773133
442.2773133
442.2773133
442.2773133
442.2773133
442.2773133
442.2773133
442.2773133
442.2773133
442.2773133
442.2773133
442.2773133
442.2773133
442.2773133
442.2773133
442.2773133
442.2773133
442.2773133
442.2773133
442.2773133
442.2773133
442.2773133
442.2773133
458.9254125
458.9254125
458.9254125
458.9254125
458.9254125
458.9254125
458.9254125
458.9254125
458.9254125
458.9254125
458.9254125
458.9254125
458.9254125
458.9254125
458.9254125
458.9254125
458.9254125
458.9254125
458.9254125
458.9254125
458.9254125
458.9254125
458.9254125
458.9254125
458.9254125
458.9254125
458.9254125
458.9254125
458.9254125
458.9254125
458.9254125
458.9254125
458.9254125
458.9254125
458.9254125
458.9254125
458.9254125
458.9254125
458.9254125
458.9254125
475.5736451
475.5736451
475.5736451
475.5736451
475.5736451
475.5736451
475.5736451
475.5736451
475.5736451
475.5736451
475.5736451
475.5736451
475.5736451
475.5736451
475.5736451
475.5736451
475.5736451
475.5736451
475.5736451
475.5736451
475.5736451
475.5736451
475.5736451
475.5736451
475.5736451
475.5736451
475.5736451
475.5736451
475.5736451
475.5736451
475.5736451
475.5736451
475.5736451
475.5736451
475.5736451
475.5736451
475.5736451
475.5736451
475.5736451
475.5736451
492.2219974
492.2219974
492.2219974
492.2219974
492.2219974
492.2219974
492.2219974
492.2219974
492.2219974
492.2219974
492.2219974
492.2219974
492.2219974
492.2219974
492.2219974
492.2219974
492.2219974
492.2219974
492.2219974
492.2219974
492.2219974
492.2219974
492.2219974
492.2219974
492.2219974
492.2219974
492.2219974
492.2219974
492.2219974
492.2219974
492.2219974
492.2219974
492.2219974
492.2219974
492.2219974
492.2219974
492.2219974
492.2219974
492.2219974
492.2219974
508.8704577
508.8704577
508.8704577
508.8704577
508.8704577
508.8704577
508.8704577
508.8704577
508.8704577
508.8704577
508.8704577
508.8704577
508.8704577
508.8704577
508.8704577
508.8704577
508.8704577
508.8704577
508.8704577
508.8704577
508.8704577
508.8704577
508.8704577
508.8704577
508.8704577
508.8704577
508.8704577
508.8704577
508.8704577
508.8704577
508.8704577
508.8704577
508.8704577
508.8704577
508.8704577
508.8704577
508.8704577
508.8704577
508.8704577
508.8704577
525.5190156
525.5190156
525.5190156
525.5190156
525.5190156
525.5190156
525.5190156
525.5190156
525.5190156
525.5190156
525.5190156
525.5190156
525.5190156
525.5190156
525.5190156
525.5190156
525.5190156
525.5190156
525.5190156
525.5190156
525.5190156
525.5190156
525.5190156
525.5190156
525.5190156
525.5190156
525.5190156
525.5190156
525.5190156
525.5190156
525.5190156
525.5190156
525.5190156
525.5190156
525.5190156
525.5190156
525.5190156
525.5190156
525.5190156
525.5190156
542.1676622
542.1676622
542.1676622
542.1676622
542.1676622
542.1676622
542.1676622
542.1676622
542.1676622
542.1676622
542.1676622
542.1676622
542.1676622
542.1676622
542.1676622
542.1676622
542.1676622
542.1676622
542.1676622
542.1676622
542.1676622
542.1676622
542.1676622
542.1676622
542.1676622
542.1676622
542.1676622
542.1676622
542.1676622
542.1676622
542.1676622
542.1676622
542.1676622
542.1676622
542.1676622
542.1676622
542.1676622
542.1676622
542.1676622
542.1676622
558.8163896
558.8163896
558.8163896
558.8163896
558.8163896
558.8163896
558.8163896
558.8163896
558.8163896
558.8163896
558.8163896
558.8163896
558.8163896
558.8163896
558.8163896
558.8163896
558.8163896
558.8163896
558.8163896
558.8163896
558.8163896
558.8163896
558.8163896
558.8163896
558.8163896
558.8163896
558.8163896
558.8163896
558.8163896
558.8163896
558.8163896
558.8163896
558.8163896
558.8163896
558.8163896
558.8163896
558.8163896
558.8163896
558.8163896
558.8163896
575.4651907
575.4651907
575.4651907
575.4651907
575.4651907
575.4651907
575.4651907
575.4651907
575.4651907
575.4651907
575.4651907
575.4651907
575.4651907
575.4651907
575.4651907
575.4651907
575.4651907
575.4651907
575.4651907
575.4651907
575.4651907
575.4651907
575.4651907
575.4651907
575.4651907
575.4651907
575.4651907
575.4651907
575.4651907
575.4651907
575.4651907
575.4651907
575.4651907
575.4651907
575.4651907
575.4651907
575.4651907
575.4651907
575.4651907
575.4651907
592.1140593
592.1140593
592.1140593
592.1140593
592.1140593
592.1140593
592.1140593
592.1140593
592.1140593
592.1140593
592.1140593
592.1140593
592.1140593
592.1140593
592.1140593
592.1140593
592.1140593
592.1140593
592.1140593
592.1140593
592.1140593
592.1140593
592.1140593
592.1140593
592.1140593
592.1140593
592.1140593
592.1140593
592.1140593
592.1140593
592.1140593
592.1140593
592.1140593
592.1140593
592.1140593
592.1140593
592.1140593
592.1140593
592.1140593
592.1140593
608.7629899
608.7629899
608.7629899
608.7629899
608.7629899
608.7629899
608.7629899
608.7629899
608.7629899
608.7629899
608.7629899
608.7629899
608.7629899
608.7629899
608.7629899
608.7629899
608.7629899
608.7629899
608.7629899
608.7629899
608.7629899
608.7629899
608.7629899
608.7629899
608.7629899
608.7629899
608.7629899
608.7629899
608.7629899
608.7629899
608.7629899
608.7629899
608.7629899
608.7629899
608.7629899
608.7629899
608.7629899
608.7629899
608.7629899
608.7629899
625.4119774
625.4119774
625.4119774
625.4119774
625.4119774
625.4119774
625.4119774
625.4119774
625.4119774
625.4119774
625.4119774
625.4119774
625.4119774
625.4119774
625.4119774
625.4119774
625.4119774
625.4119774
625.4119774
625.4119774
625.4119774
625.4119774
625.4119774
625.4119774
625.4119774
625.4119774
625.4119774
625.4119774
625.4119774
625.4119774
625.4119774
625.4119774
625.4119774
625.4119774
625.4119774
625.4119774
625.4119774
625.4119774
625.4119774
625.4119774
642.0610175
642.0610175
642.0610175
642.0610175
642.0610175
642.0610175
642.0610175
642.0610175
642.0610175
642.0610175
642.0610175
642.0610175
642.0610175
642.0610175
642.0610175
642.0610175
642.0610175
642.0610175
642.0610175
642.0610175
642.0610175
642.0610175
642.0610175
642.0610175
642.0610175
642.0610175
642.0610175
642.0610175
642.0610175
642.0610175
642.0610175
642.0610175
642.0610175
642.0610175
642.0610175
642.0610175
642.0610175
642.0610175
642.0610175
642.0610175
658.7101062
658.7101062
658.7101062
658.7101062
658.7101062
658.7101062
658.7101062
658.7101062
658.7101062
658.7101062
658.7101062
658.7101062
658.7101062
658.7101062
658.7101062
658.7101062
658.7101062
658.7101062
658.7101062
658.7101062
658.7101062
658.7101062
658.7101062
658.7101062
658.7101062
658.7101062
658.7101062
658.7101062
658.7101062
658.7101062
658.7101062
658.7101062
658.7101062
658.7101062
658.7101062
658.7101062
658.7101062
658.7101062
658.7101062
658.7101062
675.3592399
675.3592399
675.3592399
675.3592399
675.3592399
675.3592399
675.3592399
675.3592399
675.3592399
675.3592399
675.3592399
675.3592399
675.3592399
675.3592399
675.3592399
675.3592399
675.3592399
675.3592399
675.3592399
675.3592399
675.3592399
675.3592399
675.3592399
675.3592399
675.3592399
675.3592399
675.3592399
675.3592399
675.3592399
675.3592399
675.3592399
675.3592399
675.3592399
675.3592399
675.3592399
675.3592399
675.3592399
675.3592399
675.3592399
675.3592399
692.0084153
692.0084153
692.0084153
692.0084153
692.0084153
692.0084153
692.0084153
692.0084153
692.0084153
692.0084153
692.0084153
692.0084153
692.0084153
692.0084153
692.0084153
692.0084153
692.0084153
692.0084153
692.0084153
692.0084153
692.0084153
692.0084153
692.0084153
692.0084153
692.0084153
692.0084153
692.0084153
692.0084153
692.0084153
692.0084153
692.0084153
692.0084153
692.0084153
692.0084153
692.0084153
692.0084153
692.0084153
692.0084153
692.0084153
692.0084153
708.6576295
708.6576295
708.6576295
708.6576295
708.6576295
708.6576295
708.6576295
708.6576295
708.6576295
708.6576295
708.6576295
708.6576295
708.6576295
708.6576295
708.6576295
708.6576295
708.6576295
708.6576295
708.6576295
708.6576295
708.6576295
708.6576295
708.6576295
708.6576295
708.6576295
708.6576295
708.6576295
708.6576295
708.6576295
708.6576295
708.6576295
708.6576295
708.6576295
708.6576295
708.6576295
708.6576295
708.6576295
708.6576295
708.6576295
708.6576295
725.3068798
725.3068798
725.3068798
725.3068798
725.3068798
725.3068798
725.3068798
725.3068798
725.3068798
725.3068798
725.3068798
725.3068798
725.3068798
725.3068798
725.3068798
725.3068798
725.3068798
725.3068798
725.3068798
725.3068798
725.3068798
725.3068798
725.3068798
725.3068798
725.3068798
725.3068798
725.3068798
725.3068798
725.3068798
725.3068798
725.3068798
725.3068798
725.3068798
725.3068798
725.3068798
725.3068798
725.3068798
725.3068798
725.3068798
725.3068798
741.9561637
741.9561637
741.9561637
741.9561637
741.9561637
741.9561637
741.9561637
741.9561637
741.9561637
741.9561637
741.9561637
741.9561637
741.9561637
741.9561637
741.9561637
741.9561637
741.9561637
741.9561637
741.9561637
741.9561637
741.9561637
741.9561637
741.9561637
741.9561637
741.9561637
741.9561637
741.9561637
741.9561637
741.9561637
741.9561637
741.9561637
741.9561637
741.9561637
741.9561637
741.9561637
741.9561637
741.9561637
741.9561637
741.9561637
741.9561637
758.6054792
758.6054792
758.6054792
758.6054792
758.6054792
758.6054792
758.6054792
758.6054792
758.6054792
758.6054792
758.6054792
758.6054792
758.6054792
758.6054792
758.6054792
758.6054792
758.6054792
758.6054792
758.6054792
758.6054792
758.6054792
758.6054792
758.6054792
758.6054792
758.6054792
758.6054792
758.6054792
758.6054792
758.6054792
758.6054792
758.6054792
758.6054792
758.6054792
758.6054792
758.6054792
758.6054792
758.6054792
758.6054792
758.6054792
758.6054792
775.254824
775.254824
775.254824
775.254824
775.254824
775.254824
775.254824
775.254824
775.254824
775.254824
775.254824
775.254824
775.254824
775.254824
775.254824
775.254824
775.254824
775.254824
775.254824
775.254824
775.254824
775.254824
775.254824
775.254824
775.254824
775.254824
775.254824
775.254824
775.254824
775.254824
775.254824
775.254824
775.254824
775.254824
775.254824
775.254824
775.254824
775.254824
775.254824
775.254824
791.9041964
791.9041964
791.9041964
791.9041964
791.9041964
791.9041964
791.9041964
791.9041964
791.9041964
791.9041964
791.9041964
791.9041964
791.9041964
791.9041964
791.9041964
791.9041964
791.9041964
791.9041964
791.9041964
791.9041964
791.9041964
791.9041964
791.9041964
791.9041964
791.9041964
791.9041964
791.9041964
791.9041964
791.9041964
791.9041964
791.9041964
791.9041964
791.9041964
791.9041964
791.9041964
791.9041964
791.9041964
791.9041964
791.9041964
791.9041964
808.5535947
808.5535947
808.5535947
808.5535947
808.5535947
808.5535947
808.5535947
808.5535947
808.5535947
808.5535947
808.5535947
808.5535947
808.5535947
808.5535947
808.5535947
808.5535947
808.5535947
808.5535947
808.5535947
808.5535947
808.5535947
808.5535947
808.5535947
808.5535947
808.5535947
808.5535947
808.5535947
808.5535947
808.5535947
808.5535947
808.5535947
808.5535947
808.5535947
808.5535947
808.5535947
808.5535947
808.5535947
808.5535947
808.5535947
808.5535947
825.2030173
825.2030173
825.2030173
825.2030173
825.2030173
825.2030173
825.2030173
825.2030173
825.2030173
825.2030173
825.2030173
825.2030173
825.2030173
825.2030173
825.2030173
825.2030173
825.2030173
825.2030173
825.2030173
825.2030173
825.2030173
825.2030173
825.2030173
825.2030173
825.2030173
825.2030173
825.2030173
825.2030173
825.2030173
825.2030173
825.2030173
825.2030173
825.2030173
825.2030173
825.2030173
825.2030173
825.2030173
825.2030173
825.2030173
825.2030173
841.8524628
841.8524628
841.8524628
841.8524628
841.8524628
841.8524628
841.8524628
841.8524628
841.8524628
841.8524628
841.8524628
841.8524628
841.8524628
841.8524628
841.8524628
841.8524628
841.8524628
841.8524628
841.8524628
841.8524628
841.8524628
841.8524628
841.8524628
841.8524628
841.8524628
841.8524628
841.8524628
841.8524628
841.8524628
841.8524628
841.8524628
841.8524628
841.8524628
841.8524628
841.8524628
841.8524628
841.8524628
841.8524628
841.8524628
841.8524628
858.5019298
858.5019298
858.5019298
858.5019298
858.5019298
858.5019298
858.5019298
858.5019298
858.5019298
858.5019298
858.5019298
858.5019298
858.5019298
858.5019298
858.5019298
858.5019298
858.5019298
858.5019298
858.5019298
858.5019298
858.5019298
858.5019298
858.5019298
858.5019298
858.5019298
858.5019298
858.5019298
858.5019298
858.5019298
858.5019298
858.5019298
858.5019298
858.5019298
858.5019298
858.5019298
858.5019298
858.5019298
858.5019298
858.5019298
858.5019298
875.151417
875.151417
875.151417
875.151417
875.151417
875.151417
875.151417
875.151417
875.151417
875.151417
875.151417
875.151417
875.151417
875.151417
875.151417
875.151417
875.151417
875.151417
875.151417
875.151417
875.151417
875.151417
875.151417
875.151417
875.151417
875.151417
875.151417
875.151417
875.151417
875.151417
875.151417
875.151417
875.151417
875.151417
875.151417
875.151417
875.151417
875.151417
875.151417
875.151417
891.8009235
891.8009235
891.8009235
891.8009235
891.8009235
891.8009235
891.8009235
891.8009235
891.8009235
891.8009235
891.8009235
891.8009235
891.8009235
891.8009235
891.8009235
891.8009235
891.8009235
891.8009235
891.8009235
891.8009235
891.8009235
891.8009235
891.8009235
891.8009235
891.8009235
891.8009235
891.8009235
891.8009235
891.8009235
891.8009235
891.8009235
891.8009235
891.8009235
891.8009235
891.8009235
891.8009235
891.8009235
891.8009235
891.8009235
891.8009235
908.450448
908.450448
908.450448
908.450448
908.450448
908.450448
908.450448
908.450448
908.450448
908.450448
908.450448
908.450448
908.450448
908.450448
908.450448
908.450448
908.450448
908.450448
908.450448
908.450448
908.450448
908.450448
908.450448
908.450448
908.450448
908.450448
908.450448
908.450448
908.450448
908.450448
908.450448
908.450448
908.450448
908.450448
908.450448
908.450448
908.450448
908.450448
908.450448
908.450448
925.0999897
925.0999897
925.0999897
925.0999897
925.0999897
925.0999897
925.0999897
925.0999897
925.0999897
925.0999897
925.0999897
925.0999897
925.0999897
925.0999897
925.0999897
925.0999897
925.0999897
925.0999897
925.0999897
925.0999897
925.0999897
925.0999897
925.0999897
925.0999897
925.0999897
925.0999897
925.0999897
925.0999897
925.0999897
925.0999897
925.0999897
925.0999897
925.0999897
925.0999897
925.0999897
925.0999897
925.0999897
925.0999897
925.0999897
925.0999897
941.7495476
941.7495476
941.7495476
941.7495476
941.7495476
941.7495476
941.7495476
941.7495476
941.7495476
941.7495476
941.7495476
941.7495476
941.7495476
941.7495476
941.7495476
941.7495476
941.7495476
941.7495476
941.7495476
941.7495476
941.7495476
941.7495476
941.7495476
941.7495476
941.7495476
941.7495476
941.7495476
941.7495476
941.7495476
941.7495476
941.7495476
941.7495476
941.7495476
941.7495476
941.7495476
941.7495476
941.7495476
941.7495476
941.7495476
941.7495476
958.3991208
958.3991208
958.3991208
958.3991208
958.3991208
958.3991208
958.3991208
958.3991208
958.3991208
958.3991208
958.3991208
958.3991208
958.3991208
958.3991208
958.3991208
958.3991208
958.3991208
958.3991208
958.3991208
958.3991208
958.3991208
958.3991208
958.3991208
958.3991208
958.3991208
958.3991208
958.3991208
958.3991208
958.3991208
958.3991208
958.3991208
958.3991208
958.3991208
958.3991208
958.3991208
958.3991208
958.3991208
958.3991208
958.3991208
958.3991208
975.0487087
975.0487087
975.0487087
975.0487087
975.0487087
975.0487087
975.0487087
975.0487087
975.0487087
975.0487087
975.0487087
975.0487087
975.0487087
975.0487087
975.0487087
975.0487087
975.0487087
975.0487087
975.0487087
975.0487087
975.0487087
975.0487087
975.0487087
975.0487087
975.0487087
975.0487087
975.0487087
975.0487087
975.0487087
975.0487087
975.0487087
975.0487087
975.0487087
975.0487087
975.0487087
975.0487087
975.0487087
975.0487087
975.0487087
975.0487087
991.6983104
991.6983104
991.6983104
991.6983104
991.6983104
991.6983104
991.6983104
991.6983104
991.6983104
991.6983104
991.6983104
991.6983104
991.6983104
991.6983104
991.6983104
991.6983104
991.6983104
991.6983104
991.6983104
991.6983104
991.6983104
991.6983104
991.6983104
991.6983104
991.6983104
991.6983104
991.6983104
991.6983104
991.6983104
991.6983104
991.6983104
991.6983104
991.6983104
991.6983104
991.6983104
991.6983104
991.6983104
991.6983104
991.6983104
991.6983104
)
;

boundaryField
{
    flow
    {
        type            calculated;
        value           nonuniform List<scalar> 
180
(
12.1
26.9
43.18
59.67142857
76.23333333
92.82727273
109.4384615
126.06
142.6882353
159.3210526
175.9571429
192.5956522
209.236
225.8777778
242.5206897
259.1645161
275.8090909
292.4542857
309.1
325.7461538
342.3926074
359.0394662
375.6866039
392.3339851
408.9815797
425.6293629
442.2773133
458.9254125
475.5736451
492.2219974
508.8704577
525.5190156
542.1676622
558.8163896
575.4651907
592.1140593
608.7629899
625.4119774
642.0610175
658.7101062
675.3592399
692.0084153
708.6576295
725.3068798
741.9561637
758.6054792
775.254824
791.9041964
808.5535947
825.2030173
841.8524628
858.5019298
875.151417
891.8009235
908.450448
925.0999897
941.7495476
958.3991208
975.0487087
991.6983104
991.6983104
991.6983104
991.6983104
991.6983104
991.6983104
991.6983104
991.6983104
991.6983104
991.6983104
991.6983104
991.6983104
991.6983104
991.6983104
991.6983104
991.6983104
991.6983104
991.6983104
991.6983104
991.6983104
991.6983104
991.6983104
991.6983104
991.6983104
991.6983104
991.6983104
991.6983104
991.6983104
991.6983104
991.6983104
991.6983104
991.6983104
991.6983104
991.6983104
991.6983104
991.6983104
991.6983104
991.6983104
991.6983104
991.6983104
991.6983104
991.6983104
991.6983104
991.6983104
991.6983104
991.6983104
991.6983104
991.6983104
991.6983104
991.6983104
991.6983104
991.6983104
991.6983104
991.6983104
991.6983104
991.6983104
991.6983104
991.6983104
991.6983104
991.6983104
991.6983104
991.6983104
991.6983104
991.6983104
991.6983104
991.6983104
991.6983104
991.6983104
991.6983104
991.6983104
991.6983104
991.6983104
991.6983104
991.6983104
991.6983104
991.6983104
991.6983104
991.6983104
991.6983104
991.6983104
991.6983104
342.3926074
359.0394662
375.6866039
392.3339851
408.9815797
425.6293629
442.2773133
458.9254125
475.5736451
492.2219974
508.8704577
525.5190156
542.1676622
558.8163896
575.4651907
592.1140593
608.7629899
625.4119774
642.0610175
658.7101062
675.3592399
692.0084153
708.6576295
725.3068798
741.9561637
758.6054792
775.254824
791.9041964
808.5535947
825.2030173
841.8524628
858.5019298
875.151417
891.8009235
908.450448
925.0999897
941.7495476
958.3991208
975.0487087
991.6983104
)
;
    }
    cylinder
    {
        type            calculated;
        value           nonuniform List<scalar> 
60
(
342.3926074
342.3926074
342.3926074
342.3926074
342.3926074
342.3926074
342.3926074
342.3926074
342.3926074
342.3926074
342.3926074
342.3926074
342.3926074
342.3926074
342.3926074
342.3926074
342.3926074
342.3926074
342.3926074
342.3926074
342.3926074
342.3926074
342.3926074
342.3926074
342.3926074
342.3926074
342.3926074
342.3926074
342.3926074
342.3926074
342.3926074
342.3926074
342.3926074
342.3926074
342.3926074
342.3926074
342.3926074
342.3926074
342.3926074
342.3926074
12.1
26.9
43.18
59.67142857
76.23333333
92.82727273
109.4384615
126.06
142.6882353
159.3210526
175.9571429
192.5956522
209.236
225.8777778
242.5206897
259.1645161
275.8090909
292.4542857
309.1
325.7461538
)
;
    }
    wedgeFront
    {
        type            symmetry;
    }
    wedgeBack
    {
        type            symmetry;
    }
    defaultFaces
    {
        type            empty;
    }
}


// ************************************************************************* //
