/*--------------------------------*- C++ -*----------------------------------*\
| =========                 |                                                 |
| \\      /  F ield         | OpenFOAM: The Open Source CFD Toolbox           |
|  \\    /   O peration     | Version:  v1706                                 |
|   \\  /    A nd           | Web:      www.OpenFOAM.com                      |
|    \\/     M anipulation  |                                                 |
\*---------------------------------------------------------------------------*/
FoamFile
{
    version     2.0;
    format      ascii;
    class       volScalarField;
    location    "0.004";
    object      translationalT_Ar;
}
// * * * * * * * * * * * * * * * * * * * * * * * * * * * * * * * * * * * * * //

dimensions      [0 0 0 1 0 0 0];


internalField   nonuniform List<scalar> 
4000
(
102.0889237
103.5778386
106.0855714
108.0402507
110.4815037
112.5582354
119.0810415
125.0317982
129.412673
141.6098574
147.9219935
161.4280562
176.2966478
188.0374376
211.6334062
239.513852
266.8390013
312.1439253
364.9311656
429.3716177
496.2287727
572.7013698
653.3458682
744.4277968
825.5711988
892.1724449
939.9813125
970.4472504
982.6750423
987.6660799
980.1031439
964.4721762
939.0527961
908.1941768
867.3914317
815.0808705
745.8487239
660.5461939
560.677075
438.0725476
103.0091695
103.9286257
105.4245491
106.1149255
109.8311879
112.5405275
117.1230882
120.4308442
126.0490834
136.4349161
143.8705965
154.9930091
170.7799381
185.5346087
204.6702482
229.9445478
266.1210342
301.2512943
358.9502392
418.4281157
489.1176269
572.912678
655.7393966
740.4113343
817.8908448
891.6850485
944.8902157
975.1637499
986.8225903
987.575892
977.9003791
963.1634377
938.8839244
907.3054317
864.3136878
809.2085175
741.1718872
659.5139664
559.6599147
437.8084661
102.7318504
103.8323859
105.9085409
107.277289
110.0032764
111.8114442
114.4342816
118.9547505
124.712885
133.2793781
140.7312641
149.8621682
163.026082
180.0703975
199.9633269
224.7150773
258.1596555
298.8866983
352.7395688
411.039249
484.6496761
565.0581894
653.3870017
741.9345102
823.4426153
894.7565037
947.6880879
976.5361551
987.7696355
986.2038969
976.3735653
959.7308886
936.8858105
906.9219805
864.3814807
807.2468237
741.677181
658.5170324
561.2875857
437.9740559
102.0730822
102.8548261
105.0374825
107.2315066
109.033936
110.7732923
113.7395962
117.7010346
123.4081111
130.6658067
138.2331419
148.7071332
160.5472387
173.8473919
193.0411771
222.401796
254.8044152
297.2203953
347.8910277
406.9253533
482.2514999
561.2864691
648.5168382
735.7352549
818.2090625
888.6873513
942.6631743
976.0987206
986.551477
985.2205205
978.3340363
960.5251873
935.6014456
905.9333326
862.9952462
806.3714298
739.9011739
656.8999697
559.485313
436.7701112
102.0913942
103.7703499
104.7603537
106.2961204
109.3389714
110.508208
114.1939552
118.0640536
122.3801377
130.3399912
137.9717137
147.0608451
157.6874624
171.496081
192.6843291
216.5880066
249.7632176
291.8659659
342.4534355
399.5404704
468.8060564
551.2431821
641.9707889
732.2627374
814.894618
884.7849194
936.9772395
971.3998377
984.1637384
985.9344938
975.9261095
960.4832875
936.8164986
904.541456
862.755633
810.8308217
742.6559639
657.5448251
559.1695193
437.2122483
102.5290823
103.8946142
106.2348366
107.1398168
108.9691498
111.1460535
114.3640757
118.3916831
122.1350609
127.3930567
133.9983834
143.2106418
156.3549922
171.5039202
190.1620793
215.4345865
244.5819873
284.7266787
332.3341906
391.6595897
459.5203345
542.4350611
629.8189713
722.2140203
808.0889238
880.1566408
934.6920266
967.0753091
985.1595427
986.6470994
978.8164068
961.5042507
937.1172323
907.0035058
864.2530319
810.4201523
742.786073
660.9384222
560.2303911
437.0978536
102.5443216
103.2462842
104.8452441
106.240592
108.7354473
110.6809396
113.8162918
116.8032804
121.1332598
126.6636819
132.7533355
143.7076118
155.662597
170.9069317
190.1492945
211.3236519
241.4345289
281.1756681
329.4467975
387.7161027
454.0122705
531.3419396
617.2579381
712.6737596
795.7889702
870.7083785
926.5383697
964.7518405
983.9584
985.1950763
976.9895802
961.2185306
939.2886386
906.6487119
864.257014
811.6476926
745.529193
661.5376165
562.6313152
437.7677574
102.2059655
103.6387064
105.1983145
106.6299133
108.4917547
110.2227172
113.9316361
116.3747069
121.1757214
126.206661
133.6727638
141.3115145
151.803087
168.0703748
186.5582436
208.9786567
237.8021618
275.5240366
320.4593114
375.2476213
447.2281114
521.8319876
608.5554437
697.1055866
784.7955671
862.1232284
920.0686035
956.4640762
977.192516
981.2594173
977.0921951
961.8477242
939.1809532
907.9494554
864.4975248
809.7359467
744.2726193
662.5552644
562.7999025
439.3325246
102.5592664
103.3961169
104.8753713
106.5595632
108.1437591
110.0383534
113.1431218
116.6859939
120.2142501
125.1330229
132.5679929
140.6445187
151.0310512
165.3264527
180.9423757
204.2777604
233.8680067
268.9295318
314.2185154
370.8769168
436.3447721
510.5389271
597.2141131
683.8505146
775.1348381
851.8838309
911.0172827
952.8656496
972.8972474
979.3324445
973.1390356
958.1146488
936.2256995
904.0846285
866.5501456
812.7463483
746.9831126
663.9312995
564.9849677
441.3964552
102.0358332
103.4643263
104.1143907
105.5954355
107.5085833
109.5009532
112.2102471
115.0761748
120.0330185
124.6844303
132.7153679
139.4065035
149.5337608
163.6376676
180.5422878
201.5003628
231.6509006
266.1290795
308.5041677
361.6966016
427.1295296
505.1517714
586.9632254
675.2661319
763.7428539
839.7027298
903.5351887
947.8474892
969.1317191
975.8370399
971.5212429
959.1745827
936.9959225
905.2013634
867.1137825
816.6841425
748.8321119
665.7731557
566.7093329
441.8186038
101.8299599
102.8350032
104.4582924
105.3617025
107.2190451
109.2626487
110.8124754
113.9567355
118.7895197
123.7993084
129.1735766
137.0545422
147.7814583
162.2424022
178.5870131
197.9338725
227.4717507
259.982952
302.5848255
353.6785081
416.3680955
487.2634559
570.9505994
659.0980861
746.0971535
827.6872479
892.4997361
939.0881412
962.1157243
970.8361433
968.106197
956.9453371
935.6112432
907.5116879
866.924172
816.0227251
750.1913131
667.6704411
567.6034388
442.5360249
101.5931861
102.5984122
104.268724
106.0397222
107.5573004
109.0987887
111.1302642
114.3115377
117.8890841
122.1833983
129.0409955
134.4140989
146.6055105
160.468265
175.8627886
195.5877405
221.4825396
254.9966005
294.0780677
342.8130709
407.9655991
475.1320421
556.7089595
645.346811
730.6649282
812.7617321
878.8557819
925.7470534
956.785428
966.89761
966.6523198
955.9219973
932.7682368
907.9478752
869.1135031
817.8282842
751.1482908
670.8658833
569.9689323
444.7212947
101.7456595
103.0773511
104.6957691
105.6800395
106.2873058
107.6658255
111.4945948
113.7113369
116.0752235
119.6335823
127.0013307
134.3020751
144.2453581
154.3209552
171.1761075
192.9990187
217.419918
246.4277175
286.5086198
333.9590128
392.8912796
465.1708932
543.9630971
627.4399509
714.0101584
798.1554239
866.1674958
917.1521759
947.39796
960.3721826
963.0999985
952.0632168
934.345472
906.7881225
869.1892833
819.4619892
754.085142
673.7867004
573.7848224
446.4030274
101.9297194
102.2021486
103.5647461
104.8663041
106.5965666
107.7874122
110.5007044
113.1799472
115.6942887
120.3661777
126.8394424
132.4584508
141.4270015
152.0780012
167.1503762
188.0933652
212.5860786
239.8645782
279.1998767
325.3958494
380.6146162
450.9148675
528.2409004
610.1763377
699.013863
779.4653571
852.1431441
905.9722998
938.0490526
954.3977332
957.0047449
947.4690102
932.2036279
904.947805
867.4806388
820.1116058
756.6320508
675.9516163
576.1922848
448.6011157
101.8149741
102.6392166
103.8086568
104.7894989
105.3068704
107.3315864
109.1769256
111.8352555
115.5104004
119.2215668
124.3669647
130.8749114
139.0845549
149.7341485
164.2935705
182.9286675
206.3515519
231.6027979
267.9132035
313.2406215
365.0272449
429.5042797
505.1679325
582.7549947
670.8629004
755.3080818
831.0944729
888.3360961
926.8246164
947.7320029
950.3273828
943.4177652
928.912108
903.2989073
868.0866849
822.6072878
759.4251027
678.8646984
579.3180126
451.0675961
101.7951516
102.7823988
103.1068817
103.83319
105.3591465
107.3337795
108.9403734
111.9829325
114.5710679
117.2426874
122.5978989
129.8757039
137.1442718
148.8628366
160.505431
174.924275
196.2320774
226.7047236
259.1457562
299.2321968
350.2059735
411.4796893
481.8814863
563.4636874
648.8174582
735.1835417
811.7748073
872.6758729
912.0679334
938.6423122
946.2877986
938.7987932
924.2439677
900.6153582
868.4446006
822.7737614
762.8383812
684.5369539
584.2191173
455.366942
101.6795942
102.6801955
103.3310604
104.2054434
105.089453
107.2874969
108.8345013
110.1507387
113.2318626
116.1492154
120.9913117
128.6498687
135.053479
143.4460245
155.4412475
172.1858624
192.4380999
219.0833887
250.48267
287.4547276
335.5708296
393.9104932
462.7287565
541.7720223
627.3669529
708.9754108
788.2265375
852.1508916
897.4261764
925.4075579
935.5432829
930.6406595
919.4462814
898.5607481
864.9739123
822.0197291
765.1483625
689.2195019
588.8957012
459.7324373
101.1376211
101.7210891
102.1526151
103.1668283
104.5427506
106.3704446
107.612489
108.8317326
112.7972241
115.8457882
120.1543658
125.8528835
132.0326976
140.3857769
152.4265784
168.2010214
187.1475035
208.1341366
237.8168336
278.3352283
323.641463
376.17661
440.5256983
517.5575228
597.5054429
681.9612892
758.8451105
826.5743598
878.5434607
908.3562735
923.5006596
922.9246881
912.696939
894.350522
864.5077768
821.5247677
766.7451359
692.8606984
596.1580432
465.2558963
100.8641742
101.9166564
102.6919608
103.36262
104.3286354
106.348717
107.3227515
109.7185541
112.3346091
116.0694418
119.7161973
123.8066089
129.7845664
139.7907793
150.0076887
163.8238577
179.2760949
201.7052588
231.1381266
263.8471702
308.0873059
361.0790843
422.0584565
494.0334611
571.1102831
650.8771466
731.377391
800.9608876
857.5428988
893.7451163
912.9281687
914.0992981
906.6218283
888.7960711
859.1044597
820.3301552
768.4313766
696.6791286
602.7793142
474.8475271
101.4575539
102.2506181
102.608561
103.5415562
104.0965349
105.920882
106.6654239
108.0082157
111.0463262
114.291795
117.9941688
122.0434094
128.9702777
136.2180523
147.0793252
158.8443254
174.0422287
196.7162858
221.3018942
252.7398223
293.7405188
345.8853005
402.0600297
466.3237981
541.3918794
622.0316722
703.6656387
775.5594723
833.5783295
873.0319146
895.8249946
902.3573873
897.5175828
879.2984954
854.3267064
816.8569903
768.4493019
699.9548617
608.5192179
489.2813105
101.019344
102.140085
102.6948447
103.1169351
104.8448243
106.0055158
107.6662322
108.9954242
112.2089099
115.063565
118.0059575
121.8440957
127.9674094
134.8899636
144.1822826
155.7624769
171.8803989
189.3225666
211.9332381
243.4757316
280.5392942
325.1307738
376.6344386
441.7764746
514.8799052
592.6914693
669.8217346
741.1024182
804.7492199
848.0128318
876.0757284
889.5177036
885.5349337
871.0186906
847.3811733
814.2811517
764.4189703
701.5072692
617.3459538
518.3046541
100.9942726
101.7401824
102.1270565
103.013339
104.3140716
105.1926261
106.8969873
107.8218152
110.4975966
113.7600056
115.6644372
119.5702069
125.4776988
132.9494292
142.2660016
151.523811
165.8120881
180.3913485
202.8559719
231.770791
265.8851409
310.1633332
355.8396565
419.7673967
485.8841831
556.9351774
637.0120551
708.2802438
772.5949524
820.2460634
855.3942332
870.4602386
869.2353863
859.2717327
837.5965842
806.0288028
761.7618733
701.2975132
627.7611652
547.2229673
101.0060181
101.7972412
102.6316713
103.5476311
103.6783416
104.5711869
106.5523454
107.922642
109.3376129
112.2059619
114.8659784
117.0704967
122.4619323
129.2200444
136.7696388
147.6953459
161.2231923
177.1024178
196.0452625
220.9784954
257.107578
291.195156
337.6492512
390.4795389
450.3284237
521.6517615
600.8727353
671.5314009
737.3116984
790.7875044
827.300041
849.3664423
853.053311
844.4161577
826.3351126
795.6881672
754.8468005
702.2498712
639.3261099
572.6729125
101.9396511
101.7525339
102.3659078
102.961896
103.3995539
104.4398206
105.7034853
107.1034403
109.0590387
109.9910785
114.1799165
117.9400046
121.2375394
128.1223393
134.1990901
143.7940272
155.4237095
170.3916403
188.8150943
211.3338991
241.0821387
275.0765199
318.10779
365.6937211
424.5719808
490.0778243
563.390943
632.3614755
703.7505377
757.1174682
798.4499097
822.6698324
833.9666416
828.1615761
811.4847569
786.0699223
748.6234756
701.8887667
648.7596595
591.238238
100.8887951
101.3852518
102.3630719
102.6661323
103.4383202
104.4670929
105.1081341
106.2924399
108.5051118
109.9591459
112.5792551
116.2338727
119.6558933
125.2620387
132.3772356
139.523536
150.1481607
163.6865568
182.0467084
202.5839868
229.7145806
258.9456835
298.0919387
342.5817913
395.5825066
460.4853867
527.3161949
595.3548537
663.3655212
719.0477096
763.7890729
794.9432104
809.8240125
808.3999959
796.029521
773.0828969
742.1874947
700.5537057
656.2425615
604.4635777
101.5409138
101.3514382
101.7832461
102.497295
103.5274236
103.6604995
104.4466668
104.9240304
107.4694534
109.4678091
111.3378565
115.3198416
118.7145069
123.6479846
129.3250684
137.1447635
146.3948439
158.0581161
176.6569785
194.6769626
216.4820674
246.0313412
281.1592382
321.4950366
372.0594316
429.6448235
490.7571158
554.8244623
620.647172
678.4103056
728.7544745
764.1869904
785.8736328
787.0584973
778.5698035
759.0508397
731.3988623
698.0144327
657.2632209
614.2010894
100.9406078
101.0666917
101.613561
102.0608066
103.0807665
103.3345508
103.7121407
105.10137
107.0874689
108.5836091
110.6433443
112.8194912
116.2529517
120.7946794
126.5574019
134.1072459
143.1833188
152.7723896
168.1985929
185.5270433
205.3705699
230.9374522
263.8296367
299.5144141
343.7371756
398.649147
451.1715236
515.3074523
577.8619422
639.2514126
692.1787312
731.8967839
754.6854739
762.7107791
760.6635242
746.3491084
721.8423434
693.1974429
657.5766734
621.2685308
100.8404694
101.093474
101.3388138
102.1964863
102.8038635
103.0503629
104.0051737
104.9519322
106.2438665
107.7969196
110.3462666
111.8451725
114.8649477
119.9393001
125.0309496
129.999628
139.12155
147.1065842
161.7520217
175.3554375
194.6152326
215.9717643
247.6021041
278.8488396
319.8053616
364.6396714
419.3595441
473.7844753
534.6068846
596.2832259
648.8898086
691.5645108
721.2857097
735.387108
737.849243
729.2657522
710.3336064
685.466501
655.9115163
623.8742873
100.8911017
101.3671312
101.6655528
101.930487
102.5988093
103.2337627
103.1720533
104.372759
105.488311
107.0759484
108.8531537
111.2767726
114.7578634
118.7470799
123.1796499
128.2342293
135.2859924
142.3699603
153.6028378
168.2831961
184.787094
206.8138369
230.9126458
259.9108689
295.4516156
338.4512332
388.1292433
441.5151342
496.6698608
555.1019261
608.2922117
653.2972882
685.6626438
705.3628453
714.2388001
710.5337079
695.9696613
676.5925171
652.4843024
623.2883562
100.5225224
100.9220603
101.2381173
102.0281378
102.1410637
102.2258256
103.0507771
103.9817226
104.8211347
106.2956882
108.2492168
110.0952524
112.5353685
116.6513392
121.1171675
125.3021863
131.1727075
138.3980058
147.942078
160.988526
176.7800703
193.6022817
214.7017525
242.9375729
274.633873
314.7106765
355.6725753
404.5394295
455.4777686
512.6962236
561.989465
609.2508402
644.6034242
671.4947676
686.8084473
688.4072423
679.1433196
663.3331396
645.2039315
620.1965391
100.3896858
100.6808552
101.0448266
101.613476
101.4270221
101.8740361
102.9791734
103.8364528
105.0054373
106.7381722
107.9970301
109.2372937
111.7996663
115.1614057
118.6256848
123.185327
129.740041
136.5149449
144.2046825
154.8470612
170.6558725
184.1080303
202.6809663
229.1259875
256.3229329
288.6964179
326.0975335
371.0972959
421.0343534
470.2333253
517.6053175
566.2517709
604.7245507
634.2662315
654.5273045
661.7968027
658.6551307
649.0958584
634.7586724
615.1814169
100.4593001
100.7033756
100.9399418
100.8520376
101.5505132
101.9223587
102.7219264
103.2238229
104.1201388
105.4434502
106.7224885
108.4620357
111.312359
114.1564064
117.3224858
120.92184
124.9699456
131.5004055
139.9978397
148.8441462
163.5267135
175.4085823
192.9402926
210.8217389
238.9037409
265.1338621
299.9250103
340.222546
386.7857107
429.1447409
477.5860922
524.7523195
564.1550061
597.0971539
620.8087122
634.7710952
639.2994439
632.2092883
622.1293495
605.4742053
100.5969529
100.6537371
101.1951492
101.3285038
101.4838263
102.0805562
102.5896251
103.2724968
104.004441
105.36998
106.8243523
107.8944506
110.4334343
112.9994572
116.3548971
120.0774455
123.4571113
128.7282402
136.3554222
143.4748601
152.6241725
166.2650577
180.232733
198.798179
221.1140822
245.3843725
275.4027332
311.2681059
351.9153161
390.0132972
437.1423154
480.3303199
519.1651404
556.3750289
584.1491474
603.351265
611.9151937
612.3310709
606.8364487
595.9462593
100.789522
100.8648226
101.2513073
101.2121003
101.4427351
102.02584
102.5711163
103.0645387
103.6764463
104.8599738
105.7724289
107.5375588
109.0572282
111.7931749
115.2098738
118.3247452
119.7293176
124.456959
129.4550823
138.4776731
146.8274441
156.4971644
170.5594338
186.9372356
206.4859813
227.8097251
255.7539759
285.7383967
319.0917381
355.656253
400.6577563
438.9831367
478.2117921
516.2628627
545.6642539
568.9039151
582.6529553
588.8064355
589.8920145
582.3551166
100.6405566
100.9988844
101.3645428
101.4211163
101.3711329
102.2009376
102.6697179
103.0806585
103.4836964
104.2075441
105.5960867
107.3286691
108.1053186
110.4690576
112.1936753
115.5746929
118.4706672
122.9300083
126.795348
134.2978605
141.2155235
148.533502
163.364334
176.898304
195.0890506
212.4789064
233.7320766
264.7271387
291.9740806
322.1076073
360.5882088
400.0914858
437.2470684
475.2131909
507.7028689
532.2175037
552.1663804
563.2042695
567.2196196
564.4605458
100.8684703
100.9489222
101.1860089
101.0425431
100.993985
101.9910457
102.5625387
103.0317773
103.359394
104.286428
104.6865274
106.0560667
107.1419346
108.7456196
110.6102227
114.0378618
117.0478192
119.6495772
125.3096095
130.048379
136.2260747
144.4905809
154.9509219
167.5976188
181.4816452
197.9143938
215.8990222
239.8565391
267.4021608
297.9047651
329.1937765
362.7500434
397.6942512
435.0027547
468.592293
495.1581524
518.7696958
533.9853464
543.8683029
546.5933587
100.6544967
100.8626959
100.9556344
100.970732
101.4213765
101.2332783
101.7297801
102.6653433
102.8113176
103.2273669
104.5709262
105.2696646
106.1733907
107.9484946
110.3898508
112.2455473
114.7297446
118.819298
121.5813004
125.6659749
132.8321498
139.7140352
148.3489678
159.0296136
171.6187751
186.3868754
201.4909974
222.2520979
245.4400549
271.1246786
300.8430803
328.732926
362.8837252
395.8451386
428.4325978
456.9993331
481.0437339
501.53556
514.6053511
523.6333061
100.394366
100.4573478
100.3608319
100.5660295
101.0180125
101.3530053
101.7052578
102.0473021
102.4081461
103.4346694
103.6990377
104.8860318
106.0129576
107.9985652
109.739576
110.8544835
114.1307611
117.1510528
118.9181745
123.5188126
128.5107388
134.2091136
141.3619787
152.0257134
163.2666903
175.2799157
188.5147474
206.4669436
224.4267331
248.6302471
274.0796686
301.2751356
328.4116947
359.9080617
389.7257004
421.246589
444.58687
468.6145554
486.2251112
496.9017546
100.5975213
100.6289519
100.8400531
100.8157701
101.198074
101.2943455
101.851957
102.2890057
102.1036092
103.0080171
104.1012233
104.2388463
105.0116421
106.7099939
107.5601268
109.7809275
112.1272519
114.4095421
115.6655053
120.0742609
125.8547172
130.7531056
136.396718
144.7450998
152.9377628
165.8833608
177.5039348
193.5626803
208.7588749
229.2228102
249.4435487
274.6214068
298.577471
328.1620788
356.6589915
384.0898306
410.4961823
433.5923928
455.0926712
468.871083
100.458873
100.4036128
100.7697638
101.0883539
101.054271
101.3712644
101.5543707
101.7499282
101.945869
102.6383144
103.057575
103.2602806
104.5412675
105.5395003
106.5844828
108.952247
110.4234954
112.8244649
114.9518339
119.0510058
121.4740277
127.7199868
132.8832104
139.1839874
147.1623266
158.5288818
168.0396878
178.6233119
195.2055815
211.2310731
228.7692534
251.6268891
273.2556293
295.9668086
322.6271997
350.9002634
375.0476383
399.0317068
421.2956119
440.2249865
100.308884
100.4267689
100.5095115
100.5907979
100.920965
101.1840476
101.2763136
101.4394881
102.1275077
102.3257297
102.991264
103.6468489
104.1036533
105.1639149
106.4008558
107.9118102
109.2656362
111.2527257
113.4565715
116.2175074
118.9906969
124.5526764
128.1487672
133.4079863
140.6769796
148.2432377
157.8127223
168.7038719
180.7181727
193.3178035
212.0578874
228.77762
247.6167841
271.0795778
292.5254538
318.4856313
341.4014045
366.313149
386.0867341
406.1586965
99.75812106
99.88491232
100.1043778
100.1791573
100.2970056
101.006446
100.9837228
101.0653511
101.2900375
102.0028365
102.242792
102.8315007
103.3527431
104.5770166
105.6397506
105.7121095
107.2068204
109.2935471
111.7288583
114.0583006
117.5031766
120.7384073
124.7974297
128.6237015
135.3932924
141.7521748
150.5339911
160.3599197
170.9284921
180.2462069
196.3684075
211.5825991
228.9170818
248.0887178
265.3910886
288.1795464
311.6668091
333.1733439
355.2236344
375.6860519
100.1391606
99.82205118
99.86885244
99.86423891
100.3796228
100.8210045
100.6782
101.0925881
101.0107239
101.3009601
101.9469453
102.4661991
102.8730038
103.835202
104.3544655
104.8780174
105.9486544
108.89915
110.5103675
112.3580588
114.9164048
117.1687129
120.4370481
125.4007431
130.3005735
135.9811844
143.3240565
151.6613036
159.9077187
171.3762754
182.6890669
195.8306602
211.6392456
226.4211798
241.7653908
261.113962
282.3823436
302.8910456
325.0155407
344.7708389
100.0647638
100.2232889
100.2169728
100.2373666
100.2625606
100.4107603
100.7085711
101.0226891
101.0445791
101.5978315
101.6523466
102.2646505
102.2932611
103.2888241
104.1254321
104.5599284
106.0812733
108.2216227
109.3414267
110.932459
112.8277295
115.366182
118.9727821
122.4938344
126.6279594
131.0964265
137.3682659
145.0874414
150.8076177
160.8836068
169.4455709
180.5309335
193.9318877
207.2740519
222.756619
237.7942666
256.8991355
275.0585611
295.0539979
314.2995679
100.2038567
100.0638756
100.3071614
100.2789293
100.3111169
100.3927069
100.6322727
101.1560196
101.147248
101.4169367
102.0054852
102.0565336
102.6657246
103.1203602
103.2361841
103.6356611
105.5359147
106.7373125
108.2469316
109.0722625
110.9459555
113.0305692
115.5346417
119.1026497
123.9146858
126.5867262
131.7729161
138.4978227
143.0767535
151.1107262
158.9973447
168.1363576
180.628789
192.3230053
205.9722042
218.7462056
233.7149616
251.0654615
267.917479
286.261258
100.2000431
100.3256288
100.3924819
100.6377772
100.669454
100.4431502
100.4139345
100.5939299
100.9073194
101.399319
101.6208211
101.8358221
102.3581547
102.49303
102.9066057
103.6209679
104.9448408
106.4929289
107.7710715
107.7548034
109.2730116
110.9606154
113.6745089
116.6895086
120.2995991
123.1316994
128.117127
133.6243701
137.0922495
143.8960377
150.8763962
159.0308159
168.7165194
178.3777036
190.5388215
202.7148286
216.6978618
229.4668419
244.7712636
262.5863704
99.97129159
100.1347886
100.1534009
100.1172084
100.3211219
100.4640935
100.4717407
100.6246373
100.8807436
101.3056309
101.427127
101.8582768
102.2147379
102.4157775
102.8649297
104.0866001
105.0417506
105.5798395
106.2290854
107.2369651
107.6693004
109.4515462
111.8794073
114.8429888
117.2804307
120.0807981
124.1203623
128.2525532
132.8761667
136.53899
143.476765
150.6625942
158.7613459
165.6592458
176.2418083
187.6173563
198.7241601
212.5506675
224.8966733
239.3563632
100.0482053
99.99659617
100.1195792
100.139872
100.2981527
100.4523495
100.5854176
100.9522325
101.2366202
101.5353548
101.7163158
101.76189
101.8949309
102.1481025
102.720682
103.5115327
103.5224296
104.0158322
105.2424319
106.0365252
107.4760094
108.853681
110.8374053
112.2362861
114.5919706
116.7873373
119.5771496
124.0367611
127.6623121
131.6272155
136.1732022
143.3359877
149.4249024
156.1667018
165.1033736
175.3713254
184.1890547
195.5594203
207.4361775
220.0683194
99.82693593
100.0598142
100.0526134
100.2608462
100.5105988
100.4053346
100.3937884
100.4702696
100.5354918
100.9371275
101.0298305
101.2501461
101.6702643
101.7972815
102.2580286
102.2805169
102.2562292
103.1146336
104.9558442
105.6321983
105.9920619
107.7715967
108.8690338
110.0001484
112.9565425
114.4247985
116.9792662
119.7600501
124.7998436
127.7679207
131.2863639
136.2479212
141.6094709
148.1988468
154.3172495
162.460159
171.8420973
180.5420873
192.0801153
201.5552125
99.75949136
100.0440382
100.1533068
100.1233799
100.1857143
100.1755917
100.1047673
100.3344286
100.3722179
100.4351003
100.5641179
101.0062519
101.3860557
101.4402278
102.0548386
102.3867428
102.6636731
103.2899351
104.2584186
104.5865948
105.9585046
106.8430899
108.2471107
108.7821514
111.3579718
112.8217242
114.6746457
117.4530433
120.3411366
123.7826008
126.9559445
131.3086561
135.6316348
140.5417824
147.0774345
152.4239778
162.265555
168.8375665
178.6376783
187.9926119
100.188049
100.0123427
99.76558774
100.0676732
99.86797776
99.950716
99.99444812
100.0589637
100.4124278
100.5323672
100.8552371
100.8427916
101.2156616
101.4733801
101.7896843
102.1632043
102.393496
103.1978464
103.3036625
104.0504799
104.7353393
105.6521194
106.8282328
107.5721935
110.1217649
111.6430412
112.9340234
115.7252873
118.0269391
120.8606578
122.8346165
126.836204
130.5070087
133.3987891
139.3488403
143.8261973
151.2082437
159.6289311
166.4129869
175.4675124
100.4041954
100.4572477
100.4237537
100.449171
100.6801142
100.6488944
100.5708663
100.5911393
100.7867999
100.6532003
100.6607293
101.1879445
101.4697519
101.6023314
101.7890285
101.8260754
101.9525341
102.6824131
103.0419645
103.9102618
104.7572321
104.9374334
106.1748141
107.052427
108.6439252
109.566121
110.7397234
112.5406168
115.1429593
116.126793
119.8646444
121.9211763
126.1979397
129.0750424
133.4183757
138.1069368
143.7690973
150.0854532
156.4362666
164.5381092
100.0119368
100.0695923
100.3298675
100.4780679
100.5961249
100.5284368
100.5870136
100.6490527
100.6462613
100.6333216
100.8759839
100.832208
100.8194773
101.0878133
101.2483813
101.5426669
101.926819
102.220021
102.706256
103.2919696
104.0093777
104.4821321
104.939444
105.999563
106.9026141
108.189453
109.364873
110.9997351
113.1608161
114.553053
116.8814724
119.3056202
122.0949512
124.2108653
128.3995228
132.0385372
136.3988278
141.9609099
148.1587996
153.7832759
100.1553975
100.2862854
100.2402087
100.0834669
100.2740583
100.5242556
100.5116891
100.6347575
100.70281
100.5866417
100.6800698
100.7188432
100.7900064
101.1743146
101.3445321
101.4223881
101.7407572
101.8154387
102.4249382
102.7086992
102.9723242
103.8293004
104.2222766
105.3180337
106.3566525
107.2476992
108.1603041
109.6882612
111.1886869
113.4564242
115.2532425
117.0169956
119.5323655
122.0600833
123.72977
126.9269973
130.9742559
135.6827067
140.6553635
146.2789151
100.1410248
99.96713591
99.87676848
99.80498395
99.94583759
99.76429257
99.91312123
100.0110183
100.0559828
100.3777481
100.7614445
100.8724605
100.9768711
101.0318697
101.3253288
101.5684415
101.6565543
101.760375
102.1214567
102.8511243
102.8307103
102.7785514
103.8006266
104.351505
104.9191552
105.8478447
106.5834419
108.303738
109.8718277
110.7503788
112.6288982
114.3644078
116.5219104
118.2508996
119.8835347
122.5571785
126.1338835
129.5226911
133.653353
138.7468743
100.0098139
100.1584576
100.2027367
100.2593831
100.4586175
100.606484
100.6914956
100.4705357
100.5793145
100.6267161
100.4584793
100.48118
100.474078
100.4516029
100.7504717
100.9594116
101.1241799
101.0892555
101.5289577
101.9523355
102.5408912
103.0140374
102.943351
103.3417654
104.4630724
105.0055158
105.9841204
107.4098857
108.1957651
109.215801
110.2453754
112.4457589
114.4112707
116.5837216
117.2862351
119.2418178
121.9899746
125.3547471
128.7033194
131.5472454
100.1265058
100.100172
100.1694958
100.2392221
100.2407785
100.1783209
100.505251
100.3985648
100.4404451
100.491903
100.3262139
100.5028179
100.8151916
100.807754
100.765734
101.0578299
101.0594092
101.3240097
101.5324789
101.8239324
102.0906416
102.4070026
102.5044498
103.1421436
103.9365036
104.7102883
105.3138179
105.9641378
107.1155909
107.7885566
108.6099343
110.0777674
111.6205018
113.6412411
114.8942123
117.1214155
118.6537857
122.2191225
124.6941293
126.8221751
100.1137653
100.2125053
100.0099053
100.1442348
99.92763264
100.01593
100.0958215
100.2859227
100.3481033
100.4155289
100.3370467
100.568275
100.642782
100.6923273
100.690741
100.7410069
100.7016702
100.9348025
101.5222204
101.6707919
102.3194947
102.405506
102.4122304
102.614543
103.0052629
103.8187505
104.199563
104.6351062
105.8264853
106.138976
107.3201523
107.9846035
109.7716647
111.591436
112.2991622
113.6421051
115.6646444
118.4497647
120.9982716
122.2180524
99.9142064
99.95351459
100.099682
100.1744362
100.065006
100.1875544
100.087362
99.98711945
99.94805956
99.89395734
100.0768244
100.26404
100.4187437
100.5856554
100.3917001
100.6930006
100.5815158
100.7847757
101.2505516
101.4111515
101.9201351
102.196665
102.2260198
102.4285179
103.1889073
103.1312606
103.4257846
104.3057343
104.9120729
105.915624
106.6483306
107.1798476
108.5429399
109.6610517
110.9953537
111.516324
113.6383612
115.8242105
117.4366876
119.255838
99.88466419
99.87710815
100.0137801
99.9519979
99.9964845
100.1168205
100.1438222
100.1206977
100.2356945
100.0548694
100.1963006
100.3305678
100.1980573
100.3420284
100.3117865
100.5334998
100.6113672
100.6811131
100.684982
100.9194539
101.3899423
101.681562
101.5834467
101.9460492
102.5804735
102.6321133
102.9456462
103.4056517
103.9516085
104.826904
105.163579
105.5447566
106.9564188
107.4834034
108.8754862
109.7072751
110.7621494
112.6605253
114.273794
115.3571823
472.4209126
465.0682768
461.0876816
459.6301179
458.2045929
457.5393752
458.9185852
458.4574255
457.5731011
457.7289331
458.9088306
456.5044024
455.2494724
456.9616603
455.7647737
457.3152106
457.6068339
453.2123205
456.1978174
455.6593729
455.4655906
456.443067
454.933121
454.1380712
452.8949555
455.4902263
453.3121823
452.4804168
454.9010293
454.6296267
454.8744296
453.9999068
454.9119254
455.7496673
454.6810212
452.8562949
451.1926732
451.4055893
448.2239174
426.1063243
489.8811233
472.2051941
470.55786
469.9611308
473.1024731
473.1888402
472.9869698
472.2215174
472.2475698
471.0298437
469.8708662
467.0705061
469.8353124
471.5001955
467.742371
468.483449
470.2051722
469.3428004
466.4944128
467.49479
468.1582436
467.7244272
467.6996694
467.5059407
466.4810641
467.0566312
466.3943319
466.1722502
466.6394681
465.0204359
462.122042
461.9467666
461.9785221
461.4177238
459.1556552
457.1198717
452.706694
444.7909842
429.7763086
395.4925221
515.851158
483.4066513
471.2126331
467.0678154
467.4627453
469.3820487
467.0914722
467.6896672
468.5063518
468.1213819
467.5961239
469.406473
470.1028738
470.4966535
471.1470285
469.1155564
470.6345944
470.0791919
469.4920167
468.3316301
467.8795937
468.3620254
467.7125469
468.5237177
467.0081569
467.2189746
467.794516
467.3130004
465.8492455
464.5743919
465.4283064
464.0035929
463.2366658
459.0070638
454.7761778
448.2827924
443.6301135
431.9434238
412.5486918
386.970893
540.1257326
501.4308585
478.6833878
467.1973056
462.1852748
459.1037524
460.3309287
460.9142893
460.9333814
462.2024389
462.0575972
461.5147599
461.1454705
461.4979597
463.0963769
463.8935765
465.1216638
465.4285573
465.4858997
464.8184803
465.3967199
464.800152
463.3943239
464.2274096
463.0786793
462.2743359
460.5226387
460.8006608
460.8693482
461.4551017
457.9590678
455.7813007
452.2351319
450.036411
446.4277378
439.1253591
428.3768986
417.9834677
400.0448738
380.2964614
557.6184028
519.6762637
491.2747698
473.2890655
461.6276567
455.2160637
452.5203177
451.9752764
450.0328865
451.2650338
449.0816505
448.607844
450.1564336
452.4859448
452.3679192
453.7401372
454.6025053
454.263695
454.7270758
455.3578871
457.7960901
456.3027253
457.4269341
456.6664405
454.3709753
456.4656263
454.4538579
451.6045158
452.0012189
450.5134974
451.7370869
447.7423365
444.5090694
439.4748687
432.9265944
426.4334017
417.3968159
406.3358727
392.6939459
376.4638037
573.3402136
537.1420554
504.8989155
482.8270893
466.9553516
456.1232949
448.5078687
444.1821027
441.2983026
440.8731682
439.3004942
438.31754
439.8244202
442.0440157
441.330741
442.4853727
444.6396313
443.1763973
442.3302111
445.4591307
445.583691
446.2731432
444.8539519
443.6009535
445.0505453
444.2040568
444.6979737
442.5168784
442.342347
439.5983774
438.3278309
436.1663523
433.0457212
431.1509038
424.6755591
414.7896764
406.6670643
396.1883325
384.6873372
371.3360429
584.1956983
549.373139
519.5956579
494.4967986
474.2451782
460.4446441
450.0168525
442.8193268
437.4574512
434.1479515
432.4169069
432.0359272
430.4482401
430.555299
428.8008565
429.6121057
432.0658342
430.9754054
431.7051056
432.0818576
433.6271769
432.2894117
431.913185
433.5709616
434.8144601
433.5542827
431.8849869
430.2331038
428.5277301
427.3058639
425.9484854
424.8465328
419.9035046
415.5039173
411.8248907
406.0989147
399.6850818
391.2197685
378.3348233
365.4058349
591.348499
559.0165877
530.2561523
504.8058481
484.2479125
467.6050663
454.743324
444.7269322
435.7821661
430.5829716
427.2455796
425.5702865
423.804404
421.9224887
419.6824598
419.6372884
419.1937022
418.8846642
419.1439957
419.0259035
418.749661
420.8694424
420.4489635
420.9876139
421.9022462
420.8515383
419.4818777
416.3487156
416.0335854
416.3603469
415.0077953
414.1378015
411.5533905
404.4335193
401.569267
395.6366794
390.4947768
381.7199783
372.8431471
362.6066259
593.1495375
565.9661994
539.5710259
514.9949832
491.4821636
472.7453582
457.8147852
446.5328107
436.3630182
429.4385489
423.5494773
419.7950671
416.8013114
415.0489065
411.7721896
411.3584931
411.057145
409.6237231
409.7026682
409.5498649
407.6815336
408.7274601
408.495502
407.9852522
408.5111966
409.407243
408.0108471
405.9313875
406.4953025
405.5023111
402.970739
401.9169564
399.6712461
396.7517375
394.2508466
388.5454474
382.8045906
375.3224544
367.4202908
359.3072455
593.3259771
568.24744
544.5291029
520.509744
498.4228259
480.7001824
463.9464585
451.7426592
441.4806181
431.8030721
424.276396
418.8468396
412.7400182
410.0342124
407.7391807
405.6973424
403.0122966
401.3619279
398.9257077
399.9006622
399.9496152
400.3287499
399.1347935
398.1049706
398.1782591
397.5598333
398.005441
397.6390731
396.1740593
395.1709706
393.0541851
392.9624568
390.6529084
388.0259
384.4655117
379.1271868
375.5143838
370.8363953
364.4883081
354.1208613
593.4852492
568.9901482
546.8801142
525.3304559
505.1851205
485.994858
470.0249455
456.2932691
444.4154941
433.4099439
425.3671747
417.3600096
411.7868846
406.7184582
402.5268524
399.9896817
397.3406163
396.4448793
395.3221279
393.6132129
392.1422063
391.3368506
392.0518914
389.7346193
389.9866833
389.2644416
389.2374349
387.5763392
387.6493007
385.0631283
382.7327196
381.6610998
380.9461235
378.2722237
375.7502597
369.7537108
366.3953524
362.6744236
357.4108322
348.8321377
589.4200685
567.7448997
546.5563593
526.486954
508.9233123
491.5447584
475.0827802
460.8142012
447.9159908
437.5611948
427.5579985
418.5091009
412.1252499
405.3961616
401.5854012
397.0756449
393.8709934
391.3455412
388.7419363
385.7613353
384.7560667
385.9231968
383.6397007
381.8445502
381.4692263
379.4241995
379.5408646
378.3868425
376.4984933
376.6653231
375.567367
374.6459102
372.8445853
368.7312257
366.8522506
363.9854024
359.8196836
356.3880211
350.6317316
344.91657
580.3911177
564.1796542
546.1092562
528.8114695
509.8981215
493.3760822
478.7329606
463.8442699
451.1793757
439.1704316
428.2435908
419.7584062
411.8290191
405.9457549
400.8309077
394.8411786
390.4656809
387.4952995
384.6592425
381.4708522
380.4204874
379.5146224
378.7925118
376.4610035
376.5275012
374.0556846
372.215936
371.8042457
370.7853174
370.5758082
368.9539581
367.4474149
364.2784664
362.499962
358.787003
356.0144234
353.4570504
350.3317985
346.0172443
339.1620447
571.7638735
559.3936953
541.8953637
526.6696751
510.149509
494.4118907
480.0588742
466.3110703
453.3967372
441.2865803
432.0708632
421.7887869
413.6208323
406.2664985
400.653618
395.1208451
390.0952448
385.0907478
382.8769797
378.2737148
375.8263906
373.4523147
372.3744348
371.2937774
369.7365385
366.5883932
366.6686445
365.3475982
362.932607
362.1916205
360.4736491
358.4551872
356.5893931
356.4904977
354.2258779
350.8746871
346.8560859
344.3611101
341.0653233
335.2735867
559.1982167
549.6627247
538.1452864
523.3608549
509.9718669
494.853374
481.3401876
467.692237
454.5183413
443.2105142
432.6625735
423.8096419
414.9060019
407.2535021
400.7996853
395.2753914
390.4590826
384.8311249
380.6576802
376.0964993
372.8305113
370.5295177
367.5440382
365.759793
364.4207408
362.3930906
360.8841425
358.5928983
356.7651793
357.2147002
354.1603495
352.0920073
350.6482811
349.2042832
345.9095728
343.1390475
340.8574079
338.0390634
334.8946638
329.2548695
543.3574743
538.7863754
528.2394164
517.6546509
504.9110471
492.3833623
480.7095362
467.240135
455.231736
444.6963312
435.1840552
424.8798193
417.3924858
408.8354377
401.7147482
395.4470946
389.2376056
383.1829917
377.121528
372.9614569
370.6789744
367.7580322
364.6035288
361.7165483
360.0341308
358.077588
355.7677277
354.9042154
352.0542623
350.4536519
348.5437374
346.4789548
345.88503
343.074002
340.4446877
338.3011466
335.409763
333.3395297
331.2074191
328.0984595
525.9510818
523.6963946
517.2693353
510.6869574
499.9601974
489.4425221
478.2022618
467.0389603
456.6025858
446.1877478
435.608466
426.3307647
417.6003161
409.9143189
402.4506758
395.544148
389.8871478
384.2456476
377.8309846
373.6738815
370.0273997
366.2186417
362.9581662
360.353209
357.1284724
354.0233206
351.6300638
350.7230062
347.5088591
346.5424159
344.2946752
342.3414379
340.5585172
338.2943223
335.8311537
333.3844893
331.2148728
328.0413418
325.9707712
323.5699359
503.49218
506.1666514
504.1138583
500.2426474
493.2058532
483.4281131
474.9085141
464.1638552
454.9540286
445.0066054
435.5498252
426.8193115
417.447627
409.9484295
402.9448751
395.7691206
389.7552915
383.8919875
378.1463798
372.5260011
367.3787306
363.1563043
359.8959857
356.908895
354.6167623
350.9339994
348.9023239
346.8243325
344.9303662
343.2235973
341.6117373
339.1833664
336.0739838
334.0930417
332.4231627
329.6507626
326.1876432
324.9712625
322.3808469
320.1245386
479.4288146
484.7300335
486.8469828
485.9245978
481.9831549
475.4100697
467.9466915
461.3424804
450.8586513
442.7736193
434.8275398
426.1797872
416.8931598
409.1136791
401.4691631
394.6664121
387.766463
382.0479273
376.5033598
371.8329675
367.2298451
362.7616929
359.4842141
355.2978778
351.2692294
348.8293552
345.8882445
342.8528064
341.1706272
338.6252515
336.7223889
334.4197885
331.7972927
330.2116034
328.6716593
327.3850265
324.6631556
321.8617695
319.2481978
316.9135173
451.0384709
461.6753159
467.8776038
469.6789567
468.9255687
465.6100833
460.3618263
454.408726
447.2553515
438.7119418
431.6359847
423.6668962
415.7218225
408.2478541
401.5566729
394.0138563
388.5921234
381.7212981
375.7703156
369.4908911
365.9557337
361.3227928
356.8419771
352.5194639
350.7779893
346.862009
343.8061276
341.1960312
338.8713503
335.4679091
332.3055572
331.5407818
328.7401735
327.2904892
326.2163034
322.2078462
320.7489426
318.7435621
316.7291378
314.3870894
422.6244075
435.7427478
445.0011412
450.7112034
453.3607896
452.8355967
449.4960953
446.7397439
440.3221286
434.9189709
429.0429075
421.6445076
413.7874475
406.393041
400.5212818
394.1598318
387.6482964
381.9209153
376.0107165
369.8975144
365.5399166
361.0155544
355.5953459
352.8443761
349.6388135
346.852535
342.7289823
339.5015663
336.6870922
334.6127262
333.0345475
328.6715983
325.8361671
323.7449346
322.2604785
320.2205486
318.0596754
316.7738395
313.9818816
311.3889468
393.647047
410.2805664
420.1840028
429.6325676
435.3907183
438.7544075
437.7115846
436.1824924
432.0982541
426.6597564
423.0085263
416.9383384
411.8823999
405.7644961
398.7807218
391.6641497
386.5502881
380.3915267
374.6611988
370.2581912
365.837396
360.6818722
355.8823832
351.6728296
348.4213894
344.8375958
340.9340381
338.1194109
334.6858597
331.7260887
329.0708813
326.4847424
323.4669878
321.9350809
319.2174836
316.8056421
315.8879469
312.8172837
311.1240353
308.6348891
362.7908608
380.8750819
394.7329393
406.1097473
413.5187017
419.3901548
421.8753995
423.7877811
421.7200915
418.6071078
415.5823921
411.7291317
407.5023959
400.9937902
395.379166
389.1851636
384.926827
379.0034657
372.6599267
368.4344943
364.0833731
359.1004437
355.1950713
350.7112621
347.2780448
343.300237
340.8475211
337.2616689
334.129071
330.725443
327.4122413
324.42333
322.0905734
319.3391716
317.9181005
316.4837947
313.2837056
310.6230016
308.5528212
307.5036127
332.3923003
350.4029615
366.3077841
380.6355817
391.0270647
399.5984731
405.513983
409.056246
409.4276506
408.8754918
407.3235646
404.0648179
400.8002186
396.4216541
392.6695283
387.9224885
382.1604246
376.2029334
371.1835372
365.5961823
362.6215009
358.0947613
353.5637947
349.4672515
345.4571604
341.9417409
338.427359
335.6016919
333.6178149
329.5134482
326.4522394
323.8712961
321.1546607
318.663024
315.734047
313.4302608
310.9932264
308.5563574
305.7170215
303.8097656
303.4102281
320.9334473
336.74341
352.852017
362.961975
375.9807061
384.4302014
390.4964626
393.942904
395.7100782
395.2490788
395.2341253
393.5065178
389.8829833
386.6523565
383.1733117
379.3807456
373.8542169
369.451311
365.4896975
360.2313637
355.8523282
351.6687722
347.1749075
343.0547494
339.7040146
336.5678305
333.6388911
330.0058844
327.8135863
324.7792578
321.3599122
318.5655912
316.4145436
313.6182799
310.9569929
309.11806
307.2153388
304.4380096
302.1654268
278.969764
296.2771131
310.2260463
325.7238629
338.8223594
351.0598985
361.874237
370.0905253
376.7914761
381.3960343
383.1457545
383.9199963
383.9453319
382.2011414
379.9167636
376.5486508
373.0081528
370.0470198
366.0435752
362.6891218
358.5324786
353.9568876
349.9316849
346.5722153
342.6221735
339.0037232
335.279783
331.8305746
328.748195
325.520792
323.3485935
319.8707438
317.166653
313.5795693
311.3317048
308.9142469
306.5786204
304.36885
302.4192678
299.9702054
255.0408845
270.7060862
283.7748235
300.0047623
313.4573771
326.826268
337.0532881
349.40915
357.6286191
363.4462754
368.280065
369.9905379
372.4296851
371.841257
371.518913
369.2179236
366.5818399
364.490567
361.4621312
357.3505969
355.0008425
351.0636568
347.1237429
343.9736338
339.8040273
336.1720224
334.2159918
330.8978523
326.7659725
325.2619569
321.7509933
318.8031031
316.0702091
313.7089113
310.1901935
307.6703124
305.8239958
302.775316
300.8386137
298.4249598
232.1213009
246.9304334
261.5184325
274.764712
289.5792472
302.7897151
314.4714365
326.3690789
337.026124
345.0449114
350.7347383
355.2173655
359.6609134
361.7200028
363.2692934
361.6969113
360.6940765
359.0429075
357.4182747
353.4076418
350.7965626
347.9681907
345.0939416
342.1843098
338.8193742
335.6658158
331.4854637
328.5147712
325.632668
321.7598512
319.3137637
317.0125983
314.1982514
311.9871986
308.5286849
306.2366093
303.6904401
300.7388032
298.1258725
296.4836084
212.4691959
226.2842971
239.6066614
251.9254948
264.5343235
278.7786326
291.09874
301.1043136
314.2373193
323.4408191
331.9058365
338.0782065
344.0300789
347.7492508
350.8085228
352.2773333
353.1991222
351.8875698
350.5195946
349.0213049
346.3719133
344.4533059
341.2945984
338.3387006
334.4473682
331.8836646
329.027411
326.6914835
323.7936772
319.9423893
317.4072124
315.0164732
312.4755367
309.7368656
308.1509678
304.7250714
301.8475192
299.3986725
297.0259831
295.1110959
197.1679471
208.1803201
219.787648
232.0690463
242.9869575
256.7115984
268.221655
278.4220105
290.7635099
302.3214688
311.6316465
318.5006576
326.9099828
332.2816996
336.4242742
339.5701803
341.4215233
342.2556627
342.0348169
341.6958012
340.0989906
339.0873352
336.5761768
335.2997671
333.0534204
329.9782825
327.5410604
323.7191865
321.612157
318.2096602
315.1930994
312.3787247
310.2203648
308.3249014
305.4213123
302.8786524
300.7496661
298.6338077
296.6454888
293.9317095
182.7889614
192.165831
201.8718889
213.3819991
223.699161
234.1938739
247.4032669
257.3159238
269.2618851
279.5220007
292.1138804
299.645094
307.554571
315.9933488
320.436293
324.8596599
329.1082871
331.5701743
331.8174349
332.1233535
333.0820569
332.4370984
330.8587874
328.9532057
327.4605045
325.6087384
322.7564202
320.8072323
318.2027537
315.9025288
313.1005781
310.7440238
307.8562005
305.3467257
302.9974761
300.8124351
298.6503779
296.6244437
294.2478674
292.2902486
169.3207396
179.011609
187.2650775
196.6928055
205.8768188
216.0920393
227.3250709
238.0185983
248.3569636
258.4628067
269.5141464
280.3452904
288.3423033
297.0253276
303.8443918
310.1009551
313.8036642
319.1608668
321.2627446
322.1481404
322.4578589
323.6814755
323.5169277
323.1011927
322.5772099
320.8219209
319.0019073
316.7214701
314.0116319
312.0450838
310.129517
308.1439592
306.2066931
303.3638445
301.554019
299.6857337
296.7367957
294.8074622
292.5568873
290.6647555
159.8540369
167.2147797
174.1717785
183.2114889
190.9170789
199.8679962
209.3403658
219.0808712
229.9436249
238.8780138
249.3342864
258.942542
268.9133204
279.0481815
286.1043239
292.5825364
298.2479208
304.1410996
308.4848569
311.9146604
314.1972089
314.9690998
316.0154417
316.2166416
315.6137511
314.754668
314.3020458
313.1298252
311.479586
309.5929605
307.3058212
305.9612451
303.28491
301.2092839
299.1134409
296.7909558
294.8421452
292.5559369
290.152397
288.3373045
150.9843397
156.6920541
162.4950339
169.9536452
177.0647412
185.583642
194.3207824
202.9522888
210.7722946
221.2939707
229.7062429
239.1250029
248.1547962
257.1437949
267.4965459
274.9178608
281.7355283
287.4480471
293.5699374
298.3116531
302.4370482
304.9829561
306.4541813
307.7629249
308.6989158
308.3070469
308.1099622
307.3859277
306.6381194
304.9454442
303.6848935
302.1590172
300.8275268
298.4479977
296.0084977
294.079618
292.6871382
290.7841574
288.1613308
286.0842017
143.1764741
148.0079049
153.7848497
159.7394807
166.6700691
172.1077612
180.0163304
188.2306471
195.9138105
203.2460009
212.3626845
222.0456652
230.2114871
239.1120011
248.3013911
257.35903
263.3483172
271.3049
277.5268495
283.2769522
288.6423082
292.7774764
295.5612668
297.3353572
298.9482415
300.2384794
300.7118343
301.1507896
300.6270942
300.1851819
298.8303678
297.9387541
296.802025
295.6665264
293.1919328
291.4932008
289.5899469
287.0360765
285.0259182
282.9111929
136.3622717
140.2351175
145.0443319
150.0032863
155.0919225
161.652321
168.051007
173.8670045
182.2578595
189.1457315
196.7823437
204.6055836
212.9731366
221.4565069
229.3965799
238.8950391
246.865078
253.2691402
261.2236748
267.5674412
273.268039
278.6331485
283.3419013
285.7545782
288.6245739
290.6669324
292.0024396
293.3610216
293.5529993
293.2092055
293.6266685
292.1986248
291.1810222
290.7271607
289.4855383
287.6287919
285.8324189
284.4421301
282.4683315
280.3206868
131.0109249
134.624133
138.5697555
142.6083153
147.0434069
152.12449
156.4810688
163.5873303
170.1272268
176.1887372
183.3607298
189.2252604
196.2657038
205.1038704
212.5759685
221.4514423
228.9631903
236.0146871
242.9937149
250.1792536
256.6707658
262.9780742
268.3173438
273.0931688
276.2936
279.4361769
282.2602815
283.5881518
285.1128215
285.679497
286.4652642
285.8576966
285.9185446
284.9669873
284.6833949
283.3089524
281.745114
280.9825545
279.8397611
278.2164155
125.650887
128.1353326
132.0693565
136.2022964
139.4481165
143.3378012
147.34443
151.944419
158.6444382
163.537911
170.442765
175.8374248
181.4509286
189.6541931
196.8348201
204.6563349
212.3751201
218.8182701
225.9329298
232.600051
240.7614381
246.4597647
252.811505
258.5535545
263.4479833
267.3586631
270.1654018
272.7959831
275.4029345
276.6913303
278.4586419
279.1970496
279.315795
278.7643471
278.7631953
278.4262642
276.8585489
275.2526591
274.2630363
273.5461528
121.3939096
123.5601819
126.2640695
130.3244968
133.8084904
136.7537429
139.9394534
143.5732977
148.9626906
153.1409867
158.276492
164.0075403
168.6694267
174.4851199
181.8399526
189.0298892
195.0958071
202.2481255
208.6340882
215.4369902
221.8379701
229.4234885
235.3107448
241.5926363
246.7388505
251.2675886
255.8506401
259.817097
262.9933555
265.6350392
267.400076
269.1379246
270.5236519
270.7502526
270.3051122
269.9428608
270.2906013
269.0686386
268.0437892
267.1060533
116.9058759
118.7299712
120.8266253
124.1249334
127.2227081
129.810919
132.1931379
135.069973
139.1406743
144.0040424
147.3058406
151.8811067
157.1823431
161.6071199
166.0626929
173.1350704
179.9263771
185.7788081
190.8000617
196.1441714
202.4314989
208.3628116
215.9771286
221.2927268
227.3432488
231.9438608
237.0966502
240.4034304
244.683934
247.6158096
250.3834244
252.7448265
253.9154804
255.4301097
256.6897408
256.5329877
256.2368406
256.1998117
255.2245591
254.4802367
)
;

boundaryField
{
    flow
    {
        type            calculated;
        value           nonuniform List<scalar> 
180
(
102.0889237
103.0091695
102.7318504
102.0730822
102.0913942
102.5290823
102.5443216
102.2059655
102.5592664
102.0358332
101.8299599
101.5931861
101.7456595
101.9297194
101.8149741
101.7951516
101.6795942
101.1376211
100.8641742
101.4575539
101.019344
100.9942726
101.0060181
101.9396511
100.8887951
101.5409138
100.9406078
100.8404694
100.8911017
100.5225224
100.3896858
100.4593001
100.5969529
100.789522
100.6405566
100.8684703
100.6544967
100.394366
100.5975213
100.458873
100.308884
99.75812106
100.1391606
100.0647638
100.2038567
100.2000431
99.97129159
100.0482053
99.82693593
99.75949136
100.188049
100.4041954
100.0119368
100.1553975
100.1410248
100.0098139
100.1265058
100.1137653
99.9142064
99.88466419
99.88466419
99.87710815
100.0137801
99.9519979
99.9964845
100.1168205
100.1438222
100.1206977
100.2356945
100.0548694
100.1963006
100.3305678
100.1980573
100.3420284
100.3117865
100.5334998
100.6113672
100.6811131
100.684982
100.9194539
101.3899423
101.681562
101.5834467
101.9460492
102.5804735
102.6321133
102.9456462
103.4056517
103.9516085
104.826904
105.163579
105.5447566
106.9564188
107.4834034
108.8754862
109.7072751
110.7621494
112.6605253
114.273794
115.3571823
116.9058759
118.7299712
120.8266253
124.1249334
127.2227081
129.810919
132.1931379
135.069973
139.1406743
144.0040424
147.3058406
151.8811067
157.1823431
161.6071199
166.0626929
173.1350704
179.9263771
185.7788081
190.8000617
196.1441714
202.4314989
208.3628116
215.9771286
221.2927268
227.3432488
231.9438608
237.0966502
240.4034304
244.683934
247.6158096
250.3834244
252.7448265
253.9154804
255.4301097
256.6897408
256.5329877
256.2368406
256.1998117
255.2245591
254.4802367
426.1063243
395.4925221
386.970893
380.2964614
376.4638037
371.3360429
365.4058349
362.6066259
359.3072455
354.1208613
348.8321377
344.91657
339.1620447
335.2735867
329.2548695
328.0984595
323.5699359
320.1245386
316.9135173
314.3870894
311.3889468
308.6348891
307.5036127
303.8097656
302.1654268
299.9702054
298.4249598
296.4836084
295.1110959
293.9317095
292.2902486
290.6647555
288.3373045
286.0842017
282.9111929
280.3206868
278.2164155
273.5461528
267.1060533
254.4802367
)
;
    }
    cylinder
    {
        type            calculated;
        value           nonuniform List<scalar> 
60
(
418.7226733
424.9232358
427.2008321
430.6110046
427.368778
432.9558043
424.5593967
426.2022409
436.3980428
432.1947284
438.0449937
436.4504823
430.253566
438.3625107
423.4167071
433.1544161
431.1363975
435.2283691
442.5224635
438.9091582
435.7657917
433.8670368
436.9663654
436.6801886
434.8060952
436.4838996
432.8698278
427.5147273
435.833328
435.8409239
438.3573322
438.3405209
429.2399897
434.4536908
441.6235621
443.0491033
437.7611272
440.9553616
447.8846727
446.9947874
364.0012539
362.9207392
363.5169995
362.5042703
363.4570618
365.8514128
362.5037102
364.3340279
365.5802305
365.6472056
366.3040988
366.5865253
369.396961
369.1682264
371.7333538
375.2016003
377.7506744
380.986294
388.4195306
404.0789595
)
;
    }
    wedgeFront
    {
        type            symmetry;
    }
    wedgeBack
    {
        type            symmetry;
    }
    defaultFaces
    {
        type            empty;
    }
}


// ************************************************************************* //
