/*--------------------------------*- C++ -*----------------------------------*\
| =========                 |                                                 |
| \\      /  F ield         | OpenFOAM: The Open Source CFD Toolbox           |
|  \\    /   O peration     | Version:  v1706                                 |
|   \\  /    A nd           | Web:      www.OpenFOAM.com                      |
|    \\/     M anipulation  |                                                 |
\*---------------------------------------------------------------------------*/
FoamFile
{
    version     2.0;
    format      ascii;
    class       volScalarField;
    location    "0.004";
    object      Ttra_Ar;
}
// * * * * * * * * * * * * * * * * * * * * * * * * * * * * * * * * * * * * * //

dimensions      [0 0 0 1 0 0 0];


internalField   nonuniform List<scalar> 
4000
(
102.5319882
103.6022523
107.1018342
107.7393841
109.0005287
112.449159
114.9271385
119.6292753
128.0412879
136.3538383
142.33576
158.206617
173.5209781
189.7146796
210.0728525
245.8610391
275.8939191
320.3722997
366.9801318
439.0021677
502.5580086
578.3227731
659.1869489
743.3002533
822.3453698
896.1220368
945.3850766
973.4603275
984.945063
988.8090068
980.6047003
963.2573823
940.7887229
907.7332427
866.2044654
812.7443492
743.460641
661.4865481
560.544952
438.5821326
101.4174159
102.9404871
104.9597553
107.2227392
108.8666363
112.8862815
117.2586334
119.7275689
123.2499057
131.6843966
140.0617848
152.0791471
162.058846
182.4038505
206.9220853
233.272416
267.2584476
310.5829733
360.9014736
418.3608076
489.5843262
575.9468583
657.0837551
742.4604682
823.564652
893.7385604
945.8120702
974.0712235
985.6706492
986.907308
976.8265068
960.2640188
936.3497344
904.2215421
862.8163961
810.586491
743.0852098
660.0201454
559.0388078
436.5912842
101.3137399
103.048433
105.0784552
107.0419289
109.3973729
113.1753635
116.8871697
119.8883062
124.3639535
129.8743119
139.699071
147.7783741
159.2787991
179.9719707
199.8408217
228.6858373
260.507885
300.5038133
349.6977711
412.7744596
485.4844735
566.1082846
653.4532751
744.3734198
824.2161873
893.7380367
943.7013708
976.7851842
988.68965
985.5083201
978.2279562
961.2132004
937.2329098
904.4350217
862.5105316
809.822959
740.6690208
658.8871754
557.9720969
436.9761083
102.69383
103.8325707
104.9514866
106.1459512
108.7627139
111.4294671
115.4553001
118.1340307
123.9210699
129.5024876
137.4340913
145.7500792
157.9565495
177.3806141
197.9572661
220.472071
252.7034043
293.5738502
344.4304667
405.9222222
477.3655119
561.2739396
647.8136774
741.5669705
822.9154466
891.2547782
940.963783
970.8114409
988.3036623
988.161372
977.7487733
962.3212135
937.4744834
904.8106431
861.1320304
808.2855957
740.7722169
658.9436696
558.5744795
437.3511193
102.6709461
104.4258641
105.3224286
106.2048688
107.9453699
111.1355183
115.124607
118.9793678
123.6320906
129.8385795
138.0385586
146.8074676
160.5255692
176.0305497
194.7263782
218.2569946
251.323416
290.4395291
341.8294144
403.2466936
477.1990849
556.2016855
641.9538682
730.3267289
816.592557
885.6557133
938.1824008
970.2870006
985.9938751
987.0398733
977.302821
959.1443354
935.1317966
904.6288916
861.3679905
807.8453432
740.2946515
659.2024593
559.1128338
437.5023815
102.1912315
103.5935453
104.5488349
106.3059848
108.211219
111.2398687
113.4962693
118.1581731
124.2727425
128.8878429
135.3914117
144.8428372
158.2332441
174.1830322
194.4506033
218.8986871
246.2815666
287.9467978
338.2058351
396.5639421
462.9178475
543.3269603
633.8954093
720.9564037
805.7354772
879.4576156
934.1413509
967.7294817
982.4063209
983.1970517
976.3651199
961.9499595
936.2423585
903.5905587
861.8728358
808.9369477
741.3530662
658.5430651
561.6302826
439.2256354
102.3871222
103.8031781
105.0427495
107.4790873
108.5985708
110.0623203
113.041373
116.7572643
122.170848
127.2551049
133.7871459
142.6643996
154.6044408
169.0467734
191.0563812
214.248312
245.9265676
284.4215938
330.9435933
387.0154952
455.2727345
539.1896011
624.8397535
713.5359769
799.3343495
872.702771
928.0276451
964.9811864
980.853678
981.4059824
975.9389023
961.346618
935.1461785
903.6330435
863.1683547
811.1203794
741.2193984
659.6409016
560.6614802
439.0602888
102.3848645
103.1318095
104.3287945
106.0132972
107.8662024
109.6872908
112.2678329
116.0416749
121.1660092
126.266985
133.4873417
142.4989099
154.0595536
168.7513641
186.8960808
209.338984
240.4160498
275.5388762
323.8135271
381.6921458
446.243188
525.1401123
609.9580691
699.2088478
786.5077349
864.3314165
923.4850818
959.2545883
978.0714951
979.7276401
973.7062574
958.3751779
936.3520544
903.465795
864.8927621
810.4631218
744.2429295
661.7927657
561.5932545
439.3709637
102.1912196
102.9987697
104.0978569
105.9139064
107.8497187
109.9909681
113.7584442
116.8726677
120.0680972
127.0249531
133.061237
141.1773647
150.7677904
165.5968162
183.6130585
203.5247938
234.1653112
270.6891293
314.5909011
370.2873736
436.4289679
516.3231096
601.6565803
689.5031322
776.5101891
853.6684891
914.0383506
952.6754288
972.6061714
978.4155355
974.4111408
959.140876
934.8134422
905.8480134
865.0129281
813.4282389
744.4434835
663.5251793
563.7574513
439.6162226
102.409851
103.623649
104.79568
105.9929255
108.4528004
109.9387785
112.9182421
116.2260149
120.2128619
125.2732367
132.500067
138.8474623
148.6467694
162.490499
180.0301963
200.9177709
227.7000896
263.7140548
306.618916
359.4061865
427.1331141
504.9717562
585.4461269
673.617111
762.0679055
841.5500289
902.8429907
947.3538304
968.809702
975.021997
970.3877389
958.8639558
935.6451025
906.5448073
866.1980271
812.1385661
744.529261
663.2245121
563.3250888
439.7416584
102.65005
103.6670991
105.2629808
106.1326975
107.517786
109.7701909
112.0722681
115.9758844
119.2297773
123.37386
130.750156
137.5740997
147.1497102
160.2979097
176.5777637
200.8331081
225.7112447
261.1793681
301.1099406
352.9318799
415.3608682
490.6890786
575.2275128
659.474542
751.0908826
828.0232952
892.5860844
936.2584843
963.1495757
973.5486787
969.6920051
957.3861761
936.1997875
907.2256406
865.4773699
813.8659682
746.8333064
664.6414088
565.308479
441.4755458
101.9820992
103.0327332
104.5444492
106.1246326
107.6656958
109.9935408
111.9157054
114.5091911
119.0285363
124.4164777
130.5057834
136.6590807
145.9355204
158.6963482
175.7517303
197.307817
223.4166759
256.8710787
293.1930106
346.691031
405.7256037
477.6577733
558.7133157
641.5536737
732.5336707
812.3550494
878.5451328
930.2918528
957.2094774
968.9335988
965.739909
955.2454002
937.5615036
907.3596199
867.0704246
816.8821298
749.7180824
668.7900199
568.8912297
444.0738234
101.5241905
102.5061338
104.2583519
105.6465597
107.0483978
109.2846141
111.5424188
113.8566601
118.3222979
121.6265137
127.6387042
135.8345028
145.6033207
156.9331915
170.8411903
189.7336051
214.9655099
248.9804355
286.9236491
334.8798745
397.0548639
464.7811825
542.8896534
630.9608513
715.4373664
797.9302691
867.0087603
916.9118904
949.9527703
964.3794192
963.8065164
951.1189266
934.0272516
906.5434254
869.1563883
817.3807594
752.4356867
672.8177455
573.5344227
445.9415116
101.622438
102.5116243
104.0318111
105.2838702
107.0278424
108.9482155
111.1607676
113.1768079
116.5870181
121.1485179
127.1360831
134.3272147
143.2208076
152.2575803
166.0353439
186.4608245
210.071042
237.6789366
275.9830177
324.353216
380.6766722
445.7008911
524.6436956
609.337047
696.6983868
776.3669355
850.7399783
904.8939758
938.0564702
955.9393605
957.5761837
949.3875626
931.945458
904.5252469
868.9707578
820.2551613
756.5385089
676.9225518
576.5950746
449.0706292
101.6203105
102.8623943
104.1646114
105.2153567
106.2453373
108.195301
109.3273232
112.2324538
114.7892153
119.8679888
125.7419964
131.0095701
139.7611297
150.3608647
162.2051654
181.1599816
206.5893664
234.875095
272.4018517
317.0943317
372.0470763
438.773044
510.233228
587.5674909
672.9495287
758.3558957
832.2252305
888.7666097
927.3624373
946.1089082
951.7520159
944.8263716
927.0439979
904.2129892
869.3098959
821.5113345
760.4795293
679.7679478
579.7659219
452.2459963
101.4066454
102.1945713
102.8995615
103.30839
104.2601412
107.0619663
109.3163832
111.4799277
115.1585135
118.9106341
123.3344161
129.5066025
139.4263361
148.2261379
163.4776816
178.1283732
203.7552346
230.7605152
261.7349185
304.9551268
357.1376557
418.4268621
487.4329595
565.7990438
651.1509043
733.7801374
810.1011779
871.8666934
914.7324046
936.6463567
944.3899706
939.8471262
925.1261262
901.8290723
869.0523876
823.507878
762.8237973
683.688921
584.0282008
455.1981251
101.3276187
101.7269812
102.9114592
103.4343244
104.6561667
106.7975541
109.052693
111.051205
114.2185546
117.8994837
121.2858012
127.8035898
135.405918
146.4286046
159.3217869
175.3282892
197.2485709
219.0702172
252.4320886
294.6596412
342.2171871
399.9957743
465.3183175
546.5923119
626.9355026
710.6047388
784.593039
850.2225772
896.3723753
923.9691842
935.3690325
933.3301997
920.5169154
898.6530484
868.3029708
824.397153
764.8684901
687.4382213
588.5370144
458.9965096
101.3963319
102.2836864
103.0072548
103.916619
104.681451
105.7086885
108.2288857
110.183155
111.7136009
115.0797426
121.2166887
126.4805834
133.4328492
144.1504441
155.0870412
171.3108336
187.3197502
211.2505452
243.3893519
280.4857595
324.903031
380.7216068
442.0947053
518.6974558
597.0889634
680.5811219
757.9592395
826.8433013
876.1740789
911.6589435
926.1870612
925.0112095
915.4271143
893.8852804
865.2708566
822.7991308
767.3470066
691.5463861
594.3264419
465.067149
101.5784095
102.4261206
103.0832966
104.2641188
105.1237952
106.1639069
107.807479
110.823961
112.349112
115.3351164
119.6212703
124.657035
132.0411175
141.1291011
152.3164327
167.0998594
184.2902476
208.0148248
236.7327181
266.0135205
307.6045676
358.8170381
418.842522
491.745667
572.1110872
656.2108026
730.3346673
800.8627391
858.5183758
893.5117724
913.0101443
914.4624695
904.3902971
887.9484754
860.4802782
821.5739937
768.5282579
696.6514436
602.0505974
473.6401419
101.540881
102.0700295
102.7611375
103.9226612
104.3229928
105.6118702
107.4002501
109.3042576
111.0424131
114.6047008
117.8064638
123.507034
129.9563678
138.1586917
148.9891579
163.257492
180.3312537
200.2872119
222.8104647
253.7864795
291.707676
339.3763117
402.1628617
467.5414902
541.032424
625.2315364
700.1767112
777.8955332
833.033628
875.5688917
896.5851835
902.2466835
896.2917931
882.1057804
854.4342148
816.4630953
767.4589156
698.6334104
608.79881
487.7136338
101.3344955
101.9744256
102.7341285
103.4411222
104.2421902
106.1282917
107.1778219
108.6270096
109.500974
113.0817081
118.1985535
121.550412
127.2814105
135.3174309
144.2573842
157.4694068
173.2286425
193.3677967
215.0041563
243.886399
278.4675825
323.472199
378.5609391
442.1072638
513.3402571
586.8834305
668.1284249
741.0262342
803.5040504
847.0915302
876.95375
886.9976517
885.3979324
868.8811279
847.0322477
813.0946941
764.7849002
700.6288294
616.1497118
518.0614098
101.3723251
102.0896862
103.2701297
103.4288688
104.4328287
106.0510944
106.7461545
108.8445357
110.1327202
112.3188457
117.3359501
120.3716014
127.1182915
133.6316279
143.0300193
152.9426982
167.2704186
185.0806588
208.4883806
233.0902633
266.0715858
307.8293166
362.6699461
419.8485171
486.7377035
557.4299047
635.1782931
710.4475372
772.5959908
822.8492673
854.2874806
869.6052265
868.7336639
858.7837593
838.546229
806.1853907
761.8241767
702.1405278
626.6678652
547.5331128
100.975605
101.6887676
102.1937355
102.9200306
103.7571575
105.2202413
106.5069572
107.6720731
110.4553145
111.6294151
115.980699
120.3640196
124.1924498
130.6062866
139.0436065
149.6924422
162.2194214
178.8013159
198.8574777
222.5310559
253.8942007
292.7617775
338.5022907
397.6191744
457.6241158
527.9336627
602.9020254
675.4577529
739.6460807
792.6620342
829.2501881
848.0808633
853.4366219
844.4017765
827.6326858
797.2035331
756.750005
703.8499025
638.1055146
571.8304135
100.9521164
101.4811977
102.2428176
102.6179185
103.1407922
104.188366
105.5953456
107.7624323
109.309466
111.3144939
114.8250268
117.6386186
123.2301944
128.2440332
135.7423845
145.4411283
158.1966919
173.0981295
189.5803238
210.734466
242.1891888
276.6935341
317.7205986
371.5194237
426.6520734
493.6798653
567.9741443
636.1247394
703.6716315
759.0036191
802.7381106
825.3065066
834.9484579
827.9639531
813.6475224
788.4667679
751.2862385
702.6870099
647.8061534
590.0030303
100.4079167
101.2512363
102.0028504
103.0909012
103.8193949
104.1539025
105.1606197
107.1694027
108.1268941
110.7964838
113.3056918
115.9073219
121.7880917
127.8112922
134.1492396
140.6018584
153.3723605
164.3642782
183.3785442
202.7466562
229.7580871
258.7826622
297.3570826
346.4207881
400.0981025
457.7984608
527.3358803
597.173622
664.8092952
722.4057281
768.6268167
798.3949005
810.5688691
811.7871151
798.6358363
774.438962
742.6178576
702.5680993
655.1821525
605.1730286
101.1036019
101.5842787
101.792208
102.9331841
103.4260334
103.9492808
104.7381501
105.995841
108.4454966
109.9905452
112.0120103
115.5004716
120.2901696
125.479322
131.3364366
138.3124508
147.467729
160.7511512
175.2229333
194.2519423
216.8344319
244.8309964
278.350751
322.1651812
373.7578957
425.4596518
489.9451997
555.5639024
620.8944172
681.3370329
732.0800356
766.3075789
784.25363
788.4118006
779.4719574
761.4112413
731.5984436
698.9344354
658.3518139
615.2302744
101.1151236
101.7001973
102.1450044
102.7186666
103.3281519
103.7404689
104.8679727
105.8246918
107.6724979
108.8886598
111.2849362
114.153898
118.7471354
123.4832577
128.210134
135.2620843
143.4802742
156.1123999
169.3766493
187.2285081
205.1314571
231.4274532
261.0006575
302.9832475
343.0629112
395.879879
456.6220085
517.7665057
582.1709096
642.0693973
693.259177
732.6310807
756.3035131
763.8973825
759.646827
746.0062748
723.2927966
693.024157
659.4353377
620.6087803
100.860174
101.1682493
101.613474
101.9350948
102.7662582
103.5825157
103.91698
105.3872166
106.717535
108.2020817
109.8299868
113.1209844
115.4167257
121.2900647
125.1520544
132.2373985
139.4783297
150.170396
162.7916762
177.8935169
194.8388014
218.0216299
246.1392923
282.729691
324.7375219
366.4610452
423.9166902
479.4154089
539.5367119
600.9936275
649.7760444
692.1668357
722.4298455
736.7899982
738.8153245
729.4795241
712.4224029
687.0531292
656.1986375
623.4270271
101.0046004
100.9916311
101.1623614
101.6410118
102.7644648
103.0036554
103.6784812
104.6405102
105.7029638
107.1534612
108.9126641
110.8970995
114.5602201
118.9675412
123.0841949
130.4670916
136.0690444
144.4111578
156.9794082
168.9524557
184.97261
205.3559936
230.4735184
261.8948828
300.1166015
338.6497545
389.5292212
444.2293815
504.6791017
558.7756571
609.9192873
653.5651033
686.9442419
708.6670474
714.3322279
711.039168
697.3945971
677.6336747
651.6757586
625.2405221
100.6717765
101.1593578
101.3026286
101.7687973
102.476492
103.3317519
103.6582519
104.111003
105.5360781
106.6328129
107.9023952
110.8489785
112.8948293
117.2465839
122.771689
127.0634003
132.0151055
139.4075752
150.4808027
161.9564564
177.1065381
194.1510921
215.3934244
244.0396335
275.6425286
312.9192555
358.1881224
407.0786922
463.076561
514.8303811
563.3492128
610.2564518
647.4892984
672.9228314
685.8704234
688.5030974
680.2793338
666.4072814
645.3255526
621.5218273
100.7672533
101.0502652
101.3425575
101.603423
101.8339474
102.5480072
103.0560708
104.1275046
105.0017577
105.5823104
106.9474786
109.193473
112.6558237
114.8252447
119.2775851
123.6140211
128.9132738
135.4283449
145.6070253
154.3562059
170.2864219
184.7758059
203.8820475
228.3125078
257.1728764
290.3579195
328.9625994
373.1047909
422.4787749
471.3213134
522.4636631
565.9179421
606.0915341
637.1402698
655.318909
664.080644
660.7565805
650.9110417
635.1920625
615.2691305
100.5944259
100.8409603
101.2434607
101.8409343
101.6582389
102.4202195
103.4621662
103.678651
104.4167224
104.8079272
107.0652435
108.7685919
110.9724621
113.8804114
118.3477952
122.6335886
127.0065835
132.8164809
140.4636422
148.942162
161.5082944
175.6808718
191.8646553
214.0903454
239.9095529
268.0827545
303.7460639
343.135389
387.9984069
434.3652887
478.0275843
523.3344844
566.6120355
597.6726384
622.7491885
634.9498442
639.4502347
634.1700223
622.7657816
607.3645461
100.4803606
100.9537261
101.1571861
101.4666168
101.4782125
102.0316647
102.9225638
103.5093163
104.1200814
105.2379319
106.681746
107.7907738
109.4944478
112.0133351
115.9708228
119.697097
124.1549934
128.3290601
134.8242599
142.803014
154.0452603
166.5151746
182.1272589
200.3659458
223.4900405
249.3998366
279.1179695
311.2808193
351.8295774
394.7657373
436.002409
479.9667494
522.7475877
557.2995768
586.4770922
603.6840823
612.5809163
613.6889056
609.1854901
598.522852
100.6060468
100.7950047
101.2789131
101.4573743
101.8721095
101.9903692
102.5176996
103.0962608
104.2704513
105.7287611
105.9032651
106.3834008
108.5466957
110.7460928
114.8866967
117.3529794
119.9971555
125.6697604
131.9009582
138.1992114
147.1888479
160.5886583
172.2630714
188.541444
209.0133199
230.4994122
255.789977
286.7892584
321.8618577
358.4361779
397.7157552
439.9700519
478.8706903
516.5615118
544.6174983
568.8676386
584.3894234
588.0123613
588.5778792
583.4867668
100.59043
101.0289315
101.1857073
101.4818594
101.5214856
101.3134171
101.771204
102.769019
103.4929787
104.3526263
105.222213
106.6227176
107.7451474
110.9222373
113.3745336
115.2727834
118.0083062
121.9754794
127.1452178
133.8011648
141.6926205
153.0836652
162.9762183
178.1435692
197.0822006
215.0944049
237.2987624
263.3786521
293.4193355
326.3833321
362.4268977
399.5400434
441.6272022
478.170145
507.4622379
532.3485366
553.152425
562.8005257
566.9850262
565.734842
100.1955269
100.8291877
100.915139
101.1719127
101.4391615
101.6445279
101.8834377
102.380801
102.747567
103.5680212
105.3054671
106.3592919
107.1438311
109.8691536
112.1348313
114.4896448
116.8337193
120.2274259
124.3091996
130.4781589
136.6335995
147.3718296
155.9485957
167.9151806
182.522474
201.1162228
218.9856267
242.751225
267.9065214
296.5719686
331.0739756
362.6648484
400.391694
437.2371898
466.1730154
495.5725883
517.2121777
533.2914127
542.3246938
545.6920797
100.2788979
100.5262129
100.6563439
100.8556511
100.8187266
101.7178002
101.6748705
102.4155658
103.0255053
103.5640702
105.4168759
106.3740874
107.7039555
108.5858483
110.1886307
112.9232596
114.3920751
117.9814635
122.0434945
128.0255677
133.0319807
140.7968578
148.4587848
159.3020444
172.2470354
186.1872401
203.7283714
223.2800369
247.0938354
271.8383256
301.7191608
330.6816568
365.3445543
398.3241588
430.1248178
458.832857
481.8485372
499.164014
514.7200445
523.5313448
100.3495294
100.5305993
100.6690805
100.8464272
101.2724373
101.5208271
101.8848287
102.2012648
103.0477324
103.2666014
104.2291739
105.3021499
106.0797952
107.1126016
109.1485263
110.828397
113.0681519
116.4651758
119.8310384
124.8980606
129.2331008
134.848444
141.4918348
149.9097058
163.1432204
174.1396375
189.9380829
207.0826576
224.8156475
249.5565794
273.6661142
301.6537104
327.9445782
361.7394421
391.5385712
421.4048685
444.3768942
466.7904742
485.723118
497.5811045
100.4449333
100.6248391
100.906672
101.1088389
101.2488196
101.3041728
101.919725
102.4851246
102.7828108
103.8054546
104.2062828
104.8581066
106.0480011
106.5011422
108.4765976
110.1526951
111.1707551
114.5135916
117.5504701
121.2502995
125.7588763
131.2633015
137.8119428
144.9176153
155.8004769
164.5784022
178.5727156
193.5748783
209.4392984
228.4668519
249.9190511
272.7551457
298.5736146
328.5930378
356.1364715
385.0278192
409.8780763
432.2986055
453.9221401
469.3808234
100.567443
100.8064117
101.1109884
100.9963877
101.279696
101.2289269
101.4987058
101.5173864
101.9537994
102.8602003
103.1945449
104.7801563
104.9487581
105.7449624
107.4160706
109.2655427
109.9096299
113.0930192
115.3857378
118.6876059
122.3791946
126.2741667
132.2316325
138.954084
148.8421869
156.2978652
167.7727964
181.0500599
194.7623621
209.6963769
231.7134376
249.8216457
270.8161067
295.9668359
322.2083874
349.5449026
373.7964248
398.7728343
420.9424185
437.5521527
100.1869154
100.4073304
100.4999167
100.6710245
100.6890342
101.214774
101.4095714
101.3795851
101.9289224
102.4967785
103.5638061
103.7710817
104.2825045
104.4045339
106.2557334
107.418621
108.6966492
111.0362967
112.9127725
115.5528522
119.0361447
124.3025969
129.0083156
134.4482469
141.3683159
148.7056638
157.6379241
169.3152036
182.3951435
195.8355217
213.8743346
229.4820253
248.5980485
270.0640891
295.6303764
319.0252379
340.078569
365.6881396
386.3969437
405.5378072
100.7259888
100.8078031
100.6999734
101.032181
101.0866178
101.240653
100.9710457
101.3979916
101.6868146
101.9038859
102.8551364
103.6136738
103.8921245
105.0976842
106.1679895
106.0646634
107.4202387
109.7217031
111.2717527
113.2473811
117.4818265
121.5478915
124.7964002
129.3261553
134.993282
141.5460864
149.2521487
158.338487
168.501017
181.754604
197.3853741
211.3968339
226.7760989
246.0288868
267.3107298
289.1638428
311.9595911
333.2276973
355.0838119
376.028593
100.352044
100.3853018
100.4120266
100.5792318
100.7806585
100.619909
100.9036462
101.5325289
101.5859369
102.1111419
102.5868358
103.0101595
103.4342248
104.2890558
104.7153395
104.8591913
106.3635193
108.2813755
109.7292634
112.3731417
114.650389
118.3808809
121.5482075
126.1814144
129.9680472
136.226164
142.7496917
150.687225
158.9203972
169.7719459
183.1281269
196.1931892
210.9284182
224.8665155
245.4604547
263.4082123
283.8351351
304.9346809
325.5544982
343.6569062
100.142185
100.0708663
100.2525903
100.2031392
100.3632316
100.4528997
100.4691871
100.7205129
101.2268156
101.3663707
101.9724178
102.3116502
102.7946536
103.5301822
103.917984
104.4243323
106.0916095
107.6671618
108.6590553
110.441048
112.7858895
115.2374826
118.2702731
122.2218656
126.6554897
132.0236345
136.667749
143.3066187
150.6123349
158.7658131
169.3324199
181.9666011
195.0901989
208.1783562
225.1415426
240.7585217
258.3714831
277.5975801
297.3076959
314.7145478
99.99219366
100.0126322
100.0099977
99.92300263
100.1974238
100.3641059
100.4278346
100.6147078
100.5985684
101.0578277
101.6688947
101.4906251
102.5820692
103.1791803
103.5767088
103.7698674
104.6848345
106.1746471
107.2568159
109.6785231
111.2429535
112.9093145
115.3028154
119.0095932
122.9665174
127.2360639
132.0207115
136.9967455
143.2328198
150.9947442
160.2648845
169.5998434
180.4347653
191.0350744
205.588771
221.121992
235.1448412
252.0886031
269.8590936
287.4103683
99.89569619
100.0903679
100.2154709
100.224067
100.2634915
100.5663147
100.835073
100.9256773
101.0128002
101.3609632
101.6419368
102.2102649
102.295825
103.1139799
103.367515
103.7937038
104.1673177
105.1173739
106.4904008
108.8141493
110.1140383
111.237374
113.2214301
116.6442679
120.0473581
122.9481523
127.068436
131.3215721
137.3736481
143.0222657
151.4652897
157.8460519
167.7950026
178.8986273
191.2820139
203.9049891
216.4233302
230.9375867
245.7457035
263.1285452
100.0908728
100.2233736
100.3132313
100.3277441
100.4893328
100.3496838
100.5352425
100.6504525
101.0847023
101.0806557
101.488343
101.7895482
102.3646068
102.7018941
103.1033801
103.2876313
104.1794062
105.0938304
106.0021052
107.8818638
108.929438
110.2021068
111.9322006
114.4601625
117.3902734
119.2227481
121.915907
126.7622127
132.5452128
137.6677978
144.9005596
150.1274184
158.6393905
166.9448606
176.4541287
187.8511456
201.4179214
212.9379715
223.7585759
240.4672371
100.2325779
100.0347211
100.1477113
100.0832897
100.1188179
100.0864463
100.245814
100.8074587
100.8680375
101.3583968
101.3687449
101.8395593
102.2281475
102.1419934
102.4720711
103.3252383
103.8283443
104.3411478
105.5799055
106.8817747
107.6727295
109.0081602
109.6773419
111.8249425
114.8672943
116.7829895
119.4103335
123.7400498
126.9736144
132.2855051
136.3137022
142.1358526
149.2468882
156.4431997
164.1413859
174.5015926
186.3081423
195.6233771
206.8449118
219.138242
99.95304493
99.97689522
99.96949466
99.97656123
99.97446621
100.243765
100.368009
99.94849658
100.3565065
100.5289071
100.556813
101.2595197
101.4013972
101.5293741
102.0634514
102.232252
102.8753983
103.7764841
104.178523
105.4344549
107.3849697
107.4906331
108.292141
110.702625
112.5655768
114.9532214
117.4189733
120.9340387
123.4413367
127.8174962
131.4237058
136.1500996
142.7880168
147.3403812
154.5855007
163.1777533
172.4752155
181.7010402
190.7751424
202.6602105
99.74770658
99.81960669
99.83701384
99.83825365
99.6395288
99.80561885
100.1261854
100.3060971
100.4241572
100.3539502
100.5827138
101.015523
101.1957227
101.2617354
102.0588384
102.0739613
103.1405702
103.7990534
103.530338
104.4300395
106.3194243
106.4358416
107.5029254
108.9011186
110.7412141
113.1407689
114.4935942
117.9005345
120.2298303
122.9956545
126.5878722
131.2224351
136.0083619
142.1366939
146.9067953
153.8946831
162.3945583
169.792646
178.3213428
187.5728534
99.80594974
99.75328521
99.79973994
99.86823189
100.0366932
100.0969124
100.5262164
100.3627281
100.4443959
100.3539907
100.5031469
100.5440849
101.1941186
101.3130548
101.7538158
101.6283882
102.2339173
102.9011065
102.9669651
103.8171708
105.0078608
105.6843491
107.0542796
108.0632185
108.980455
110.7065544
112.0177147
115.3872698
117.3077807
119.9497112
121.8666779
125.9883039
130.2612525
134.5870278
139.6422175
145.506074
152.3293319
158.8330415
165.99687
174.5933986
100.2671489
100.3766139
100.1852968
100.286041
100.0476321
100.1174672
100.3827729
100.3288782
100.3865546
100.3841579
100.5343301
100.5048174
100.7638917
101.4392123
101.3452871
101.7789927
102.2201246
102.7962901
103.0427056
103.7962912
104.581781
105.0094327
106.2610132
106.7448684
107.6099981
109.1843364
110.8060994
112.5881581
114.8782639
117.6834062
119.5117913
121.6455204
125.3768994
130.1163465
134.7180601
138.0378839
144.2398719
149.5808927
156.6887322
163.1332391
99.76624312
99.72063118
99.80556477
100.0122799
100.172393
100.2273917
100.3770362
100.3436543
100.2334914
100.3944166
100.6640991
100.673493
100.7663722
101.0706782
101.1841128
101.1947558
101.4082558
101.9044992
102.4628894
102.9707225
103.9157618
104.1881527
105.4691646
105.6059401
106.4936446
107.3153348
109.3382804
111.0899605
111.9050553
115.3496505
116.5692488
118.8624157
120.5276835
125.3750195
128.6491567
132.6086953
137.0330858
141.5184329
146.8869446
153.2034159
99.93922429
100.1831807
100.1426501
100.1183558
100.1660897
100.2311173
100.5573378
100.7282851
100.6714144
100.8292318
100.6137491
100.7942011
100.8575991
101.0383049
101.0249068
101.13371
101.7100629
102.2236443
102.6599921
103.2224626
103.606802
103.8426894
104.7062222
105.2660986
106.2108661
106.8144166
107.5733112
109.5224731
111.2442392
112.7667722
113.9988422
116.3149765
118.9318223
122.9110669
125.0230195
128.3956848
132.2041999
134.8738949
138.8225795
145.529775
100.0923587
100.132902
100.145102
100.2450719
100.2185323
100.2420048
100.4082718
100.4590886
100.5556637
100.7855979
100.8430492
101.0767979
100.92896
101.0609996
101.2312001
101.344144
101.7425668
101.8435688
102.1796083
102.579102
102.8570949
103.1130265
103.6754181
104.6012527
105.1639604
106.1111458
106.6218888
107.4403785
109.1060371
110.7437763
111.8985851
113.5629561
115.5697837
118.2026882
121.3318674
124.2101065
126.9888161
129.7436964
132.8477472
138.0814387
100.3001812
100.1856137
100.1903687
100.1021192
100.1382215
100.080182
100.1927075
100.2906852
100.2012656
100.4813495
100.463301
100.2619798
100.631089
100.5783862
101.0562865
100.8770554
100.9569481
101.2867045
101.5368878
101.7331073
102.1592319
102.3156991
103.0264807
104.0487483
104.6896333
105.059689
105.6918901
106.6743438
107.7642742
108.9515808
110.2326249
111.9010458
113.4966866
115.5136052
117.0717847
120.155538
123.0972784
125.4188389
128.1959785
131.0654462
99.9849599
100.0936762
100.291627
100.2464092
100.0946452
100.1352617
100.0495558
99.83325285
99.93857828
100.0035159
100.1261377
100.4170754
100.2503396
100.1306536
100.2313803
100.4813749
100.7361221
101.1544909
101.4679661
101.4791615
101.804781
102.4033346
102.5022595
103.1673967
103.8846011
104.7189148
105.2159961
106.1658271
106.5826566
107.5129626
108.3807759
109.8692363
111.8961109
113.2093361
114.658317
116.5244999
119.6091682
121.9776751
124.5746981
127.25571
99.87406961
99.84747616
99.82398798
99.9031385
99.97554169
99.97901297
100.0418403
100.1251652
100.1900855
100.1556839
100.1779221
100.1275669
100.1674878
100.3094712
100.442053
100.6627928
100.6169887
101.1342386
101.1068125
100.9091248
101.3731558
101.6637444
101.8672635
103.0099193
102.8326991
103.6327613
104.1259488
104.2977105
105.4573446
106.4892225
107.7429135
108.5742732
109.8614732
111.3451493
112.9303829
113.8755175
116.9748718
118.5634855
120.7763151
123.2226272
99.84404508
99.78190337
99.9516516
99.9096478
100.036904
100.0329196
99.91254619
100.0815944
100.1800417
100.1960985
100.145362
100.4149868
100.5094914
100.2241132
100.1371474
100.4335707
100.702489
101.0212312
100.9878629
101.1558624
101.5112455
101.5951857
101.5126624
102.0768041
102.5545817
103.1243454
103.4493175
104.3684195
105.1080375
105.2992367
106.1996352
107.0602894
108.4003499
109.7909371
110.7944751
111.2525806
114.2468986
115.3785543
117.21717
119.8133151
99.93232211
100.0485584
100.1378818
100.239496
100.218365
100.1178219
100.184368
100.3154012
100.384863
100.350348
100.3933996
100.441172
100.6613214
100.6965275
100.5788681
100.6727248
100.7115655
101.0830671
101.116932
101.3576956
101.6333764
101.8627127
102.036245
102.2231835
102.2240897
102.9173612
103.2258176
103.3843196
104.4164512
104.7170216
105.1426123
105.9779742
107.1637318
107.9093276
108.5557778
109.669543
111.3042105
112.8993322
113.234073
115.6448409
473.3843688
465.5917244
463.0225805
460.6323776
461.3095594
457.5747318
457.683793
457.3170244
456.9200187
457.1886295
457.0757433
456.84484
457.5696505
455.7928511
454.994109
456.282864
454.6835419
454.1489369
456.2116474
452.3990252
454.1074561
452.2248872
454.0217597
453.1929686
454.2623278
454.6457425
454.0070205
451.9282688
453.9920161
451.8073506
452.8742329
454.6490545
457.3174214
456.3371457
454.5788438
451.515026
449.827238
448.1012022
443.8744298
423.8197033
490.3563489
472.805928
470.3796602
470.9780911
471.8251758
471.2515742
473.0286772
470.4786576
470.7408863
471.356619
469.4500564
468.7401661
469.6652598
468.7303557
467.4958143
469.8187833
469.8130049
468.6117589
468.5308118
468.4501885
466.9125696
468.141848
468.1033818
465.738431
467.2279269
467.5691821
465.842529
465.2766133
465.7012673
466.6407433
464.6729131
465.0067407
461.8625733
461.8548321
457.9065301
455.7432225
450.7647825
443.4832251
427.0837182
396.3879142
514.8820548
483.2129804
471.1281131
465.9494479
464.9302836
465.2938703
466.6880853
468.8034922
469.0174766
471.6824083
469.8100242
470.6001332
470.6650433
470.0161165
469.4349842
469.8502523
469.9445517
469.6291029
470.1946259
471.4107873
469.9805865
467.9338464
468.258031
469.242926
470.4962213
468.1628394
466.8859185
467.484652
467.2170545
465.5608859
463.8484738
463.4252618
460.3468722
456.3881058
450.6319802
445.4478359
439.636104
428.5308678
412.6886249
385.1936123
539.5172745
501.7520408
479.5285886
466.1521666
461.8860388
458.2508703
457.2864068
459.0613519
461.0023179
462.191751
462.654001
463.0364535
463.0152986
462.7572939
464.3009466
464.450556
464.3114824
464.9401372
466.3235331
465.7537773
464.3429097
464.2832125
464.3523106
463.4280599
462.4471703
462.0191315
462.9850289
462.4778981
459.3714517
457.173893
456.6542728
454.6326092
452.8242378
446.4669953
441.5496273
437.9952429
430.5515476
420.7993354
403.8439856
381.3374175
557.6443885
518.4768042
491.2368433
472.8978105
462.3167858
456.8488706
451.0055077
451.7405458
450.8034732
451.2700565
451.0200957
452.1177146
451.9439926
453.2791393
454.7734481
455.1209791
457.5494253
456.6768426
460.0703065
457.6770093
457.1578073
456.7088268
458.1290162
457.1568764
456.2058406
454.2488344
454.2471568
452.9440546
452.256914
449.2143536
446.2155863
444.4298111
440.6275035
435.9237566
433.6520089
429.2846127
421.522891
411.4525381
396.6529351
378.1355503
572.993704
535.4598228
505.1289257
483.7086771
467.2670273
456.7971151
449.9922307
445.7179069
443.7797191
442.8402774
442.1633611
442.141288
441.3332288
441.5040554
440.8070924
442.5310756
444.1339327
445.4075805
444.802274
443.3847491
443.6619074
445.6166171
446.0753021
443.3301232
442.5747891
442.8671321
442.7573809
442.1882953
440.203818
436.6966792
439.1570424
434.8251553
430.7113129
428.3354529
423.7653301
417.4344881
410.2985492
401.0504828
387.7662097
371.624639
583.1237292
548.398386
518.244705
494.0958535
474.4590964
458.9671965
449.2679619
442.2637033
437.6734525
434.7301286
432.9130722
432.6699823
432.1805219
430.0932629
430.464517
431.7622998
430.8179706
432.0280579
432.7909639
432.9424053
431.8889374
432.6123203
433.5527631
430.9993128
432.3258813
432.7966801
432.7140187
429.6263498
429.1944883
429.4346245
426.5652537
424.7227453
421.0799795
418.2909345
412.6458175
408.0624698
400.7930031
393.0495232
380.7475855
369.1186954
590.2046661
557.5728494
528.9882954
504.5493027
483.7968599
466.5771203
453.70273
442.3570167
437.4396071
431.9444051
427.6429887
425.9535992
423.8393418
422.3385249
422.2914747
420.896172
418.7361158
418.842892
419.0017876
420.3017184
419.1140845
421.4736987
419.9085996
419.3147933
421.2761306
422.0379143
418.9833607
419.9072787
418.3087805
416.4023227
416.7473843
414.6253504
410.8283947
407.9477577
402.1981424
398.2366405
393.3016208
383.2546816
374.1407364
364.8198645
595.812254
565.8028098
538.1126047
513.7734098
491.1820098
472.7763694
459.017855
447.6157539
437.1067667
430.6233865
427.1581248
422.6980736
419.5000436
415.3081205
414.4748031
412.4888904
410.1536697
411.0115227
410.5799265
410.1701934
409.4604297
408.9328917
408.257786
408.9356944
409.6831892
410.6674048
409.0941939
408.1373854
405.628243
404.5078252
403.5474161
402.9858942
399.2480424
396.8847244
392.145699
389.5616268
384.0803221
376.0645869
368.8409822
360.8996806
595.7559817
569.860168
543.0271255
519.5221014
498.9497881
480.3139422
464.2075667
450.5248641
439.8722943
431.7473935
424.1991441
418.595217
414.0486339
411.5341935
408.8489299
405.2147826
403.6647261
402.4129244
403.272373
401.1082254
401.7957441
400.4659902
399.5077807
397.9908103
398.234861
400.5758554
398.1817077
396.5103438
395.2150802
394.5562408
392.2849487
389.2387131
387.9106406
385.504864
382.1563794
378.8687728
375.7525536
370.5715138
362.3135798
354.4225343
593.9335166
570.00958
547.2333454
524.5497037
504.8542171
486.7237292
469.6832765
455.9867619
443.1670065
432.2019891
424.9085463
416.2114165
412.0881167
408.453539
404.7851126
401.6487044
399.1720635
398.1128456
395.3155404
393.7097524
393.0256392
392.2181906
391.5335319
390.6473136
389.3444834
388.8586462
387.7753362
386.9505696
386.8386695
385.5707974
383.9299106
379.9052563
379.3788166
376.4690778
374.4387729
372.0710135
367.0554866
363.2741578
356.7368372
349.1014311
588.4880364
566.3483547
547.8876256
527.9726075
509.4552764
491.0913935
474.8438006
460.9234606
446.4916462
435.3464791
425.9607229
417.8250387
412.0154923
406.2902477
400.8427262
396.9742726
394.7592298
392.5539072
390.2597876
387.2002147
385.5515196
384.3760412
382.8232418
380.9265492
380.4806228
380.4548559
379.513048
378.7025228
377.8935073
376.9248671
375.6521493
372.5711233
371.5798315
369.109627
367.4792454
363.8081568
359.6653014
356.8117259
350.8462519
345.5838553
583.6413224
565.8268084
547.2570133
528.3532873
511.769939
494.6831321
477.1388561
463.4482738
450.5136314
439.7331188
429.7283592
420.4219413
413.4843753
407.2633074
400.5786445
395.7967552
391.5829719
388.1251264
385.130821
382.2673887
380.8896086
379.4061743
376.324202
373.9584613
372.7307589
371.4374072
371.2892044
370.1019187
370.2476132
366.877361
365.6593859
363.3302398
363.1120339
360.9522062
359.1325213
356.1205534
352.8830013
349.3503006
345.1977015
339.6574918
572.9984315
559.1473316
543.2707374
527.7964116
511.3075444
495.0113071
480.1960164
466.4180132
454.3901978
441.929268
431.6416468
423.1601156
415.1217268
407.8346264
400.0998384
394.6048794
390.3211896
384.6559258
381.609497
378.4255926
376.37253
374.7277803
372.1083941
370.4485715
369.7004447
368.1342122
366.1453637
362.8770806
363.3400139
360.5773806
360.9006277
356.2987045
356.0730338
354.1442646
351.8527976
349.4258382
347.2894096
343.9697415
341.783581
337.1940449
560.0247967
549.5437686
537.3529491
523.9876719
509.9626306
495.684896
480.2763057
467.4818506
455.1796886
444.8038628
434.3796536
424.1241494
414.9237934
408.6478424
401.8676723
394.4787676
389.5315916
384.3648779
379.8631014
375.6297533
372.7639871
369.8224471
367.1473098
365.5712492
364.2254913
360.8421022
360.5342513
359.9138056
357.7549479
355.2744923
355.3763181
352.0327749
350.6579657
348.9060115
347.0023181
344.1945714
342.0526162
338.5619838
335.8795096
332.1950263
544.9384983
539.9368118
529.0879122
516.8431729
504.9642952
493.5648096
481.258293
468.3477701
455.8346229
445.0065346
435.0679681
425.3318185
416.7483893
407.9657035
400.248389
394.2217317
388.9705261
383.6235262
379.9536619
375.0995032
371.8422735
368.1137182
363.9498129
360.3583913
359.564263
357.4425489
354.9419906
353.8521811
352.2397762
351.2904419
348.8553509
347.3142094
345.4468933
343.7891766
341.1770346
338.8608428
337.7087785
333.8054152
330.7911304
326.9900164
526.7067835
525.4799131
519.2212005
510.2453122
499.7894354
490.062345
478.1251168
466.8124402
455.5365205
445.629509
435.8155423
426.8135453
417.641401
409.0596373
402.0357254
395.4923906
388.1167056
383.1808539
378.6952196
373.869359
369.141762
366.2276411
362.7148764
359.5591168
356.1475609
354.1142212
351.4692814
350.022404
348.0654825
347.0448945
344.969748
341.9163642
339.870372
339.3580092
337.8944094
335.9452799
333.4340044
330.9072763
327.5920709
323.545954
504.9981329
506.6686687
505.0180221
500.3471884
492.4402321
484.5572413
474.7818007
464.8433818
455.2001894
444.4206142
436.05924
426.4077742
417.8810787
410.5672395
402.4244132
397.7809032
389.7839343
383.3186978
376.9917093
371.2861742
367.848157
364.1382097
360.2420316
356.8923635
354.3028365
351.6365243
349.2365714
346.3627707
344.6707047
344.1488712
340.8523663
339.8566135
337.5589078
334.8715408
333.6659303
332.1466888
329.3742447
326.7082537
323.4851426
320.6024778
480.857971
485.958032
488.3680698
487.3531201
481.7599847
475.8328294
468.9661352
460.1945375
451.5556971
443.3650882
433.8827355
426.3211601
418.5216957
411.4723619
403.2883126
396.1939982
389.2205712
382.5353462
377.3592239
372.3862673
367.2712837
363.3450785
360.1464742
356.342377
352.4715795
349.4620111
347.005187
344.3253763
342.3267509
340.1135058
335.8490864
334.333374
332.3301037
331.9401896
329.0983458
327.5444561
324.4425838
322.0102575
319.5438595
317.0146584
452.1609177
463.7557989
468.0472791
472.3474059
471.2378396
465.239997
460.4609471
455.052668
447.2007303
439.8860597
431.8153998
423.1043296
415.7637758
408.6304683
403.5192734
396.4874991
389.2437714
383.1332594
376.821844
371.9581469
366.8208556
362.8608526
358.4737234
354.2083936
351.1723502
347.1727298
344.6545555
342.2667475
339.6184823
336.5754772
333.8199748
331.9534266
328.8371961
327.0714153
325.7115379
323.038588
321.093147
318.5666705
316.6596849
312.7043732
423.0791108
435.7881756
446.6950254
451.3942221
454.1547543
453.2718434
451.0134092
446.4943176
441.8715437
435.0766107
428.176048
421.0712761
413.1999184
406.5480444
400.8522581
394.1226041
388.6983365
382.599574
376.2975984
371.2178951
365.8025937
361.0703468
356.994851
353.6062075
348.9263183
345.4644554
342.2261915
339.9989926
336.0990193
335.0749879
333.120357
330.8349701
327.3784625
325.0145232
322.4665766
320.781541
319.1539269
316.2402322
314.4754283
312.3009471
393.2030815
408.9770851
422.6338251
429.0720702
436.0665018
437.602992
437.159464
436.1087872
432.6549053
427.9390725
422.7573224
417.4181702
411.2998438
404.4386624
398.630171
392.6350834
386.9388212
381.9660527
376.033172
370.0919649
364.6392505
360.0631708
356.5422516
351.6196333
348.421421
345.2230922
341.627964
337.7744511
334.6498322
331.909048
329.4776257
326.3873034
324.2913671
321.7244102
320.1814095
317.9313146
315.2824898
312.5340805
310.5110506
308.7988355
363.01836
379.1706864
393.7527526
406.0980473
414.9420994
419.843621
423.4082255
423.3838248
421.7996748
419.4028641
415.4495251
411.3415002
406.0233174
400.9424365
394.6506735
390.2630248
384.981094
379.4478855
375.2710772
369.8569586
364.5123014
359.5653345
354.3852259
351.2347702
347.6461398
343.9855665
340.6521927
337.4397265
333.6455264
330.8708262
327.7308141
325.7084237
322.2711534
320.0043354
316.9169763
315.7220712
314.1319209
312.3562224
309.6183781
307.0897198
332.7590292
351.4087924
366.6320706
378.7741273
390.7711894
399.426318
404.6944425
409.0674229
408.8160745
409.4144494
407.6094253
404.235245
401.1010506
397.0069047
392.8177798
387.0719369
382.4129158
377.1563254
372.2081496
368.1630547
363.6555956
358.722841
353.8498768
350.5686488
345.9182191
342.3353562
339.0698706
335.4429748
331.8384323
328.5995934
326.1169816
323.8064556
320.9505982
318.0031896
316.0885781
313.6582154
310.8838473
309.0759357
307.0261466
304.4913211
304.0633915
322.4111205
339.6047522
353.2216011
366.2879628
376.3643108
384.4571356
390.3029867
394.3364147
396.188328
397.496568
395.1119258
393.5181722
390.5656534
386.865169
382.5398813
378.3845277
373.8867786
369.3889625
365.2077752
361.6023545
357.1825424
352.518976
348.0241285
344.9671375
340.6930237
337.5454984
334.6102974
331.4191489
327.6275532
323.5564108
321.6732913
318.6453811
315.8107782
313.440679
311.9055067
309.3880542
307.0289199
305.667579
302.6416273
279.4281348
297.0018602
313.5766208
327.1582523
339.628517
352.5499745
362.5413628
370.8849387
375.8800422
380.5381637
383.7658982
383.4498885
383.9145572
382.3665881
381.1519165
377.822651
373.7746807
370.0948913
367.0924931
362.4533655
358.3113856
354.8855582
351.204309
346.518573
343.0255086
339.8972885
335.7051047
332.3916645
329.2724984
327.1909296
323.7608406
320.9932369
317.7584976
314.8892976
312.3294912
310.6011327
307.8270733
305.2669476
302.7838902
300.081501
255.0032205
270.8201133
286.6704161
300.2403479
315.2247444
326.6771421
339.261952
349.4818641
357.2005176
363.2391233
368.3503671
371.7156789
372.0200558
373.760173
371.4839004
370.762775
368.7244761
365.7551626
362.7249014
359.1810292
355.5505689
351.5515489
348.0491637
344.6055737
341.6731704
337.7611269
334.4802395
331.4633558
328.0017907
324.3055667
322.2169954
319.537544
316.8470086
313.4129417
310.3256898
307.6268516
305.9173943
303.6319793
302.0862224
298.9573037
233.1837878
247.5716763
262.1972949
275.9535018
290.2894706
303.2693775
314.8332359
326.7413273
336.7615702
343.3708045
350.0510878
355.2805579
359.0792908
360.2313247
361.4320405
361.3928103
360.5863674
358.7738343
357.5871808
354.4878511
351.0124884
347.6233508
344.5561523
341.1968713
338.3937866
335.7313727
331.873414
328.9878459
325.6839941
323.1437978
320.0009287
316.690044
314.5215461
312.046623
309.1158675
306.02726
302.9501975
301.2997342
298.9738996
297.4601104
213.7558701
228.081611
239.5912773
252.3291208
264.4928665
278.2339975
289.890279
302.8584863
313.7627027
323.5938821
330.5411049
338.550078
343.7245438
346.923851
348.7143354
351.361107
350.9379711
350.4696917
350.491526
349.0091637
346.4822885
344.1077988
341.3607389
338.4685531
334.9197783
332.8113122
330.5845145
327.1639361
323.1460757
320.6473511
318.1332544
314.8580628
311.7292596
309.7536932
307.3164744
304.5829902
302.5494368
299.8997323
297.7136272
295.7725938
198.7257118
209.7063931
221.5905094
231.7904032
244.0271343
255.9215555
267.0695772
279.5124304
292.2745074
302.5333785
311.0725402
319.297321
326.6493804
331.9643606
336.4970145
339.5275528
341.3712659
341.5043644
341.625189
342.4397674
340.9389235
339.0087352
336.1656514
332.9726915
331.012532
329.0409103
326.8245564
323.853506
322.3842902
319.3334933
316.1345081
313.677036
310.6637305
307.6379486
305.2683113
303.3795692
300.7959108
298.4929569
295.856189
293.9644474
184.0043628
194.7299597
203.5389899
214.2784845
225.095292
235.3961694
245.6780684
258.6750439
270.0045432
279.9114384
291.0235185
299.8855011
308.1843969
315.485465
320.6894896
325.8648816
329.3437552
332.0652417
332.7003
333.3859308
332.7140343
332.3576889
331.6174177
329.5107505
327.6089433
325.8883409
323.4209697
321.3563675
318.3437202
315.7015122
313.5729814
311.4753633
308.6926659
307.1567061
304.0427621
301.3255306
299.3592813
296.9427101
294.2278846
292.4969691
171.1719835
180.6090964
188.9978953
197.1418743
206.8614456
217.1550633
226.4765683
237.8663385
249.3738631
258.3189073
269.1275449
279.3135135
288.6046852
296.5102071
303.9034323
310.0169916
313.8647879
318.4924264
321.7487051
324.0051036
324.6298586
324.4062169
324.2977378
323.0859272
322.4024613
320.7861482
318.8464971
316.7168722
314.0592414
312.680614
310.306394
308.1575671
306.3534674
303.7720756
301.8008627
299.4444702
296.8359941
295.0170047
293.3353945
290.5363697
159.2900233
167.3693488
175.6518511
183.031055
192.0066925
199.7021327
210.6612245
218.2762284
229.1987597
240.3948599
248.7497224
259.0339169
267.5862172
276.7346213
285.3258746
292.7009705
298.686789
303.2998289
308.3902685
311.6639471
313.8944403
316.8145065
316.5723337
316.5442284
315.9094062
314.9125187
314.2399722
313.34139
311.7833383
309.2245153
307.5025125
304.7355532
302.7047294
300.6079834
299.4705587
297.0486652
294.6278073
292.573003
290.5210463
288.7245712
150.7262877
156.7583466
163.6625375
171.1295376
178.1520305
184.9340908
194.4559838
202.5809592
210.8571991
220.4118638
230.6782254
238.6791101
248.3685368
256.3879772
266.414589
274.7407178
282.4299161
288.1958049
293.5660497
298.6288994
301.918281
305.4870453
307.6885025
308.667441
308.7919622
308.898374
308.8351141
307.4753674
306.7855324
305.8928675
304.4487123
302.4424083
300.1143079
297.788046
295.8429037
293.8711851
292.1148635
290.0665156
288.2371719
286.2111812
142.7979939
147.7474726
152.8597129
159.5013104
166.6468658
171.6346668
180.3003787
187.9434855
195.9632112
203.5178385
212.891471
221.4403307
230.6323947
239.8731921
247.2374537
256.2217863
263.9633745
271.1646172
277.9459704
283.3329208
287.7989024
291.99373
295.8679293
297.8371607
299.9641301
301.8525583
302.3002642
301.9335488
300.2896106
299.4311408
298.7139415
297.9296619
296.4234646
295.0000274
293.523085
292.0647173
289.9823715
287.7995633
285.5634571
283.7924188
136.4539652
140.2044884
145.1185515
149.7120138
156.2039331
161.6185749
168.1270565
174.5001602
181.9709146
189.5456332
196.3557525
204.9826382
212.7181971
220.7271234
229.339287
237.1363672
245.9131409
253.3823895
260.3302187
267.2349913
273.5690346
277.4981768
283.1203799
286.2218526
289.1621307
291.0766668
292.9009208
294.2835198
294.2894133
294.3262523
294.3615649
293.5365876
292.3966805
290.5555941
289.0022641
287.7052139
285.847176
284.4345527
282.6053465
280.9596217
129.5598813
133.6904622
138.0721922
142.0277002
146.7173635
153.0854024
157.4650536
163.1510959
168.056971
175.2584813
182.4457982
190.269898
197.3174827
203.8186027
212.0676208
219.8694067
227.3800746
235.6491497
242.8531472
249.5349748
255.8528718
261.5264661
267.1341925
271.9716814
276.3445613
279.2765351
282.6233176
284.349223
285.5100794
285.9183503
286.2393404
287.0323423
286.2005183
285.5761852
284.8817018
283.3393515
281.9946934
280.7804858
279.8016403
277.3177516
125.3741202
128.2636251
132.1063211
135.3242862
138.7973009
143.4256428
148.3109238
153.4657665
157.6695267
163.8870904
169.0341272
177.1305839
183.8713781
189.6414733
196.8049349
203.9922223
210.700337
218.4207243
226.3690327
232.8867175
240.4030689
245.780562
251.5229679
257.2613188
262.1417347
266.4675111
269.5380495
272.6847841
275.982657
277.3883467
277.2244537
278.4256689
279.5647909
279.3793773
278.8524414
279.0017817
278.1585726
276.1828296
274.8662877
273.373594
121.0434213
123.9385348
126.379241
129.5193319
133.5809976
136.8178543
140.0439676
145.0309482
149.1175333
153.0500524
159.0532702
163.2406464
170.1054911
174.8966858
181.3683067
188.5351607
194.5990876
201.8014275
208.5811148
214.8276399
222.4811044
229.5711007
234.6520249
240.410521
246.5619443
252.0151527
255.8486223
259.5820407
262.5549794
265.5743011
268.0869558
268.6380493
269.5097069
269.5900694
270.1105824
270.5015117
270.1678517
269.9014747
268.7226708
267.9765968
117.3233895
119.348119
120.9972261
123.5785385
126.8636889
130.1940218
132.1531785
135.7428443
139.3387678
143.2131522
148.3287755
151.9712952
155.6274996
162.2361907
167.1610413
172.5174273
178.5783927
183.4711932
190.8055749
196.8339737
201.4155787
208.3334486
215.3768357
220.6773954
225.8108482
231.5091011
236.739426
240.717363
244.391395
247.8449533
250.0891992
252.8069115
254.6375132
255.8544293
256.1807482
256.9502529
256.9697884
256.3195518
255.6228709
255.0228212
)
;

boundaryField
{
    flow
    {
        type            calculated;
        value           nonuniform List<scalar> 
180
(
102.5319882
101.4174159
101.3137399
102.69383
102.6709461
102.1912315
102.3871222
102.3848645
102.1912196
102.409851
102.65005
101.9820992
101.5241905
101.622438
101.6203105
101.4066454
101.3276187
101.3963319
101.5784095
101.540881
101.3344955
101.3723251
100.975605
100.9521164
100.4079167
101.1036019
101.1151236
100.860174
101.0046004
100.6717765
100.7672533
100.5944259
100.4803606
100.6060468
100.59043
100.1955269
100.2788979
100.3495294
100.4449333
100.567443
100.1869154
100.7259888
100.352044
100.142185
99.99219366
99.89569619
100.0908728
100.2325779
99.95304493
99.74770658
99.80594974
100.2671489
99.76624312
99.93922429
100.0923587
100.3001812
99.9849599
99.87406961
99.84404508
99.93232211
99.93232211
100.0485584
100.1378818
100.239496
100.218365
100.1178219
100.184368
100.3154012
100.384863
100.350348
100.3933996
100.441172
100.6613214
100.6965275
100.5788681
100.6727248
100.7115655
101.0830671
101.116932
101.3576956
101.6333764
101.8627127
102.036245
102.2231835
102.2240897
102.9173612
103.2258176
103.3843196
104.4164512
104.7170216
105.1426123
105.9779742
107.1637318
107.9093276
108.5557778
109.669543
111.3042105
112.8993322
113.234073
115.6448409
117.3233895
119.348119
120.9972261
123.5785385
126.8636889
130.1940218
132.1531785
135.7428443
139.3387678
143.2131522
148.3287755
151.9712952
155.6274996
162.2361907
167.1610413
172.5174273
178.5783927
183.4711932
190.8055749
196.8339737
201.4155787
208.3334486
215.3768357
220.6773954
225.8108482
231.5091011
236.739426
240.717363
244.391395
247.8449533
250.0891992
252.8069115
254.6375132
255.8544293
256.1807482
256.9502529
256.9697884
256.3195518
255.6228709
255.0228212
423.8197033
396.3879142
385.1936123
381.3374175
378.1355503
371.624639
369.1186954
364.8198645
360.8996806
354.4225343
349.1014311
345.5838553
339.6574918
337.1940449
332.1950263
326.9900164
323.545954
320.6024778
317.0146584
312.7043732
312.3009471
308.7988355
307.0897198
304.4913211
302.6416273
300.081501
298.9573037
297.4601104
295.7725938
293.9644474
292.4969691
290.5363697
288.7245712
286.2111812
283.7924188
280.9596217
277.3177516
273.373594
267.9765968
255.0228212
)
;
    }
    cylinder
    {
        type            calculated;
        value           nonuniform List<scalar> 
60
(
421.8139519
425.7791469
423.6211053
428.3211093
431.4717827
433.1581314
429.1769171
423.7647547
430.9972105
434.3554459
434.4583651
427.6441736
433.3803518
433.3702299
426.0979896
436.0799354
431.9670351
437.1387696
433.5630481
429.4728761
446.0819261
435.0884487
435.3373088
429.6604834
437.4440494
441.9930108
434.2878765
442.8151677
442.1786778
433.9508581
432.484762
433.7396581
437.0024841
438.8879792
443.8547742
444.0091338
439.541134
436.5815084
437.4874672
444.1987897
363.7478065
362.4947955
364.0651277
363.6253648
363.6022364
364.2503086
365.5303067
364.9388936
362.9072236
364.417935
365.8129878
367.7949006
370.1874931
370.379073
373.4912612
373.7831002
378.4774113
381.4148823
387.8849241
401.8459635
)
;
    }
    wedgeFront
    {
        type            symmetry;
    }
    wedgeBack
    {
        type            symmetry;
    }
    defaultFaces
    {
        type            empty;
    }
}


// ************************************************************************* //
