# Probe 0 (5e-06 5e-06 5e-06)
#           Probe                 0
#            Time
            1e-08       15004.63888
            2e-08       15029.57531
            3e-08       15054.19526
            4e-08       15058.89105
            5e-08       15078.73616
            6e-08         15052.189
            7e-08       15049.34465
            8e-08       15043.94581
            9e-08        15039.8625
            1e-07       15053.69561
          1.1e-07       15042.07791
          1.2e-07       15062.68545
          1.3e-07       15065.27954
          1.4e-07       15057.06318
          1.5e-07       15068.09239
          1.6e-07       15005.95698
          1.7e-07       15038.54872
          1.8e-07       15030.91388
          1.9e-07       15005.94875
            2e-07       14994.34503
          2.1e-07       14985.77588
          2.2e-07       14986.42118
          2.3e-07       14999.82055
          2.4e-07       15003.10185
          2.5e-07       14978.09058
          2.6e-07       15002.55354
          2.7e-07       14975.30842
          2.8e-07       14988.36993
          2.9e-07       15011.65223
            3e-07       15033.58981
          3.1e-07       15059.79206
          3.2e-07       15037.80533
          3.3e-07       15036.35541
          3.4e-07       15033.11048
          3.5e-07       15031.18069
          3.6e-07       15023.83323
          3.7e-07       15025.00912
          3.8e-07       15023.67242
          3.9e-07       15019.88005
            4e-07       15038.58817
          4.1e-07       15049.55626
          4.2e-07       15055.40197
          4.3e-07       15059.00125
          4.4e-07       15070.21997
          4.5e-07       15037.06728
          4.6e-07       15057.99682
          4.7e-07       15048.66377
          4.8e-07       15049.63654
          4.9e-07       15043.88517
            5e-07        15048.6853
          5.1e-07       15018.73373
          5.2e-07       15000.27479
          5.3e-07        15016.8349
          5.4e-07       15018.17568
          5.5e-07       15035.36963
          5.6e-07       15030.44395
          5.7e-07       15045.05171
          5.8e-07       15038.61152
          5.9e-07       15069.46162
            6e-07       15084.34839
          6.1e-07       15066.93294
          6.2e-07       15027.07567
          6.3e-07       15052.85614
          6.4e-07       15079.22263
          6.5e-07       15095.66835
          6.6e-07        15078.5002
          6.7e-07       15087.19663
          6.8e-07       15096.57133
          6.9e-07       15106.46049
            7e-07       15087.72424
          7.1e-07       15086.76756
          7.2e-07       15038.20071
          7.3e-07       14997.70662
          7.4e-07       15006.77196
          7.5e-07       15014.08565
          7.6e-07       15014.93235
          7.7e-07       15015.81405
          7.8e-07       15055.70814
          7.9e-07       15054.78097
            8e-07       15091.10996
          8.1e-07       15064.63815
          8.2e-07       15085.89338
          8.3e-07        15072.6959
          8.4e-07        15065.4863
          8.5e-07       15028.47603
          8.6e-07       15016.19369
          8.7e-07       14993.94939
          8.8e-07       14992.47163
          8.9e-07       15001.55885
            9e-07       15009.56349
          9.1e-07       14988.61969
          9.2e-07       14932.76337
          9.3e-07       14959.36951
          9.4e-07       14967.38187
          9.5e-07       15008.40907
          9.6e-07       15005.94686
          9.7e-07       15005.81382
          9.8e-07        14983.3357
          9.9e-07       14999.99453
            1e-06       14993.56194
         1.01e-06       15021.42442
         1.02e-06       15007.09782
         1.03e-06       15010.77399
         1.04e-06        15020.1249
         1.05e-06       15015.47723
         1.06e-06        15028.4621
         1.07e-06       15016.40318
         1.08e-06       15015.06307
         1.09e-06       15017.18898
          1.1e-06        14993.1251
         1.11e-06       14991.97775
         1.12e-06       15022.32662
         1.13e-06       14981.14018
         1.14e-06       14958.56826
         1.15e-06       14977.21755
         1.16e-06       14968.13783
         1.17e-06       14973.48791
         1.18e-06       14972.80284
         1.19e-06       14968.54539
          1.2e-06       14992.44128
         1.21e-06        15019.6543
         1.22e-06       15016.34628
         1.23e-06       15020.00697
         1.24e-06       15025.12642
         1.25e-06       15020.35092
         1.26e-06       15025.82934
         1.27e-06       15028.34144
         1.28e-06       15029.82935
         1.29e-06       15057.43234
          1.3e-06       15048.83148
         1.31e-06       15031.70703
         1.32e-06       15019.18457
         1.33e-06       15007.06883
         1.34e-06       14986.87727
         1.35e-06       15005.11152
         1.36e-06       14984.36829
         1.37e-06       14968.12289
         1.38e-06       14973.01058
         1.39e-06       14965.54379
          1.4e-06       14992.88662
         1.41e-06       14989.82587
         1.42e-06       14947.06037
         1.43e-06       14957.71278
         1.44e-06       14964.08798
         1.45e-06       14956.07506
         1.46e-06       14959.57848
         1.47e-06       14932.62778
         1.48e-06       14933.87529
         1.49e-06       14953.27534
          1.5e-06       14980.19423
         1.51e-06       15000.58093
         1.52e-06        15009.6967
         1.53e-06       15008.59106
         1.54e-06       14998.28724
         1.55e-06       14992.54351
         1.56e-06       15006.11781
         1.57e-06       15023.23086
         1.58e-06       15029.12502
         1.59e-06       15039.97075
          1.6e-06       15061.87316
         1.61e-06       15045.62935
         1.62e-06       15054.54035
         1.63e-06       15059.07404
         1.64e-06       15056.89188
         1.65e-06       15025.24631
         1.66e-06       15019.20384
         1.67e-06       15066.78022
         1.68e-06       15094.37554
         1.69e-06       15061.87759
          1.7e-06       15036.65827
         1.71e-06       15010.31802
         1.72e-06       15004.87863
         1.73e-06       14977.88162
         1.74e-06       14999.98665
         1.75e-06       15001.53214
         1.76e-06       15012.33203
         1.77e-06       15055.27424
         1.78e-06       15040.15357
         1.79e-06       15025.05436
          1.8e-06       15062.42894
         1.81e-06        15084.1237
         1.82e-06       15083.07452
         1.83e-06       15078.19218
         1.84e-06       15086.52107
         1.85e-06       15078.73066
         1.86e-06       15072.36994
         1.87e-06        15068.3034
         1.88e-06       15072.02784
         1.89e-06       15087.93888
          1.9e-06        15096.6644
         1.91e-06       15090.94479
         1.92e-06       15080.00306
         1.93e-06       15094.79973
         1.94e-06       15106.72401
         1.95e-06       15099.90405
         1.96e-06        15099.0695
         1.97e-06       15110.15075
         1.98e-06       15093.61726
         1.99e-06       15097.18529
            2e-06       15101.14376
         2.01e-06       15090.52157
         2.02e-06       15079.23564
         2.03e-06        15037.4426
         2.04e-06       15082.98289
         2.05e-06       15090.38549
         2.06e-06       15039.78912
         2.07e-06       15050.15064
         2.08e-06       15088.69717
         2.09e-06       15087.85038
          2.1e-06       15097.50099
         2.11e-06       15086.60645
         2.12e-06       15060.63919
         2.13e-06       15081.20474
         2.14e-06       15054.81684
         2.15e-06       15071.92746
         2.16e-06       15096.45926
         2.17e-06       15066.92541
         2.18e-06       15052.40308
         2.19e-06       15065.00296
          2.2e-06       15088.74507
         2.21e-06       15087.65532
         2.22e-06       15082.94537
         2.23e-06       15072.64465
         2.24e-06       15037.82084
         2.25e-06       15042.51056
         2.26e-06       15025.08511
         2.27e-06       14993.48191
         2.28e-06       15022.07145
         2.29e-06       15047.45994
          2.3e-06       15034.58939
         2.31e-06       15037.46066
         2.32e-06       15032.08303
         2.33e-06       15052.07251
         2.34e-06        15067.5993
         2.35e-06       15092.43826
         2.36e-06       15080.43659
         2.37e-06       15069.67377
         2.38e-06       15054.08637
         2.39e-06       15031.35147
          2.4e-06       15053.04807
         2.41e-06        15041.4803
         2.42e-06       15044.97718
         2.43e-06       15043.42521
         2.44e-06       15036.75074
         2.45e-06       15005.03634
         2.46e-06       14998.33106
         2.47e-06       15022.01988
         2.48e-06       15026.43768
         2.49e-06       15013.82278
          2.5e-06       15012.13073
         2.51e-06       15004.95431
         2.52e-06       15021.08154
         2.53e-06       15034.29347
         2.54e-06       15013.19018
         2.55e-06       15023.55743
         2.56e-06       15005.99295
         2.57e-06       14985.95011
         2.58e-06       14979.80168
         2.59e-06       15011.08396
          2.6e-06       14995.94083
         2.61e-06       14987.48969
         2.62e-06       14973.70924
         2.63e-06       14998.69198
         2.64e-06       15007.56727
         2.65e-06       15007.53175
         2.66e-06       15010.49774
         2.67e-06       15024.78524
         2.68e-06       15046.40521
         2.69e-06       15025.14957
          2.7e-06        15062.1944
         2.71e-06       15043.47677
         2.72e-06       15050.92844
         2.73e-06       15016.34907
         2.74e-06       15012.88588
         2.75e-06       14967.78525
         2.76e-06       14959.17227
         2.77e-06        15000.2727
         2.78e-06        14998.5373
         2.79e-06       14994.34798
          2.8e-06       15000.72793
         2.81e-06       14997.03855
         2.82e-06       15011.85179
         2.83e-06       15003.06176
         2.84e-06       14986.99715
         2.85e-06       14965.04943
         2.86e-06       14961.87555
         2.87e-06       14972.17676
         2.88e-06       14964.74334
         2.89e-06       14948.72823
          2.9e-06       14959.10306
         2.91e-06       14962.18973
         2.92e-06        14984.3307
         2.93e-06       15014.66823
         2.94e-06       14975.97217
         2.95e-06       14987.55402
         2.96e-06       14987.86704
         2.97e-06       15033.35797
         2.98e-06       15002.51354
         2.99e-06       14980.75998
            3e-06       15009.78244
         3.01e-06       14987.06465
         3.02e-06        14993.4932
         3.03e-06       14994.75272
         3.04e-06       15040.68038
         3.05e-06        15052.0103
         3.06e-06        15068.5568
         3.07e-06       15071.56901
         3.08e-06        15067.4765
         3.09e-06       15044.42756
          3.1e-06       15063.03419
         3.11e-06       15064.52789
         3.12e-06       15054.63234
         3.13e-06       15059.32958
         3.14e-06       15058.69097
         3.15e-06       15054.56179
         3.16e-06        15058.2217
         3.17e-06       15075.31577
         3.18e-06       15058.32958
         3.19e-06       15039.73553
          3.2e-06       15022.23021
         3.21e-06       15012.71154
         3.22e-06       15020.20253
         3.23e-06       14994.29562
         3.24e-06       14998.09641
         3.25e-06       14996.51673
         3.26e-06        14989.2554
         3.27e-06       14981.91494
         3.28e-06       14966.38328
         3.29e-06       14979.04367
          3.3e-06       14996.44921
         3.31e-06       15007.36103
         3.32e-06       15043.03198
         3.33e-06       15071.45415
         3.34e-06       15040.54873
         3.35e-06       14991.36266
         3.36e-06       15022.26546
         3.37e-06       15052.43401
         3.38e-06       15027.16542
         3.39e-06       15008.18451
          3.4e-06       14996.17113
         3.41e-06       15028.50445
         3.42e-06       15045.76661
         3.43e-06       15020.29083
         3.44e-06       15002.77413
         3.45e-06       15028.98469
         3.46e-06       15025.11221
         3.47e-06       15013.45477
         3.48e-06       15001.41628
         3.49e-06       15016.96972
          3.5e-06        15016.3835
         3.51e-06       15025.13832
         3.52e-06        15016.0987
         3.53e-06       15051.00892
         3.54e-06       15044.44449
         3.55e-06       15042.61935
         3.56e-06       15040.60507
         3.57e-06       15020.91277
         3.58e-06       15006.22648
         3.59e-06        15019.6839
          3.6e-06       15009.28039
         3.61e-06       14970.09284
         3.62e-06        14959.5282
         3.63e-06       14938.24547
         3.64e-06       14964.08765
         3.65e-06       14987.73753
         3.66e-06       14964.01941
         3.67e-06       14993.73022
         3.68e-06       14991.77579
         3.69e-06       15023.20914
          3.7e-06       15016.21336
         3.71e-06       15039.58491
         3.72e-06       15010.72398
         3.73e-06       14989.76377
         3.74e-06       15011.89336
         3.75e-06       15032.92302
         3.76e-06       15057.74193
         3.77e-06       15076.59805
         3.78e-06       15073.03817
         3.79e-06       15045.82348
          3.8e-06       15077.13559
         3.81e-06       15077.45009
         3.82e-06       15086.78431
         3.83e-06       15122.82071
         3.84e-06       15097.39486
         3.85e-06       15078.05694
         3.86e-06       15027.14241
         3.87e-06       15015.30615
         3.88e-06       15013.14554
         3.89e-06       15010.26091
          3.9e-06       15009.76562
         3.91e-06        14996.4623
         3.92e-06       14988.44834
         3.93e-06        15019.4237
         3.94e-06       15051.86783
         3.95e-06       15041.94239
         3.96e-06       15018.46463
         3.97e-06        15014.7963
         3.98e-06        15005.7926
         3.99e-06       15039.21168
            4e-06        15028.8454
         4.01e-06       15041.18401
         4.02e-06       15005.67475
         4.03e-06       15012.76743
         4.04e-06       14995.36709
         4.05e-06       14961.74461
         4.06e-06       14962.30902
         4.07e-06       14969.48072
         4.08e-06       14917.30271
         4.09e-06       14915.66567
          4.1e-06       14925.57144
         4.11e-06       14918.26564
         4.12e-06        14930.9929
         4.13e-06       14941.50587
         4.14e-06       14977.09172
         4.15e-06       14952.64247
         4.16e-06        14952.4029
         4.17e-06       14948.80097
         4.18e-06        14959.2352
         4.19e-06       15003.16644
          4.2e-06       15014.44218
         4.21e-06       15034.79083
         4.22e-06       15008.29065
         4.23e-06       15021.52011
         4.24e-06       14985.51728
         4.25e-06       14970.23511
         4.26e-06       14971.24374
         4.27e-06       14947.50085
         4.28e-06       14970.03703
         4.29e-06       14975.59743
          4.3e-06       15011.75459
         4.31e-06       15033.94899
         4.32e-06       15041.55935
         4.33e-06       15041.37235
         4.34e-06        15052.0467
         4.35e-06        15041.8801
         4.36e-06       15067.66897
         4.37e-06       15075.65359
         4.38e-06       15059.79507
         4.39e-06       15024.64588
          4.4e-06       15024.30209
         4.41e-06       15031.51228
         4.42e-06       15056.70015
         4.43e-06       15066.32354
         4.44e-06       15035.54904
         4.45e-06       15030.83638
         4.46e-06       15037.79055
         4.47e-06       15032.10694
         4.48e-06       15022.41991
         4.49e-06       15051.95155
          4.5e-06       14996.30935
         4.51e-06        14990.0425
         4.52e-06       14995.56707
         4.53e-06        15016.9311
         4.54e-06       15035.40262
         4.55e-06       15040.48779
         4.56e-06       15071.02049
         4.57e-06        15075.5042
         4.58e-06       15063.29438
         4.59e-06       15019.04543
          4.6e-06       14997.54555
         4.61e-06       15025.44283
         4.62e-06       15021.83631
         4.63e-06        15047.1708
         4.64e-06       15069.98211
         4.65e-06       15099.24094
         4.66e-06       15057.17312
         4.67e-06       15046.93384
         4.68e-06       15037.16045
         4.69e-06       15024.73754
          4.7e-06       15040.64492
         4.71e-06       15061.77391
         4.72e-06       15063.52973
         4.73e-06       15080.05006
         4.74e-06       15067.71904
         4.75e-06       15032.04358
         4.76e-06       15054.48366
         4.77e-06       15046.78077
         4.78e-06       15044.15912
         4.79e-06       15044.88423
          4.8e-06       15074.24594
         4.81e-06       15041.25567
         4.82e-06       15040.42603
         4.83e-06       15050.28636
         4.84e-06       15043.55089
         4.85e-06       15057.05191
         4.86e-06       15084.36917
         4.87e-06       15088.31345
         4.88e-06       15090.15648
         4.89e-06       15065.24887
          4.9e-06       15056.35676
         4.91e-06       15054.21152
         4.92e-06        15059.6665
         4.93e-06       15079.47443
         4.94e-06       15071.16567
         4.95e-06       15061.68451
         4.96e-06       15052.27976
         4.97e-06       15037.85258
         4.98e-06       15053.18381
         4.99e-06       15032.15962
            5e-06       15022.91769
         5.01e-06       14999.39957
         5.02e-06       15006.95158
         5.03e-06       14998.53242
         5.04e-06       15018.97421
         5.05e-06       15031.25612
         5.06e-06       15005.43291
         5.07e-06       15032.90001
         5.08e-06       14992.41916
         5.09e-06       15007.72363
          5.1e-06       15017.01306
         5.11e-06       15004.44411
         5.12e-06       14998.79358
         5.13e-06       14988.55108
         5.14e-06       15013.99009
         5.15e-06       15009.61225
         5.16e-06       15031.41036
         5.17e-06       15071.67982
         5.18e-06       15058.32393
         5.19e-06       15070.79351
          5.2e-06       15084.35828
         5.21e-06       15057.35711
         5.22e-06       15052.40068
         5.23e-06       15018.65674
         5.24e-06       15017.60608
         5.25e-06       15007.00096
         5.26e-06       15021.50118
         5.27e-06        15015.6784
         5.28e-06       14998.80984
         5.29e-06       14987.27508
          5.3e-06       14979.35269
         5.31e-06        15005.7492
         5.32e-06       14998.86391
         5.33e-06       15000.85092
         5.34e-06       15018.29539
         5.35e-06       15033.08957
         5.36e-06       15053.27603
         5.37e-06       15056.39241
         5.38e-06       15064.93927
         5.39e-06       15040.65065
          5.4e-06       15037.16427
         5.41e-06        15018.8658
         5.42e-06       15023.15382
         5.43e-06       14974.92647
         5.44e-06       14978.20799
         5.45e-06       14981.87807
         5.46e-06       15016.08738
         5.47e-06       15005.02512
         5.48e-06       15027.56631
         5.49e-06       15028.22078
          5.5e-06        15018.6571
         5.51e-06       15058.26037
         5.52e-06        15036.0785
         5.53e-06       15034.29173
         5.54e-06       15005.67859
         5.55e-06       15008.49209
         5.56e-06       15052.03792
         5.57e-06       15000.60302
         5.58e-06        15025.1746
         5.59e-06       15052.56874
          5.6e-06       15037.43576
         5.61e-06       15066.53319
         5.62e-06        15049.3306
         5.63e-06       15037.64642
         5.64e-06       15051.10353
         5.65e-06       15079.74191
         5.66e-06       15093.36342
         5.67e-06       15065.05923
         5.68e-06       15070.24866
         5.69e-06        15078.5288
          5.7e-06       15082.90058
         5.71e-06       15100.11812
         5.72e-06       15078.66043
         5.73e-06       15080.66106
         5.74e-06       15077.49093
         5.75e-06        15060.6253
         5.76e-06       15040.16314
         5.77e-06       15012.53162
         5.78e-06       15036.45298
         5.79e-06       15032.89941
          5.8e-06       15021.29083
         5.81e-06       15030.14806
         5.82e-06        15020.3958
         5.83e-06       15041.28535
         5.84e-06       15069.01819
         5.85e-06        15041.7387
         5.86e-06       15025.72694
         5.87e-06       15036.13766
         5.88e-06        15047.7023
         5.89e-06       15065.99359
          5.9e-06       15104.17257
         5.91e-06       15060.35135
         5.92e-06       15007.47363
         5.93e-06       15021.22005
         5.94e-06       15013.84653
         5.95e-06       15024.17187
         5.96e-06       15022.62219
         5.97e-06       15019.79029
         5.98e-06       15021.96561
         5.99e-06        15025.3565
            6e-06       15000.53069
         6.01e-06       15027.72476
         6.02e-06       15055.37631
         6.03e-06       15057.37279
         6.04e-06       15047.94596
         6.05e-06       15048.86736
         6.06e-06       15050.19698
         6.07e-06       15032.08044
         6.08e-06       15028.45864
         6.09e-06       15044.31853
          6.1e-06       15055.74335
         6.11e-06       15040.71682
         6.12e-06       15038.81704
         6.13e-06       15036.96078
         6.14e-06        15033.0362
         6.15e-06       15032.81401
         6.16e-06       15035.70664
         6.17e-06       15054.32557
         6.18e-06       15046.64815
         6.19e-06       15043.90788
          6.2e-06       15073.23216
         6.21e-06       15074.80587
         6.22e-06       15063.71907
         6.23e-06       15065.79236
         6.24e-06       15067.47466
         6.25e-06       15031.86608
         6.26e-06        15027.1118
         6.27e-06       15039.12592
         6.28e-06       15018.88525
         6.29e-06       15016.44603
          6.3e-06       15011.78546
         6.31e-06         14991.282
         6.32e-06       15029.18522
         6.33e-06       15026.64105
         6.34e-06       15002.49369
         6.35e-06       15011.34084
         6.36e-06       15011.18409
         6.37e-06       14999.63818
         6.38e-06       15028.62794
         6.39e-06       15072.33583
          6.4e-06       15053.27957
         6.41e-06       15034.73754
         6.42e-06       15013.67036
         6.43e-06       15021.47908
         6.44e-06       15045.50996
         6.45e-06       15059.58918
         6.46e-06       15042.93316
         6.47e-06       15031.30474
         6.48e-06       15029.42728
         6.49e-06       14984.78375
          6.5e-06       15025.79038
         6.51e-06       15023.73557
         6.52e-06       15023.55907
         6.53e-06        15016.9772
         6.54e-06       15063.69094
         6.55e-06       15065.00849
         6.56e-06       15077.13598
         6.57e-06        15038.0925
         6.58e-06       15056.90123
         6.59e-06       15037.79718
          6.6e-06       15018.05659
         6.61e-06       15007.93913
         6.62e-06       14994.31383
         6.63e-06        14987.9956
         6.64e-06       14990.84464
         6.65e-06       15001.87266
         6.66e-06       15002.87283
         6.67e-06       15023.91694
         6.68e-06       15064.14909
         6.69e-06       15062.41035
          6.7e-06       15035.52834
         6.71e-06       15047.00945
         6.72e-06       15019.87991
         6.73e-06       15051.57117
         6.74e-06       15042.66621
         6.75e-06       15037.61333
         6.76e-06       15030.61209
         6.77e-06       15045.46206
         6.78e-06       15042.93256
         6.79e-06       15050.98634
          6.8e-06       15050.29133
         6.81e-06       15063.95794
         6.82e-06       15093.70372
         6.83e-06       15072.73766
         6.84e-06       15092.01218
         6.85e-06       15126.08228
         6.86e-06       15095.89472
         6.87e-06       15104.16416
         6.88e-06       15109.32908
         6.89e-06       15120.80215
          6.9e-06       15111.01125
         6.91e-06       15064.06306
         6.92e-06       15040.13583
         6.93e-06       15008.32037
         6.94e-06       15026.94569
         6.95e-06       15024.60502
         6.96e-06       15050.14646
         6.97e-06       15082.55596
         6.98e-06       15086.09226
         6.99e-06       15082.35745
            7e-06       15071.12168
         7.01e-06       15079.83268
         7.02e-06       15064.68822
         7.03e-06       15068.80837
         7.04e-06       15079.75565
         7.05e-06       15066.50004
         7.06e-06       15096.77033
         7.07e-06       15076.59096
         7.08e-06       15056.77042
         7.09e-06       15062.75492
          7.1e-06       15041.75712
         7.11e-06       15065.31077
         7.12e-06       15038.98882
         7.13e-06       14997.04128
         7.14e-06       14979.22201
         7.15e-06       14998.75239
         7.16e-06       14981.38458
         7.17e-06       15031.90154
         7.18e-06       15026.41739
         7.19e-06       15082.47591
          7.2e-06       15066.81146
         7.21e-06       15066.83956
         7.22e-06       15068.55604
         7.23e-06       15064.51231
         7.24e-06       15009.62428
         7.25e-06        14967.2898
         7.26e-06       14997.75384
         7.27e-06       14972.22529
         7.28e-06       14998.54878
         7.29e-06       15001.56508
          7.3e-06        15013.7091
         7.31e-06       15028.11816
         7.32e-06       15030.60376
         7.33e-06       14999.51399
         7.34e-06       15013.69449
         7.35e-06       14980.87671
         7.36e-06       14969.47441
         7.37e-06        14961.1757
         7.38e-06       14976.72388
         7.39e-06       14975.37053
          7.4e-06       15012.08349
         7.41e-06       15002.81957
         7.42e-06       15037.16073
         7.43e-06       15014.59301
         7.44e-06       15021.84146
         7.45e-06         15005.884
         7.46e-06       15035.85275
         7.47e-06        15049.5084
         7.48e-06       15016.69127
         7.49e-06       15018.05396
          7.5e-06       15001.25735
         7.51e-06       15016.47541
         7.52e-06       15045.78015
         7.53e-06       15049.28007
         7.54e-06       15034.66286
         7.55e-06       15063.62138
         7.56e-06       15049.76785
         7.57e-06       15062.97184
         7.58e-06       15042.55441
         7.59e-06       15025.06069
          7.6e-06       15059.23188
         7.61e-06       14996.60967
         7.62e-06       14991.60342
         7.63e-06       15000.81709
         7.64e-06       14986.89805
         7.65e-06       14969.59858
         7.66e-06       14980.66409
         7.67e-06       15000.98385
         7.68e-06       15027.47472
         7.69e-06       15080.43017
          7.7e-06       15054.33416
         7.71e-06       15058.76688
         7.72e-06       15047.41692
         7.73e-06        15038.7717
         7.74e-06       15008.59525
         7.75e-06       15017.34921
         7.76e-06       15044.08752
         7.77e-06       15055.36375
         7.78e-06       15033.55317
         7.79e-06       15042.93743
          7.8e-06       15024.05874
         7.81e-06       15021.59205
         7.82e-06       15022.50326
         7.83e-06       15023.13821
         7.84e-06       15035.89677
         7.85e-06       15046.05553
         7.86e-06       15008.34093
         7.87e-06        15024.3314
         7.88e-06       15031.79555
         7.89e-06       15005.34968
          7.9e-06        14958.6622
         7.91e-06       14965.11693
         7.92e-06       14953.72594
         7.93e-06       14952.08805
         7.94e-06       14972.04659
         7.95e-06       14996.52522
         7.96e-06        15012.8572
         7.97e-06       15070.16797
         7.98e-06       15056.30388
         7.99e-06       15080.79145
            8e-06       15048.47297
         8.01e-06       15062.77463
         8.02e-06       15098.37941
         8.03e-06       15095.37074
         8.04e-06       15095.40586
         8.05e-06       15078.17191
         8.06e-06       15073.13806
         8.07e-06       15044.57349
         8.08e-06       15045.19089
         8.09e-06       15028.76876
          8.1e-06       14981.49875
         8.11e-06       14974.55593
         8.12e-06       14973.23469
         8.13e-06       14984.19465
         8.14e-06       15005.12385
         8.15e-06       15024.91318
         8.16e-06       15045.68214
         8.17e-06       15047.45688
         8.18e-06       15039.60126
         8.19e-06       15049.02952
          8.2e-06       15053.25923
         8.21e-06       15048.31902
         8.22e-06       15067.97902
         8.23e-06       15075.81217
         8.24e-06       15071.78397
         8.25e-06       15049.41794
         8.26e-06       15030.83658
         8.27e-06       15061.78224
         8.28e-06       15046.28055
         8.29e-06       15071.40094
          8.3e-06       15080.15633
         8.31e-06       15054.24036
         8.32e-06       15038.84119
         8.33e-06       15035.27252
         8.34e-06       15021.53857
         8.35e-06       15037.03291
         8.36e-06       15051.78624
         8.37e-06       15033.89376
         8.38e-06       15059.68473
         8.39e-06       15048.77669
          8.4e-06       15026.34224
         8.41e-06       15029.45153
         8.42e-06       15039.79429
         8.43e-06        15016.7252
         8.44e-06       15023.90317
         8.45e-06       15006.60688
         8.46e-06         15003.563
         8.47e-06       14979.59905
         8.48e-06       14989.44923
         8.49e-06       14991.36814
          8.5e-06       14967.37632
         8.51e-06       14973.36708
         8.52e-06       14995.89849
         8.53e-06        14977.5125
         8.54e-06       14984.48689
         8.55e-06        14998.7895
         8.56e-06       15030.01345
         8.57e-06       15001.64146
         8.58e-06       15012.51852
         8.59e-06       14997.20666
          8.6e-06       14985.53388
         8.61e-06       14990.22087
         8.62e-06       14979.28881
         8.63e-06       14963.04187
         8.64e-06       14959.65549
         8.65e-06       14952.58315
         8.66e-06       14943.83498
         8.67e-06       14957.87969
         8.68e-06       14961.50644
         8.69e-06       14945.24116
          8.7e-06       14961.50287
         8.71e-06       14959.28659
         8.72e-06       14948.76376
         8.73e-06       14952.69955
         8.74e-06       14959.68383
         8.75e-06       14929.55652
         8.76e-06       14938.01631
         8.77e-06       14943.73517
         8.78e-06       14968.24626
         8.79e-06       14984.57101
          8.8e-06       15017.06026
         8.81e-06       15029.12424
         8.82e-06       15033.87101
         8.83e-06       14994.02604
         8.84e-06        14982.5259
         8.85e-06       14997.44924
         8.86e-06       14988.93856
         8.87e-06       15008.27221
         8.88e-06        15024.4691
         8.89e-06       14986.23822
          8.9e-06       14991.20459
         8.91e-06         14979.101
         8.92e-06       14994.13892
         8.93e-06       15009.36666
         8.94e-06       15006.68298
         8.95e-06       15054.32945
         8.96e-06       15026.33207
         8.97e-06       15054.75331
         8.98e-06       15056.46526
         8.99e-06       15031.51363
            9e-06         15059.161
         9.01e-06       15083.35282
         9.02e-06       15075.32322
         9.03e-06       15051.67018
         9.04e-06       15038.41073
         9.05e-06       15020.47641
         9.06e-06       15030.14403
         9.07e-06       15044.99736
         9.08e-06       15035.22709
         9.09e-06       15018.53502
          9.1e-06        15040.5474
         9.11e-06       14990.82485
         9.12e-06       14967.64612
         9.13e-06       14969.86555
         9.14e-06       14998.37899
         9.15e-06       15014.40749
         9.16e-06       15024.25555
         9.17e-06       15003.87156
         9.18e-06       14988.46055
         9.19e-06       14990.44497
          9.2e-06       15005.28936
         9.21e-06       14998.19733
         9.22e-06       15009.87721
         9.23e-06       15026.38799
         9.24e-06       15038.73264
         9.25e-06       15062.03082
         9.26e-06       15078.99554
         9.27e-06       15082.74934
         9.28e-06       15094.24251
         9.29e-06       15104.17792
          9.3e-06       15049.95032
         9.31e-06       15093.86973
         9.32e-06        15097.5146
         9.33e-06       15073.69128
         9.34e-06       15095.08929
         9.35e-06       15073.34472
         9.36e-06       15030.67082
         9.37e-06       15033.91671
         9.38e-06       15068.21191
         9.39e-06       15058.91922
          9.4e-06       15056.92375
         9.41e-06       15054.21642
         9.42e-06       15045.18188
         9.43e-06       15073.36823
         9.44e-06       15058.21771
         9.45e-06       15069.92176
         9.46e-06       15072.41964
         9.47e-06       15099.50162
         9.48e-06       15105.51462
         9.49e-06       15068.82171
          9.5e-06       15079.63524
         9.51e-06       15080.20971
         9.52e-06       15084.72548
         9.53e-06       15068.03509
         9.54e-06       15064.28888
         9.55e-06       15030.94181
         9.56e-06       15003.83905
         9.57e-06       15048.86992
         9.58e-06       15036.11531
         9.59e-06       15021.88387
          9.6e-06       15017.14041
         9.61e-06       15051.86361
         9.62e-06       15060.57637
         9.63e-06       15041.74025
         9.64e-06       15064.21827
         9.65e-06       15096.65135
         9.66e-06       15082.34066
         9.67e-06       15123.86385
         9.68e-06       15068.45443
         9.69e-06       15039.34673
          9.7e-06       15051.38441
         9.71e-06       15068.29988
         9.72e-06       15048.04816
         9.73e-06       15052.96278
         9.74e-06       15040.21036
         9.75e-06       15063.94732
         9.76e-06       15063.47537
         9.77e-06       15072.01068
         9.78e-06       15058.93574
         9.79e-06       15067.37286
          9.8e-06       15044.39224
         9.81e-06       15027.23491
         9.82e-06       15037.57955
         9.83e-06       15029.84159
         9.84e-06       15047.05124
         9.85e-06       15021.27335
         9.86e-06       15013.03307
         9.87e-06       15009.93933
         9.88e-06       15032.98218
         9.89e-06       15008.64187
          9.9e-06       15030.10079
         9.91e-06       15027.20653
         9.92e-06       15018.54746
         9.93e-06       15035.19938
         9.94e-06       15035.24322
         9.95e-06       15064.23479
         9.96e-06       15069.52448
         9.97e-06       15076.56841
         9.98e-06       15038.82092
         9.99e-06       15055.20193
            1e-05       15021.49574
        1.001e-05       15020.48676
        1.002e-05       15004.60188
        1.003e-05        15001.9822
        1.004e-05       15043.60499
        1.005e-05        15048.4173
        1.006e-05       15021.39708
        1.007e-05       15024.12262
        1.008e-05       15038.71578
        1.009e-05       15044.45568
         1.01e-05       15043.84815
        1.011e-05       15025.76808
        1.012e-05       14991.00927
        1.013e-05       14997.91093
        1.014e-05       14991.05625
        1.015e-05       14991.74743
        1.016e-05       15005.22884
        1.017e-05       15023.53378
        1.018e-05        14985.9576
        1.019e-05       14981.46953
         1.02e-05        14969.3859
        1.021e-05       14986.51637
        1.022e-05       15007.60779
        1.023e-05       14990.68745
        1.024e-05       14998.57205
        1.025e-05       15012.76324
        1.026e-05       15022.10452
        1.027e-05        15033.8568
        1.028e-05        15053.1733
        1.029e-05       15047.45132
         1.03e-05       15029.92795
        1.031e-05       15027.86987
        1.032e-05       15053.70497
        1.033e-05       15039.14279
        1.034e-05       15043.95993
        1.035e-05       15046.79375
        1.036e-05        15064.3934
        1.037e-05       15043.61465
        1.038e-05       15027.69603
        1.039e-05       15013.79937
         1.04e-05       15029.80617
        1.041e-05       15011.65059
        1.042e-05       14989.35401
        1.043e-05       14973.91837
        1.044e-05       14985.11146
        1.045e-05       14995.67649
        1.046e-05        14996.7456
        1.047e-05       14987.52854
        1.048e-05       14987.66954
        1.049e-05       14976.30991
         1.05e-05       14959.31259
        1.051e-05       14963.60785
        1.052e-05       14958.93506
        1.053e-05       14971.72757
        1.054e-05        15004.3384
        1.055e-05       15005.85256
        1.056e-05       15020.38452
        1.057e-05       15036.55973
        1.058e-05       15010.02532
        1.059e-05       15046.79897
         1.06e-05       15057.13903
        1.061e-05       15060.27531
        1.062e-05       15068.61938
        1.063e-05       15069.63556
        1.064e-05       15042.08528
        1.065e-05       15045.22991
        1.066e-05       15054.31623
        1.067e-05       15027.42196
        1.068e-05       15012.29908
        1.069e-05        15008.4314
         1.07e-05       15032.54778
        1.071e-05       15019.82906
        1.072e-05       15025.38339
        1.073e-05       15028.82814
        1.074e-05       15012.95886
        1.075e-05       15015.60445
        1.076e-05       15025.73334
        1.077e-05       15017.76847
        1.078e-05       15001.63289
        1.079e-05       14989.27761
         1.08e-05       15008.72157
        1.081e-05        15069.7145
        1.082e-05       15071.10441
        1.083e-05       15070.29618
        1.084e-05       15108.24592
        1.085e-05        15105.6033
        1.086e-05       15121.39548
        1.087e-05       15121.71792
        1.088e-05       15073.40333
        1.089e-05       15055.67721
         1.09e-05       15052.30551
        1.091e-05       15073.26001
        1.092e-05       15042.85198
        1.093e-05       15043.01106
        1.094e-05       15062.30978
        1.095e-05       15053.02272
        1.096e-05       15050.58224
        1.097e-05       15035.61817
        1.098e-05       15030.91218
        1.099e-05       15044.67386
          1.1e-05       15017.32818
        1.101e-05       15018.26269
        1.102e-05       15018.60835
        1.103e-05       15014.53173
        1.104e-05       15009.68542
        1.105e-05       15002.04101
        1.106e-05       14992.69341
        1.107e-05       14975.74071
        1.108e-05       14995.25211
        1.109e-05       14942.46485
         1.11e-05       14936.71454
        1.111e-05       14965.28865
        1.112e-05       14966.69369
        1.113e-05       14958.10576
        1.114e-05       14936.78668
        1.115e-05       14939.81775
        1.116e-05       14948.48432
        1.117e-05       14966.07692
        1.118e-05       14993.00177
        1.119e-05       15016.28024
         1.12e-05       15013.94406
        1.121e-05       14986.18909
        1.122e-05       14993.19282
        1.123e-05       14993.72155
        1.124e-05       14985.84485
        1.125e-05       14992.62726
        1.126e-05       14987.88297
        1.127e-05       14985.94491
        1.128e-05       14969.04652
        1.129e-05       14982.02108
         1.13e-05       14969.53073
        1.131e-05       14971.25541
        1.132e-05       14956.03324
        1.133e-05       14957.43099
        1.134e-05       14965.01847
        1.135e-05       14989.66029
        1.136e-05       15009.44311
        1.137e-05       15005.56788
        1.138e-05       14981.92196
        1.139e-05       14963.80517
         1.14e-05        14965.2121
        1.141e-05       15004.48929
        1.142e-05       15042.53853
        1.143e-05       15034.01798
        1.144e-05        15026.0965
        1.145e-05       15051.53728
        1.146e-05       15060.32287
        1.147e-05       15046.16568
        1.148e-05       15013.11543
        1.149e-05       15009.41668
         1.15e-05       14996.19454
        1.151e-05       15005.91644
        1.152e-05        15012.2588
        1.153e-05       15009.94162
        1.154e-05       15020.07139
        1.155e-05       15024.13201
        1.156e-05       15059.39725
        1.157e-05       15063.60195
        1.158e-05       15108.99752
        1.159e-05       15080.85225
         1.16e-05        15107.3933
        1.161e-05       15118.49545
        1.162e-05       15131.78254
        1.163e-05       15129.61616
        1.164e-05       15106.00262
        1.165e-05       15070.19278
        1.166e-05        15095.9733
        1.167e-05       15063.54858
        1.168e-05       15076.36612
        1.169e-05       15068.44984
         1.17e-05       15068.91232
        1.171e-05       15037.02335
        1.172e-05        15028.8416
        1.173e-05       15010.41355
        1.174e-05       14992.22121
        1.175e-05       15011.83245
        1.176e-05       14995.58203
        1.177e-05       15000.50538
        1.178e-05        15006.1636
        1.179e-05       14995.66569
         1.18e-05       15020.08898
        1.181e-05       15019.38851
        1.182e-05       15006.46405
        1.183e-05       14992.79181
        1.184e-05       14982.86199
        1.185e-05       15009.10445
        1.186e-05       15026.48151
        1.187e-05       15019.64617
        1.188e-05       15055.17374
        1.189e-05       15008.49544
         1.19e-05       15011.80241
        1.191e-05       15025.88035
        1.192e-05       15035.74293
        1.193e-05       15013.63547
        1.194e-05       15020.66746
        1.195e-05        15000.4354
        1.196e-05       15004.98623
        1.197e-05       15001.79875
        1.198e-05       14994.35897
        1.199e-05       14998.74602
          1.2e-05       14997.21899
        1.201e-05       15001.55608
        1.202e-05       15020.09791
        1.203e-05        15009.9998
        1.204e-05       15005.01303
        1.205e-05       14991.83981
        1.206e-05       15002.63858
        1.207e-05       14999.70207
        1.208e-05       14994.87082
        1.209e-05       15043.48626
         1.21e-05       15052.18368
        1.211e-05       15055.73616
        1.212e-05       15059.49142
        1.213e-05        15054.8762
        1.214e-05       15024.02332
        1.215e-05       15038.14787
        1.216e-05       15063.97996
        1.217e-05       15056.85114
        1.218e-05       15052.28484
        1.219e-05       15036.20828
         1.22e-05       15001.62845
        1.221e-05        14966.5175
        1.222e-05       14984.14553
        1.223e-05       14976.49432
        1.224e-05       14981.19789
        1.225e-05       14974.01126
        1.226e-05       14987.55482
        1.227e-05       15013.75552
        1.228e-05       15002.01908
        1.229e-05       14999.32451
         1.23e-05       14994.11892
        1.231e-05       14994.79816
        1.232e-05       14974.84501
        1.233e-05       14976.31195
        1.234e-05       14989.16222
        1.235e-05         14999.404
        1.236e-05       14988.93411
        1.237e-05       15000.08542
        1.238e-05       14974.35807
        1.239e-05       14984.07763
         1.24e-05       14966.49735
        1.241e-05       14935.56724
        1.242e-05       14925.48659
        1.243e-05       14885.16853
        1.244e-05       14901.72833
        1.245e-05       14913.77529
        1.246e-05       14910.68733
        1.247e-05       14938.99324
        1.248e-05        14935.6832
        1.249e-05       14913.19651
         1.25e-05       14891.12884
        1.251e-05       14909.86764
        1.252e-05       14921.47879
        1.253e-05       14939.24556
        1.254e-05       14951.81659
        1.255e-05       14980.77194
        1.256e-05       14947.50395
        1.257e-05       14950.27425
        1.258e-05       14995.18613
        1.259e-05       15016.31396
         1.26e-05        14994.7219
        1.261e-05       14990.84266
        1.262e-05       14967.88983
        1.263e-05       14956.28921
        1.264e-05       14999.40441
        1.265e-05        14968.4804
        1.266e-05       14963.22363
        1.267e-05       14960.37927
        1.268e-05       14969.06492
        1.269e-05       14969.93492
         1.27e-05       15003.19903
        1.271e-05       15006.45887
        1.272e-05       14990.35739
        1.273e-05       15016.12565
        1.274e-05        14986.1139
        1.275e-05       14973.46034
        1.276e-05       14959.47918
        1.277e-05       14952.58989
        1.278e-05       14945.79895
        1.279e-05       14944.60836
         1.28e-05       14939.20785
        1.281e-05       14945.64006
        1.282e-05       14954.83591
        1.283e-05       14943.42667
        1.284e-05       14926.73205
        1.285e-05       14908.67786
        1.286e-05       14912.28575
        1.287e-05       14913.05397
        1.288e-05       14916.32068
        1.289e-05       14944.47136
         1.29e-05       14923.01591
        1.291e-05       14952.56245
        1.292e-05       14960.92699
        1.293e-05       14933.62157
        1.294e-05       14937.30957
        1.295e-05       14948.85075
        1.296e-05       14954.97156
        1.297e-05       14945.41015
        1.298e-05       14960.69778
        1.299e-05       14999.57248
          1.3e-05       14961.53361
