/*--------------------------------*- C++ -*----------------------------------*\
| =========                 |                                                 |
| \\      /  F ield         | OpenFOAM: The Open Source CFD Toolbox           |
|  \\    /   O peration     | Version:  v1706                                 |
|   \\  /    A nd           | Web:      www.OpenFOAM.com                      |
|    \\/     M anipulation  |                                                 |
\*---------------------------------------------------------------------------*/
FoamFile
{
    version     2.0;
    format      ascii;
    class       volScalarField;
    location    "0.04";
    object      dsmcSigmaTcRMax;
}
// * * * * * * * * * * * * * * * * * * * * * * * * * * * * * * * * * * * * * //

dimensions      [0 3 -1 0 0 0 0];


internalField   nonuniform List<scalar> 
6000
(
8.129231267e-16
8.637628573e-16
7.759944619e-16
8.197473643e-16
8.516576716e-16
8.081164238e-16
8.030557443e-16
8.409615871e-16
8.462863383e-16
8.546369177e-16
7.860968885e-16
8.20287035e-16
8.194381638e-16
8.111595743e-16
8.768795423e-16
8.173760368e-16
8.208082462e-16
8.182506725e-16
8.448992523e-16
8.760579145e-16
7.916634373e-16
8.161966871e-16
8.389663681e-16
8.092532725e-16
8.298232711e-16
8.332679994e-16
7.933800128e-16
7.963631015e-16
8.282606147e-16
7.999050383e-16
7.688799077e-16
7.821944202e-16
8.276456824e-16
8.1498953e-16
8.067239044e-16
8.182197384e-16
7.966113265e-16
7.791488888e-16
7.877025827e-16
8.082873607e-16
7.787047331e-16
7.940622581e-16
7.801004744e-16
8.007423719e-16
8.00631136e-16
7.609710922e-16
8.034573705e-16
7.58681134e-16
8.621107126e-16
7.411024211e-16
7.659829039e-16
7.985708167e-16
7.93777031e-16
7.780369829e-16
8.394010071e-16
7.278664362e-16
7.778305102e-16
7.608396109e-16
7.867323692e-16
7.596040335e-16
7.37172668e-16
7.430653431e-16
8.133305755e-16
7.846250713e-16
7.200037732e-16
7.203926894e-16
7.417057379e-16
7.401400962e-16
8.095138958e-16
7.353304517e-16
7.548469777e-16
7.099648482e-16
7.678163883e-16
7.190867056e-16
7.896209455e-16
6.668044247e-16
8.56583398e-16
7.532692126e-16
7.009556235e-16
7.279534761e-16
6.956611049e-16
7.118403786e-16
6.874556686e-16
7.540271079e-16
7.392971982e-16
7.380128214e-16
6.951132102e-16
6.824055099e-16
7.400505802e-16
6.488771751e-16
7.180497449e-16
6.58534456e-16
6.946661439e-16
6.628621397e-16
7.0813279e-16
6.783541478e-16
7.944925203e-16
6.789642005e-16
6.762643979e-16
7.177407109e-16
6.789130919e-16
6.576573383e-16
7.132540837e-16
6.558672827e-16
7.261253669e-16
6.668974853e-16
6.625603885e-16
6.564651179e-16
6.706623474e-16
6.742296161e-16
6.646102413e-16
7.416773557e-16
6.684278047e-16
6.662798516e-16
7.495858665e-16
6.666176028e-16
7.390651472e-16
6.839054013e-16
6.918405556e-16
6.58683629e-16
6.651457399e-16
6.604794968e-16
6.973645468e-16
6.657732469e-16
6.381033285e-16
6.627256269e-16
7.047565693e-16
7.509339364e-16
6.562429561e-16
6.866083621e-16
6.724006614e-16
7.202754606e-16
6.846975769e-16
6.559205586e-16
6.543582355e-16
6.813279112e-16
6.551588949e-16
6.699742632e-16
6.524762647e-16
6.715200286e-16
6.76892307e-16
6.675330476e-16
6.651111111e-16
6.8986597e-16
6.528286047e-16
6.643920779e-16
6.729796112e-16
6.963753164e-16
6.903745913e-16
6.403225911e-16
6.807996815e-16
6.670962624e-16
7.530968917e-16
7.063355086e-16
6.7499382e-16
7.192423398e-16
6.773338904e-16
6.725804571e-16
6.91661469e-16
6.56032433e-16
6.74944675e-16
6.880760951e-16
6.557912232e-16
6.522046749e-16
6.862347331e-16
6.767690487e-16
6.985241278e-16
6.883341469e-16
6.872630359e-16
6.645052575e-16
7.007810414e-16
6.727331026e-16
6.599911122e-16
6.760984536e-16
6.665739646e-16
6.975798831e-16
6.724292226e-16
6.910541858e-16
6.742355456e-16
6.666395028e-16
6.65406384e-16
6.692804443e-16
6.816496803e-16
7.042661844e-16
6.8829161e-16
6.559928943e-16
6.808295874e-16
6.668660803e-16
6.478450005e-16
6.657600732e-16
6.732437491e-16
6.804286167e-16
6.993272022e-16
6.814198125e-16
6.571350986e-16
6.71364823e-16
6.707874698e-16
6.855421365e-16
6.720575159e-16
6.814747415e-16
7.007238712e-16
6.804611767e-16
7.089823372e-16
6.612541027e-16
7.215728749e-16
6.614309896e-16
6.881894032e-16
6.773558238e-16
6.970775965e-16
7.177340315e-16
6.553649332e-16
6.676884554e-16
6.83343863e-16
6.641222288e-16
6.439673812e-16
6.608981097e-16
7.11997984e-16
6.735196534e-16
7.09860951e-16
6.758288528e-16
7.063944755e-16
6.931580651e-16
6.810800288e-16
6.861542028e-16
6.538056015e-16
6.901802338e-16
6.855177116e-16
6.647662599e-16
6.672247687e-16
6.604924118e-16
6.660468921e-16
6.616233313e-16
6.586870335e-16
6.572013973e-16
6.842115846e-16
6.627280015e-16
6.723048245e-16
6.905661547e-16
6.621592612e-16
6.782730552e-16
6.741486621e-16
6.695292182e-16
6.693570677e-16
6.802113389e-16
6.893864781e-16
7.046073645e-16
6.546545282e-16
6.461618609e-16
6.392239097e-16
6.684712306e-16
6.607171794e-16
6.730090976e-16
6.82163372e-16
6.794783461e-16
6.542593781e-16
6.967565621e-16
6.503937896e-16
6.719840285e-16
6.908439239e-16
6.771593288e-16
7.101047319e-16
6.655503954e-16
7.048675537e-16
7.163402733e-16
6.423613938e-16
6.614239473e-16
6.640400113e-16
6.994064911e-16
6.882850232e-16
6.637042765e-16
6.865204925e-16
6.897200107e-16
6.826933376e-16
6.547107123e-16
6.730239247e-16
6.681509972e-16
6.751734146e-16
6.923282848e-16
6.787865802e-16
7.042033533e-16
6.776628659e-16
6.508889821e-16
6.634608955e-16
6.445152082e-16
6.793586119e-16
7.07456855e-16
6.883492386e-16
6.691060078e-16
6.723252348e-16
7.026376319e-16
6.822742076e-16
7.268157228e-16
6.677589344e-16
6.716396701e-16
6.655859293e-16
6.845189133e-16
6.430288709e-16
6.600396593e-16
6.795875455e-16
6.611052028e-16
8.622014746e-16
8.678595647e-16
8.818133191e-16
8.764625822e-16
8.657373682e-16
8.752767085e-16
8.600019012e-16
8.533534884e-16
8.438319609e-16
8.788339564e-16
8.594326913e-16
8.690957506e-16
8.495680208e-16
8.42965972e-16
8.578377948e-16
8.33441391e-16
8.936375399e-16
8.907660074e-16
8.572458107e-16
8.732595853e-16
8.315942719e-16
8.774678335e-16
8.700407755e-16
8.5993845e-16
8.893709729e-16
8.741986313e-16
8.354809414e-16
8.421601934e-16
8.703090795e-16
8.67907884e-16
8.440036324e-16
9.002005952e-16
8.223875581e-16
8.453245189e-16
8.202577449e-16
8.345139115e-16
8.182684384e-16
8.195985396e-16
8.559773522e-16
8.959837258e-16
8.491799604e-16
8.59456685e-16
8.427185725e-16
8.771044653e-16
8.233713899e-16
8.211251586e-16
8.47444856e-16
8.585469646e-16
8.438539752e-16
8.376152929e-16
8.202480118e-16
8.129033442e-16
8.452640917e-16
8.739182575e-16
8.37704351e-16
8.45480601e-16
8.257238854e-16
8.420396363e-16
8.448681781e-16
8.458775228e-16
8.333835145e-16
8.355242148e-16
8.275604889e-16
8.43893126e-16
8.109283786e-16
8.494470066e-16
8.423894077e-16
8.252980365e-16
8.2084279e-16
8.735870344e-16
8.382861692e-16
8.340657358e-16
8.48626864e-16
8.327270164e-16
8.441111891e-16
8.168423338e-16
7.85797808e-16
7.932061843e-16
8.227593064e-16
8.311787387e-16
8.08037205e-16
8.209413122e-16
8.169721554e-16
7.87349918e-16
8.192854246e-16
8.612232941e-16
8.165859569e-16
8.214301598e-16
7.955609162e-16
8.264127541e-16
8.284297807e-16
8.021324895e-16
8.121270438e-16
8.535162692e-16
7.942499367e-16
8.329990277e-16
8.668917938e-16
8.584680312e-16
8.6167677e-16
9.04985032e-16
8.554472543e-16
8.42804695e-16
9.457251687e-16
8.874051847e-16
8.816026805e-16
8.659953095e-16
8.730573923e-16
8.711978809e-16
8.514571056e-16
8.482029512e-16
8.560355373e-16
8.777103081e-16
8.441427059e-16
8.643233205e-16
8.467645854e-16
8.930115752e-16
8.893051942e-16
8.816804019e-16
8.273253481e-16
8.713294391e-16
8.707888504e-16
8.707320954e-16
8.573498765e-16
8.805718645e-16
8.543043567e-16
8.441923729e-16
8.602053367e-16
8.531088078e-16
8.234559021e-16
8.286236069e-16
8.244056506e-16
8.336081041e-16
8.528504542e-16
8.325144145e-16
8.155141474e-16
8.428929803e-16
8.277982908e-16
8.474345086e-16
8.59295457e-16
8.404232771e-16
8.305566206e-16
8.374545946e-16
8.305185274e-16
8.459817668e-16
8.153920571e-16
8.35910685e-16
8.494841918e-16
8.465822347e-16
8.600104055e-16
8.177297365e-16
8.061418967e-16
8.381708407e-16
8.433282854e-16
8.363097426e-16
8.117990721e-16
8.410325502e-16
8.161283533e-16
8.168439213e-16
8.232736245e-16
8.079719816e-16
8.235487085e-16
8.370643624e-16
8.233793007e-16
8.14566599e-16
8.266003902e-16
8.917388266e-16
8.584353772e-16
8.178878959e-16
8.289629087e-16
8.060305895e-16
8.353047801e-16
8.385812965e-16
8.087525305e-16
8.220356209e-16
8.136834591e-16
8.313050002e-16
8.393831287e-16
8.104148646e-16
8.35328324e-16
8.786453227e-16
8.718518478e-16
8.129277734e-16
8.435565553e-16
8.201140062e-16
8.261675266e-16
8.337558687e-16
8.463402139e-16
7.976902358e-16
8.434894877e-16
7.534336726e-16
8.29529093e-16
8.43428257e-16
8.308634455e-16
8.381942965e-16
8.372395963e-16
8.462422676e-16
8.833803953e-16
8.597542528e-16
8.537929601e-16
8.397319349e-16
8.642113455e-16
8.697588525e-16
8.352941744e-16
8.775496769e-16
8.540108886e-16
8.564210337e-16
8.470692793e-16
8.531075154e-16
8.530499198e-16
8.960647438e-16
8.480891081e-16
8.5341013e-16
8.527572695e-16
8.346918075e-16
8.734427646e-16
8.826660555e-16
8.664330706e-16
8.514969259e-16
8.53950308e-16
8.923431994e-16
8.87264038e-16
8.372598192e-16
8.596364903e-16
8.652636281e-16
8.445072509e-16
8.202815509e-16
8.331517286e-16
8.543475421e-16
8.221252025e-16
8.546255298e-16
8.254340029e-16
8.49246614e-16
7.992340851e-16
8.216419165e-16
8.578470197e-16
8.792573401e-16
8.49734137e-16
8.385723914e-16
8.774998022e-16
8.20775939e-16
8.022700402e-16
8.208207641e-16
8.471365354e-16
8.465544199e-16
8.26313562e-16
8.156218534e-16
8.158303993e-16
8.520962048e-16
8.451933654e-16
8.604977962e-16
8.347281099e-16
8.055747926e-16
8.483148614e-16
8.118771271e-16
8.568628841e-16
8.471795925e-16
8.181502155e-16
8.487677763e-16
8.205938559e-16
8.282962165e-16
8.315509494e-16
8.411437245e-16
8.452861552e-16
8.175150222e-16
8.279835313e-16
8.553149273e-16
8.08956515e-16
8.343301114e-16
8.369754e-16
8.233237871e-16
8.205415449e-16
8.261436408e-16
8.37485882e-16
8.48078524e-16
8.558654107e-16
8.535217354e-16
8.260491854e-16
8.062856736e-16
8.294719507e-16
8.137686244e-16
7.980730238e-16
8.239934918e-16
8.171725274e-16
7.887138414e-16
7.726055744e-16
8.217616012e-16
8.158567315e-16
8.395190072e-16
8.665045738e-16
8.225309984e-16
8.446259691e-16
8.411456844e-16
8.667547179e-16
8.677651443e-16
8.197138778e-16
8.203418824e-16
8.679502222e-16
8.450419164e-16
8.464480989e-16
8.540818923e-16
8.914725977e-16
8.777431959e-16
8.5202244e-16
8.496887094e-16
8.455350406e-16
8.681616667e-16
8.659310833e-16
8.379416481e-16
8.479292133e-16
8.312088385e-16
8.889533314e-16
8.444708397e-16
8.46673589e-16
8.198446118e-16
8.770552609e-16
8.344322182e-16
8.572397395e-16
8.805621723e-16
8.516042731e-16
8.446710103e-16
8.952711036e-16
8.636780407e-16
8.211381939e-16
8.557104319e-16
8.124410725e-16
8.379337447e-16
8.470906842e-16
8.472094494e-16
8.628768143e-16
8.414262604e-16
8.400367391e-16
8.540100847e-16
8.310046299e-16
8.543987134e-16
8.610605535e-16
8.340924466e-16
8.348312967e-16
8.402647218e-16
8.141840535e-16
8.259521456e-16
8.686670622e-16
8.44059623e-16
9.0170067e-16
8.243509635e-16
8.387333908e-16
8.215518139e-16
8.636971784e-16
8.504131153e-16
8.091601587e-16
8.563304134e-16
8.167688414e-16
8.89771548e-16
8.502052339e-16
8.181096404e-16
8.364769618e-16
8.260640932e-16
8.252473272e-16
8.264548918e-16
8.424039987e-16
8.064957523e-16
8.006429239e-16
7.968021379e-16
8.344128368e-16
8.558034651e-16
8.259999764e-16
8.402136176e-16
8.394963641e-16
8.378110835e-16
8.137197581e-16
8.305745464e-16
8.045877209e-16
8.286234443e-16
8.541901032e-16
8.139640682e-16
7.955999263e-16
8.019309723e-16
8.210171178e-16
8.421550659e-16
7.825379138e-16
7.900699526e-16
8.149324701e-16
8.440790489e-16
8.121714451e-16
8.060664391e-16
8.240334293e-16
8.378558205e-16
8.102046021e-16
8.364953711e-16
8.624180824e-16
8.560038009e-16
8.160161243e-16
8.310934556e-16
8.50074022e-16
8.618943797e-16
8.508742675e-16
8.228694988e-16
8.343033413e-16
8.242425654e-16
8.6528801e-16
8.699178024e-16
8.365730562e-16
8.334647924e-16
8.885929614e-16
8.308210197e-16
8.023087484e-16
8.542608507e-16
8.610840437e-16
8.7071209e-16
8.222395013e-16
8.436445645e-16
8.258031696e-16
8.809208221e-16
8.456723835e-16
8.301287475e-16
8.337706835e-16
8.496307646e-16
8.35981468e-16
8.705188494e-16
8.541976628e-16
8.680197839e-16
8.300667692e-16
8.26804042e-16
8.730743094e-16
8.43583329e-16
8.141905125e-16
8.338219155e-16
8.431961036e-16
8.402934882e-16
8.418601301e-16
8.216041346e-16
8.390795442e-16
8.476400237e-16
8.791633587e-16
8.033883891e-16
8.277267896e-16
8.248959876e-16
8.339820099e-16
8.457939182e-16
8.311580215e-16
8.329912277e-16
8.149820375e-16
8.104749284e-16
8.360461572e-16
8.625607222e-16
8.242297664e-16
8.394466611e-16
8.3174688e-16
8.202702036e-16
8.23778345e-16
8.191431767e-16
8.454231128e-16
7.985957056e-16
8.298778898e-16
8.243987879e-16
9.0480481e-16
8.531627267e-16
8.443692508e-16
8.586784063e-16
8.357048975e-16
8.34484746e-16
8.653469659e-16
8.263790311e-16
8.083645918e-16
8.252241778e-16
8.13986969e-16
8.67060429e-16
8.368445611e-16
8.007597529e-16
8.242481852e-16
8.330626415e-16
8.610558124e-16
8.470632671e-16
8.501791814e-16
8.291045202e-16
8.01776738e-16
8.055655636e-16
8.076427278e-16
8.37799618e-16
8.187627829e-16
8.089304738e-16
8.078989603e-16
8.542772494e-16
8.20019401e-16
8.302263047e-16
8.072316737e-16
8.283449719e-16
8.701577815e-16
8.026809252e-16
8.620106146e-16
8.206363049e-16
8.27320112e-16
8.414745696e-16
8.157187153e-16
8.25604724e-16
8.176968122e-16
8.491076423e-16
8.370664462e-16
8.334852214e-16
8.00592874e-16
8.353185759e-16
8.318176894e-16
8.443612589e-16
8.330150988e-16
8.455201265e-16
8.393954857e-16
8.257047838e-16
8.541252706e-16
8.714226002e-16
8.667506056e-16
8.655495499e-16
8.928007291e-16
7.976152734e-16
8.696819568e-16
8.218550545e-16
8.197244846e-16
8.15028991e-16
8.980607481e-16
8.339694887e-16
8.368915245e-16
8.202757984e-16
8.324448217e-16
8.49614418e-16
8.275463253e-16
8.122071115e-16
8.14968408e-16
8.373730324e-16
8.505186182e-16
8.150310705e-16
8.362754798e-16
8.231878401e-16
8.430972769e-16
8.483322499e-16
8.220609712e-16
8.730864514e-16
8.218903344e-16
8.260794906e-16
8.265618448e-16
8.416937255e-16
8.316969654e-16
8.872195847e-16
8.27842912e-16
8.13189465e-16
8.304082516e-16
8.442835139e-16
8.862436e-16
8.274101198e-16
8.556508316e-16
8.177843806e-16
8.277848797e-16
8.552330626e-16
8.529019389e-16
8.443689697e-16
8.056564937e-16
8.665959876e-16
8.108193959e-16
8.411752832e-16
8.642871979e-16
8.480235802e-16
8.29390836e-16
7.825523142e-16
8.103681979e-16
8.148493165e-16
8.14353557e-16
8.131141722e-16
7.971530022e-16
8.1246393e-16
8.081585712e-16
8.135449785e-16
8.069790956e-16
7.85780196e-16
8.102466203e-16
8.048910758e-16
7.814485032e-16
7.783182339e-16
8.414360969e-16
7.894663967e-16
8.068095867e-16
7.957390271e-16
8.768220236e-16
8.099863229e-16
8.18828112e-16
8.272023872e-16
8.697197095e-16
8.145936662e-16
8.373671473e-16
8.436180188e-16
8.066082334e-16
8.1247012e-16
8.368375836e-16
8.318457127e-16
8.273942557e-16
8.13261708e-16
8.296847236e-16
8.084850837e-16
8.125043534e-16
8.483863566e-16
8.195384749e-16
8.378605045e-16
8.300265574e-16
8.363492915e-16
8.328936326e-16
8.194840971e-16
8.269761524e-16
8.122960132e-16
8.359149277e-16
8.152393361e-16
8.495733646e-16
8.405283918e-16
8.255218084e-16
8.265289988e-16
8.709467415e-16
8.098050196e-16
8.351582403e-16
8.701087377e-16
8.242814166e-16
8.298250522e-16
8.686607024e-16
8.152978327e-16
8.519835879e-16
8.511640187e-16
8.137947431e-16
8.104050948e-16
8.394914969e-16
8.375169917e-16
8.442906952e-16
8.516402128e-16
8.112935729e-16
8.371245542e-16
8.155917853e-16
8.354367201e-16
8.525482943e-16
8.469746332e-16
8.404557421e-16
8.786241696e-16
8.253824909e-16
8.027624112e-16
8.338803618e-16
8.393989146e-16
8.250169449e-16
8.897580185e-16
8.628751676e-16
8.628309201e-16
8.403802377e-16
8.217854247e-16
8.316795782e-16
7.825733207e-16
8.364757879e-16
8.201907494e-16
8.344351308e-16
8.235537439e-16
8.208978834e-16
8.089224485e-16
8.39754424e-16
8.437970486e-16
8.36980444e-16
8.468060131e-16
8.036341883e-16
8.252646306e-16
8.395490444e-16
8.219828659e-16
7.79697519e-16
8.688318404e-16
7.699628867e-16
7.924007307e-16
7.833252375e-16
8.315784164e-16
7.827449166e-16
7.766463948e-16
8.325040012e-16
8.378087742e-16
8.039271839e-16
7.963052474e-16
7.997562654e-16
8.098157513e-16
7.876899972e-16
8.05329688e-16
7.888331505e-16
8.009204649e-16
8.148102798e-16
8.105146732e-16
8.369406432e-16
8.550236632e-16
8.265711766e-16
8.328452718e-16
8.337373693e-16
8.383252974e-16
8.391951629e-16
8.434967173e-16
8.055193726e-16
8.158183542e-16
8.070094669e-16
8.194763421e-16
8.184648898e-16
8.159870471e-16
8.45801523e-16
8.232721961e-16
8.308065683e-16
8.212063725e-16
8.339949319e-16
8.510451768e-16
8.647617179e-16
8.331586399e-16
8.351492383e-16
8.305704519e-16
8.284525982e-16
8.502232018e-16
8.222289138e-16
8.265387173e-16
8.610792983e-16
8.340515771e-16
8.127707284e-16
8.429309613e-16
8.127908027e-16
8.420369765e-16
8.199949084e-16
8.40076677e-16
8.536811114e-16
8.275679881e-16
8.282541422e-16
8.074155068e-16
8.210610121e-16
8.503813823e-16
8.289188555e-16
8.018878035e-16
8.20661581e-16
8.148117906e-16
8.317493771e-16
8.576871062e-16
8.67887867e-16
8.593652617e-16
8.482886226e-16
9.108980822e-16
8.410065796e-16
8.026008632e-16
8.824552458e-16
8.290912468e-16
8.582761543e-16
8.201152257e-16
8.690853842e-16
8.369650689e-16
8.248549334e-16
8.567439989e-16
8.406365766e-16
8.339873389e-16
8.421694744e-16
8.395061009e-16
8.301344886e-16
8.392823692e-16
8.324827746e-16
8.586000239e-16
8.530503676e-16
8.457835152e-16
8.701255801e-16
7.991324366e-16
8.143146365e-16
7.971276025e-16
7.835546471e-16
8.189778187e-16
7.780578383e-16
8.114599009e-16
7.849752262e-16
8.100354048e-16
8.183955175e-16
7.66037243e-16
7.999494385e-16
7.874518409e-16
7.830487412e-16
7.822804405e-16
7.77309879e-16
8.175127542e-16
8.099297428e-16
7.99875339e-16
8.100434014e-16
7.834956351e-16
8.044707573e-16
8.262233207e-16
8.2545071e-16
7.794183295e-16
8.227630088e-16
8.197534651e-16
8.184202384e-16
8.286567457e-16
7.845781614e-16
8.373802136e-16
8.080351733e-16
7.99888873e-16
8.638645643e-16
7.941436031e-16
8.59289082e-16
8.181221242e-16
8.255875609e-16
8.042350359e-16
8.139008415e-16
8.40644174e-16
8.125095205e-16
8.212588055e-16
7.9394029e-16
8.702933894e-16
8.393577076e-16
8.223064864e-16
8.40299594e-16
8.174693802e-16
8.11051589e-16
8.199573729e-16
8.108808837e-16
8.387316331e-16
7.898466408e-16
8.134653273e-16
8.447025559e-16
8.286039271e-16
8.422341742e-16
7.990375555e-16
8.362009133e-16
8.639136422e-16
8.170290062e-16
8.237462877e-16
8.419195462e-16
8.236043219e-16
8.429870614e-16
8.45115791e-16
8.14712767e-16
8.682589778e-16
8.605820881e-16
8.232766162e-16
8.075478876e-16
8.245649962e-16
8.356895666e-16
8.237799066e-16
8.411598332e-16
7.92916813e-16
8.714170985e-16
8.505607629e-16
8.322798576e-16
8.645910361e-16
8.209831952e-16
8.249543298e-16
8.25250242e-16
8.365490232e-16
8.22761358e-16
8.58571643e-16
8.304527895e-16
8.363315345e-16
8.138239073e-16
8.103225167e-16
8.481112007e-16
8.341414935e-16
8.174064952e-16
8.563708605e-16
8.026098078e-16
7.885580297e-16
8.050786285e-16
8.228147408e-16
8.112171098e-16
7.754534855e-16
7.642156906e-16
7.843781176e-16
8.383773192e-16
8.03190002e-16
7.879059688e-16
7.615409413e-16
8.004571099e-16
7.677026453e-16
7.920286974e-16
7.918337327e-16
8.052515732e-16
7.755656775e-16
8.060289048e-16
8.0840003e-16
8.038803243e-16
8.038479772e-16
8.128541958e-16
7.916467516e-16
8.348838449e-16
8.240996596e-16
8.020495992e-16
8.136253405e-16
8.624004601e-16
8.040302554e-16
8.370282478e-16
8.56084554e-16
8.370302586e-16
8.313864333e-16
8.159387119e-16
8.418372166e-16
8.51256474e-16
7.957990216e-16
7.82948088e-16
8.25837717e-16
8.184058323e-16
8.173872376e-16
8.294728578e-16
7.849136637e-16
8.097543314e-16
8.636276419e-16
8.140932561e-16
8.244671194e-16
8.64986317e-16
8.245087792e-16
8.417128453e-16
8.11331235e-16
8.63221767e-16
8.637604777e-16
8.044922446e-16
8.096829181e-16
8.027151387e-16
8.291752315e-16
7.849892498e-16
8.143071415e-16
8.017010981e-16
8.464397099e-16
8.279690964e-16
8.634513412e-16
8.449819043e-16
8.32311546e-16
9.030549183e-16
8.100407247e-16
8.839683931e-16
8.099027502e-16
8.204498517e-16
8.16254892e-16
8.155757183e-16
8.107935344e-16
8.967638537e-16
8.393689886e-16
8.349637396e-16
8.462756815e-16
8.76670064e-16
8.222498268e-16
8.198843483e-16
8.16423448e-16
8.661887461e-16
8.49512404e-16
8.52728375e-16
8.347571739e-16
8.058891126e-16
8.284808585e-16
8.400177745e-16
8.107207423e-16
8.207364683e-16
8.503895068e-16
8.235561521e-16
8.264119489e-16
8.15051904e-16
8.774893899e-16
8.371561051e-16
8.238611534e-16
8.148556542e-16
8.346901046e-16
7.750824112e-16
7.750851203e-16
7.567719243e-16
8.169573254e-16
7.848095572e-16
7.56149545e-16
7.9364867e-16
7.834250654e-16
8.477100975e-16
7.656448593e-16
7.823031057e-16
7.482764448e-16
7.82717839e-16
8.067544305e-16
7.835326554e-16
8.260736243e-16
7.914935498e-16
7.914036062e-16
7.87927485e-16
7.971409143e-16
7.657073589e-16
7.79788372e-16
7.697940296e-16
8.200216891e-16
7.974320769e-16
8.366192703e-16
7.892603779e-16
8.185517796e-16
8.204309335e-16
8.415231844e-16
8.172421189e-16
8.08361335e-16
8.118663651e-16
8.258869393e-16
7.858416337e-16
8.396557551e-16
8.20316082e-16
7.893908703e-16
7.955830458e-16
7.905150807e-16
8.580161938e-16
8.46136321e-16
8.086289574e-16
8.083705434e-16
7.886365264e-16
8.188217951e-16
7.865815244e-16
7.986636998e-16
8.177525957e-16
8.425888856e-16
8.852164234e-16
8.199435623e-16
8.063010884e-16
8.25562093e-16
7.845974618e-16
7.910128763e-16
8.230629657e-16
8.205466754e-16
8.034354744e-16
8.250645164e-16
8.023422503e-16
8.104437221e-16
8.213482983e-16
8.12261933e-16
8.335817906e-16
8.067978244e-16
8.310700818e-16
8.892911469e-16
8.621421278e-16
8.1503066e-16
8.271839852e-16
8.129972328e-16
8.424233399e-16
8.382742611e-16
8.328815788e-16
8.244923678e-16
8.526797709e-16
8.165971985e-16
8.0926427e-16
8.349996655e-16
8.179314594e-16
8.261967527e-16
8.174477428e-16
8.132674956e-16
8.108553731e-16
8.497774641e-16
8.150274723e-16
8.089607422e-16
7.913739602e-16
8.285693931e-16
8.253193213e-16
8.028595179e-16
8.094433402e-16
8.878337699e-16
7.605090812e-16
7.800645281e-16
7.912322941e-16
7.469939762e-16
7.54657197e-16
7.793272909e-16
7.847684041e-16
7.686823475e-16
8.13674913e-16
7.858159399e-16
7.556158831e-16
7.862253921e-16
7.541428693e-16
7.734799986e-16
7.6438992e-16
7.53453575e-16
7.879934081e-16
7.743760368e-16
8.064768346e-16
7.82512024e-16
7.723328543e-16
7.778844583e-16
8.053985795e-16
7.805609557e-16
7.564559112e-16
7.996631652e-16
8.007633825e-16
7.838327832e-16
8.117433931e-16
7.872432163e-16
7.799699766e-16
8.320304564e-16
7.846215616e-16
8.178316583e-16
8.278989734e-16
7.935310118e-16
7.97881017e-16
8.013824447e-16
8.204211107e-16
7.906779733e-16
8.285845631e-16
8.06984004e-16
8.139030923e-16
8.109842919e-16
8.074989417e-16
7.995846896e-16
9.211745786e-16
8.041374268e-16
7.815778261e-16
8.256620867e-16
8.494788806e-16
8.476673673e-16
7.955429318e-16
8.15076871e-16
8.143005819e-16
8.23282227e-16
7.896365524e-16
8.396820045e-16
8.654513063e-16
8.01559636e-16
8.110263428e-16
8.750441334e-16
8.337841825e-16
8.210035793e-16
8.109715884e-16
8.547844997e-16
8.318199187e-16
8.7466281e-16
8.293662676e-16
8.128931831e-16
8.119187165e-16
8.172601501e-16
8.2668104e-16
8.729843044e-16
7.972887079e-16
8.527567622e-16
8.553843956e-16
8.400873203e-16
8.20456935e-16
8.289827449e-16
8.210717588e-16
8.303017787e-16
8.388445259e-16
8.028208173e-16
8.100531782e-16
8.370346771e-16
8.305902424e-16
8.008358923e-16
8.185838194e-16
8.057888143e-16
8.028196043e-16
8.233137595e-16
7.853110035e-16
8.173479594e-16
7.759009562e-16
8.013983528e-16
7.738590721e-16
7.824045335e-16
7.951360027e-16
7.969996562e-16
7.434406176e-16
8.25418176e-16
7.96866598e-16
8.096524775e-16
8.119714889e-16
7.783433486e-16
7.846091737e-16
7.651922928e-16
7.449466067e-16
7.714939634e-16
7.552770227e-16
8.271375518e-16
7.909046922e-16
7.876773975e-16
7.653956968e-16
7.689736273e-16
8.66429967e-16
7.876799607e-16
7.547413311e-16
7.904303472e-16
7.693597891e-16
8.106475489e-16
8.093781853e-16
8.277116166e-16
7.750306938e-16
7.920438114e-16
7.832810217e-16
7.921743744e-16
7.685791343e-16
8.014243745e-16
7.984396001e-16
7.87784026e-16
8.424075883e-16
8.114547913e-16
8.194307123e-16
8.055423922e-16
7.823335625e-16
7.947518236e-16
8.209262256e-16
8.14652739e-16
8.011698611e-16
8.176432224e-16
7.983068706e-16
7.847389629e-16
8.021317694e-16
8.146391691e-16
8.163735345e-16
8.123201364e-16
7.874770275e-16
8.31788371e-16
8.189509182e-16
8.167005417e-16
7.998792878e-16
8.257307068e-16
8.226655446e-16
8.083507502e-16
8.709936844e-16
8.229747889e-16
8.438772751e-16
8.043378773e-16
8.45769266e-16
8.313907329e-16
7.98524149e-16
8.442137023e-16
8.86333746e-16
8.711128499e-16
7.890979989e-16
8.287042053e-16
8.10152324e-16
8.608042014e-16
8.435834281e-16
8.061553536e-16
8.095776093e-16
8.492680684e-16
8.655523252e-16
8.038145254e-16
8.142909071e-16
8.229147406e-16
8.7185152e-16
8.468656127e-16
8.468198434e-16
8.345381082e-16
8.106922762e-16
7.993692717e-16
8.101102462e-16
8.372861896e-16
8.06923048e-16
8.712688514e-16
7.929929297e-16
8.019533457e-16
7.880702361e-16
7.83331808e-16
7.988719396e-16
7.59552403e-16
7.62447186e-16
7.310482976e-16
7.297119028e-16
7.662428886e-16
8.022386519e-16
7.59265e-16
8.191452833e-16
7.845923315e-16
7.164584598e-16
7.486309241e-16
7.591115433e-16
8.110796771e-16
8.329339103e-16
8.027512936e-16
7.645965533e-16
8.147729168e-16
7.826777492e-16
7.564241049e-16
8.0392488e-16
7.535845885e-16
7.708991103e-16
7.554811088e-16
7.586857625e-16
7.874400102e-16
7.639433845e-16
7.786628914e-16
8.424111132e-16
7.758037445e-16
7.600350795e-16
8.059601289e-16
7.96532875e-16
7.917661296e-16
7.664043161e-16
7.868166281e-16
8.040524809e-16
8.013907069e-16
7.699752539e-16
7.81965533e-16
7.918846652e-16
7.86079599e-16
8.049397842e-16
8.330315716e-16
8.19408075e-16
7.834789605e-16
8.200866328e-16
7.968674485e-16
7.949525208e-16
7.84350998e-16
7.98074421e-16
8.088558161e-16
7.823237874e-16
8.082120684e-16
7.952110523e-16
8.066627542e-16
8.292319913e-16
8.096522413e-16
8.139057971e-16
7.965759166e-16
8.180343451e-16
8.332770063e-16
7.980055429e-16
8.180591159e-16
8.141427604e-16
7.917508766e-16
8.045324093e-16
8.076985475e-16
8.272380264e-16
8.110034158e-16
8.000315592e-16
7.85707039e-16
7.884455244e-16
7.908612505e-16
8.067373026e-16
8.072803196e-16
8.246040156e-16
8.347555505e-16
8.108245639e-16
7.99832914e-16
8.0877796e-16
8.145290636e-16
8.083001015e-16
7.877042821e-16
8.257836976e-16
8.244246286e-16
8.104635904e-16
8.178983734e-16
8.577120917e-16
7.915291053e-16
8.036991369e-16
8.238115478e-16
8.10083022e-16
7.896731857e-16
7.748894781e-16
7.669669567e-16
7.230998924e-16
7.87618905e-16
7.394322778e-16
7.179937862e-16
7.286370644e-16
8.175530378e-16
7.243035468e-16
7.410786375e-16
7.701553548e-16
7.47983262e-16
7.272717568e-16
7.495897079e-16
7.977927245e-16
7.659926981e-16
7.360208629e-16
7.831518286e-16
7.795195915e-16
7.616533082e-16
7.723046242e-16
7.583486568e-16
7.875822356e-16
7.444312915e-16
8.240611916e-16
7.592401812e-16
7.615603024e-16
7.645650891e-16
7.527587799e-16
8.129377086e-16
7.663870678e-16
7.848209294e-16
7.63930821e-16
7.98610771e-16
7.793175743e-16
7.873045819e-16
7.684493362e-16
8.287067011e-16
8.152672818e-16
7.587184878e-16
7.725363797e-16
7.752531523e-16
7.974287012e-16
7.81061397e-16
7.848127436e-16
8.090282867e-16
8.264219967e-16
7.985959014e-16
8.110786423e-16
8.447926994e-16
7.788467023e-16
8.098634758e-16
7.942362897e-16
7.792757437e-16
7.894432266e-16
7.800890359e-16
8.11477474e-16
8.307273006e-16
8.026753196e-16
7.998760047e-16
8.206034616e-16
7.76751983e-16
8.307096623e-16
8.342787655e-16
8.076106975e-16
8.057847892e-16
8.388183026e-16
7.887085699e-16
8.298564606e-16
8.109885759e-16
8.701404767e-16
8.191210158e-16
8.255815908e-16
8.110857563e-16
8.124810667e-16
8.128344763e-16
8.033318108e-16
8.335680189e-16
8.130289674e-16
7.980735314e-16
8.26919575e-16
8.373554124e-16
8.110457277e-16
8.47151535e-16
7.903276882e-16
8.07872769e-16
7.925502032e-16
8.18121962e-16
8.20379063e-16
8.549291705e-16
8.097576779e-16
8.521006651e-16
8.247787837e-16
7.994452761e-16
7.536702623e-16
7.949452192e-16
7.517674619e-16
7.480635911e-16
7.353208354e-16
7.075484154e-16
7.408351397e-16
7.568207304e-16
7.682518999e-16
7.208508214e-16
7.918558017e-16
7.357836674e-16
7.39285975e-16
7.641353844e-16
7.199847649e-16
7.448721296e-16
7.344033849e-16
7.467830437e-16
7.318205242e-16
8.044716257e-16
7.514165704e-16
7.711075389e-16
7.550063969e-16
7.252892487e-16
7.650746799e-16
7.801730731e-16
7.919923347e-16
7.401910462e-16
7.503965331e-16
7.463927694e-16
8.015208426e-16
8.117549317e-16
7.974433933e-16
7.951316721e-16
7.740330123e-16
8.253252317e-16
8.227001671e-16
7.730846275e-16
7.602084613e-16
7.45795348e-16
7.748994293e-16
7.428788369e-16
7.946126136e-16
8.016762757e-16
7.701654678e-16
8.382182275e-16
8.348487064e-16
7.727988962e-16
8.038639858e-16
8.065915523e-16
7.930401921e-16
8.44479358e-16
8.371259269e-16
7.905869669e-16
7.925105567e-16
7.846701453e-16
8.022055577e-16
7.829685034e-16
7.993486649e-16
8.105479104e-16
7.730022826e-16
7.970465667e-16
8.186241086e-16
8.206741704e-16
8.054662431e-16
7.962957204e-16
7.83407025e-16
7.962330548e-16
8.096086756e-16
7.941119995e-16
8.092656304e-16
8.314066931e-16
8.033389666e-16
7.842150833e-16
8.079202589e-16
7.930235964e-16
8.325136325e-16
8.456561171e-16
8.054687009e-16
7.933321724e-16
8.006720214e-16
8.038078152e-16
8.134772542e-16
8.100633957e-16
7.795876049e-16
7.913353644e-16
8.313665086e-16
7.960740113e-16
7.882976782e-16
7.966879072e-16
8.126915986e-16
7.872104987e-16
8.160233464e-16
8.106169224e-16
8.145298052e-16
7.910807032e-16
7.72111739e-16
7.497893067e-16
7.119866933e-16
7.254164348e-16
7.658391351e-16
7.084853879e-16
7.433030953e-16
7.882540216e-16
7.430257632e-16
7.698768156e-16
7.617948482e-16
7.549198765e-16
8.089398264e-16
7.547421039e-16
7.165538495e-16
7.590619543e-16
7.702926849e-16
7.769657064e-16
7.54244123e-16
7.401803019e-16
7.622033083e-16
7.067367296e-16
7.780261104e-16
8.181895464e-16
7.582565119e-16
7.269912074e-16
7.345754509e-16
7.603226884e-16
7.35790577e-16
7.888501353e-16
7.593578234e-16
7.964804517e-16
7.345295112e-16
7.645792551e-16
7.855204257e-16
8.273021103e-16
7.876966315e-16
8.002002644e-16
7.897732557e-16
7.680691129e-16
7.40002646e-16
7.75732912e-16
8.203273334e-16
7.796627907e-16
7.880094489e-16
7.583619234e-16
8.171842546e-16
7.902183225e-16
7.68161836e-16
7.955961617e-16
7.803507665e-16
8.130852144e-16
8.363812562e-16
7.847057664e-16
7.613722662e-16
7.685092887e-16
7.805600961e-16
7.701040227e-16
8.165370889e-16
8.345424049e-16
8.347201149e-16
7.945655478e-16
7.83742001e-16
7.873799377e-16
8.285445596e-16
7.92275371e-16
8.296939247e-16
8.199646246e-16
8.19251268e-16
7.865973333e-16
8.400003497e-16
8.334658954e-16
7.97784711e-16
8.171651622e-16
8.151943973e-16
8.283029217e-16
8.103858826e-16
8.028521379e-16
8.171362195e-16
7.736475653e-16
8.455735452e-16
8.287722857e-16
7.929143691e-16
8.012442916e-16
7.957374965e-16
7.833325553e-16
7.953216336e-16
8.309237024e-16
8.290357758e-16
7.719707519e-16
8.051938135e-16
8.103841208e-16
8.136745876e-16
8.070992121e-16
7.712990007e-16
7.54575614e-16
7.994536518e-16
7.167098791e-16
6.813240707e-16
7.264757253e-16
6.949188917e-16
6.999455781e-16
7.714773709e-16
7.91159166e-16
7.293854126e-16
7.761489314e-16
7.054169396e-16
7.551427364e-16
7.703455283e-16
7.613606595e-16
7.422573121e-16
7.231573453e-16
7.753044099e-16
7.501209709e-16
8.122349678e-16
7.47275023e-16
7.594271261e-16
7.529495758e-16
7.719775732e-16
7.628612988e-16
7.273518953e-16
7.438528105e-16
7.535269971e-16
7.548892342e-16
7.216318786e-16
7.439304403e-16
7.512764665e-16
7.607222619e-16
7.671846458e-16
7.480736867e-16
7.644444542e-16
7.563384127e-16
7.857871877e-16
8.073020394e-16
7.567368144e-16
7.44538951e-16
8.131614875e-16
7.773622204e-16
7.781148936e-16
8.05034851e-16
7.433653253e-16
8.054642396e-16
7.981933475e-16
7.938357987e-16
7.892395482e-16
7.640990836e-16
7.677468492e-16
8.11387911e-16
7.945630596e-16
7.878190797e-16
8.048208505e-16
7.903074999e-16
7.778427725e-16
8.069275422e-16
8.528491156e-16
7.657082518e-16
8.0082098e-16
8.333318111e-16
7.745113923e-16
7.710335902e-16
7.55050927e-16
8.068831002e-16
8.147051999e-16
7.779920221e-16
8.082141823e-16
7.9375817e-16
7.930266362e-16
8.068486827e-16
7.793930222e-16
8.073212045e-16
8.004419204e-16
8.222274264e-16
7.881645263e-16
8.106273184e-16
7.822978949e-16
7.868409089e-16
8.359557793e-16
7.87633737e-16
8.426925163e-16
8.276340563e-16
8.617593464e-16
7.856635727e-16
7.846436593e-16
7.93738458e-16
7.753563571e-16
7.873440566e-16
7.824089341e-16
8.034182618e-16
8.066675919e-16
7.96075025e-16
7.703339841e-16
7.920251176e-16
6.908726133e-16
6.855478056e-16
7.341474613e-16
7.022250441e-16
7.292053515e-16
6.839153704e-16
7.762282532e-16
7.038182133e-16
7.473618775e-16
7.385847157e-16
7.216489341e-16
7.101529634e-16
7.44610259e-16
7.836713879e-16
7.067547316e-16
7.797160493e-16
7.389282364e-16
7.286957858e-16
7.629724311e-16
7.290929838e-16
7.310612672e-16
7.382039213e-16
7.802822787e-16
7.550423804e-16
7.637160197e-16
7.209365546e-16
7.379717408e-16
7.756369014e-16
7.419701203e-16
7.198392703e-16
7.707393749e-16
7.516521746e-16
7.582609464e-16
7.378073678e-16
7.654611949e-16
7.708190632e-16
7.587178455e-16
7.602258173e-16
7.900237528e-16
7.688456007e-16
7.621157247e-16
7.671094381e-16
7.622708359e-16
7.674036746e-16
7.841031998e-16
7.462243771e-16
7.569614541e-16
7.308428667e-16
7.67201821e-16
7.521824563e-16
7.868648302e-16
7.864392015e-16
7.886149048e-16
8.263376663e-16
7.837019871e-16
7.657677551e-16
8.164587743e-16
7.673448472e-16
7.702950352e-16
7.893139352e-16
7.804021706e-16
8.260382373e-16
7.916435989e-16
7.895125535e-16
8.10528659e-16
7.581552936e-16
7.819515195e-16
7.807914332e-16
7.965356898e-16
7.921448779e-16
8.022206696e-16
8.673252678e-16
7.641805713e-16
8.035024517e-16
8.122406418e-16
7.792974593e-16
7.860699534e-16
7.931073902e-16
7.711362425e-16
7.920058426e-16
8.063973301e-16
7.849004726e-16
8.255481107e-16
8.02258716e-16
8.423306312e-16
7.780630631e-16
8.296823666e-16
7.672604176e-16
8.106795158e-16
7.927455466e-16
8.499601277e-16
7.847317795e-16
7.785033196e-16
7.707339433e-16
7.936349717e-16
7.294711556e-16
6.720449109e-16
6.669904296e-16
6.360341294e-16
7.537734719e-16
6.528745909e-16
6.94849786e-16
6.89082724e-16
6.791382383e-16
7.04552961e-16
7.110334915e-16
7.122975489e-16
7.194202386e-16
7.495147796e-16
7.68403396e-16
7.085225332e-16
7.392775233e-16
6.988604452e-16
7.092523722e-16
7.471126899e-16
7.420796772e-16
7.507996391e-16
7.349690692e-16
6.990170559e-16
7.408257976e-16
7.650927416e-16
7.739098319e-16
7.493563468e-16
7.695741828e-16
7.327842415e-16
7.40419884e-16
7.37639946e-16
7.471836721e-16
7.974289503e-16
7.324059472e-16
7.579578209e-16
7.191282034e-16
7.75934772e-16
7.873002147e-16
7.777757619e-16
7.322006919e-16
7.797325204e-16
7.93270858e-16
8.429751062e-16
7.425362555e-16
7.367010655e-16
7.473383573e-16
7.718836748e-16
7.596315093e-16
7.934186836e-16
7.569023968e-16
7.86163416e-16
7.945925481e-16
7.993176256e-16
7.688442024e-16
7.678048534e-16
7.748537702e-16
7.681821702e-16
7.591488664e-16
7.709096117e-16
7.66408801e-16
7.693479092e-16
7.910573364e-16
7.796776197e-16
7.774029732e-16
7.683705121e-16
7.871270023e-16
8.075317606e-16
7.84589117e-16
7.750575811e-16
7.728112252e-16
8.58248183e-16
8.562712031e-16
7.783888863e-16
7.653192529e-16
8.068469013e-16
8.319841245e-16
7.850326268e-16
7.85927292e-16
8.033998498e-16
8.255351213e-16
7.859304139e-16
8.063743408e-16
7.862661182e-16
7.853962605e-16
7.932980429e-16
7.952853138e-16
7.958333796e-16
8.069425485e-16
7.646137011e-16
8.300488143e-16
7.61713786e-16
8.037281058e-16
7.8783114e-16
8.297531763e-16
6.959733604e-16
6.582981992e-16
7.44783926e-16
6.877930355e-16
6.632130553e-16
7.202965992e-16
7.705403906e-16
7.513971659e-16
6.825109614e-16
7.294964189e-16
7.090423022e-16
7.779738093e-16
7.50295704e-16
6.957390919e-16
7.219566572e-16
7.225771801e-16
7.369170592e-16
7.03688727e-16
7.550942844e-16
7.219741584e-16
7.526849671e-16
7.651532265e-16
7.00313347e-16
7.163877801e-16
8.126872077e-16
7.277037688e-16
8.088773363e-16
8.088773363e-16
7.791528823e-16
7.296038732e-16
7.585864958e-16
7.318699875e-16
7.072827283e-16
7.190445793e-16
7.389730696e-16
7.613357468e-16
7.291941827e-16
7.673789216e-16
7.563699406e-16
7.449973455e-16
7.429363796e-16
7.316553087e-16
8.166293201e-16
7.903687137e-16
7.530349238e-16
7.663919918e-16
7.584314072e-16
7.724158471e-16
7.570830584e-16
7.794886518e-16
7.569792989e-16
7.678336109e-16
7.619108129e-16
7.540082365e-16
7.568543725e-16
7.888760356e-16
7.779042721e-16
7.703605529e-16
8.088292259e-16
7.606765406e-16
7.69590711e-16
7.527646185e-16
7.651820995e-16
7.679503497e-16
7.737538895e-16
7.983062097e-16
7.61417184e-16
7.648210645e-16
7.784838334e-16
7.897533044e-16
7.997388494e-16
7.696753236e-16
8.108648281e-16
7.905111069e-16
7.9989613e-16
7.624866381e-16
7.689140605e-16
7.978615648e-16
7.901800234e-16
7.611168721e-16
7.631563441e-16
7.819934326e-16
8.055967236e-16
7.726627509e-16
8.014017429e-16
7.941404373e-16
8.068415599e-16
7.704387705e-16
8.031754233e-16
7.683842058e-16
7.684951452e-16
7.696446541e-16
7.6784863e-16
7.545969407e-16
7.721177091e-16
6.849302615e-16
6.69388962e-16
7.396265788e-16
6.742387166e-16
7.174323838e-16
6.768727388e-16
6.657801624e-16
6.853564422e-16
7.53416616e-16
7.198691863e-16
7.029518252e-16
7.271443942e-16
6.697866778e-16
7.179019632e-16
7.526419905e-16
7.083305205e-16
7.209020723e-16
7.015360889e-16
7.159188901e-16
7.346700565e-16
7.1252226e-16
7.016765851e-16
7.411868377e-16
7.593846513e-16
6.857870449e-16
7.214087356e-16
7.303643798e-16
8.077823722e-16
7.183851593e-16
7.18429464e-16
7.055858918e-16
7.463698641e-16
7.414420874e-16
7.29350879e-16
7.499649613e-16
7.212319484e-16
7.125941383e-16
7.217245806e-16
7.436105428e-16
7.235321792e-16
7.420423315e-16
7.703666872e-16
7.371199954e-16
7.463963434e-16
7.834166794e-16
7.749854023e-16
8.224135621e-16
7.469251974e-16
7.471625007e-16
7.706972292e-16
7.760951418e-16
7.415139153e-16
7.48614324e-16
7.563390896e-16
7.676638439e-16
7.657830286e-16
7.91609903e-16
7.507002833e-16
8.058565278e-16
7.833268347e-16
7.866343981e-16
7.62397892e-16
7.669058784e-16
7.622463891e-16
7.611824248e-16
7.879996084e-16
7.617296994e-16
7.481112035e-16
7.6172726e-16
7.676142806e-16
7.601527169e-16
8.091015593e-16
7.922404229e-16
7.541320898e-16
8.038539826e-16
7.755705896e-16
8.028791344e-16
7.698964e-16
8.261009011e-16
7.620686756e-16
8.102116719e-16
7.679338896e-16
8.201788537e-16
8.244071496e-16
7.971204876e-16
7.735761534e-16
7.998409345e-16
7.964104686e-16
7.954190391e-16
7.652668322e-16
7.635454721e-16
8.006612582e-16
7.758649294e-16
7.566820951e-16
7.747163718e-16
6.788821554e-16
6.86370519e-16
7.146984628e-16
6.752736422e-16
6.704124477e-16
6.575926695e-16
6.991806156e-16
7.638463401e-16
6.911179358e-16
7.786645398e-16
6.953059188e-16
7.052345542e-16
7.027988169e-16
7.119562338e-16
6.944157068e-16
7.046336676e-16
7.284039368e-16
7.256121387e-16
6.757772088e-16
7.17011445e-16
6.850479598e-16
7.514931712e-16
7.435334713e-16
7.085132889e-16
7.573697655e-16
7.227632126e-16
7.753403629e-16
7.135319083e-16
7.306238638e-16
7.248800584e-16
7.093685899e-16
7.833677229e-16
7.585567388e-16
8.086317439e-16
7.54294553e-16
7.36332391e-16
7.262738279e-16
7.856462925e-16
7.763063215e-16
7.121099555e-16
7.29089532e-16
7.353211103e-16
7.457224089e-16
7.547839095e-16
7.468472191e-16
7.312414737e-16
7.955408066e-16
7.790614413e-16
7.408373298e-16
8.190841274e-16
7.435665427e-16
7.326475603e-16
7.634423403e-16
7.510933381e-16
7.693920393e-16
7.640885671e-16
7.270140186e-16
7.523373993e-16
7.679255963e-16
7.671800444e-16
7.662580509e-16
7.391488126e-16
7.936287951e-16
7.719081133e-16
7.322802373e-16
7.811592433e-16
7.725234559e-16
7.480069279e-16
7.967953365e-16
7.425590656e-16
7.521281055e-16
8.334223285e-16
7.777696138e-16
7.676769879e-16
7.71856068e-16
7.776526565e-16
7.793114985e-16
8.030835213e-16
7.689701934e-16
7.578929447e-16
8.234115348e-16
7.681043372e-16
7.668831769e-16
8.410680421e-16
7.668897468e-16
7.786482543e-16
7.561581362e-16
8.39062075e-16
7.761394941e-16
7.703386441e-16
7.495644306e-16
7.592667149e-16
7.855451679e-16
7.995987798e-16
7.663292131e-16
7.394794462e-16
6.790971945e-16
6.732500206e-16
6.660469218e-16
6.979847589e-16
7.35754081e-16
6.451273516e-16
6.976892438e-16
7.980295837e-16
7.020398181e-16
6.728479602e-16
7.202521455e-16
7.265581028e-16
7.434447653e-16
6.985334022e-16
7.058824812e-16
8.038803536e-16
7.304533252e-16
7.356477941e-16
7.240324357e-16
6.789850078e-16
7.105513163e-16
7.562244644e-16
7.490799541e-16
6.968606495e-16
6.973815729e-16
7.091808754e-16
6.830300728e-16
7.452519253e-16
7.152568803e-16
7.246279468e-16
7.263342796e-16
7.329849e-16
7.383056976e-16
7.28876315e-16
7.327907174e-16
7.379759459e-16
7.019019893e-16
7.308721251e-16
7.199836761e-16
8.145686069e-16
7.28207023e-16
7.451114702e-16
7.680050583e-16
7.374053148e-16
7.125937249e-16
7.393920982e-16
7.631193151e-16
7.383061611e-16
7.229352545e-16
7.338468416e-16
7.408670308e-16
7.505894203e-16
7.433906702e-16
7.401359442e-16
7.426397444e-16
7.438334432e-16
7.905610303e-16
7.430037312e-16
7.509895997e-16
7.347779821e-16
7.431314496e-16
7.489466847e-16
7.458737791e-16
7.317539212e-16
7.542769408e-16
7.448070392e-16
7.654395746e-16
7.687747832e-16
7.410018874e-16
7.547148984e-16
7.75108333e-16
7.920176659e-16
7.636146271e-16
7.452155715e-16
7.817816789e-16
7.953029182e-16
7.704890771e-16
8.122098949e-16
7.916273626e-16
8.029781602e-16
7.773658192e-16
7.638937222e-16
7.846112148e-16
7.593351627e-16
7.64839666e-16
8.190421712e-16
7.611731052e-16
7.660809123e-16
7.600284024e-16
7.709117096e-16
7.84313485e-16
7.531059301e-16
7.557697288e-16
7.562221988e-16
6.315293783e-16
6.755745441e-16
6.738845287e-16
6.704791016e-16
7.217025494e-16
6.830221019e-16
7.281074392e-16
6.715281046e-16
6.717367025e-16
6.766350205e-16
7.28045164e-16
6.732642605e-16
6.648112839e-16
7.166320183e-16
7.422777806e-16
6.804061959e-16
7.559867952e-16
6.991040086e-16
7.093330928e-16
7.186145503e-16
7.0947929e-16
7.020410618e-16
7.424663961e-16
7.180464863e-16
7.139563587e-16
6.975945757e-16
7.272844068e-16
6.829862522e-16
7.176660738e-16
7.020794993e-16
6.986604772e-16
7.028812916e-16
7.377317146e-16
6.782919128e-16
7.021788711e-16
7.645089936e-16
7.08837929e-16
7.689013301e-16
7.190115224e-16
7.188613518e-16
7.374673909e-16
7.049149257e-16
7.376368301e-16
7.283834591e-16
7.131144954e-16
7.371536763e-16
7.109871663e-16
7.334731508e-16
7.459455908e-16
7.835779581e-16
7.457502548e-16
7.568093071e-16
7.401399265e-16
7.469975425e-16
7.424097471e-16
7.455475567e-16
7.554929837e-16
7.40371967e-16
7.321038007e-16
8.419831925e-16
7.635859104e-16
7.585306366e-16
7.48875593e-16
7.63326794e-16
7.440423472e-16
7.392655374e-16
7.469084699e-16
7.578900615e-16
7.609673735e-16
7.507227225e-16
7.531320196e-16
8.046530985e-16
7.738204219e-16
7.555167239e-16
7.986324606e-16
8.294005937e-16
7.692695389e-16
7.670485766e-16
7.965331162e-16
7.815088951e-16
7.582793549e-16
7.495648181e-16
7.655408629e-16
7.598861166e-16
7.887793143e-16
7.940271548e-16
7.587363519e-16
7.608229711e-16
7.804343276e-16
7.593358307e-16
8.080819992e-16
7.634266675e-16
7.793119052e-16
7.552018595e-16
7.576896629e-16
6.703852029e-16
6.663703844e-16
6.636685471e-16
6.741909765e-16
6.64470713e-16
6.710177578e-16
7.349764567e-16
6.762750558e-16
6.735756036e-16
6.766036628e-16
6.733835695e-16
7.285149603e-16
6.802861585e-16
6.818586724e-16
7.105519511e-16
7.110630761e-16
7.255018058e-16
6.541618543e-16
6.981413635e-16
6.920358622e-16
6.831571305e-16
7.297480129e-16
6.749065053e-16
7.563054213e-16
6.656111021e-16
6.892062247e-16
6.83557281e-16
6.947555625e-16
7.354745623e-16
7.617424636e-16
7.069496127e-16
7.533666096e-16
7.33756655e-16
7.029786135e-16
7.015590081e-16
7.567415265e-16
7.742251544e-16
7.267056281e-16
7.445231718e-16
7.876871254e-16
7.387411876e-16
7.237842045e-16
7.224105022e-16
7.221485029e-16
7.036073827e-16
7.39445284e-16
7.449885277e-16
7.253752883e-16
7.320349289e-16
7.42105977e-16
7.208479641e-16
7.328762155e-16
7.359675349e-16
7.202878908e-16
7.380721877e-16
7.382959824e-16
7.649280134e-16
7.465642688e-16
7.423665818e-16
7.558547575e-16
7.22804536e-16
7.63293679e-16
7.482516071e-16
7.388337302e-16
7.921534193e-16
7.254552741e-16
7.641254549e-16
7.37978097e-16
7.504699208e-16
7.924328772e-16
7.793608413e-16
7.349435266e-16
7.692873757e-16
7.581913618e-16
7.55049164e-16
7.369754652e-16
7.815385314e-16
7.943790278e-16
7.924034073e-16
7.391226042e-16
7.519226809e-16
7.612922477e-16
7.360726939e-16
7.527382411e-16
8.124006038e-16
7.583759933e-16
7.731220994e-16
7.48155517e-16
7.72053479e-16
7.489006346e-16
7.747511508e-16
7.773491396e-16
7.382232604e-16
7.844568634e-16
7.587587253e-16
6.634465846e-16
6.890116372e-16
6.44996215e-16
6.838827537e-16
6.46288978e-16
6.562300142e-16
6.734906032e-16
6.860400771e-16
6.624173234e-16
6.626614686e-16
6.72668536e-16
7.136132229e-16
6.486337892e-16
7.259110333e-16
6.732707476e-16
6.461982723e-16
6.691838549e-16
6.729568287e-16
7.226085285e-16
7.000029124e-16
7.072692357e-16
6.733757351e-16
6.80053099e-16
7.079105442e-16
6.987825888e-16
7.301896053e-16
6.808210757e-16
7.38716709e-16
7.327027307e-16
7.105524175e-16
7.052031468e-16
7.087973473e-16
7.122126049e-16
7.316360795e-16
8.611505863e-16
7.041773868e-16
6.936800217e-16
7.357278618e-16
6.836789612e-16
7.307148876e-16
7.070229383e-16
7.091184169e-16
7.144895304e-16
7.044833207e-16
7.252601773e-16
7.423409882e-16
7.156369344e-16
7.168379002e-16
7.37238591e-16
7.36237346e-16
7.195466892e-16
7.364065571e-16
7.356372425e-16
7.191281904e-16
7.330538155e-16
7.282292782e-16
7.298493756e-16
7.646909023e-16
7.582999851e-16
7.481299238e-16
7.387227689e-16
7.30789603e-16
7.280848091e-16
7.544847978e-16
7.365941963e-16
7.289890695e-16
7.7824736e-16
7.937619768e-16
7.635387289e-16
7.312101354e-16
7.370840935e-16
7.701852125e-16
7.530220945e-16
7.422939373e-16
7.298479483e-16
7.609568012e-16
7.81312744e-16
7.579880035e-16
7.472699161e-16
7.33395773e-16
7.432516171e-16
7.539980453e-16
7.466298196e-16
7.991851536e-16
7.873360122e-16
7.574959256e-16
7.547162198e-16
7.709625822e-16
7.495228544e-16
7.521635936e-16
7.792809599e-16
7.497356479e-16
7.574480875e-16
7.523263498e-16
7.344906703e-16
6.551214896e-16
6.710361393e-16
6.796337719e-16
7.011735995e-16
6.628170983e-16
6.503361165e-16
6.728856237e-16
6.647958113e-16
6.598142265e-16
6.795391625e-16
6.926756842e-16
7.727653495e-16
6.565239344e-16
6.617454944e-16
6.827908613e-16
6.795318356e-16
7.973873071e-16
6.849528424e-16
7.472263752e-16
6.623026475e-16
7.067595374e-16
7.500856177e-16
6.842594588e-16
6.861874827e-16
7.031653303e-16
7.18240895e-16
6.982152967e-16
6.693040789e-16
7.065377185e-16
6.705687857e-16
6.961578741e-16
7.248167922e-16
6.972185775e-16
6.845380153e-16
7.067377371e-16
7.34414317e-16
6.979458203e-16
7.496565233e-16
7.197830475e-16
7.147921017e-16
6.950661786e-16
7.403209027e-16
6.898879176e-16
7.418093296e-16
7.180326959e-16
7.361115017e-16
7.163165277e-16
7.522157574e-16
7.343499914e-16
7.186746742e-16
7.123687197e-16
7.175714189e-16
6.936430679e-16
7.490175342e-16
7.694889746e-16
7.907159629e-16
7.446695717e-16
7.346230104e-16
7.870699954e-16
7.228228918e-16
7.612107224e-16
7.523687733e-16
7.531879377e-16
7.955000676e-16
7.263250744e-16
7.874023564e-16
7.26669695e-16
7.448168179e-16
7.939267967e-16
7.57878048e-16
7.337565207e-16
7.474930278e-16
7.356063142e-16
7.35333374e-16
7.68834314e-16
7.479570844e-16
7.716665314e-16
7.423914002e-16
7.529062923e-16
7.58430259e-16
7.993704988e-16
7.411084532e-16
7.837844088e-16
7.927514419e-16
7.543150081e-16
7.553715712e-16
7.652253474e-16
7.555172648e-16
7.446964777e-16
7.674479011e-16
7.582229622e-16
7.505354186e-16
7.716716956e-16
7.561858657e-16
7.858964348e-16
6.767015645e-16
6.570413873e-16
6.801469403e-16
6.79694104e-16
6.631014165e-16
6.811974419e-16
6.497155803e-16
7.258845666e-16
6.749299154e-16
6.760966201e-16
6.626698305e-16
7.23682401e-16
6.852083956e-16
6.608798734e-16
6.787492136e-16
6.846836328e-16
6.87711604e-16
7.104982329e-16
7.049421217e-16
6.754382446e-16
6.717645239e-16
6.819247427e-16
6.986995276e-16
7.110112084e-16
6.779169273e-16
6.869996222e-16
6.837722337e-16
6.849164534e-16
6.729871772e-16
6.926609148e-16
7.099980401e-16
7.23515512e-16
6.799312765e-16
7.207828212e-16
6.81146189e-16
7.328220592e-16
6.953025471e-16
6.899814371e-16
7.084680935e-16
6.959848499e-16
7.002633682e-16
7.26963029e-16
7.081484364e-16
6.958342101e-16
6.976905112e-16
7.056832529e-16
7.317962052e-16
7.296828112e-16
7.25461888e-16
7.232487181e-16
7.422285075e-16
7.064050757e-16
7.333315682e-16
7.48890688e-16
7.293504852e-16
7.514994541e-16
7.418286554e-16
7.421962821e-16
7.420109004e-16
7.328130992e-16
7.364145617e-16
7.218997085e-16
7.509530347e-16
7.391737145e-16
7.344270426e-16
7.284287218e-16
7.355833845e-16
7.26750871e-16
7.341181545e-16
7.622694257e-16
7.862312309e-16
7.382771188e-16
7.54068274e-16
7.443539216e-16
7.926269166e-16
7.461219727e-16
7.5117797e-16
7.649242392e-16
7.449335541e-16
7.787879677e-16
7.587066816e-16
7.996847152e-16
7.446011631e-16
7.60130495e-16
7.652098462e-16
7.643967599e-16
7.830966247e-16
7.637890061e-16
7.333082795e-16
8.013843237e-16
7.98273175e-16
7.873119641e-16
7.418672916e-16
7.361071333e-16
7.703114875e-16
6.667151912e-16
6.554237824e-16
6.594589799e-16
7.167934323e-16
6.65206335e-16
6.52045312e-16
6.847886861e-16
6.615157573e-16
6.732322253e-16
6.61547697e-16
6.679641341e-16
6.807146697e-16
7.330770501e-16
6.750021397e-16
6.45388043e-16
6.726155964e-16
6.77393306e-16
6.980084659e-16
6.635273165e-16
7.313185639e-16
6.719507527e-16
6.794893986e-16
7.001106412e-16
6.874096256e-16
6.760699836e-16
6.838550053e-16
6.952998102e-16
7.020352793e-16
6.898374194e-16
6.844707719e-16
6.690126287e-16
6.707795776e-16
6.827036623e-16
6.599380514e-16
6.866916424e-16
6.842920889e-16
6.925323144e-16
6.909066728e-16
7.070494827e-16
7.034816253e-16
7.104578199e-16
7.234443938e-16
7.295997194e-16
6.913447618e-16
7.220610688e-16
7.077069644e-16
7.739095413e-16
7.14060016e-16
7.031306992e-16
7.302519535e-16
7.110145693e-16
7.019962096e-16
7.323121162e-16
7.330928673e-16
7.217232793e-16
7.137922849e-16
7.427776337e-16
7.315528379e-16
7.175263249e-16
7.268932129e-16
7.501084914e-16
7.23315899e-16
7.555282611e-16
7.206067196e-16
7.230019105e-16
7.647825209e-16
7.298951479e-16
7.3065712e-16
7.840479561e-16
7.702577835e-16
8.257626445e-16
7.312194496e-16
7.325963541e-16
7.655083948e-16
7.239858154e-16
7.924319058e-16
7.56087207e-16
7.441161049e-16
7.402495084e-16
7.461042569e-16
7.476359793e-16
7.569456671e-16
7.458359749e-16
7.478942527e-16
7.683508365e-16
7.343493384e-16
7.500913235e-16
7.64549652e-16
7.580195885e-16
7.762943064e-16
7.504378816e-16
7.637458693e-16
7.495755122e-16
7.679712878e-16
7.528392294e-16
7.20933037e-16
7.0576524e-16
6.864541791e-16
6.678963249e-16
6.674163472e-16
6.602477021e-16
6.673275472e-16
6.6137019e-16
6.58982367e-16
6.728248709e-16
7.20961428e-16
6.415015252e-16
6.675060798e-16
7.488820242e-16
6.864913525e-16
7.05998278e-16
7.021521663e-16
6.51591003e-16
6.896200957e-16
6.948268544e-16
6.49539302e-16
6.626469826e-16
7.351151046e-16
6.671723278e-16
6.474717406e-16
6.861426417e-16
7.069001975e-16
7.242783642e-16
7.09826147e-16
6.90045013e-16
7.083690913e-16
6.962928181e-16
6.798025586e-16
7.048097079e-16
6.807225232e-16
7.151825274e-16
6.87558204e-16
7.020873109e-16
7.316584239e-16
6.787105173e-16
7.041379036e-16
6.946115157e-16
6.998869613e-16
7.204531138e-16
7.398248389e-16
7.114035626e-16
7.146834792e-16
7.329056094e-16
7.055932528e-16
6.941841483e-16
7.288056144e-16
6.946995335e-16
7.179537572e-16
7.592878663e-16
7.322643223e-16
7.241130975e-16
7.044491328e-16
7.51488029e-16
7.169408741e-16
7.134420567e-16
7.252346028e-16
7.211856155e-16
7.293170741e-16
7.428825712e-16
7.426513754e-16
7.280851423e-16
7.200579042e-16
7.367057633e-16
7.483349228e-16
7.432163719e-16
8.170786525e-16
7.651186705e-16
7.376293053e-16
7.265368125e-16
7.510196643e-16
7.353876362e-16
7.228654177e-16
7.463995167e-16
7.381717453e-16
7.309521475e-16
7.398373113e-16
7.890586983e-16
7.290155531e-16
8.107534026e-16
7.458738196e-16
7.352066869e-16
7.479213476e-16
7.465943593e-16
7.3549665e-16
7.221821801e-16
7.515167381e-16
7.580609675e-16
7.422835535e-16
7.385048366e-16
7.633801615e-16
6.791510897e-16
6.711656249e-16
6.839485695e-16
6.945137268e-16
6.707113429e-16
7.10785773e-16
6.705990887e-16
6.742252881e-16
6.916980056e-16
6.568187717e-16
6.849410562e-16
6.759305306e-16
6.718107464e-16
6.801077986e-16
6.836136714e-16
6.884037123e-16
6.599193349e-16
6.795524574e-16
6.654675151e-16
6.792491007e-16
6.811199574e-16
6.481841779e-16
6.682828439e-16
7.470962673e-16
6.609410314e-16
6.739479071e-16
7.093338002e-16
6.750633349e-16
6.434558407e-16
6.666819302e-16
6.860294665e-16
6.935229607e-16
6.756857834e-16
6.753645361e-16
6.746861939e-16
6.917154523e-16
7.083207518e-16
7.176579152e-16
7.001284732e-16
6.764617155e-16
6.755666553e-16
6.817955838e-16
7.255564405e-16
7.007543036e-16
7.113036032e-16
7.036901889e-16
7.17423357e-16
6.864561742e-16
6.997576999e-16
7.000849003e-16
6.923709807e-16
6.876339537e-16
7.316503766e-16
6.829705313e-16
7.282152377e-16
7.469887836e-16
7.191003652e-16
7.281106951e-16
7.343912481e-16
7.286259029e-16
7.309298846e-16
7.444665855e-16
7.543741224e-16
7.150546859e-16
7.391129301e-16
7.796994176e-16
7.220093706e-16
7.59483067e-16
7.023403263e-16
7.269608764e-16
7.651499343e-16
7.324820816e-16
7.552469363e-16
7.223400932e-16
7.281747061e-16
7.387640285e-16
7.257643684e-16
7.306694324e-16
7.224275428e-16
7.235808762e-16
7.521325424e-16
7.79835964e-16
7.443619046e-16
7.455610748e-16
7.721928073e-16
7.417890214e-16
7.33087095e-16
7.463323064e-16
7.29187616e-16
7.666393608e-16
7.521135128e-16
7.410431693e-16
7.534804393e-16
7.603418214e-16
7.43769111e-16
6.856945528e-16
6.716605488e-16
6.643317235e-16
6.642875507e-16
6.653516103e-16
6.942423729e-16
6.405007575e-16
6.559503615e-16
6.804891263e-16
6.707451457e-16
6.839663688e-16
6.765815326e-16
6.638095638e-16
6.688542422e-16
6.908405955e-16
6.73787408e-16
7.017612959e-16
7.067641544e-16
6.964628934e-16
6.502127513e-16
6.677248904e-16
6.869453075e-16
6.632754077e-16
7.177773274e-16
6.782973857e-16
6.497638523e-16
6.697544423e-16
6.87631204e-16
6.83988491e-16
6.665211656e-16
7.030436323e-16
6.603780756e-16
6.555826512e-16
6.725332366e-16
6.725108894e-16
6.840213338e-16
6.688427327e-16
6.901855572e-16
7.032953714e-16
6.96000537e-16
6.71249668e-16
7.083911728e-16
7.00780755e-16
6.90520548e-16
7.003822677e-16
6.865094478e-16
7.219542712e-16
7.09873589e-16
7.022733706e-16
7.435225526e-16
6.862450341e-16
7.084949488e-16
6.796853456e-16
7.098623544e-16
7.259300213e-16
7.356867815e-16
7.37948767e-16
7.220859759e-16
7.149776978e-16
7.310579255e-16
7.204379621e-16
7.212108093e-16
7.025434394e-16
7.163559848e-16
7.160233683e-16
7.212884502e-16
8.145378377e-16
7.210162022e-16
7.566315816e-16
7.340016219e-16
7.628340396e-16
7.162393709e-16
7.227295272e-16
7.344322844e-16
7.776226019e-16
7.421050446e-16
7.450502634e-16
7.267677747e-16
7.34533147e-16
7.276378766e-16
7.424125314e-16
7.629923121e-16
7.309615401e-16
7.340054249e-16
7.492098271e-16
7.236110963e-16
7.395144447e-16
7.245681122e-16
7.200084377e-16
7.732330202e-16
7.665610906e-16
7.380956801e-16
7.444478674e-16
7.373317943e-16
7.644696226e-16
6.789442726e-16
6.398525119e-16
6.558438701e-16
6.534945585e-16
7.013618364e-16
6.818987207e-16
6.639453799e-16
6.676121557e-16
6.775758599e-16
6.743353e-16
6.646285368e-16
6.611291978e-16
6.736876798e-16
6.812495428e-16
6.934277158e-16
6.907373464e-16
6.699001045e-16
6.682089726e-16
6.734728962e-16
6.477825419e-16
6.664283531e-16
7.199527166e-16
6.515078233e-16
6.688758461e-16
7.191957083e-16
7.1971654e-16
6.65701603e-16
6.68250638e-16
6.878515094e-16
7.025341165e-16
7.004167466e-16
6.911364832e-16
6.6455182e-16
6.908488439e-16
6.889469897e-16
6.812477806e-16
6.888757944e-16
6.764986523e-16
6.875350755e-16
7.126804424e-16
6.906697639e-16
6.770249959e-16
6.973542581e-16
7.455734058e-16
6.903090794e-16
7.315822819e-16
6.899074575e-16
7.082210014e-16
6.641255273e-16
6.722564822e-16
6.83897536e-16
6.945336149e-16
6.869452319e-16
6.890180717e-16
7.030559093e-16
6.787269042e-16
7.040081692e-16
6.933394761e-16
7.198314004e-16
7.122218653e-16
7.058445518e-16
7.31205219e-16
7.021645357e-16
7.096044238e-16
7.256155769e-16
7.57967721e-16
7.283800678e-16
7.146400533e-16
7.334827479e-16
7.460592214e-16
7.268348996e-16
7.282454448e-16
7.562200157e-16
7.614572226e-16
7.500854352e-16
7.333579795e-16
7.414638364e-16
7.381265209e-16
7.35893541e-16
7.666890138e-16
7.247031308e-16
7.153084823e-16
7.230342876e-16
7.314959891e-16
7.595966815e-16
7.517527462e-16
7.342558552e-16
7.367966607e-16
7.368191898e-16
7.493237497e-16
7.492578842e-16
7.31159528e-16
7.359137416e-16
7.522626987e-16
7.150519181e-16
6.957397249e-16
7.212302346e-16
6.756277386e-16
6.660573812e-16
6.9430396e-16
6.778556959e-16
6.4706055e-16
6.846685673e-16
6.941203157e-16
7.061881995e-16
6.654366482e-16
6.499010538e-16
6.667599744e-16
6.996234119e-16
6.391335814e-16
6.887852082e-16
6.855999402e-16
6.552699098e-16
6.860785816e-16
6.802816682e-16
6.956968925e-16
6.930259186e-16
6.656198258e-16
7.757205181e-16
6.701599919e-16
7.027000712e-16
6.951302856e-16
6.700197779e-16
6.934182711e-16
6.892062443e-16
7.120213402e-16
6.601422115e-16
6.65606681e-16
6.818362524e-16
6.937241232e-16
6.71385892e-16
7.012837535e-16
7.01418634e-16
6.813975581e-16
7.144927338e-16
6.699406232e-16
6.668979189e-16
6.656001467e-16
7.067464142e-16
6.858334264e-16
7.255992415e-16
6.902609857e-16
6.734722094e-16
6.747047014e-16
6.847988884e-16
6.678378077e-16
7.147892041e-16
7.034810189e-16
6.824163153e-16
7.021775867e-16
7.04774266e-16
7.058683274e-16
7.051226178e-16
7.156166099e-16
6.711763216e-16
6.943745788e-16
7.50687415e-16
7.41246896e-16
6.957183061e-16
7.224783606e-16
7.243125608e-16
7.229343063e-16
7.113032468e-16
7.329758522e-16
7.328832316e-16
7.244126366e-16
7.640401865e-16
7.468620745e-16
7.355348477e-16
7.544797319e-16
7.494324386e-16
7.196519744e-16
7.355802315e-16
7.684913266e-16
7.315745637e-16
7.448721754e-16
7.45178936e-16
7.432596557e-16
7.384383751e-16
7.250428322e-16
7.385598584e-16
7.39412972e-16
7.467391575e-16
7.366840797e-16
7.308384664e-16
7.238187192e-16
7.309140159e-16
7.528421071e-16
7.447794898e-16
7.247251035e-16
6.778926249e-16
6.624244095e-16
7.252885636e-16
7.568307603e-16
6.465458199e-16
6.802828831e-16
7.095891022e-16
6.675010223e-16
6.915860855e-16
6.863222046e-16
6.484327721e-16
6.818560216e-16
6.588400819e-16
6.867633494e-16
6.526642925e-16
6.757150589e-16
6.528915747e-16
6.906829845e-16
7.140986834e-16
6.965741906e-16
6.841115266e-16
6.507003556e-16
6.749690492e-16
7.197953001e-16
6.667613246e-16
6.663500266e-16
7.056677059e-16
7.037950245e-16
6.930819546e-16
6.575956462e-16
6.957082458e-16
6.727471821e-16
6.680729997e-16
6.869240785e-16
7.578615742e-16
6.834713416e-16
6.657185567e-16
7.384576778e-16
6.814431798e-16
7.044618913e-16
6.982111136e-16
6.728455035e-16
6.555988236e-16
7.214345303e-16
7.035955606e-16
6.717668771e-16
7.59745575e-16
7.060690084e-16
7.124293459e-16
7.158689961e-16
7.105025858e-16
6.904848634e-16
6.874098357e-16
7.150692156e-16
7.160793178e-16
6.717424493e-16
6.930681148e-16
6.912529372e-16
7.267136338e-16
6.973067379e-16
7.171214768e-16
7.048606527e-16
7.273689158e-16
7.116157186e-16
7.136318911e-16
7.105849295e-16
7.095007603e-16
7.157057639e-16
7.22216186e-16
7.161488357e-16
7.405594056e-16
7.397820721e-16
7.521014075e-16
7.319288621e-16
7.120033677e-16
7.631199715e-16
7.550610875e-16
7.648132022e-16
7.264330016e-16
7.408023583e-16
7.397658694e-16
7.506189795e-16
7.457361238e-16
7.304009285e-16
7.552898198e-16
7.457692529e-16
7.351688226e-16
7.495567881e-16
7.223353547e-16
7.366863209e-16
7.267793517e-16
7.25720741e-16
7.314924165e-16
7.388248763e-16
7.358265084e-16
6.667432241e-16
6.582678654e-16
7.158339669e-16
6.526920776e-16
6.526325197e-16
6.917281218e-16
6.840200125e-16
6.530854802e-16
7.461604722e-16
6.440371583e-16
6.655474978e-16
6.555484927e-16
6.649533072e-16
6.702648915e-16
6.417844838e-16
6.658895008e-16
6.76780433e-16
6.768586684e-16
6.831198316e-16
6.925407525e-16
7.128962084e-16
6.544458653e-16
6.530397565e-16
6.958642839e-16
6.610414688e-16
6.958946867e-16
6.835079104e-16
6.713322718e-16
6.726118675e-16
6.676711354e-16
6.706294878e-16
6.760312372e-16
6.504728771e-16
6.480467133e-16
6.640788765e-16
6.577739766e-16
6.72857906e-16
6.709322313e-16
6.588121263e-16
6.66057737e-16
7.251350572e-16
6.80102417e-16
6.553497831e-16
6.63894895e-16
6.90641531e-16
6.855316804e-16
7.033453895e-16
6.801565646e-16
6.495531913e-16
6.681447364e-16
6.877465073e-16
6.801978755e-16
7.286473729e-16
6.82356918e-16
6.897103306e-16
6.834677915e-16
6.892998842e-16
7.09053095e-16
7.350047402e-16
6.904422625e-16
6.835547348e-16
7.057955315e-16
7.417625859e-16
7.045663428e-16
7.371105929e-16
6.960089664e-16
7.172112443e-16
6.960445802e-16
7.308823124e-16
7.08029945e-16
7.175644852e-16
7.196729959e-16
7.196224099e-16
7.070975088e-16
7.237969299e-16
7.118005868e-16
7.383905632e-16
7.19598732e-16
7.142521983e-16
7.33077679e-16
7.413165863e-16
7.617385113e-16
7.345063489e-16
7.231543201e-16
7.507009002e-16
7.378200236e-16
7.196732613e-16
7.179547487e-16
7.360659194e-16
7.365678518e-16
7.123291259e-16
7.381998564e-16
7.312092805e-16
7.402838738e-16
7.208311241e-16
6.579973794e-16
6.680694679e-16
7.055658759e-16
6.865737061e-16
6.664011493e-16
6.686347577e-16
6.698864069e-16
6.46603458e-16
7.224193934e-16
6.863042326e-16
6.452442481e-16
6.530506906e-16
6.838983556e-16
6.593041933e-16
6.85912595e-16
6.47728098e-16
7.188745146e-16
6.486041811e-16
6.695642093e-16
7.011954026e-16
6.851755101e-16
6.729494017e-16
6.565074412e-16
6.90034655e-16
6.567090288e-16
6.403944844e-16
7.131995411e-16
7.123280145e-16
6.626275629e-16
6.791846107e-16
6.480175777e-16
7.011405099e-16
6.750082709e-16
6.872540196e-16
6.999535086e-16
6.757215617e-16
6.709720467e-16
6.869612494e-16
6.67939499e-16
6.732468724e-16
6.616169047e-16
7.1060125e-16
7.475580285e-16
6.826746309e-16
6.981150751e-16
6.655995642e-16
6.820297842e-16
6.981234264e-16
6.650201178e-16
6.731326879e-16
6.953064387e-16
6.974024205e-16
7.023007653e-16
7.012651913e-16
6.927167845e-16
6.747490702e-16
7.179236996e-16
6.666958879e-16
6.766945057e-16
6.969194301e-16
7.09321003e-16
7.16467543e-16
7.347010375e-16
7.207672094e-16
7.017008441e-16
7.349118235e-16
6.999948681e-16
7.278932025e-16
7.306898238e-16
7.263300682e-16
7.369327574e-16
8.160018659e-16
6.905324226e-16
7.18461377e-16
7.569944452e-16
7.17834252e-16
7.601776602e-16
7.690906027e-16
7.187053863e-16
7.603070214e-16
7.332812524e-16
7.820516684e-16
7.427943714e-16
7.159024974e-16
7.213298475e-16
7.345888426e-16
7.320893876e-16
7.364303688e-16
7.40082175e-16
7.382637704e-16
7.735404147e-16
7.33883739e-16
7.267811011e-16
7.300519045e-16
7.619939334e-16
6.700647723e-16
6.6324251e-16
6.791140544e-16
6.822032277e-16
7.130669367e-16
6.490443193e-16
6.648336212e-16
6.602884114e-16
6.728075093e-16
6.585846005e-16
6.370349096e-16
6.710744189e-16
6.74531278e-16
6.804437645e-16
6.597770681e-16
7.464317785e-16
6.632718234e-16
6.523752354e-16
6.677656923e-16
6.51511386e-16
7.19550809e-16
6.976681747e-16
6.772827696e-16
6.641177608e-16
6.620762448e-16
6.604658353e-16
6.747757335e-16
6.842371376e-16
6.901771226e-16
6.711006208e-16
6.827159369e-16
6.651085849e-16
6.679347409e-16
6.638834054e-16
6.732286426e-16
6.601883934e-16
6.689007533e-16
6.928849506e-16
7.065111757e-16
6.902099951e-16
7.173619375e-16
6.808154819e-16
6.74354441e-16
6.917892655e-16
7.045761004e-16
6.907805313e-16
6.760620986e-16
6.735134834e-16
6.607022183e-16
6.923250451e-16
6.766561982e-16
6.773740833e-16
6.7716712e-16
6.893870562e-16
6.886976865e-16
6.591115389e-16
7.181940488e-16
6.842077467e-16
6.897130448e-16
6.868470078e-16
6.743550215e-16
7.017274395e-16
7.053204246e-16
7.824941648e-16
6.991808956e-16
7.043405977e-16
7.181846662e-16
7.28037381e-16
7.06428716e-16
6.915798457e-16
6.996791997e-16
7.338564789e-16
7.233678886e-16
6.897674574e-16
6.995117655e-16
7.343768554e-16
7.300102062e-16
7.328620232e-16
7.27252819e-16
7.106962523e-16
7.235287229e-16
7.708336481e-16
7.487624255e-16
7.250852868e-16
7.624351469e-16
7.21604746e-16
7.739720894e-16
7.335742238e-16
7.466423166e-16
7.276542707e-16
7.560295191e-16
7.369343528e-16
7.222351489e-16
7.204114795e-16
7.325183398e-16
6.809525586e-16
6.594700664e-16
6.701550411e-16
6.622763267e-16
6.816586406e-16
7.259032207e-16
6.684511571e-16
6.459747928e-16
6.586226905e-16
6.741770571e-16
6.876373619e-16
6.571407273e-16
6.720924692e-16
6.655866467e-16
6.604793786e-16
6.588316423e-16
6.447913833e-16
7.1337098e-16
6.642701088e-16
6.749576494e-16
6.796827033e-16
6.712537344e-16
6.641686061e-16
6.501735751e-16
6.724119595e-16
6.644222335e-16
6.753043882e-16
6.937956643e-16
6.555720387e-16
6.870401915e-16
6.669535568e-16
6.433977684e-16
6.615413241e-16
7.479007298e-16
6.802163744e-16
6.916062097e-16
6.504788908e-16
6.462144649e-16
6.692638587e-16
7.222618612e-16
6.797438178e-16
6.721110304e-16
7.024656366e-16
6.663263497e-16
6.636364048e-16
6.59531049e-16
6.995785519e-16
6.504248592e-16
6.699693892e-16
6.787466688e-16
6.76574081e-16
6.741992685e-16
6.995627757e-16
6.628360591e-16
7.383111473e-16
6.781243982e-16
7.08462422e-16
6.745790491e-16
6.634163684e-16
7.049000822e-16
7.272087901e-16
6.778158269e-16
6.777062781e-16
6.861197837e-16
7.083345913e-16
7.079666063e-16
6.950970082e-16
7.08541948e-16
7.033524318e-16
7.041488458e-16
7.118493711e-16
7.306629989e-16
7.331196349e-16
7.013691248e-16
6.941606039e-16
7.206070367e-16
7.346687364e-16
7.183101176e-16
7.439949391e-16
7.267075569e-16
7.493847958e-16
7.488026937e-16
7.187230216e-16
7.287309536e-16
7.424681196e-16
7.25255156e-16
7.121902681e-16
7.333440479e-16
7.430696868e-16
7.120575568e-16
7.323301382e-16
7.177966142e-16
7.390793914e-16
7.47446537e-16
7.201860392e-16
7.261358887e-16
6.672739572e-16
6.46892136e-16
6.603545377e-16
6.642862417e-16
6.886225866e-16
6.816272164e-16
6.648594946e-16
6.742722168e-16
7.263774841e-16
6.620307901e-16
6.305102358e-16
6.914957982e-16
6.750390414e-16
6.848467118e-16
6.710460676e-16
6.969170349e-16
6.596149943e-16
6.667322306e-16
6.701471712e-16
6.945118591e-16
6.746836494e-16
6.627232452e-16
6.615092239e-16
6.441986724e-16
6.57795878e-16
6.757595047e-16
6.706288623e-16
6.968417385e-16
6.926934589e-16
6.71906554e-16
6.747137454e-16
6.725467531e-16
6.512338906e-16
6.772651393e-16
6.497420303e-16
6.726120546e-16
7.132540866e-16
6.765491769e-16
6.9481374e-16
6.931122162e-16
6.617304551e-16
7.169055075e-16
6.516992799e-16
6.85837486e-16
6.529771065e-16
6.911569185e-16
6.628148759e-16
6.780596592e-16
6.949700818e-16
6.640458464e-16
7.005434692e-16
6.86488664e-16
6.977687045e-16
6.715321012e-16
6.581306703e-16
7.089612799e-16
6.713715592e-16
6.82636925e-16
6.677024604e-16
6.702904471e-16
7.256142164e-16
6.815182156e-16
7.278313311e-16
7.254372299e-16
6.709276138e-16
7.130688666e-16
6.745392558e-16
7.230224315e-16
7.724736199e-16
7.039009817e-16
7.055320412e-16
7.365829151e-16
7.640695294e-16
7.070436433e-16
6.963603126e-16
7.62226072e-16
7.474769461e-16
7.078508621e-16
7.205163443e-16
7.184385995e-16
7.267691424e-16
7.074935725e-16
7.288834173e-16
7.286017314e-16
6.968118625e-16
7.158000016e-16
7.285709019e-16
7.397142033e-16
7.332426337e-16
7.264867144e-16
7.171270063e-16
7.13509601e-16
7.376348625e-16
7.320949236e-16
7.104211068e-16
6.661616674e-16
6.675423076e-16
6.526774196e-16
6.932164479e-16
6.789319735e-16
6.511306302e-16
6.908371505e-16
6.969349177e-16
6.597504611e-16
6.829812466e-16
6.799499146e-16
6.684954989e-16
6.536716748e-16
6.537587878e-16
6.435454127e-16
6.846744331e-16
6.91407582e-16
6.611377733e-16
6.60836479e-16
6.553486028e-16
6.535943094e-16
6.680855214e-16
6.829667806e-16
6.645545077e-16
6.911807186e-16
6.705479749e-16
6.956710301e-16
6.740309965e-16
6.696029871e-16
7.238740031e-16
6.789964381e-16
6.650709549e-16
7.057387282e-16
6.668323384e-16
6.681284703e-16
6.50079363e-16
6.592771374e-16
7.084457533e-16
6.833959026e-16
6.617883535e-16
6.671019813e-16
7.021124229e-16
6.528032909e-16
6.557546111e-16
6.841327255e-16
6.51789571e-16
6.729745447e-16
6.723045144e-16
6.72856436e-16
6.863794971e-16
6.504751503e-16
6.745188799e-16
6.781126247e-16
6.793602998e-16
6.777778804e-16
6.734139029e-16
6.871228307e-16
6.658054695e-16
6.574244812e-16
6.859853809e-16
6.818396519e-16
6.680418686e-16
7.040098208e-16
7.170681944e-16
7.145528523e-16
6.846691309e-16
7.66653681e-16
6.934364126e-16
6.971141857e-16
6.856539036e-16
6.881565891e-16
6.740805333e-16
7.183208862e-16
7.054579242e-16
6.908409295e-16
6.892265348e-16
7.262835731e-16
7.111159648e-16
7.134034246e-16
7.534944031e-16
7.6222984e-16
7.240782498e-16
7.253828714e-16
7.186728919e-16
7.360632679e-16
7.283597859e-16
7.124975895e-16
7.60314356e-16
7.344107887e-16
7.167058373e-16
7.402603579e-16
7.194563569e-16
7.197061747e-16
7.302585024e-16
6.957070375e-16
6.659559185e-16
6.679805066e-16
6.677769086e-16
6.579317685e-16
6.585450344e-16
6.782094651e-16
6.614061234e-16
6.5900841e-16
6.627461363e-16
6.8880907e-16
6.76340861e-16
6.960517755e-16
6.679470123e-16
6.748847151e-16
6.857696576e-16
6.900209579e-16
6.571723623e-16
6.723333738e-16
6.535219219e-16
7.004263105e-16
6.789202425e-16
6.721919968e-16
6.673261111e-16
6.654981997e-16
6.826063049e-16
6.679543734e-16
6.676948548e-16
6.557515653e-16
6.723346725e-16
6.719360653e-16
6.537532541e-16
6.573967831e-16
6.557035691e-16
6.880108059e-16
6.691585721e-16
6.637900945e-16
6.549012568e-16
6.830902664e-16
6.529609461e-16
6.662608689e-16
6.714548756e-16
6.724005199e-16
6.607990464e-16
6.891200175e-16
6.892356644e-16
6.585175392e-16
6.793371391e-16
6.581897333e-16
7.06585548e-16
6.694245262e-16
6.726989898e-16
6.839364174e-16
6.8179839e-16
6.966998651e-16
7.041035242e-16
6.66741623e-16
6.786629551e-16
6.836751621e-16
6.959587819e-16
6.84175919e-16
7.127285901e-16
6.79870057e-16
7.188742354e-16
7.092166846e-16
6.730509946e-16
7.194969606e-16
6.676534571e-16
6.752524865e-16
6.72307331e-16
6.56661311e-16
6.991173605e-16
7.051567183e-16
6.829143548e-16
7.166099149e-16
7.122144752e-16
7.205221608e-16
6.971625745e-16
7.087488337e-16
7.02586686e-16
7.720634477e-16
7.292248061e-16
7.06812392e-16
7.329576816e-16
7.050954886e-16
7.128495051e-16
7.606965852e-16
7.280969776e-16
7.293952415e-16
7.412073815e-16
7.433396905e-16
7.274674376e-16
7.280034179e-16
7.409555515e-16
7.25916578e-16
6.731437707e-16
6.708965762e-16
6.589970817e-16
6.691608872e-16
6.581312489e-16
6.547999661e-16
6.807915242e-16
6.711995526e-16
6.872741851e-16
6.82133734e-16
6.964255851e-16
6.677212775e-16
6.775232667e-16
6.907724154e-16
6.711520457e-16
7.001956444e-16
6.554008501e-16
6.844131846e-16
6.705064671e-16
6.359632819e-16
7.201236506e-16
6.600320695e-16
6.704284943e-16
6.620783105e-16
6.787325341e-16
6.762244045e-16
6.910469456e-16
6.850237181e-16
6.632234456e-16
6.962774977e-16
6.702173625e-16
6.765530759e-16
6.733202664e-16
6.560188653e-16
6.575122123e-16
6.680473239e-16
6.630929106e-16
6.481364469e-16
6.754208823e-16
6.904132322e-16
6.540741248e-16
6.673402488e-16
7.080529435e-16
6.701753159e-16
6.609820874e-16
6.661054693e-16
6.686994956e-16
6.564463797e-16
6.768545421e-16
7.085889098e-16
6.69699296e-16
7.088465441e-16
6.405745531e-16
6.524966266e-16
6.696346027e-16
6.556062216e-16
6.858685032e-16
6.577014962e-16
6.43683162e-16
6.636726085e-16
6.822965111e-16
7.174740206e-16
6.822589335e-16
6.688236312e-16
6.965118784e-16
6.632058936e-16
7.05527648e-16
7.13662696e-16
6.909442974e-16
7.028076962e-16
6.728945388e-16
6.985973753e-16
7.208917012e-16
7.328361842e-16
6.942656951e-16
6.995480777e-16
6.648790418e-16
6.928378472e-16
7.227904468e-16
7.152761877e-16
6.981385912e-16
6.924447393e-16
7.204818268e-16
7.066273391e-16
6.995236715e-16
7.338316819e-16
7.124209924e-16
7.112474115e-16
7.112997138e-16
7.202739622e-16
7.219272483e-16
7.294643715e-16
7.173699882e-16
7.381417028e-16
7.189378711e-16
6.60830817e-16
6.630856741e-16
6.77883721e-16
6.757917435e-16
6.722020533e-16
6.594779138e-16
6.930864823e-16
6.616023344e-16
6.72676904e-16
6.512215471e-16
6.693810973e-16
6.814391637e-16
6.714923999e-16
6.467609707e-16
6.777932069e-16
6.643442442e-16
6.620100719e-16
6.718104191e-16
6.59844942e-16
6.788606714e-16
6.455993038e-16
6.54241804e-16
6.689824926e-16
6.590402362e-16
7.068580949e-16
6.661944194e-16
6.653836808e-16
6.660294555e-16
6.544765465e-16
6.649597194e-16
6.620388055e-16
6.681063825e-16
6.626916708e-16
6.582838074e-16
6.74617117e-16
6.611708898e-16
6.978515797e-16
6.891652408e-16
6.963467548e-16
6.717550967e-16
6.693125708e-16
6.96669053e-16
6.766460914e-16
6.718760245e-16
6.794961366e-16
6.53345806e-16
6.592716302e-16
6.897900042e-16
6.700259996e-16
6.623706825e-16
6.624354795e-16
6.928198105e-16
6.885293005e-16
6.472243208e-16
6.914570371e-16
6.719687832e-16
6.874024684e-16
6.848178714e-16
6.804210637e-16
6.900265221e-16
6.893416528e-16
6.714855385e-16
6.599851024e-16
6.818194959e-16
6.695772903e-16
6.791957406e-16
6.735232377e-16
6.75943408e-16
6.933891459e-16
6.832174217e-16
7.165245732e-16
7.136519998e-16
6.685348808e-16
6.86175907e-16
6.825296204e-16
6.897913641e-16
7.228409183e-16
6.973172861e-16
7.026073371e-16
7.030448124e-16
6.995682494e-16
7.240301833e-16
7.060351703e-16
7.129482803e-16
7.658629659e-16
7.077600568e-16
7.029992026e-16
7.421885949e-16
7.023275431e-16
7.19035193e-16
7.310354986e-16
7.072497174e-16
7.416169079e-16
7.374318047e-16
7.592619568e-16
6.512484592e-16
6.466835951e-16
6.503562224e-16
6.588209482e-16
6.838668333e-16
6.882362439e-16
7.164174076e-16
6.590971744e-16
6.620164337e-16
6.863262399e-16
6.6326353e-16
6.718170166e-16
6.537404546e-16
6.699342967e-16
6.423113518e-16
7.020656602e-16
6.694877796e-16
6.776916724e-16
6.559430164e-16
6.650668e-16
6.738716888e-16
6.83498752e-16
7.091044413e-16
7.096794711e-16
6.872188048e-16
6.79704163e-16
6.784379263e-16
6.843242445e-16
6.649263092e-16
7.129192821e-16
6.675807591e-16
6.585021921e-16
6.799019885e-16
6.646512411e-16
6.799792177e-16
6.785258885e-16
6.729804313e-16
6.684018773e-16
6.722371175e-16
6.801613312e-16
6.604636866e-16
6.591544541e-16
6.727572228e-16
6.603708747e-16
7.152749291e-16
6.683747738e-16
6.921597453e-16
6.950806094e-16
6.972120036e-16
6.909206486e-16
6.764763579e-16
7.04575967e-16
6.944451277e-16
6.581101074e-16
7.061668333e-16
6.770193487e-16
6.595783169e-16
6.723287265e-16
6.54966607e-16
6.70313669e-16
6.911118412e-16
6.609454385e-16
6.685848814e-16
6.802051815e-16
6.741914068e-16
6.798645482e-16
6.78062511e-16
6.641591322e-16
6.874596897e-16
7.156024885e-16
6.89401388e-16
6.917051341e-16
6.643361028e-16
6.632107734e-16
6.918976567e-16
6.648425723e-16
6.951056884e-16
7.122020717e-16
6.973626207e-16
7.24253386e-16
6.934713241e-16
7.167920835e-16
6.914850776e-16
7.079793909e-16
6.883406962e-16
7.401225189e-16
7.212413607e-16
7.07814155e-16
7.236289461e-16
7.149156001e-16
7.257339296e-16
7.239705729e-16
7.47837373e-16
7.391988988e-16
7.145863359e-16
6.51006195e-16
6.341563931e-16
6.541168513e-16
6.807332081e-16
6.732098765e-16
6.676347001e-16
6.613215207e-16
6.458080489e-16
6.908681026e-16
6.650037932e-16
6.783054574e-16
6.48340509e-16
6.659751286e-16
6.613937989e-16
6.854359438e-16
6.517581852e-16
6.673293513e-16
6.695989161e-16
6.955197737e-16
6.837321543e-16
6.746674754e-16
6.498337357e-16
6.83111842e-16
6.749782832e-16
7.286817504e-16
6.716291443e-16
6.591186723e-16
6.991654647e-16
7.064929493e-16
6.663424252e-16
6.786733434e-16
6.735096395e-16
6.738997951e-16
6.655266619e-16
7.075154489e-16
6.805297517e-16
7.229036223e-16
6.491865955e-16
6.60390975e-16
6.655591586e-16
6.639355429e-16
6.535823047e-16
6.493685499e-16
6.611539714e-16
6.835013273e-16
6.574689569e-16
7.512231378e-16
6.662924396e-16
7.091559526e-16
6.608264922e-16
6.675730522e-16
6.928539657e-16
6.848761503e-16
7.129607721e-16
6.611712848e-16
6.971132146e-16
6.763879628e-16
6.623557898e-16
6.721669081e-16
6.922799534e-16
6.612221532e-16
6.62719133e-16
6.802005516e-16
6.776056438e-16
6.727980186e-16
6.843582437e-16
6.859572616e-16
7.328245985e-16
6.765334683e-16
6.767578307e-16
6.841471269e-16
6.564822451e-16
6.83168133e-16
6.83029965e-16
7.106296098e-16
7.427471744e-16
6.85902654e-16
6.808202426e-16
7.537638669e-16
6.929882993e-16
6.888211469e-16
7.046429979e-16
6.956743933e-16
7.042777054e-16
7.072376771e-16
7.076746501e-16
7.074974621e-16
7.054999371e-16
7.235215617e-16
6.995218423e-16
7.503192703e-16
7.206808033e-16
7.181449953e-16
7.37395093e-16
7.096813428e-16
6.717110377e-16
6.643630404e-16
6.502340973e-16
6.654747706e-16
6.606724122e-16
6.547828781e-16
6.619293707e-16
6.946485319e-16
6.718887675e-16
6.620569686e-16
6.518657118e-16
6.574698987e-16
6.62657034e-16
6.842966485e-16
6.741009763e-16
6.538441442e-16
7.021945956e-16
6.739521607e-16
6.674718797e-16
6.654916283e-16
6.833263856e-16
6.740036772e-16
6.58595473e-16
6.536831156e-16
6.774951935e-16
6.746071416e-16
6.721878863e-16
7.033759961e-16
6.545205834e-16
6.801320133e-16
6.891044838e-16
6.369601997e-16
6.603599382e-16
6.640148513e-16
7.197108086e-16
6.751600445e-16
6.57877752e-16
6.578232002e-16
7.048695125e-16
7.223259467e-16
6.905820525e-16
7.058887891e-16
6.841198468e-16
6.816689455e-16
6.649371344e-16
6.789429532e-16
6.533847068e-16
6.820552183e-16
6.755947199e-16
6.627522738e-16
6.656739081e-16
6.85605267e-16
6.549155498e-16
6.563535731e-16
7.003931358e-16
6.753250793e-16
6.853156887e-16
6.667996009e-16
6.756440339e-16
7.079347705e-16
6.882931404e-16
6.854943323e-16
6.551397167e-16
6.713719872e-16
6.604368897e-16
6.980504596e-16
6.952554187e-16
6.733064526e-16
6.858792869e-16
7.132094493e-16
6.876951038e-16
6.838259678e-16
6.74356863e-16
6.698777539e-16
6.650996967e-16
6.725238389e-16
6.884522253e-16
6.93369671e-16
6.870730591e-16
6.641870794e-16
7.064581008e-16
7.442991299e-16
6.883756962e-16
7.021282921e-16
7.127985765e-16
7.149700155e-16
7.039332284e-16
6.950825644e-16
6.844988429e-16
7.191874131e-16
7.176836866e-16
7.181014996e-16
7.53297367e-16
7.221937688e-16
7.245158201e-16
6.631853884e-16
6.738612474e-16
6.697189108e-16
6.537441164e-16
6.840507403e-16
6.718325423e-16
6.616186412e-16
6.681192009e-16
6.610942991e-16
6.971333549e-16
6.671322669e-16
6.884174741e-16
7.025832692e-16
6.877208045e-16
7.043324194e-16
6.97389546e-16
6.741827723e-16
6.740552311e-16
6.57914609e-16
6.617832711e-16
6.729081176e-16
6.80995485e-16
6.882169567e-16
6.496509949e-16
7.116358261e-16
6.675460188e-16
6.765663467e-16
6.608269403e-16
6.882265352e-16
6.665233476e-16
6.792631064e-16
6.781679493e-16
6.742278401e-16
6.669152569e-16
6.759046308e-16
6.917688194e-16
6.668189531e-16
6.753496767e-16
6.72592073e-16
6.873667368e-16
6.978110537e-16
6.614452782e-16
6.895917353e-16
6.760005396e-16
6.878834748e-16
6.668687236e-16
6.734710312e-16
6.608032841e-16
6.676667044e-16
6.698753594e-16
6.909291377e-16
6.929783592e-16
6.736165404e-16
6.601961769e-16
6.706789443e-16
6.913197746e-16
6.98494894e-16
6.954480679e-16
6.761466694e-16
6.73589336e-16
7.200033477e-16
6.888736556e-16
6.70280575e-16
6.738355426e-16
6.802562902e-16
6.611011823e-16
6.886895129e-16
6.857401281e-16
6.875058083e-16
6.612575504e-16
6.833938138e-16
6.819170854e-16
6.72117761e-16
6.623593015e-16
6.765920794e-16
6.63219934e-16
6.811562276e-16
6.650402498e-16
7.136889757e-16
7.298376303e-16
6.786191234e-16
6.993542923e-16
6.909172854e-16
6.768700077e-16
6.673755729e-16
6.728212577e-16
7.00292778e-16
7.087429576e-16
7.166144227e-16
6.89435195e-16
7.132726476e-16
7.063688123e-16
7.081186218e-16
7.294872185e-16
7.112627008e-16
7.098461009e-16
6.838423467e-16
6.538921812e-16
6.881658129e-16
6.695153768e-16
6.934129762e-16
6.835508457e-16
6.57246958e-16
6.858699222e-16
6.920543328e-16
6.778412378e-16
6.865014019e-16
6.865492648e-16
6.680009078e-16
6.624657363e-16
6.685827016e-16
6.702712883e-16
6.622620146e-16
6.817062727e-16
6.83805305e-16
6.511781701e-16
6.816080363e-16
6.860632762e-16
6.58479117e-16
6.88296669e-16
6.643466797e-16
6.699749317e-16
6.603949095e-16
6.733066055e-16
6.586337363e-16
6.779302351e-16
6.738042582e-16
6.639401027e-16
6.759664721e-16
6.774335401e-16
7.023882312e-16
6.734375408e-16
6.694152834e-16
6.611901051e-16
6.607856446e-16
6.666208286e-16
6.775500373e-16
6.973628496e-16
6.928456902e-16
6.788958071e-16
6.631955801e-16
6.89491728e-16
6.793191179e-16
6.967152822e-16
6.64510987e-16
6.851664585e-16
6.884517695e-16
6.946812225e-16
6.78914061e-16
6.867656512e-16
6.850544335e-16
6.780042852e-16
6.900905324e-16
7.140724573e-16
6.714753994e-16
6.704044731e-16
6.597515199e-16
6.922103409e-16
6.555160276e-16
6.931535757e-16
6.74500286e-16
6.717114953e-16
6.942736282e-16
6.648568359e-16
7.063151865e-16
6.777778286e-16
6.931209986e-16
6.649105281e-16
6.752371841e-16
6.780698804e-16
6.716105747e-16
7.054947388e-16
6.954671608e-16
6.715716036e-16
6.922038047e-16
6.676520398e-16
7.200050635e-16
6.895739232e-16
6.78861499e-16
6.854579665e-16
7.409355078e-16
6.912944382e-16
6.9548876e-16
7.052882892e-16
6.826824313e-16
7.204108474e-16
6.82697853e-16
7.168138642e-16
7.110909878e-16
7.386547696e-16
6.593159169e-16
6.629301999e-16
6.620699404e-16
6.470023521e-16
6.933030063e-16
6.863885483e-16
6.465531037e-16
6.988244022e-16
6.636796058e-16
6.525371267e-16
6.67577194e-16
6.80978512e-16
6.777262861e-16
7.026728699e-16
6.860198987e-16
6.651861369e-16
6.60415938e-16
6.693107679e-16
6.706364753e-16
6.96419889e-16
6.741058642e-16
6.882127651e-16
6.940208402e-16
6.566183884e-16
6.657661651e-16
6.652928868e-16
6.603406737e-16
6.486553367e-16
6.85612239e-16
7.148431187e-16
6.719779128e-16
6.724732687e-16
7.061121752e-16
6.777293242e-16
6.541065358e-16
6.540003979e-16
6.839178724e-16
6.723946932e-16
6.7215833e-16
6.617296483e-16
6.839539065e-16
6.609662751e-16
7.103891795e-16
6.806909136e-16
7.198937447e-16
6.848253965e-16
6.761460623e-16
6.921759844e-16
6.937456057e-16
6.677243917e-16
6.601568449e-16
6.964671911e-16
6.760607673e-16
7.029751643e-16
6.755525435e-16
6.725547279e-16
6.583722052e-16
6.872092144e-16
6.893536129e-16
7.075505709e-16
6.746128533e-16
6.648540095e-16
6.780837131e-16
6.899943366e-16
7.015428044e-16
6.8019385e-16
6.816664605e-16
6.883627835e-16
6.602469341e-16
6.976059162e-16
6.77467821e-16
6.704524131e-16
6.795498001e-16
6.899328054e-16
6.596534083e-16
6.566994271e-16
6.601875051e-16
7.152500512e-16
6.62665023e-16
6.771011637e-16
6.71011401e-16
6.971644868e-16
6.912475785e-16
6.851522118e-16
6.909452564e-16
6.95267984e-16
6.857404477e-16
6.656228732e-16
6.980710228e-16
6.905616538e-16
6.861777512e-16
7.147835604e-16
6.862951972e-16
7.165904578e-16
7.187217237e-16
6.802569472e-16
6.869182679e-16
6.671538824e-16
6.970787936e-16
6.726621834e-16
6.537834492e-16
6.623779502e-16
6.489317017e-16
6.477431061e-16
6.543918207e-16
6.716316663e-16
6.752850107e-16
6.86079286e-16
6.702827971e-16
6.791397407e-16
6.739129856e-16
6.596010137e-16
6.535531108e-16
6.694636003e-16
6.779561746e-16
6.608802204e-16
6.69385356e-16
6.763639916e-16
6.794908138e-16
6.497898356e-16
6.682498079e-16
6.632195997e-16
6.636251479e-16
6.667422609e-16
6.868970173e-16
6.666755928e-16
6.41558724e-16
7.108426483e-16
6.966370253e-16
6.694330375e-16
6.821088247e-16
6.540276526e-16
6.668430255e-16
6.757053986e-16
6.789222909e-16
6.733328871e-16
6.586049454e-16
6.651167492e-16
6.788862936e-16
6.903334311e-16
7.07272592e-16
6.82679901e-16
6.58723731e-16
6.817299865e-16
6.762749435e-16
7.121372573e-16
6.867963875e-16
6.913123893e-16
6.934291266e-16
7.227790164e-16
6.714887395e-16
6.549988913e-16
6.811080143e-16
6.816453986e-16
6.57546958e-16
7.072883147e-16
7.02292758e-16
6.93291713e-16
6.999047604e-16
6.708074945e-16
6.648806499e-16
6.987587417e-16
6.810344753e-16
7.050928685e-16
6.738791881e-16
7.061719438e-16
7.20513232e-16
6.727361507e-16
6.813271913e-16
7.02946285e-16
6.68831961e-16
6.822190968e-16
7.100496052e-16
6.811930763e-16
6.637018608e-16
6.606864309e-16
7.08279029e-16
6.773561571e-16
6.884355187e-16
6.720064348e-16
6.690376374e-16
7.057522744e-16
6.6942881e-16
6.837319593e-16
6.793994698e-16
6.835853421e-16
6.983466421e-16
6.962349993e-16
6.936635111e-16
6.803241192e-16
6.64919122e-16
6.691774113e-16
6.775006095e-16
6.733556255e-16
6.788998132e-16
6.815022781e-16
6.640006015e-16
6.702017395e-16
7.04734829e-16
6.744670685e-16
6.631986219e-16
6.548939882e-16
6.692877573e-16
6.583089234e-16
6.85556798e-16
6.73532679e-16
6.675565928e-16
6.702865244e-16
6.546009797e-16
6.605208227e-16
6.850859837e-16
7.032410356e-16
6.820741007e-16
6.822278157e-16
6.515659746e-16
6.582918861e-16
6.602316033e-16
6.714335382e-16
6.811688017e-16
6.570278189e-16
6.86501374e-16
6.577922752e-16
6.599637602e-16
7.150996294e-16
6.693357376e-16
6.972902427e-16
6.911206341e-16
6.71039459e-16
6.880722e-16
6.570067366e-16
6.467157573e-16
7.109753012e-16
6.945917515e-16
6.906949418e-16
6.634462859e-16
6.622568398e-16
6.924786039e-16
6.929465029e-16
7.006640162e-16
6.91215068e-16
6.86228105e-16
7.29440242e-16
6.646812378e-16
6.63646026e-16
6.872361344e-16
6.803466257e-16
6.650934992e-16
6.65443437e-16
7.373973883e-16
7.39748874e-16
6.685334905e-16
6.70357523e-16
6.908095691e-16
6.692877665e-16
6.881970821e-16
6.655678258e-16
6.510098164e-16
6.589082544e-16
6.936418118e-16
6.851843758e-16
6.606728147e-16
6.761214035e-16
6.6926848e-16
6.861249203e-16
6.795220541e-16
6.589656469e-16
6.766965085e-16
6.70530705e-16
7.051968094e-16
6.98180913e-16
6.623411449e-16
6.86921289e-16
6.848308645e-16
6.767693858e-16
6.981871275e-16
6.808440407e-16
6.902597643e-16
7.249894525e-16
6.766505461e-16
6.973730135e-16
6.857040869e-16
6.617459007e-16
6.988522579e-16
6.691567711e-16
6.999224837e-16
6.401569498e-16
6.748824212e-16
6.92323155e-16
6.749104956e-16
6.658311374e-16
6.633209016e-16
6.561658165e-16
6.841589418e-16
6.703862133e-16
6.568632022e-16
6.902513508e-16
6.595563278e-16
6.913107512e-16
6.686353664e-16
6.966009909e-16
6.674355537e-16
6.784172704e-16
6.862925497e-16
6.72755639e-16
6.922172551e-16
6.807858985e-16
6.685462111e-16
6.685052675e-16
6.667367169e-16
6.470011337e-16
6.888842765e-16
7.078133314e-16
6.968651927e-16
6.852844071e-16
6.817499059e-16
6.625896954e-16
6.789024002e-16
7.101465648e-16
6.964253176e-16
6.981374898e-16
6.565185057e-16
6.583658159e-16
6.665516826e-16
6.497411214e-16
6.785738938e-16
6.483484815e-16
6.580244128e-16
6.629254537e-16
6.874821102e-16
6.766282935e-16
6.601401623e-16
6.575349595e-16
7.045640954e-16
6.605592987e-16
7.129859053e-16
6.888353019e-16
6.672372392e-16
6.949746789e-16
6.819746857e-16
6.821583978e-16
6.888483163e-16
6.949071007e-16
6.921824979e-16
6.792787096e-16
6.749324617e-16
6.706770803e-16
7.004866285e-16
6.838781177e-16
6.746121795e-16
6.664594049e-16
6.575319026e-16
6.602590257e-16
6.784745666e-16
6.822108663e-16
6.613897025e-16
6.835765226e-16
6.771516736e-16
6.998970381e-16
6.941204342e-16
6.802836045e-16
6.501413251e-16
7.369265771e-16
7.033874994e-16
6.872102242e-16
6.688707675e-16
6.778225999e-16
6.662778922e-16
6.708279534e-16
6.839523715e-16
6.831208212e-16
6.642969542e-16
6.687253469e-16
6.915597329e-16
6.844033028e-16
7.155550422e-16
6.908586078e-16
6.939738156e-16
7.02734961e-16
6.740929406e-16
6.915090048e-16
6.650296035e-16
6.811577473e-16
6.539751976e-16
6.874955795e-16
6.607480283e-16
6.609420702e-16
6.588197362e-16
6.905271547e-16
6.420393828e-16
6.842619082e-16
6.757429756e-16
6.798274603e-16
6.554742983e-16
6.849059036e-16
6.557736495e-16
6.689144713e-16
6.556324914e-16
6.772297598e-16
6.93586008e-16
6.806717112e-16
7.109986899e-16
6.778590454e-16
6.490702192e-16
6.611115165e-16
6.925289724e-16
6.618045735e-16
7.181842402e-16
6.759396602e-16
6.801903688e-16
6.981641838e-16
6.534654957e-16
6.702716165e-16
7.127251464e-16
6.603435582e-16
6.78224286e-16
6.815113962e-16
6.916848123e-16
6.807931107e-16
6.528097398e-16
6.640894797e-16
6.672685779e-16
6.998652808e-16
6.617514753e-16
7.143842725e-16
6.604763098e-16
6.814898433e-16
6.571139202e-16
6.936233787e-16
6.824473342e-16
6.820126e-16
6.658128798e-16
6.86067128e-16
6.634567682e-16
6.567500951e-16
7.123997967e-16
6.660761425e-16
7.104062701e-16
6.63462811e-16
6.663652077e-16
7.070051078e-16
7.221931826e-16
6.832853297e-16
6.68920381e-16
6.713273398e-16
6.575165489e-16
6.739562898e-16
6.782894702e-16
6.996544952e-16
6.548441769e-16
6.773721323e-16
6.780126826e-16
6.941617524e-16
6.64221258e-16
6.72080086e-16
6.563014636e-16
6.80934801e-16
6.866905859e-16
6.78066857e-16
7.048133586e-16
6.64086956e-16
6.800027345e-16
6.923038986e-16
6.776564162e-16
6.814910408e-16
6.82145466e-16
6.863884838e-16
7.356747973e-16
6.497402597e-16
7.144516489e-16
6.75977838e-16
6.863422831e-16
6.964060056e-16
6.755881518e-16
6.933692812e-16
6.921709205e-16
6.841556178e-16
6.447567628e-16
6.814597213e-16
6.746646729e-16
6.991693953e-16
6.825748559e-16
6.96769361e-16
6.689554236e-16
6.57766729e-16
7.086556161e-16
6.76747719e-16
7.061628454e-16
6.808429594e-16
6.89722947e-16
6.699740468e-16
6.522001618e-16
6.76333488e-16
6.706711434e-16
6.569855439e-16
6.689672236e-16
6.666618378e-16
6.7587411e-16
6.517808279e-16
6.535112037e-16
6.909491729e-16
6.755128961e-16
6.845923184e-16
6.934028721e-16
6.573885088e-16
6.658609543e-16
6.758124721e-16
6.991170655e-16
6.771158318e-16
6.932567988e-16
6.795408692e-16
6.662125042e-16
6.609217181e-16
6.540369898e-16
6.940553491e-16
6.647812704e-16
6.824854019e-16
6.77222062e-16
6.612261296e-16
6.88175734e-16
6.788329149e-16
6.620253318e-16
6.487817501e-16
6.705540087e-16
6.696929575e-16
6.715872344e-16
6.716683283e-16
6.761339547e-16
6.806431755e-16
6.787048083e-16
6.751330974e-16
6.834727782e-16
6.76747026e-16
7.319618658e-16
6.831783708e-16
6.759816434e-16
6.838695041e-16
6.86580642e-16
6.793054452e-16
6.659075144e-16
6.947399101e-16
6.711715898e-16
6.948790319e-16
6.838730052e-16
6.699028415e-16
6.85306396e-16
6.620627045e-16
6.889575739e-16
6.853642638e-16
6.537640449e-16
6.910990903e-16
6.779364052e-16
6.962623604e-16
6.579342453e-16
6.615979682e-16
6.747443471e-16
6.977051281e-16
6.632210317e-16
6.797929567e-16
6.60711373e-16
6.809943372e-16
6.72390866e-16
6.725861664e-16
6.7988275e-16
6.742741769e-16
6.7675905e-16
6.834795294e-16
6.957674539e-16
6.683372917e-16
7.113266281e-16
7.054197641e-16
6.674891941e-16
6.760634331e-16
6.780089271e-16
6.509658129e-16
6.957833881e-16
6.617114795e-16
6.839660229e-16
6.531876401e-16
6.636044337e-16
6.925331911e-16
6.676201332e-16
6.534856328e-16
6.595547862e-16
6.645790083e-16
6.96502483e-16
6.935926739e-16
6.794504853e-16
7.130311207e-16
6.81406169e-16
6.520990139e-16
6.643156589e-16
6.821248985e-16
6.596041342e-16
6.72833203e-16
6.578675803e-16
6.573900014e-16
6.611072519e-16
6.786615242e-16
7.06124729e-16
6.937983372e-16
7.01564942e-16
7.154221712e-16
6.772674284e-16
6.766052539e-16
6.791016448e-16
6.989343529e-16
6.897370001e-16
7.01928406e-16
6.764154481e-16
7.048674529e-16
6.503464274e-16
6.718310198e-16
6.903636487e-16
6.994210201e-16
6.751538178e-16
6.886835377e-16
6.865290214e-16
6.662232558e-16
6.734475792e-16
6.615689e-16
6.893784832e-16
6.577704145e-16
7.227681794e-16
6.593058839e-16
6.585529519e-16
6.740981476e-16
7.037871456e-16
6.744305378e-16
6.843320158e-16
6.67321908e-16
6.961088159e-16
6.709333244e-16
6.713604476e-16
6.743306213e-16
6.871842976e-16
6.551004639e-16
6.711461629e-16
6.839810317e-16
6.900682731e-16
6.757339893e-16
6.76105522e-16
6.849587009e-16
6.863475282e-16
6.710804717e-16
7.006927874e-16
6.916873598e-16
6.731484151e-16
6.732601913e-16
6.748698149e-16
6.714168231e-16
6.867353539e-16
6.803455178e-16
6.857681117e-16
6.801717699e-16
6.728391652e-16
6.685187394e-16
6.52564661e-16
6.741429291e-16
6.971198913e-16
7.009305616e-16
6.740365978e-16
7.030333222e-16
7.002782667e-16
6.829512763e-16
6.693649958e-16
6.820761188e-16
6.745723306e-16
6.574526973e-16
6.639677985e-16
6.747116473e-16
6.529513702e-16
6.699991581e-16
6.537028594e-16
6.971563214e-16
6.570211316e-16
6.690137881e-16
6.779086014e-16
6.4403365e-16
6.537056708e-16
6.917695495e-16
7.057378912e-16
6.816246902e-16
6.861749567e-16
6.796506634e-16
6.64597417e-16
6.918472036e-16
6.628554817e-16
6.69099361e-16
6.728034249e-16
6.691451026e-16
6.915802652e-16
6.910357962e-16
6.68829331e-16
6.587970445e-16
7.007003276e-16
6.644863096e-16
6.93765128e-16
6.915345003e-16
6.862052146e-16
6.731613195e-16
6.887517822e-16
6.682753038e-16
6.601528017e-16
6.484884471e-16
6.85070157e-16
6.634024752e-16
6.6929309e-16
6.908861818e-16
6.721039611e-16
6.711045625e-16
6.795429645e-16
6.787802935e-16
7.037416376e-16
6.669137577e-16
6.608963098e-16
6.618488806e-16
6.997039771e-16
6.667518943e-16
6.804955491e-16
6.532650976e-16
6.722658602e-16
6.856307479e-16
7.173840152e-16
6.859638558e-16
6.637356065e-16
6.784375627e-16
7.053111216e-16
6.865953929e-16
6.612720363e-16
6.739443757e-16
6.84017407e-16
6.535298031e-16
6.466621664e-16
6.441007189e-16
6.798747197e-16
6.926466914e-16
6.545616832e-16
7.170572094e-16
6.999791021e-16
6.747220512e-16
6.946457679e-16
6.829523882e-16
6.834506454e-16
6.774257563e-16
6.669620714e-16
6.897761522e-16
6.773461018e-16
6.772269978e-16
6.967685321e-16
6.70536684e-16
7.033509184e-16
6.607517093e-16
6.743228175e-16
7.062011176e-16
6.920585363e-16
6.844058777e-16
6.981539625e-16
6.721013772e-16
6.619566791e-16
6.847844225e-16
6.848373783e-16
6.670170252e-16
6.562774341e-16
6.546982909e-16
6.797709395e-16
6.627570143e-16
6.642134516e-16
6.821801231e-16
6.710465616e-16
6.696850952e-16
6.861926578e-16
6.812949619e-16
6.923012594e-16
6.747537443e-16
6.903088642e-16
6.594970477e-16
6.993910318e-16
6.63286298e-16
6.924221948e-16
6.724970119e-16
6.592477743e-16
6.558545753e-16
7.190426727e-16
6.652612466e-16
6.770346889e-16
6.951953578e-16
6.686248346e-16
6.833075281e-16
6.950927426e-16
6.644411739e-16
6.568736883e-16
6.643655031e-16
6.650528384e-16
7.012322684e-16
6.571861809e-16
7.056553798e-16
6.73032827e-16
6.536211258e-16
6.779652583e-16
6.821616778e-16
6.58520702e-16
6.77035991e-16
6.578089467e-16
6.673528179e-16
6.774614609e-16
6.763077878e-16
6.783939139e-16
6.616444315e-16
7.045186958e-16
6.768756142e-16
6.725774561e-16
6.74678055e-16
6.773478678e-16
6.928058114e-16
6.728093243e-16
6.705363295e-16
6.646970911e-16
6.780628099e-16
7.127901043e-16
7.087097708e-16
6.694021272e-16
6.696194256e-16
7.039684868e-16
6.644211825e-16
6.790864169e-16
7.212647513e-16
6.999301873e-16
6.698138394e-16
6.858401016e-16
7.023215472e-16
6.723876452e-16
6.69560617e-16
6.746752709e-16
6.695639558e-16
6.571334513e-16
6.734605104e-16
6.755191127e-16
6.867450317e-16
6.793022955e-16
6.805372481e-16
6.789556009e-16
6.777881366e-16
6.855743871e-16
6.712358273e-16
7.03547308e-16
6.873326271e-16
6.814033566e-16
6.892415546e-16
6.867584148e-16
7.179989103e-16
7.125414983e-16
6.967775699e-16
6.698329623e-16
6.730897283e-16
6.987685102e-16
6.617983819e-16
6.854758413e-16
6.668868374e-16
6.622943153e-16
6.869023134e-16
6.762867138e-16
6.785460176e-16
6.567998742e-16
6.921898953e-16
6.872469209e-16
6.528170399e-16
6.406793965e-16
6.887547187e-16
7.025298132e-16
7.074214173e-16
6.582922199e-16
6.720610439e-16
6.794612245e-16
6.832971972e-16
6.679949334e-16
6.769239082e-16
6.608599235e-16
6.573983351e-16
6.681605178e-16
6.527645848e-16
6.648309993e-16
7.184046882e-16
6.627413382e-16
6.796948943e-16
6.612579942e-16
6.779417872e-16
6.906611062e-16
6.729049374e-16
6.770131537e-16
6.792680192e-16
6.8650606e-16
6.517891053e-16
6.755621553e-16
6.70370192e-16
6.968430597e-16
6.862310891e-16
6.529603865e-16
6.659696539e-16
7.154122059e-16
6.864481648e-16
7.055919564e-16
7.063659828e-16
6.776824469e-16
6.889514914e-16
6.628314252e-16
6.81239022e-16
6.59275481e-16
6.937766884e-16
6.658164936e-16
6.777997911e-16
6.87790224e-16
6.976472558e-16
6.708618765e-16
6.580687108e-16
6.838227818e-16
6.787559004e-16
6.841458449e-16
6.674461693e-16
6.861420158e-16
6.908668916e-16
7.011328799e-16
6.850101095e-16
6.916714813e-16
6.752301574e-16
6.698492097e-16
7.027741787e-16
6.759412972e-16
7.243300558e-16
6.879197095e-16
6.875779203e-16
6.799278269e-16
6.935206177e-16
6.768634732e-16
6.814784256e-16
6.874867374e-16
6.625790583e-16
6.934950043e-16
6.907652928e-16
6.587511392e-16
7.387136105e-16
6.677719228e-16
6.821960245e-16
6.973906333e-16
6.694487904e-16
6.866859155e-16
6.781349474e-16
6.698804915e-16
6.725472496e-16
6.659960834e-16
6.8776231e-16
)
;

boundaryField
{
    plate
    {
        type            zeroGradient;
    }
    inlet
    {
        type            zeroGradient;
    }
    defaultFaces
    {
        type            zeroGradient;
    }
}


// ************************************************************************* //
