/*--------------------------------*- C++ -*----------------------------------*\
| =========                 |                                                 |
| \\      /  F ield         | OpenFOAM: The Open Source CFD Toolbox           |
|  \\    /   O peration     | Version:  v1706                                 |
|   \\  /    A nd           | Web:      www.OpenFOAM.com                      |
|    \\/     M anipulation  |                                                 |
\*---------------------------------------------------------------------------*/
FoamFile
{
    version     2.0;
    format      ascii;
    class       volScalarField;
    location    "0.004";
    object      meanCollisionTime_Ar;
}
// * * * * * * * * * * * * * * * * * * * * * * * * * * * * * * * * * * * * * //

dimensions      [0 0 1 0 0 0 0];


internalField   nonuniform List<scalar> 
4000
(
4.088982304e-06
4.077349819e-06
4.053495612e-06
4.04699154e-06
3.996245953e-06
3.959138065e-06
3.935389063e-06
3.932636527e-06
3.866472791e-06
3.807385142e-06
3.729363521e-06
3.658240265e-06
3.552084806e-06
3.439433793e-06
3.346560477e-06
3.235365097e-06
3.090460054e-06
2.926585536e-06
2.778363823e-06
2.61745764e-06
2.419387873e-06
2.229352662e-06
2.039037081e-06
1.850817692e-06
1.639925532e-06
1.452931461e-06
1.269933268e-06
1.113898957e-06
9.798872085e-07
8.709361896e-07
7.889000423e-07
7.258580304e-07
6.739575351e-07
6.308193228e-07
5.872694916e-07
5.441514269e-07
4.986114335e-07
4.478405223e-07
3.875614099e-07
3.164272978e-07
4.079946149e-06
4.075305717e-06
4.063139614e-06
4.059616612e-06
4.047514118e-06
4.012586067e-06
3.974928484e-06
3.957429676e-06
3.923896025e-06
3.866807401e-06
3.800941597e-06
3.71835768e-06
3.64570722e-06
3.547740673e-06
3.419695345e-06
3.320323409e-06
3.186507767e-06
3.036152439e-06
2.884587857e-06
2.700953666e-06
2.515656807e-06
2.323734585e-06
2.122182887e-06
1.915499361e-06
1.704644222e-06
1.496946615e-06
1.311503404e-06
1.144129135e-06
1.005686576e-06
8.937471499e-07
8.082770607e-07
7.375535237e-07
6.832657998e-07
6.386650096e-07
5.942117182e-07
5.485783224e-07
5.022691231e-07
4.490910652e-07
3.886949123e-07
3.170798216e-07
4.093449996e-06
4.085383796e-06
4.076567372e-06
4.049261124e-06
4.036230256e-06
4.015485602e-06
3.999252234e-06
3.965188789e-06
3.919985506e-06
3.873895799e-06
3.807831508e-06
3.730525423e-06
3.652175338e-06
3.560735059e-06
3.45906366e-06
3.350916276e-06
3.227173264e-06
3.078949905e-06
2.925065638e-06
2.736185927e-06
2.56080546e-06
2.362054031e-06
2.155889216e-06
1.946249152e-06
1.728131675e-06
1.516945592e-06
1.330770284e-06
1.156746609e-06
1.019539164e-06
9.047323548e-07
8.151292338e-07
7.443341186e-07
6.872804978e-07
6.408639427e-07
5.972853431e-07
5.511941442e-07
5.029273805e-07
4.501377665e-07
3.897037672e-07
3.175103948e-07
4.091626076e-06
4.081973526e-06
4.072409767e-06
4.067582654e-06
4.046755363e-06
4.017720666e-06
3.987813221e-06
3.962362023e-06
3.928633635e-06
3.876420856e-06
3.814259342e-06
3.743582625e-06
3.654851566e-06
3.563372035e-06
3.478576546e-06
3.363326333e-06
3.245236358e-06
3.106748277e-06
2.944005068e-06
2.760899466e-06
2.582358988e-06
2.392372883e-06
2.182294737e-06
1.958601047e-06
1.752785229e-06
1.540492113e-06
1.344778519e-06
1.175714722e-06
1.02929596e-06
9.091129496e-07
8.177484096e-07
7.482560433e-07
6.919289892e-07
6.435487799e-07
5.979051573e-07
5.52773229e-07
5.041466656e-07
4.512068203e-07
3.908206962e-07
3.185535057e-07
4.092883506e-06
4.075437248e-06
4.058767054e-06
4.036823921e-06
4.027516516e-06
4.016139742e-06
3.995134685e-06
3.967789646e-06
3.928952757e-06
3.867583899e-06
3.815757681e-06
3.750645794e-06
3.683709834e-06
3.598170834e-06
3.504030982e-06
3.39169641e-06
3.252872293e-06
3.113196603e-06
2.93665693e-06
2.774364205e-06
2.600774708e-06
2.408267698e-06
2.190563997e-06
1.97502129e-06
1.758939317e-06
1.554733155e-06
1.356578722e-06
1.182461899e-06
1.034125533e-06
9.148508726e-07
8.225507097e-07
7.532980159e-07
6.962919928e-07
6.460274672e-07
6.011337843e-07
5.561860154e-07
5.053626357e-07
4.514791285e-07
3.914798178e-07
3.183220803e-07
4.099931811e-06
4.085355422e-06
4.079901221e-06
4.067078734e-06
4.052764828e-06
4.041521393e-06
4.018963585e-06
3.977305371e-06
3.930889836e-06
3.886663986e-06
3.837091225e-06
3.76437766e-06
3.691805433e-06
3.600380307e-06
3.514194035e-06
3.395359047e-06
3.262596599e-06
3.127056728e-06
2.957867122e-06
2.778355008e-06
2.608834207e-06
2.410424106e-06
2.20391613e-06
1.987712348e-06
1.771826679e-06
1.565071127e-06
1.37148232e-06
1.191412023e-06
1.043029816e-06
9.209934345e-07
8.293518417e-07
7.542628037e-07
6.981043165e-07
6.485365056e-07
6.026694664e-07
5.587387515e-07
5.089893957e-07
4.543558852e-07
3.932192929e-07
3.207100721e-07
4.10258241e-06
4.097741914e-06
4.083873022e-06
4.078817663e-06
4.066898725e-06
4.050853731e-06
4.022500774e-06
3.993547036e-06
3.947663221e-06
3.905030353e-06
3.848448739e-06
3.790418995e-06
3.717200553e-06
3.642413541e-06
3.533808687e-06
3.422375901e-06
3.28686573e-06
3.149215436e-06
2.99090194e-06
2.824062437e-06
2.639325504e-06
2.436616265e-06
2.235905306e-06
2.021137775e-06
1.793690032e-06
1.585838193e-06
1.388982686e-06
1.207946913e-06
1.055942568e-06
9.330667025e-07
8.373759297e-07
7.592928246e-07
7.006371903e-07
6.533954902e-07
6.075521734e-07
5.619088981e-07
5.120343566e-07
4.574834648e-07
3.947595465e-07
3.207816582e-07
4.092307336e-06
4.076770121e-06
4.056638117e-06
4.05545343e-06
4.051217994e-06
4.036189226e-06
4.015918304e-06
3.990162062e-06
3.957274831e-06
3.908834326e-06
3.861050632e-06
3.795035227e-06
3.728125906e-06
3.653918333e-06
3.533074214e-06
3.435410279e-06
3.319322034e-06
3.164333646e-06
2.994941718e-06
2.827318319e-06
2.639665735e-06
2.456183875e-06
2.255981353e-06
2.044258026e-06
1.823929217e-06
1.607017826e-06
1.403739844e-06
1.223995336e-06
1.070957143e-06
9.468654512e-07
8.461586307e-07
7.673423909e-07
7.08243908e-07
6.567724461e-07
6.099357676e-07
5.6391767e-07
5.151324856e-07
4.599073884e-07
3.972746279e-07
3.2367325e-07
4.098219368e-06
4.098542973e-06
4.085097694e-06
4.07848228e-06
4.064048965e-06
4.042448498e-06
4.005019145e-06
3.987203786e-06
3.954371427e-06
3.909153854e-06
3.867627704e-06
3.799271945e-06
3.727414479e-06
3.654533388e-06
3.555629342e-06
3.440012971e-06
3.314214737e-06
3.187652063e-06
3.030677923e-06
2.868654043e-06
2.676295104e-06
2.475905433e-06
2.279647745e-06
2.066329677e-06
1.848365291e-06
1.626032421e-06
1.426630101e-06
1.246367866e-06
1.087069528e-06
9.583814751e-07
8.587168136e-07
7.78390199e-07
7.130723837e-07
6.619447945e-07
6.140135726e-07
5.674994115e-07
5.176907847e-07
4.619216319e-07
4.000263672e-07
3.237828419e-07
4.094510788e-06
4.090914485e-06
4.075819197e-06
4.068856018e-06
4.059946694e-06
4.038152051e-06
4.014264501e-06
3.98809804e-06
3.951487556e-06
3.909555872e-06
3.865793976e-06
3.811719232e-06
3.736632771e-06
3.65949303e-06
3.566133408e-06
3.466748335e-06
3.340872798e-06
3.211840053e-06
3.049963196e-06
2.873352679e-06
2.696212851e-06
2.50468509e-06
2.300235277e-06
2.086936016e-06
1.86692824e-06
1.659558219e-06
1.460314942e-06
1.268395359e-06
1.109319314e-06
9.75286714e-07
8.717386496e-07
7.897491909e-07
7.23577339e-07
6.695031822e-07
6.204998969e-07
5.727747768e-07
5.227448549e-07
4.662644226e-07
4.025222876e-07
3.260854191e-07
4.101595405e-06
4.089001848e-06
4.080641483e-06
4.065639393e-06
4.05135542e-06
4.023303127e-06
4.006051254e-06
3.981761217e-06
3.946662447e-06
3.90781778e-06
3.862877298e-06
3.811698808e-06
3.747030495e-06
3.664167592e-06
3.575097492e-06
3.480754334e-06
3.362299668e-06
3.223653874e-06
3.075565342e-06
2.913108583e-06
2.727721155e-06
2.53632757e-06
2.33366251e-06
2.124146949e-06
1.902249381e-06
1.684171591e-06
1.483029203e-06
1.298685199e-06
1.131510767e-06
9.927860032e-07
8.862019312e-07
7.998421433e-07
7.318893769e-07
6.787708888e-07
6.27723384e-07
5.777991543e-07
5.271819865e-07
4.693244507e-07
4.050566505e-07
3.287735956e-07
4.092159353e-06
4.084214904e-06
4.072789691e-06
4.073768879e-06
4.055560883e-06
4.044036519e-06
4.027467964e-06
4.015769242e-06
3.97265395e-06
3.930122585e-06
3.882910853e-06
3.829635947e-06
3.767780736e-06
3.672947535e-06
3.588509892e-06
3.481759746e-06
3.386996583e-06
3.249558488e-06
3.097132984e-06
2.949710474e-06
2.767818903e-06
2.56568068e-06
2.366967681e-06
2.159092854e-06
1.940735211e-06
1.724424904e-06
1.52158065e-06
1.328514678e-06
1.15997272e-06
1.014417863e-06
8.999640532e-07
8.139355263e-07
7.41878079e-07
6.858149354e-07
6.350931569e-07
5.849454574e-07
5.337362543e-07
4.757851578e-07
4.099989346e-07
3.319847909e-07
4.105037742e-06
4.101776068e-06
4.090347417e-06
4.072791107e-06
4.050559641e-06
4.036329251e-06
4.020893506e-06
4.000007094e-06
3.968113857e-06
3.925636862e-06
3.889473192e-06
3.837448884e-06
3.787039241e-06
3.696447071e-06
3.605763243e-06
3.519016098e-06
3.408799942e-06
3.261805883e-06
3.114191941e-06
2.964726416e-06
2.788204985e-06
2.589668327e-06
2.405820145e-06
2.201800962e-06
1.980466931e-06
1.763276224e-06
1.552431172e-06
1.361691381e-06
1.186887295e-06
1.04106356e-06
9.218554581e-07
8.318203666e-07
7.58314425e-07
6.973338776e-07
6.452744859e-07
5.946077992e-07
5.407790822e-07
4.815067045e-07
4.140273776e-07
3.350596428e-07
4.102088063e-06
4.094330342e-06
4.089110235e-06
4.079010196e-06
4.070469078e-06
4.050765306e-06
4.023414508e-06
3.990929311e-06
3.970352736e-06
3.929686296e-06
3.884480753e-06
3.840333542e-06
3.773835722e-06
3.702883584e-06
3.623455149e-06
3.523990941e-06
3.42260861e-06
3.283246244e-06
3.135463064e-06
2.975592127e-06
2.806552756e-06
2.624922335e-06
2.433928475e-06
2.244978027e-06
2.022961114e-06
1.810349145e-06
1.596698617e-06
1.401695515e-06
1.221518868e-06
1.070478634e-06
9.466857207e-07
8.481581549e-07
7.728976984e-07
7.097010997e-07
6.564246332e-07
6.043207388e-07
5.501544996e-07
4.908895944e-07
4.219993543e-07
3.393800255e-07
4.097637551e-06
4.088724603e-06
4.082566017e-06
4.065657674e-06
4.052044903e-06
4.039595256e-06
4.026252353e-06
4.010874362e-06
3.991979404e-06
3.9601814e-06
3.909391551e-06
3.862727312e-06
3.792943934e-06
3.725048629e-06
3.649401201e-06
3.560112661e-06
3.442011091e-06
3.322007756e-06
3.185384285e-06
3.028435888e-06
2.865068467e-06
2.692233612e-06
2.494997571e-06
2.290623702e-06
2.081978569e-06
1.862440589e-06
1.653104512e-06
1.443668274e-06
1.259204261e-06
1.107760697e-06
9.784035377e-07
8.716580595e-07
7.917506357e-07
7.252579022e-07
6.675051579e-07
6.169382793e-07
5.616806661e-07
4.984428013e-07
4.296344346e-07
3.441534308e-07
4.097908613e-06
4.100939304e-06
4.084259493e-06
4.077069431e-06
4.063926641e-06
4.04695711e-06
4.026208157e-06
4.010651667e-06
3.97798013e-06
3.949023457e-06
3.915484285e-06
3.87766747e-06
3.826582325e-06
3.761349671e-06
3.675643765e-06
3.579987089e-06
3.45656239e-06
3.346500705e-06
3.202058704e-06
3.06029742e-06
2.901745606e-06
2.731425559e-06
2.538837206e-06
2.338492863e-06
2.130269834e-06
1.917465993e-06
1.70148254e-06
1.500777039e-06
1.308163017e-06
1.145919273e-06
1.01050671e-06
8.997224911e-07
8.139442082e-07
7.448114791e-07
6.872815064e-07
6.325492091e-07
5.758706765e-07
5.128573373e-07
4.40473148e-07
3.519638711e-07
4.098216557e-06
4.083164856e-06
4.085762167e-06
4.069193011e-06
4.053636951e-06
4.049711273e-06
4.03659599e-06
4.022852821e-06
3.997366286e-06
3.963748598e-06
3.927239642e-06
3.88440067e-06
3.837412008e-06
3.752446628e-06
3.683846257e-06
3.603203615e-06
3.487460958e-06
3.386946638e-06
3.252245033e-06
3.096233054e-06
2.937723107e-06
2.766131713e-06
2.580947177e-06
2.384093212e-06
2.181608036e-06
1.967208473e-06
1.750772807e-06
1.546900746e-06
1.355300128e-06
1.188971145e-06
1.044588724e-06
9.313911184e-07
8.423566852e-07
7.692951259e-07
7.061745631e-07
6.525545048e-07
5.918933072e-07
5.303301214e-07
4.534254557e-07
3.617589653e-07
4.104563172e-06
4.097685309e-06
4.098049565e-06
4.086666401e-06
4.070008853e-06
4.051761884e-06
4.037551627e-06
4.015561301e-06
3.987692714e-06
3.954542145e-06
3.914174975e-06
3.883238627e-06
3.827369479e-06
3.780724276e-06
3.697126673e-06
3.611444425e-06
3.527439713e-06
3.396582454e-06
3.269127192e-06
3.135267911e-06
2.981385815e-06
2.819879082e-06
2.63059185e-06
2.446468981e-06
2.239259764e-06
2.028506861e-06
1.816842639e-06
1.606943385e-06
1.412377738e-06
1.240127328e-06
1.090189788e-06
9.686550371e-07
8.7246646e-07
7.953715974e-07
7.312061724e-07
6.754932689e-07
6.166403952e-07
5.516757846e-07
4.743666886e-07
3.767326739e-07
4.106103935e-06
4.096166782e-06
4.090728022e-06
4.081916337e-06
4.072627834e-06
4.063587432e-06
4.041050401e-06
4.020227791e-06
4.008929726e-06
3.979932807e-06
3.945212707e-06
3.903451838e-06
3.844918042e-06
3.797337085e-06
3.73677296e-06
3.645974393e-06
3.551837373e-06
3.445651525e-06
3.319220745e-06
3.183112331e-06
3.032346211e-06
2.856743266e-06
2.691086942e-06
2.497677854e-06
2.295936344e-06
2.096185674e-06
1.883148376e-06
1.672639148e-06
1.475205678e-06
1.294390315e-06
1.146568038e-06
1.012222665e-06
9.098749754e-07
8.273974996e-07
7.610321689e-07
7.04601694e-07
6.475531824e-07
5.847273601e-07
5.089571204e-07
4.023588901e-07
4.1020871e-06
4.099293348e-06
4.097779375e-06
4.093574048e-06
4.085735618e-06
4.070032639e-06
4.047175633e-06
4.027043828e-06
4.015938556e-06
3.982822317e-06
3.942754826e-06
3.92069171e-06
3.869141512e-06
3.802613579e-06
3.748437892e-06
3.669820006e-06
3.576444075e-06
3.472285009e-06
3.360068503e-06
3.229534776e-06
3.079937462e-06
2.932402395e-06
2.757302022e-06
2.567429805e-06
2.374428353e-06
2.174687081e-06
1.946990504e-06
1.740262167e-06
1.540144334e-06
1.359283756e-06
1.199930482e-06
1.061145095e-06
9.524181829e-07
8.652051908e-07
7.971464622e-07
7.415576829e-07
6.906571069e-07
6.35759495e-07
5.727395276e-07
4.679566675e-07
4.110159405e-06
4.108074293e-06
4.100668442e-06
4.086692041e-06
4.074554549e-06
4.068558854e-06
4.053626934e-06
4.044248886e-06
4.026771932e-06
4.012477318e-06
3.976373823e-06
3.9443717e-06
3.903844058e-06
3.839087222e-06
3.765616916e-06
3.693610456e-06
3.605646178e-06
3.51802155e-06
3.412467642e-06
3.274014486e-06
3.128566029e-06
2.984324159e-06
2.814794975e-06
2.636111149e-06
2.442436101e-06
2.243069644e-06
2.025131971e-06
1.806930301e-06
1.607673867e-06
1.428545595e-06
1.256788979e-06
1.116274935e-06
1.005254569e-06
9.121781939e-07
8.423367548e-07
7.884685581e-07
7.425257281e-07
7.043899109e-07
6.852663249e-07
7.5137931e-07
4.102803987e-06
4.098448157e-06
4.096685944e-06
4.085618472e-06
4.078132213e-06
4.073838576e-06
4.065376775e-06
4.053568467e-06
4.031859054e-06
4.000091752e-06
3.979168777e-06
3.953334112e-06
3.90563206e-06
3.851758602e-06
3.790137622e-06
3.718565815e-06
3.635363994e-06
3.54019253e-06
3.444189712e-06
3.318935022e-06
3.179421902e-06
3.042955104e-06
2.86630392e-06
2.70360901e-06
2.517667368e-06
2.31449022e-06
2.113140187e-06
1.899257502e-06
1.695791103e-06
1.504685156e-06
1.326930207e-06
1.180470272e-06
1.059755553e-06
9.67525391e-07
8.932147984e-07
8.383087696e-07
8.007799708e-07
7.832045162e-07
8.018675688e-07
9.274604292e-07
4.103955753e-06
4.101421857e-06
4.100221741e-06
4.096151046e-06
4.090050862e-06
4.077962935e-06
4.064559216e-06
4.047114495e-06
4.032545945e-06
4.020384023e-06
4.004343655e-06
3.965881802e-06
3.921633067e-06
3.874096594e-06
3.821024639e-06
3.757143397e-06
3.693678792e-06
3.599803504e-06
3.493721198e-06
3.385329427e-06
3.249782686e-06
3.097581167e-06
2.93780608e-06
2.779467889e-06
2.585820349e-06
2.388301739e-06
2.1927808e-06
1.985158511e-06
1.776777584e-06
1.582746467e-06
1.405516588e-06
1.250234431e-06
1.125259815e-06
1.020876346e-06
9.49049633e-07
8.961293028e-07
8.650736897e-07
8.586158873e-07
8.924730627e-07
1.005904876e-06
4.10913477e-06
4.097473452e-06
4.093248711e-06
4.08693684e-06
4.091361705e-06
4.083885931e-06
4.069017654e-06
4.061291031e-06
4.03655295e-06
4.013862793e-06
3.996079079e-06
3.964518491e-06
3.929416796e-06
3.883336268e-06
3.8310071e-06
3.771361645e-06
3.711530181e-06
3.620557197e-06
3.532185207e-06
3.415596416e-06
3.294052184e-06
3.139585509e-06
3.004754599e-06
2.842210288e-06
2.660451193e-06
2.469946807e-06
2.267660058e-06
2.072344616e-06
1.864309955e-06
1.669846466e-06
1.493254079e-06
1.33321625e-06
1.19734343e-06
1.090553e-06
1.008789803e-06
9.544777058e-07
9.237595446e-07
9.244139761e-07
9.636791242e-07
1.057050874e-06
4.10588899e-06
4.107716357e-06
4.101652497e-06
4.086020308e-06
4.07394673e-06
4.07103012e-06
4.070164121e-06
4.063534738e-06
4.048552313e-06
4.020678863e-06
4.000451025e-06
3.987106204e-06
3.946590079e-06
3.900071924e-06
3.840558872e-06
3.78002488e-06
3.715115232e-06
3.637520538e-06
3.537918962e-06
3.4431375e-06
3.31444891e-06
3.177474214e-06
3.049998191e-06
2.888839249e-06
2.711585976e-06
2.546999795e-06
2.360064785e-06
2.161077881e-06
1.958750694e-06
1.772027872e-06
1.583069744e-06
1.417621474e-06
1.279840661e-06
1.163798623e-06
1.072960441e-06
1.015289152e-06
9.831055364e-07
9.835870924e-07
1.017663362e-06
1.095904582e-06
4.108495839e-06
4.10549149e-06
4.09710297e-06
4.090476143e-06
4.079423226e-06
4.076776764e-06
4.062907636e-06
4.050681989e-06
4.039569978e-06
4.034797916e-06
4.006544991e-06
3.971954155e-06
3.931185619e-06
3.892083063e-06
3.852492919e-06
3.804826297e-06
3.734011836e-06
3.662639344e-06
3.586536975e-06
3.491480254e-06
3.365685126e-06
3.256482638e-06
3.103631381e-06
2.958964157e-06
2.797021686e-06
2.630849416e-06
2.442894676e-06
2.250168652e-06
2.061377054e-06
1.870539782e-06
1.685848101e-06
1.519770945e-06
1.368355061e-06
1.244966349e-06
1.149741124e-06
1.081713334e-06
1.044599681e-06
1.041131402e-06
1.063178962e-06
1.125949856e-06
4.106598456e-06
4.096503408e-06
4.096203532e-06
4.103953288e-06
4.095209062e-06
4.084015412e-06
4.075125402e-06
4.065899642e-06
4.049963862e-06
4.030481891e-06
4.001662281e-06
3.985257252e-06
3.95463927e-06
3.919702694e-06
3.879387309e-06
3.823731287e-06
3.765353786e-06
3.693399427e-06
3.617426807e-06
3.525133698e-06
3.421714041e-06
3.303141567e-06
3.177324793e-06
3.038758781e-06
2.874448528e-06
2.70110376e-06
2.528261086e-06
2.346440024e-06
2.163900976e-06
1.97636784e-06
1.792905543e-06
1.623640189e-06
1.460646575e-06
1.335527141e-06
1.230434947e-06
1.154332759e-06
1.107720992e-06
1.092356493e-06
1.112181985e-06
1.151562616e-06
4.115289087e-06
4.110409613e-06
4.1002821e-06
4.083289332e-06
4.072384483e-06
4.066436452e-06
4.067462145e-06
4.058302428e-06
4.051257955e-06
4.03213602e-06
4.021513857e-06
4.007435571e-06
3.975253715e-06
3.933225036e-06
3.890742721e-06
3.853125985e-06
3.798792001e-06
3.736948294e-06
3.666713812e-06
3.580970073e-06
3.481615566e-06
3.360592895e-06
3.241835731e-06
3.112958731e-06
2.95979485e-06
2.786915725e-06
2.629173267e-06
2.454335984e-06
2.271729642e-06
2.092009517e-06
1.911241694e-06
1.735341165e-06
1.575589358e-06
1.436751663e-06
1.320318208e-06
1.23074616e-06
1.177613144e-06
1.150572202e-06
1.151182016e-06
1.185495193e-06
4.107561437e-06
4.098415951e-06
4.097990842e-06
4.098233197e-06
4.093433634e-06
4.093740967e-06
4.092004255e-06
4.083260356e-06
4.07884394e-06
4.065077231e-06
4.04636732e-06
4.02439499e-06
3.997528157e-06
3.948865404e-06
3.917233669e-06
3.875278243e-06
3.827265719e-06
3.76978707e-06
3.698695943e-06
3.613271495e-06
3.531400649e-06
3.426437115e-06
3.313205627e-06
3.195165811e-06
3.044192107e-06
2.891647764e-06
2.72975869e-06
2.560701114e-06
2.39259289e-06
2.203676618e-06
2.02409481e-06
1.856341496e-06
1.688807998e-06
1.538074077e-06
1.413925567e-06
1.322245342e-06
1.255827574e-06
1.216179842e-06
1.200818731e-06
1.216186687e-06
4.114014491e-06
4.118253528e-06
4.114291737e-06
4.105977426e-06
4.107108532e-06
4.094421741e-06
4.092274235e-06
4.083972146e-06
4.078444884e-06
4.05940208e-06
4.036715386e-06
4.02091996e-06
4.002802528e-06
3.977752661e-06
3.93587245e-06
3.90371514e-06
3.855687399e-06
3.808522977e-06
3.745777287e-06
3.671507984e-06
3.590644121e-06
3.488304854e-06
3.385836902e-06
3.264539938e-06
3.122907298e-06
2.978862312e-06
2.82212128e-06
2.662501328e-06
2.496458038e-06
2.325661278e-06
2.151756963e-06
1.979021272e-06
1.805516125e-06
1.649069476e-06
1.522139274e-06
1.420299221e-06
1.337286807e-06
1.28477802e-06
1.256395875e-06
1.251597408e-06
4.109318948e-06
4.100005174e-06
4.097265476e-06
4.088083819e-06
4.085563346e-06
4.091608336e-06
4.082997282e-06
4.073107923e-06
4.069444017e-06
4.066126712e-06
4.05151204e-06
4.030222424e-06
4.01294102e-06
3.985065974e-06
3.953097792e-06
3.918744653e-06
3.869732317e-06
3.825027261e-06
3.776766258e-06
3.706013579e-06
3.622234742e-06
3.541961229e-06
3.438266332e-06
3.324056436e-06
3.195052799e-06
3.054773037e-06
2.914164116e-06
2.765733613e-06
2.612677245e-06
2.443193035e-06
2.275353508e-06
2.094139217e-06
1.92618596e-06
1.781343582e-06
1.639872695e-06
1.522298637e-06
1.431844643e-06
1.361346357e-06
1.315970741e-06
1.302236015e-06
4.111271449e-06
4.107649403e-06
4.105836396e-06
4.110708326e-06
4.1083998e-06
4.102636267e-06
4.096303854e-06
4.086474913e-06
4.07853792e-06
4.058548944e-06
4.038974614e-06
4.026399043e-06
4.013382692e-06
3.995954444e-06
3.974715332e-06
3.942920454e-06
3.894386501e-06
3.853599015e-06
3.779526568e-06
3.719465651e-06
3.649318709e-06
3.560143943e-06
3.477701991e-06
3.386496991e-06
3.262966164e-06
3.147940644e-06
3.004220225e-06
2.865568672e-06
2.708102003e-06
2.54523416e-06
2.385743933e-06
2.218070938e-06
2.05437183e-06
1.895929752e-06
1.758945954e-06
1.62766591e-06
1.532829963e-06
1.448964839e-06
1.393679716e-06
1.363706204e-06
4.111616162e-06
4.10533483e-06
4.10259511e-06
4.099341243e-06
4.096662854e-06
4.09177637e-06
4.084869785e-06
4.08518892e-06
4.077143137e-06
4.065496482e-06
4.066228622e-06
4.042315791e-06
4.024976451e-06
4.0101362e-06
3.984273068e-06
3.948174088e-06
3.920844225e-06
3.879624579e-06
3.826977124e-06
3.775697687e-06
3.703799081e-06
3.626647709e-06
3.535739101e-06
3.432309367e-06
3.323685538e-06
3.21684353e-06
3.089493522e-06
2.960620592e-06
2.802810228e-06
2.655280401e-06
2.498634688e-06
2.33399836e-06
2.179440438e-06
2.021745401e-06
1.885234598e-06
1.74680133e-06
1.639382283e-06
1.550921735e-06
1.476511574e-06
1.430663541e-06
4.112677438e-06
4.114523303e-06
4.116759301e-06
4.110586662e-06
4.113243152e-06
4.115950092e-06
4.114697993e-06
4.109141119e-06
4.096645701e-06
4.08751811e-06
4.070823307e-06
4.053216864e-06
4.045483129e-06
4.028071593e-06
3.997086701e-06
3.969295008e-06
3.942879558e-06
3.894960411e-06
3.83664016e-06
3.7902439e-06
3.73967783e-06
3.672696796e-06
3.586528152e-06
3.504091017e-06
3.409484392e-06
3.290797216e-06
3.177237707e-06
3.052540835e-06
2.912618031e-06
2.765857778e-06
2.616368986e-06
2.471141138e-06
2.311182153e-06
2.159286836e-06
2.010653918e-06
1.881932769e-06
1.7537608e-06
1.652498847e-06
1.572193e-06
1.506453768e-06
4.112079988e-06
4.10970299e-06
4.102132566e-06
4.108777941e-06
4.103177301e-06
4.102701157e-06
4.102996849e-06
4.095107709e-06
4.095934869e-06
4.09010305e-06
4.082199401e-06
4.070489592e-06
4.049209842e-06
4.032080528e-06
4.001806415e-06
3.978789694e-06
3.957677094e-06
3.910188782e-06
3.871405047e-06
3.833638329e-06
3.790577451e-06
3.721794223e-06
3.636665305e-06
3.555535751e-06
3.476631847e-06
3.382023631e-06
3.271776855e-06
3.136354249e-06
3.024571982e-06
2.884229464e-06
2.735675131e-06
2.590759582e-06
2.44253246e-06
2.292220149e-06
2.147252886e-06
2.009237586e-06
1.879934328e-06
1.76679861e-06
1.673852306e-06
1.593447522e-06
4.10942519e-06
4.107800804e-06
4.112110665e-06
4.111945882e-06
4.108888308e-06
4.102537104e-06
4.093456589e-06
4.089356832e-06
4.087984483e-06
4.07852119e-06
4.072401158e-06
4.067504037e-06
4.059586704e-06
4.040917416e-06
4.026852415e-06
4.002638209e-06
3.975140063e-06
3.938213394e-06
3.896256313e-06
3.853385281e-06
3.805205863e-06
3.747397448e-06
3.683463002e-06
3.615133579e-06
3.531126752e-06
3.450084437e-06
3.345231213e-06
3.233907713e-06
3.123532677e-06
2.995363881e-06
2.869235606e-06
2.718160145e-06
2.56180062e-06
2.416840954e-06
2.270481777e-06
2.130184802e-06
2.007841771e-06
1.88955878e-06
1.785527394e-06
1.694641233e-06
4.10625102e-06
4.104651586e-06
4.104818886e-06
4.098635195e-06
4.096275722e-06
4.097730155e-06
4.098466248e-06
4.094168764e-06
4.07872048e-06
4.073992603e-06
4.068825497e-06
4.061038647e-06
4.05099814e-06
4.035504307e-06
4.015307117e-06
4.003168881e-06
3.988466022e-06
3.945817026e-06
3.914494218e-06
3.888850853e-06
3.847626718e-06
3.78454361e-06
3.735276599e-06
3.678777662e-06
3.599557078e-06
3.507705818e-06
3.413913463e-06
3.300953792e-06
3.198801192e-06
3.085725155e-06
2.95714984e-06
2.839869497e-06
2.697926776e-06
2.554188155e-06
2.41808226e-06
2.277518356e-06
2.140519998e-06
2.019506972e-06
1.902248956e-06
1.80279321e-06
4.120202505e-06
4.119587029e-06
4.112785515e-06
4.109951712e-06
4.110202302e-06
4.104749374e-06
4.094137816e-06
4.090014385e-06
4.078931925e-06
4.072163055e-06
4.068529393e-06
4.063973988e-06
4.056371724e-06
4.049366296e-06
4.04338527e-06
4.018481055e-06
3.993110346e-06
3.973043028e-06
3.955475372e-06
3.929245246e-06
3.88744788e-06
3.827152547e-06
3.771587389e-06
3.702484587e-06
3.647327952e-06
3.580741085e-06
3.487923504e-06
3.394425427e-06
3.289659354e-06
3.189827441e-06
3.075923262e-06
2.944350682e-06
2.81921642e-06
2.683497607e-06
2.546861877e-06
2.412213154e-06
2.277829052e-06
2.1530488e-06
2.031767461e-06
1.922851668e-06
4.116650359e-06
4.109846944e-06
4.106626773e-06
4.099293612e-06
4.102781354e-06
4.105823079e-06
4.095556627e-06
4.094078436e-06
4.094198754e-06
4.090694498e-06
4.079609382e-06
4.071903183e-06
4.072293731e-06
4.059467465e-06
4.051309828e-06
4.026552613e-06
4.015522839e-06
3.986057379e-06
3.957136631e-06
3.92615657e-06
3.895584475e-06
3.852255475e-06
3.813344613e-06
3.749901343e-06
3.689038299e-06
3.633526976e-06
3.554698718e-06
3.464236435e-06
3.368870556e-06
3.271888764e-06
3.164922056e-06
3.057239744e-06
2.938436295e-06
2.809279858e-06
2.677291583e-06
2.556991707e-06
2.421071022e-06
2.297784877e-06
2.174888459e-06
2.055995409e-06
4.106443154e-06
4.101010289e-06
4.104054057e-06
4.110036803e-06
4.109239285e-06
4.110320324e-06
4.10812741e-06
4.108894421e-06
4.109842983e-06
4.105395916e-06
4.109562838e-06
4.095541091e-06
4.084569691e-06
4.078220471e-06
4.060066047e-06
4.040796388e-06
4.022610525e-06
4.017768108e-06
3.98702634e-06
3.964764592e-06
3.929548177e-06
3.89562992e-06
3.848701953e-06
3.796183496e-06
3.74180227e-06
3.686358835e-06
3.61971896e-06
3.543334018e-06
3.459981487e-06
3.370417495e-06
3.271279135e-06
3.158175653e-06
3.052582623e-06
2.92634837e-06
2.801379985e-06
2.678427362e-06
2.55474319e-06
2.431251588e-06
2.312494667e-06
2.201539261e-06
4.113305655e-06
4.11636015e-06
4.12157465e-06
4.112798974e-06
4.117844625e-06
4.122366515e-06
4.116238186e-06
4.11371907e-06
4.112526557e-06
4.108118534e-06
4.097631081e-06
4.090847337e-06
4.090922304e-06
4.08111392e-06
4.069310547e-06
4.062569663e-06
4.048066136e-06
4.023844848e-06
3.999320706e-06
3.97210093e-06
3.937210971e-06
3.907172443e-06
3.881336885e-06
3.840252862e-06
3.785494628e-06
3.731046399e-06
3.662864493e-06
3.591362396e-06
3.516719853e-06
3.443168102e-06
3.34803861e-06
3.23477594e-06
3.138628739e-06
3.032054721e-06
2.927588561e-06
2.809855236e-06
2.683412893e-06
2.560561173e-06
2.449071179e-06
2.329731751e-06
4.11911381e-06
4.123794014e-06
4.120371921e-06
4.117387072e-06
4.110390697e-06
4.09782144e-06
4.103068783e-06
4.094353151e-06
4.084819538e-06
4.075219197e-06
4.069804513e-06
4.065575797e-06
4.060916284e-06
4.056958363e-06
4.045198665e-06
4.046146978e-06
4.030946911e-06
4.01540113e-06
4.008533031e-06
3.997703717e-06
3.972120759e-06
3.949109727e-06
3.915554568e-06
3.871588579e-06
3.832325441e-06
3.780589825e-06
3.722591347e-06
3.65943755e-06
3.60397808e-06
3.519137331e-06
3.438087678e-06
3.335701086e-06
3.24889458e-06
3.147259478e-06
3.0370985e-06
2.916167752e-06
2.809434732e-06
2.683088944e-06
2.579330548e-06
2.463753147e-06
4.116632918e-06
4.109481571e-06
4.104199717e-06
4.105372279e-06
4.098102716e-06
4.099572575e-06
4.093542245e-06
4.093413225e-06
4.098321242e-06
4.094857087e-06
4.090007173e-06
4.084461386e-06
4.076647521e-06
4.065539127e-06
4.057947695e-06
4.048606006e-06
4.032875634e-06
4.01916919e-06
4.009046657e-06
3.989815137e-06
3.969680289e-06
3.954935353e-06
3.923197404e-06
3.894976072e-06
3.854087488e-06
3.815912917e-06
3.75449866e-06
3.715898848e-06
3.64289762e-06
3.582486308e-06
3.511856405e-06
3.421106625e-06
3.327887247e-06
3.238319109e-06
3.150411818e-06
3.040965829e-06
2.932788088e-06
2.822051912e-06
2.711192877e-06
2.599569998e-06
4.110505177e-06
4.113222551e-06
4.117213378e-06
4.115315245e-06
4.113020124e-06
4.115116091e-06
4.113766026e-06
4.107946061e-06
4.108787848e-06
4.102381224e-06
4.096261432e-06
4.091109508e-06
4.085902246e-06
4.077509312e-06
4.073361095e-06
4.053539931e-06
4.050343203e-06
4.045476088e-06
4.021291912e-06
4.004590173e-06
3.989779286e-06
3.967483892e-06
3.93836774e-06
3.915117678e-06
3.87127525e-06
3.841560478e-06
3.785115686e-06
3.740961338e-06
3.684893524e-06
3.628319156e-06
3.572000836e-06
3.498695965e-06
3.421905624e-06
3.33345274e-06
3.23552441e-06
3.157553399e-06
3.053128351e-06
2.956350986e-06
2.853630656e-06
2.741332252e-06
4.11635892e-06
4.113632234e-06
4.110335548e-06
4.101617172e-06
4.104296009e-06
4.104175971e-06
4.102041383e-06
4.093867699e-06
4.098492816e-06
4.105117688e-06
4.098959086e-06
4.101781302e-06
4.097346556e-06
4.09167094e-06
4.088291881e-06
4.086255503e-06
4.066631563e-06
4.053300812e-06
4.040678907e-06
4.02461146e-06
4.00736382e-06
3.994132598e-06
3.96344087e-06
3.939130482e-06
3.90400092e-06
3.873367561e-06
3.826160696e-06
3.781794815e-06
3.738107529e-06
3.681978141e-06
3.630959251e-06
3.561621755e-06
3.494567399e-06
3.420373467e-06
3.340564261e-06
3.262060295e-06
3.169605099e-06
3.071601657e-06
2.967852329e-06
2.870867244e-06
4.115155573e-06
4.111661862e-06
4.107999813e-06
4.10708377e-06
4.107327296e-06
4.100924069e-06
4.106181694e-06
4.107763693e-06
4.096059171e-06
4.089778199e-06
4.084407948e-06
4.080412736e-06
4.074826684e-06
4.075568969e-06
4.075341997e-06
4.074931373e-06
4.070506234e-06
4.061621299e-06
4.048303454e-06
4.039846706e-06
4.025341542e-06
4.011817618e-06
3.988099551e-06
3.974599987e-06
3.940196053e-06
3.930899106e-06
3.89100396e-06
3.846943612e-06
3.801044334e-06
3.760170905e-06
3.693454525e-06
3.627564405e-06
3.569838198e-06
3.49901728e-06
3.422799284e-06
3.344213714e-06
3.256473986e-06
3.162887655e-06
3.075293784e-06
2.989085586e-06
4.115601093e-06
4.114971389e-06
4.119739921e-06
4.117668181e-06
4.112708997e-06
4.113363978e-06
4.111053646e-06
4.110131501e-06
4.113587463e-06
4.111095538e-06
4.116536942e-06
4.120659156e-06
4.115909599e-06
4.108548566e-06
4.097116393e-06
4.08499499e-06
4.072350259e-06
4.061963428e-06
4.05901245e-06
4.046698583e-06
4.025256807e-06
4.012118584e-06
3.997492487e-06
3.989149544e-06
3.963354622e-06
3.928410146e-06
3.898745367e-06
3.861742018e-06
3.835303585e-06
3.794024456e-06
3.743801732e-06
3.695840012e-06
3.635405594e-06
3.572417781e-06
3.500114237e-06
3.440794783e-06
3.362053741e-06
3.276538745e-06
3.187451032e-06
3.099022865e-06
4.120122458e-06
4.121351743e-06
4.120100863e-06
4.125188802e-06
4.123178865e-06
4.119274172e-06
4.122395562e-06
4.116203735e-06
4.110253145e-06
4.113972892e-06
4.113252176e-06
4.103426927e-06
4.098948319e-06
4.097842781e-06
4.093365511e-06
4.075454114e-06
4.06678684e-06
4.061882806e-06
4.069384203e-06
4.049145227e-06
4.038359035e-06
4.016121157e-06
4.006509166e-06
3.994133359e-06
3.964881398e-06
3.948495691e-06
3.93350645e-06
3.89417185e-06
3.859055968e-06
3.825592427e-06
3.790510275e-06
3.741002876e-06
3.684439734e-06
3.635399334e-06
3.578710807e-06
3.520153068e-06
3.450416288e-06
3.383823193e-06
3.292558445e-06
3.20574972e-06
4.111163625e-06
4.113491165e-06
4.10952703e-06
4.110880576e-06
4.109146052e-06
4.113308859e-06
4.114871543e-06
4.123822894e-06
4.114339566e-06
4.110502873e-06
4.108937064e-06
4.105110413e-06
4.098416822e-06
4.08935939e-06
4.089646884e-06
4.09335719e-06
4.097559724e-06
4.096577398e-06
4.079155678e-06
4.075924702e-06
4.064709386e-06
4.051185062e-06
4.03780505e-06
4.02142237e-06
4.010385825e-06
3.992861777e-06
3.972786037e-06
3.941171665e-06
3.919045704e-06
3.872849221e-06
3.829026239e-06
3.79469726e-06
3.762157563e-06
3.700143084e-06
3.64808446e-06
3.589871047e-06
3.532337994e-06
3.459385386e-06
3.382955465e-06
3.315785786e-06
4.112968143e-06
4.117178132e-06
4.116618463e-06
4.112544545e-06
4.112873473e-06
4.109030805e-06
4.106219046e-06
4.097487403e-06
4.098015734e-06
4.098046299e-06
4.099011006e-06
4.101382154e-06
4.099689941e-06
4.103690356e-06
4.103102885e-06
4.09419208e-06
4.09429901e-06
4.08028381e-06
4.084618635e-06
4.074555408e-06
4.073061662e-06
4.056656037e-06
4.051696971e-06
4.042351673e-06
4.020864999e-06
3.999518661e-06
3.981356058e-06
3.946014233e-06
3.915280964e-06
3.889147641e-06
3.861734762e-06
3.823670788e-06
3.789607851e-06
3.742007977e-06
3.702254991e-06
3.648849245e-06
3.589521888e-06
3.535528029e-06
3.470972208e-06
3.40971861e-06
4.112193805e-06
4.110500411e-06
4.106785027e-06
4.106434914e-06
4.104436682e-06
4.105901197e-06
4.109886829e-06
4.111418758e-06
4.115019636e-06
4.119344363e-06
4.110084824e-06
4.105183156e-06
4.099937192e-06
4.095907691e-06
4.088789355e-06
4.08908692e-06
4.079352169e-06
4.06961381e-06
4.067311034e-06
4.061678972e-06
4.057863297e-06
4.057833827e-06
4.051265795e-06
4.037924168e-06
4.02181445e-06
4.007413095e-06
3.99412638e-06
3.97469631e-06
3.94424726e-06
3.91577423e-06
3.89282608e-06
3.858884592e-06
3.833029999e-06
3.792263778e-06
3.757399997e-06
3.707480376e-06
3.663948135e-06
3.618789163e-06
3.551185906e-06
3.491562463e-06
4.118490598e-06
4.116374847e-06
4.117782847e-06
4.122357577e-06
4.123582711e-06
4.127814774e-06
4.124523558e-06
4.118876658e-06
4.113511047e-06
4.108369865e-06
4.114000078e-06
4.104504669e-06
4.107213019e-06
4.104802183e-06
4.103047113e-06
4.09923666e-06
4.092309942e-06
4.091429157e-06
4.090787743e-06
4.083665626e-06
4.077563346e-06
4.065109637e-06
4.05198468e-06
4.048408939e-06
4.043979587e-06
4.035235169e-06
4.01784318e-06
3.991317076e-06
3.982136346e-06
3.959294425e-06
3.926285483e-06
3.902999944e-06
3.869217094e-06
3.837285796e-06
3.799337961e-06
3.761213245e-06
3.714902836e-06
3.673868521e-06
3.62466786e-06
3.579130613e-06
4.120513621e-06
4.124837593e-06
4.121921697e-06
4.116298165e-06
4.11536683e-06
4.116596351e-06
4.115464113e-06
4.115835696e-06
4.116937016e-06
4.1194452e-06
4.113634599e-06
4.115221849e-06
4.113338152e-06
4.109654917e-06
4.108279137e-06
4.112482731e-06
4.107660662e-06
4.098060699e-06
4.090382565e-06
4.085803531e-06
4.079538186e-06
4.068799937e-06
4.061726798e-06
4.054395862e-06
4.045463835e-06
4.037775276e-06
4.022798345e-06
4.009839171e-06
3.999470032e-06
3.983008594e-06
3.950768575e-06
3.937036843e-06
3.914226458e-06
3.892602491e-06
3.860427645e-06
3.826327189e-06
3.791726618e-06
3.74680121e-06
3.692843463e-06
3.637056616e-06
4.120027082e-06
4.117662679e-06
4.12069154e-06
4.126318596e-06
4.119658671e-06
4.116641781e-06
4.113939887e-06
4.106377659e-06
4.104396834e-06
4.104380063e-06
4.107743064e-06
4.105488203e-06
4.099512891e-06
4.098406679e-06
4.099669592e-06
4.097260832e-06
4.094970228e-06
4.089316405e-06
4.088392725e-06
4.08378389e-06
4.080623379e-06
4.079680652e-06
4.079886365e-06
4.064891844e-06
4.05695158e-06
4.041720339e-06
4.018227369e-06
4.016305039e-06
4.003930015e-06
3.996295436e-06
3.974940416e-06
3.955192979e-06
3.935931259e-06
3.907268598e-06
3.879995237e-06
3.842912345e-06
3.820767209e-06
3.778109126e-06
3.744827711e-06
3.711350964e-06
4.114619112e-06
4.111275891e-06
4.110759514e-06
4.107841492e-06
4.110322135e-06
4.111587348e-06
4.107217341e-06
4.108978219e-06
4.113912456e-06
4.11428077e-06
4.107526389e-06
4.100984863e-06
4.108798686e-06
4.109068417e-06
4.108820274e-06
4.105127116e-06
4.099447583e-06
4.091771717e-06
4.086481684e-06
4.086221261e-06
4.079032493e-06
4.072976232e-06
4.06303929e-06
4.062366843e-06
4.063835466e-06
4.065033662e-06
4.049969523e-06
4.034122798e-06
4.02714131e-06
4.009702874e-06
4.002824789e-06
3.974437592e-06
3.956950453e-06
3.926497595e-06
3.89763343e-06
3.868155932e-06
3.851480365e-06
3.824271914e-06
3.792683178e-06
3.760524419e-06
4.118268635e-06
4.121367268e-06
4.121528104e-06
4.116168887e-06
4.111629153e-06
4.108773893e-06
4.110531447e-06
4.113958916e-06
4.109376325e-06
4.112699525e-06
4.112344901e-06
4.118260652e-06
4.111899769e-06
4.112903557e-06
4.106343937e-06
4.105369785e-06
4.102272099e-06
4.102416929e-06
4.095814759e-06
4.093340846e-06
4.086252082e-06
4.079118809e-06
4.077447356e-06
4.075559618e-06
4.075358051e-06
4.073767285e-06
4.065732447e-06
4.048720923e-06
4.042500742e-06
4.029589232e-06
4.009781485e-06
3.995193082e-06
3.981878292e-06
3.964086334e-06
3.9451139e-06
3.917090693e-06
3.893307981e-06
3.86578778e-06
3.832745482e-06
3.795145194e-06
4.111678125e-06
4.108091598e-06
4.107597266e-06
4.114382171e-06
4.119130776e-06
4.120094226e-06
4.124997752e-06
4.125087133e-06
4.11953989e-06
4.112969998e-06
4.112107219e-06
4.110388647e-06
4.107449007e-06
4.108756045e-06
4.105465254e-06
4.10509005e-06
4.102434557e-06
4.098259984e-06
4.106016364e-06
4.111195328e-06
4.108433769e-06
4.105220422e-06
4.096603817e-06
4.083865743e-06
4.076988568e-06
4.066343201e-06
4.068362368e-06
4.061326402e-06
4.052892284e-06
4.037851987e-06
4.024936306e-06
4.009695249e-06
4.000202349e-06
3.989307383e-06
3.968498965e-06
3.938420787e-06
3.924297228e-06
3.896436635e-06
3.867658084e-06
3.849873178e-06
4.112396894e-06
4.11691564e-06
4.115131991e-06
4.115908631e-06
4.114339677e-06
4.114726624e-06
4.111601188e-06
4.110330183e-06
4.108662241e-06
4.113287976e-06
4.110090572e-06
4.11441757e-06
4.115699937e-06
4.115240249e-06
4.120760669e-06
4.125898815e-06
4.127110119e-06
4.123180283e-06
4.117829424e-06
4.116084027e-06
4.110373627e-06
4.105512745e-06
4.100118553e-06
4.098252372e-06
4.091629241e-06
4.090218781e-06
4.080434843e-06
4.063642394e-06
4.054945996e-06
4.047484629e-06
4.042776979e-06
4.037228994e-06
4.025363043e-06
4.020794273e-06
4.002147116e-06
3.973533563e-06
3.951490573e-06
3.935284713e-06
3.922044803e-06
3.890272242e-06
4.117097086e-06
4.11088174e-06
4.102783314e-06
4.104446466e-06
4.107651365e-06
4.103336554e-06
4.110574625e-06
4.113657082e-06
4.116543748e-06
4.123633613e-06
4.127209936e-06
4.124322195e-06
4.121460375e-06
4.119192659e-06
4.114313081e-06
4.110531533e-06
4.109501238e-06
4.113738008e-06
4.114382545e-06
4.102943813e-06
4.103480338e-06
4.102080098e-06
4.093958155e-06
4.086461102e-06
4.079670641e-06
4.082775001e-06
4.076428346e-06
4.082295504e-06
4.083791021e-06
4.07272753e-06
4.060373461e-06
4.055515489e-06
4.046436051e-06
4.033127882e-06
4.020601733e-06
3.997381462e-06
3.977937672e-06
3.957315589e-06
3.930623081e-06
3.911162888e-06
4.122018639e-06
4.125936654e-06
4.1326575e-06
4.127987007e-06
4.122558842e-06
4.118299385e-06
4.115468545e-06
4.115336447e-06
4.116418217e-06
4.111905051e-06
4.10909652e-06
4.112119575e-06
4.112574276e-06
4.111691581e-06
4.106510409e-06
4.106430737e-06
4.099886588e-06
4.092318881e-06
4.093955648e-06
4.09653964e-06
4.102165058e-06
4.096206416e-06
4.099048882e-06
4.100068831e-06
4.098632028e-06
4.092299165e-06
4.084979294e-06
4.069585432e-06
4.062746304e-06
4.055777945e-06
4.051782441e-06
4.043204986e-06
4.038171923e-06
4.028426339e-06
4.028670764e-06
4.018236613e-06
4.007923275e-06
3.987510907e-06
3.98054008e-06
3.95505903e-06
1.597908732e-06
2.37277238e-06
2.697903274e-06
2.878913442e-06
3.012552529e-06
3.122376315e-06
3.206337552e-06
3.304469341e-06
3.382399731e-06
3.462245083e-06
3.510916683e-06
3.563193371e-06
3.653775418e-06
3.726401288e-06
3.784850888e-06
3.831500573e-06
3.904182851e-06
3.946238228e-06
3.979334007e-06
3.997634777e-06
4.080054079e-06
4.20564276e-06
4.270209135e-06
4.305783643e-06
4.322677334e-06
4.373452171e-06
4.42874859e-06
4.529981462e-06
4.574877993e-06
4.64638898e-06
4.701306286e-06
4.755984988e-06
4.82136425e-06
4.928584888e-06
5.044157314e-06
5.176539527e-06
5.272814639e-06
5.433005012e-06
5.778113496e-06
6.533272787e-06
1.287182366e-06
1.800517701e-06
2.239254555e-06
2.537486616e-06
2.752238154e-06
2.91104454e-06
3.062656949e-06
3.173348471e-06
3.2741207e-06
3.364605111e-06
3.454638539e-06
3.53264933e-06
3.613529037e-06
3.673522927e-06
3.750889331e-06
3.811524853e-06
3.875247927e-06
3.936257937e-06
4.001088197e-06
4.054194544e-06
4.131132933e-06
4.180535377e-06
4.235794624e-06
4.28716195e-06
4.359585771e-06
4.412035606e-06
4.476294642e-06
4.536370776e-06
4.603927556e-06
4.65590782e-06
4.727757556e-06
4.827171465e-06
4.911906822e-06
4.983302179e-06
5.093591479e-06
5.19590722e-06
5.344518988e-06
5.599974398e-06
5.98657845e-06
6.755632981e-06
1.233953174e-06
1.567018713e-06
1.918436902e-06
2.225643888e-06
2.476206758e-06
2.669964476e-06
2.838157889e-06
2.988391557e-06
3.141177925e-06
3.237312864e-06
3.330975482e-06
3.449229228e-06
3.540365701e-06
3.617317432e-06
3.688709799e-06
3.754159471e-06
3.831522788e-06
3.888114393e-06
3.958270381e-06
4.030195496e-06
4.082320889e-06
4.168903459e-06
4.205455732e-06
4.249874948e-06
4.319545205e-06
4.393875873e-06
4.452223729e-06
4.519841972e-06
4.573015352e-06
4.643340097e-06
4.731969628e-06
4.816437794e-06
4.91941361e-06
4.951440226e-06
5.094793874e-06
5.209919982e-06
5.413041883e-06
5.653681707e-06
6.018192045e-06
6.591349526e-06
1.22285107e-06
1.456500466e-06
1.730043738e-06
1.994534592e-06
2.233314821e-06
2.443308768e-06
2.642432167e-06
2.815493416e-06
2.953728204e-06
3.068604611e-06
3.183374015e-06
3.28085208e-06
3.397640899e-06
3.505074268e-06
3.578760253e-06
3.661100638e-06
3.742350243e-06
3.798471372e-06
3.874583316e-06
3.945541316e-06
4.02103662e-06
4.071738366e-06
4.144733897e-06
4.22662642e-06
4.252840516e-06
4.352873187e-06
4.429652574e-06
4.488465865e-06
4.537138031e-06
4.593534402e-06
4.670382438e-06
4.771323991e-06
4.84496167e-06
4.884428238e-06
5.02217524e-06
5.17874726e-06
5.344865702e-06
5.587633636e-06
5.926357411e-06
6.334606086e-06
1.219950348e-06
1.392296115e-06
1.598096195e-06
1.818367868e-06
2.038707216e-06
2.248553632e-06
2.431925774e-06
2.614279301e-06
2.766682519e-06
2.90211043e-06
3.027586445e-06
3.15392249e-06
3.254465141e-06
3.370649154e-06
3.449468069e-06
3.53166602e-06
3.618540276e-06
3.688876344e-06
3.75803601e-06
3.841088498e-06
3.913041563e-06
3.972993426e-06
4.064304832e-06
4.135394731e-06
4.217503395e-06
4.27760502e-06
4.343550517e-06
4.417500017e-06
4.474607991e-06
4.522655438e-06
4.614228374e-06
4.70828108e-06
4.77772243e-06
4.900747373e-06
4.950500806e-06
5.110099882e-06
5.284189734e-06
5.51182526e-06
5.775168493e-06
6.07628937e-06
1.222730331e-06
1.358238869e-06
1.51663415e-06
1.699625042e-06
1.889454258e-06
2.077277402e-06
2.258888055e-06
2.43662686e-06
2.585242815e-06
2.725854761e-06
2.866240602e-06
3.004613014e-06
3.113134255e-06
3.207064229e-06
3.299623473e-06
3.400068298e-06
3.498944822e-06
3.600626056e-06
3.691434904e-06
3.749896677e-06
3.844687248e-06
3.906483365e-06
3.980866894e-06
4.039949836e-06
4.082244246e-06
4.163127556e-06
4.243033907e-06
4.322633108e-06
4.389465179e-06
4.442781273e-06
4.541959125e-06
4.623855718e-06
4.717558164e-06
4.803641527e-06
4.920163614e-06
5.027096814e-06
5.204607908e-06
5.398071391e-06
5.554803077e-06
5.823349881e-06
1.224646152e-06
1.332413155e-06
1.465484947e-06
1.617206375e-06
1.781618148e-06
1.953005505e-06
2.112421092e-06
2.276157949e-06
2.427491874e-06
2.57758526e-06
2.722026052e-06
2.846474358e-06
2.95500222e-06
3.066531266e-06
3.16180119e-06
3.269821101e-06
3.372701748e-06
3.478421303e-06
3.542551854e-06
3.623793199e-06
3.697583023e-06
3.788118031e-06
3.858601087e-06
3.911011726e-06
3.976580234e-06
4.049779003e-06
4.126351129e-06
4.203659308e-06
4.287122045e-06
4.36675175e-06
4.473223879e-06
4.514498593e-06
4.616554063e-06
4.70589038e-06
4.805057088e-06
4.91813498e-06
5.025713015e-06
5.218693967e-06
5.441393334e-06
5.647920503e-06
1.240366931e-06
1.322482014e-06
1.4266939e-06
1.553608169e-06
1.692720791e-06
1.847749107e-06
2.000088949e-06
2.1461147e-06
2.29625692e-06
2.42336915e-06
2.55574604e-06
2.681721059e-06
2.795823393e-06
2.917352139e-06
3.026684539e-06
3.12000107e-06
3.225999487e-06
3.328986115e-06
3.409594849e-06
3.508544e-06
3.582429326e-06
3.669786775e-06
3.733737085e-06
3.816128826e-06
3.883809402e-06
3.948286934e-06
4.034135684e-06
4.106177239e-06
4.168522491e-06
4.259765504e-06
4.342164636e-06
4.443517938e-06
4.502702057e-06
4.601098856e-06
4.726618763e-06
4.815003472e-06
4.913484847e-06
5.046105425e-06
5.206083861e-06
5.402246142e-06
1.254890907e-06
1.319159905e-06
1.399417336e-06
1.508113986e-06
1.620171684e-06
1.7491976e-06
1.883825955e-06
2.01833132e-06
2.156173554e-06
2.279969719e-06
2.416261822e-06
2.549057662e-06
2.668420054e-06
2.775814702e-06
2.883343886e-06
2.984116846e-06
3.086800459e-06
3.188579777e-06
3.278988412e-06
3.358142011e-06
3.430916924e-06
3.52091516e-06
3.59657831e-06
3.693526559e-06
3.774680118e-06
3.840119697e-06
3.922745137e-06
3.980946694e-06
4.057245287e-06
4.141156771e-06
4.213844595e-06
4.291309364e-06
4.357181847e-06
4.469671924e-06
4.558848134e-06
4.652854587e-06
4.790561973e-06
4.890585068e-06
5.037145919e-06
5.185097122e-06
1.277877061e-06
1.325343006e-06
1.393715974e-06
1.472039618e-06
1.571496383e-06
1.673452183e-06
1.789200907e-06
1.913695333e-06
2.041599894e-06
2.158613684e-06
2.285100972e-06
2.398558807e-06
2.525115298e-06
2.635321155e-06
2.73909102e-06
2.845032089e-06
2.942880394e-06
3.047213656e-06
3.132392805e-06
3.233766333e-06
3.317672443e-06
3.395826336e-06
3.468902123e-06
3.558144685e-06
3.63588475e-06
3.711278647e-06
3.813605217e-06
3.876295065e-06
3.95590713e-06
4.012775136e-06
4.111813041e-06
4.188801962e-06
4.254410956e-06
4.335626935e-06
4.434098078e-06
4.534150604e-06
4.623922423e-06
4.717446635e-06
4.849338513e-06
4.987598063e-06
1.308307181e-06
1.340799798e-06
1.391761238e-06
1.452485031e-06
1.532062352e-06
1.622488397e-06
1.725031065e-06
1.828235352e-06
1.9372574e-06
2.055660982e-06
2.16572001e-06
2.280955537e-06
2.39048107e-06
2.500501751e-06
2.606325942e-06
2.710692616e-06
2.815436765e-06
2.90524948e-06
3.001215386e-06
3.088193123e-06
3.181721973e-06
3.267083185e-06
3.345616359e-06
3.430614794e-06
3.499746835e-06
3.576622867e-06
3.649638106e-06
3.742356479e-06
3.808886506e-06
3.881446037e-06
3.956074106e-06
4.030039734e-06
4.117824656e-06
4.203473018e-06
4.290358845e-06
4.39165131e-06
4.488453142e-06
4.577193626e-06
4.679022421e-06
4.81265715e-06
1.352045625e-06
1.363696168e-06
1.398654631e-06
1.44369972e-06
1.505928378e-06
1.582108591e-06
1.671334149e-06
1.762154592e-06
1.854138323e-06
1.955321614e-06
2.060790162e-06
2.165262077e-06
2.272565457e-06
2.37234919e-06
2.484877252e-06
2.575040902e-06
2.668343941e-06
2.771141265e-06
2.864027336e-06
2.961618241e-06
3.049523145e-06
3.13768798e-06
3.227541978e-06
3.303279605e-06
3.380669061e-06
3.450877115e-06
3.527592613e-06
3.609656492e-06
3.697051723e-06
3.750007489e-06
3.821614083e-06
3.906480924e-06
3.999162091e-06
4.092943886e-06
4.16311318e-06
4.233863607e-06
4.322233334e-06
4.43177255e-06
4.558014891e-06
4.679544868e-06
1.404514307e-06
1.394719601e-06
1.413348297e-06
1.449376857e-06
1.490442665e-06
1.55348122e-06
1.623475678e-06
1.708886892e-06
1.794047669e-06
1.878270599e-06
1.978914112e-06
2.071990346e-06
2.162009981e-06
2.266627492e-06
2.355431753e-06
2.452315878e-06
2.554256975e-06
2.650935873e-06
2.739931728e-06
2.833165028e-06
2.914587805e-06
2.996043242e-06
3.071401843e-06
3.15554754e-06
3.253367369e-06
3.32430554e-06
3.401682374e-06
3.47073711e-06
3.558758117e-06
3.645477621e-06
3.726999389e-06
3.789703418e-06
3.870956147e-06
3.939143049e-06
4.00986488e-06
4.111779559e-06
4.205127837e-06
4.301911296e-06
4.379160278e-06
4.483279682e-06
1.468055594e-06
1.445583951e-06
1.449153998e-06
1.46064065e-06
1.491037065e-06
1.533981165e-06
1.59179903e-06
1.658583946e-06
1.737964746e-06
1.810938187e-06
1.891901561e-06
1.983084365e-06
2.078995158e-06
2.160651133e-06
2.259144336e-06
2.350493687e-06
2.448806023e-06
2.535743289e-06
2.6192088e-06
2.705829358e-06
2.796341717e-06
2.876065345e-06
2.962480459e-06
3.045624379e-06
3.113741042e-06
3.19900808e-06
3.269890641e-06
3.342145508e-06
3.411654755e-06
3.506458173e-06
3.587876463e-06
3.674017847e-06
3.746485218e-06
3.830390171e-06
3.893110617e-06
3.977616329e-06
4.052642844e-06
4.138762041e-06
4.233088138e-06
4.341836531e-06
1.53824113e-06
1.503453082e-06
1.485799839e-06
1.486070305e-06
1.497846002e-06
1.525320138e-06
1.569482934e-06
1.622166312e-06
1.687890616e-06
1.756912564e-06
1.834490319e-06
1.905129562e-06
1.984946937e-06
2.086150831e-06
2.16565659e-06
2.251871916e-06
2.326620541e-06
2.41435553e-06
2.503522349e-06
2.591283878e-06
2.681920598e-06
2.77440338e-06
2.852523123e-06
2.926136712e-06
3.008850702e-06
3.085424336e-06
3.156564441e-06
3.232834953e-06
3.303686657e-06
3.377968567e-06
3.450294521e-06
3.521462092e-06
3.592122339e-06
3.682623031e-06
3.758659078e-06
3.826379548e-06
3.901630124e-06
3.982651082e-06
4.065468639e-06
4.161323069e-06
1.61936941e-06
1.569923749e-06
1.537111299e-06
1.524156199e-06
1.523242847e-06
1.542368553e-06
1.569888997e-06
1.604448842e-06
1.653417156e-06
1.709441442e-06
1.773792033e-06
1.846288109e-06
1.918104273e-06
1.995865516e-06
2.079654907e-06
2.160273621e-06
2.238628327e-06
2.315709955e-06
2.395345081e-06
2.486530634e-06
2.562464965e-06
2.641162037e-06
2.717734665e-06
2.79578485e-06
2.883020924e-06
2.952335109e-06
3.033436593e-06
3.109698206e-06
3.182206121e-06
3.249286557e-06
3.338040313e-06
3.403664006e-06
3.478156907e-06
3.558198029e-06
3.636289916e-06
3.704823487e-06
3.770366391e-06
3.836943461e-06
3.9052886e-06
3.98641267e-06
1.724695456e-06
1.659058904e-06
1.605958692e-06
1.575432037e-06
1.563650702e-06
1.559458039e-06
1.568733558e-06
1.60179785e-06
1.637100208e-06
1.682851186e-06
1.736057581e-06
1.796633866e-06
1.863391831e-06
1.933816631e-06
2.001249764e-06
2.072758278e-06
2.149939082e-06
2.226466704e-06
2.299633908e-06
2.378506945e-06
2.458082276e-06
2.528888672e-06
2.609364848e-06
2.690496954e-06
2.761938876e-06
2.848680085e-06
2.92278189e-06
2.990972078e-06
3.05759573e-06
3.127287691e-06
3.205612143e-06
3.2833653e-06
3.362770135e-06
3.420506744e-06
3.500227224e-06
3.574302808e-06
3.643212939e-06
3.707838788e-06
3.790523024e-06
3.862584389e-06
1.834765819e-06
1.748945806e-06
1.688206258e-06
1.642007851e-06
1.613849255e-06
1.598531447e-06
1.595534587e-06
1.604770664e-06
1.634029793e-06
1.666479852e-06
1.702417441e-06
1.752471848e-06
1.803882579e-06
1.865178951e-06
1.929254202e-06
1.998418531e-06
2.064170883e-06
2.129389129e-06
2.206048079e-06
2.272503806e-06
2.348556009e-06
2.426724161e-06
2.496354755e-06
2.579043159e-06
2.648406973e-06
2.722168168e-06
2.800715919e-06
2.879593375e-06
2.956851024e-06
3.023746263e-06
3.083789656e-06
3.15001098e-06
3.225328669e-06
3.298509847e-06
3.361444068e-06
3.422479313e-06
3.4957629e-06
3.562150765e-06
3.631915996e-06
3.714374044e-06
1.955893426e-06
1.861127149e-06
1.784930238e-06
1.720782079e-06
1.676155172e-06
1.649631387e-06
1.632539125e-06
1.633154359e-06
1.642365212e-06
1.662034434e-06
1.691314352e-06
1.726234979e-06
1.770351873e-06
1.818592183e-06
1.874386219e-06
1.9334814e-06
1.996206888e-06
2.063596241e-06
2.127930042e-06
2.20112896e-06
2.26405548e-06
2.33763483e-06
2.405524032e-06
2.474786237e-06
2.545949132e-06
2.617571354e-06
2.689825392e-06
2.763762153e-06
2.830054666e-06
2.905127938e-06
2.972297674e-06
3.032665724e-06
3.096151851e-06
3.170993788e-06
3.238783368e-06
3.306497494e-06
3.367820412e-06
3.456733733e-06
3.516533644e-06
3.583762675e-06
2.085820709e-06
1.980696135e-06
1.895172637e-06
1.81349993e-06
1.754236566e-06
1.709569035e-06
1.679894435e-06
1.661606138e-06
1.661796317e-06
1.670044946e-06
1.687926885e-06
1.71036171e-06
1.741387355e-06
1.78520118e-06
1.832219687e-06
1.882132849e-06
1.938785339e-06
1.998821269e-06
2.061326175e-06
2.121973972e-06
2.190036206e-06
2.253080919e-06
2.318488081e-06
2.377912184e-06
2.436952813e-06
2.510921362e-06
2.58257479e-06
2.648805402e-06
2.710328265e-06
2.773956508e-06
2.845067545e-06
2.910007899e-06
2.976769014e-06
3.034131389e-06
3.098896825e-06
3.180797807e-06
3.244344443e-06
3.306199184e-06
3.371620925e-06
3.439281762e-06
2.21894512e-06
2.113323965e-06
2.009820137e-06
1.9305991e-06
1.856130342e-06
1.795585754e-06
1.752998816e-06
1.718249827e-06
1.699499151e-06
1.700993795e-06
1.705233604e-06
1.715730616e-06
1.734516184e-06
1.763595117e-06
1.80607177e-06
1.848983222e-06
1.892989796e-06
1.942973086e-06
1.998639748e-06
2.055181799e-06
2.11009196e-06
2.169219193e-06
2.229204289e-06
2.291470754e-06
2.35122004e-06
2.412186719e-06
2.475666268e-06
2.544728643e-06
2.608492309e-06
2.671420533e-06
2.739731999e-06
2.797503856e-06
2.864282061e-06
2.933404944e-06
2.992898366e-06
3.055567308e-06
3.114993464e-06
3.184510754e-06
3.261898621e-06
3.329935293e-06
2.352191114e-06
2.2420612e-06
2.141300884e-06
2.04938173e-06
1.965215055e-06
1.892311669e-06
1.835738545e-06
1.791950211e-06
1.755725911e-06
1.733355357e-06
1.724921104e-06
1.729187745e-06
1.742082533e-06
1.75856758e-06
1.785032189e-06
1.820539502e-06
1.858320419e-06
1.89769821e-06
1.939233782e-06
1.993314093e-06
2.042297754e-06
2.094820539e-06
2.154664032e-06
2.211655076e-06
2.270946394e-06
2.33297674e-06
2.390996263e-06
2.448887599e-06
2.510428237e-06
2.577502665e-06
2.641180667e-06
2.711170231e-06
2.773335937e-06
2.835270161e-06
2.899965846e-06
2.962592063e-06
3.021160226e-06
3.076070023e-06
3.143888651e-06
3.21113242e-06
2.487545796e-06
2.378936058e-06
2.279641981e-06
2.177007458e-06
2.092562941e-06
1.999697356e-06
1.926850019e-06
1.870772767e-06
1.822399189e-06
1.787947511e-06
1.76365089e-06
1.752104619e-06
1.75069757e-06
1.759159994e-06
1.778417164e-06
1.793799278e-06
1.823422322e-06
1.85390719e-06
1.895506248e-06
1.936395769e-06
1.986448883e-06
2.03063662e-06
2.0797073e-06
2.136628477e-06
2.192783545e-06
2.245748345e-06
2.300627191e-06
2.355825715e-06
2.416689597e-06
2.469507679e-06
2.532111792e-06
2.587908569e-06
2.66019215e-06
2.721835819e-06
2.784234104e-06
2.846652806e-06
2.910091199e-06
2.971800811e-06
3.030292624e-06
3.089858371e-06
2.63011443e-06
2.519082522e-06
2.405244243e-06
2.300423813e-06
2.20894568e-06
2.125465318e-06
2.040356089e-06
1.966090865e-06
1.908135099e-06
1.85969724e-06
1.820357978e-06
1.797760399e-06
1.781112135e-06
1.77092323e-06
1.775875538e-06
1.792990707e-06
1.811226818e-06
1.836053223e-06
1.866012645e-06
1.895415631e-06
1.934093898e-06
1.980677072e-06
2.026481275e-06
2.072647238e-06
2.117652997e-06
2.167519618e-06
2.224402599e-06
2.279202336e-06
2.3332813e-06
2.392139927e-06
2.443740301e-06
2.504899548e-06
2.567085526e-06
2.627207083e-06
2.684119945e-06
2.743608531e-06
2.80249e-06
2.855016627e-06
2.914771533e-06
2.978360641e-06
2.760859379e-06
2.658045976e-06
2.551200192e-06
2.441249271e-06
2.337026152e-06
2.247625855e-06
2.159777046e-06
2.076010966e-06
2.003027493e-06
1.94337057e-06
1.892179251e-06
1.851747813e-06
1.826348459e-06
1.809220113e-06
1.79689713e-06
1.793649482e-06
1.805430587e-06
1.823169055e-06
1.845629599e-06
1.873994422e-06
1.900743116e-06
1.937241825e-06
1.975118843e-06
2.013841694e-06
2.060036957e-06
2.102473009e-06
2.152994944e-06
2.200930276e-06
2.258775261e-06
2.316063981e-06
2.367138326e-06
2.418499399e-06
2.466846725e-06
2.524896113e-06
2.587092675e-06
2.647003073e-06
2.705286116e-06
2.760722257e-06
2.81268953e-06
2.873614945e-06
2.89032055e-06
2.784541408e-06
2.679290365e-06
2.580009084e-06
2.472569542e-06
2.37439728e-06
2.290285522e-06
2.194764454e-06
2.114625934e-06
2.046277083e-06
1.985871576e-06
1.933177165e-06
1.891191249e-06
1.861020685e-06
1.835154766e-06
1.819615055e-06
1.816392864e-06
1.818886891e-06
1.830392891e-06
1.849029933e-06
1.875787406e-06
1.900225133e-06
1.936074228e-06
1.97048228e-06
2.006980672e-06
2.052407898e-06
2.091838527e-06
2.133373416e-06
2.180225706e-06
2.228740952e-06
2.278563363e-06
2.333961918e-06
2.387365452e-06
2.438843805e-06
2.49055254e-06
2.548753471e-06
2.608787001e-06
2.668769911e-06
2.722391559e-06
2.776579324e-06
3.002586694e-06
2.909413663e-06
2.810820032e-06
2.706119536e-06
2.605737701e-06
2.505173775e-06
2.413374883e-06
2.324441954e-06
2.237347624e-06
2.155346018e-06
2.085927632e-06
2.017848537e-06
1.963716603e-06
1.919942773e-06
1.88627107e-06
1.858550078e-06
1.843667472e-06
1.837780115e-06
1.841412594e-06
1.848435626e-06
1.862288863e-06
1.881218792e-06
1.902574224e-06
1.933101631e-06
1.967433656e-06
2.00232997e-06
2.044702755e-06
2.083555617e-06
2.125685168e-06
2.170032173e-06
2.219350588e-06
2.26255312e-06
2.307903601e-06
2.359067703e-06
2.409855383e-06
2.46138653e-06
2.514355451e-06
2.568934667e-06
2.622520069e-06
2.671642875e-06
3.120148558e-06
3.032889725e-06
2.946333888e-06
2.849793062e-06
2.747815299e-06
2.652960702e-06
2.558159774e-06
2.462262518e-06
2.366683228e-06
2.279262594e-06
2.204185861e-06
2.133218808e-06
2.071357998e-06
2.016697429e-06
1.966549999e-06
1.930248031e-06
1.897909089e-06
1.877167742e-06
1.866241575e-06
1.86660701e-06
1.870278924e-06
1.876573734e-06
1.896381165e-06
1.914530653e-06
1.936945231e-06
1.961356646e-06
1.993514613e-06
2.02806804e-06
2.063770955e-06
2.102448477e-06
2.144481571e-06
2.193879042e-06
2.245754159e-06
2.28707683e-06
2.335776899e-06
2.379261579e-06
2.426116569e-06
2.474465774e-06
2.528863665e-06
2.584446207e-06
3.231148843e-06
3.148186475e-06
3.073030997e-06
2.976520486e-06
2.885123252e-06
2.782538489e-06
2.684400839e-06
2.595552212e-06
2.50885046e-06
2.415629698e-06
2.332686065e-06
2.252797316e-06
2.173679346e-06
2.112663426e-06
2.05596837e-06
2.007407821e-06
1.962843651e-06
1.930753677e-06
1.906596024e-06
1.889766018e-06
1.884207432e-06
1.883513502e-06
1.887032807e-06
1.901211713e-06
1.918749964e-06
1.942627514e-06
1.964800511e-06
1.996349813e-06
2.026219997e-06
2.062625942e-06
2.0931963e-06
2.128864217e-06
2.171512778e-06
2.214156896e-06
2.25601973e-06
2.300935704e-06
2.349736047e-06
2.398602166e-06
2.446561894e-06
2.496227571e-06
3.341196159e-06
3.25809427e-06
3.175370732e-06
3.096010887e-06
3.00968452e-06
2.919371173e-06
2.826684321e-06
2.736447161e-06
2.662014999e-06
2.562461568e-06
2.466597497e-06
2.382664443e-06
2.299885514e-06
2.223936825e-06
2.157978879e-06
2.101431206e-06
2.048482896e-06
2.004397046e-06
1.964954648e-06
1.938975731e-06
1.923805933e-06
1.911780189e-06
1.90445026e-06
1.90082175e-06
1.910255691e-06
1.924559892e-06
1.941676625e-06
1.954454059e-06
1.983169891e-06
2.010598352e-06
2.047210495e-06
2.083735708e-06
2.120365528e-06
2.157402696e-06
2.193974135e-06
2.237486285e-06
2.276317433e-06
2.320448195e-06
2.368344074e-06
2.417949747e-06
3.416381919e-06
3.343175595e-06
3.274738344e-06
3.209072826e-06
3.138088703e-06
3.058752784e-06
2.974790164e-06
2.878361376e-06
2.785633821e-06
2.69588373e-06
2.608512791e-06
2.515985864e-06
2.435173681e-06
2.353280769e-06
2.282855759e-06
2.209645588e-06
2.149831713e-06
2.09201299e-06
2.044789157e-06
2.002094607e-06
1.972785879e-06
1.948771198e-06
1.931761725e-06
1.92299704e-06
1.919187685e-06
1.922303129e-06
1.932937888e-06
1.952642976e-06
1.960910337e-06
1.978453318e-06
2.003785982e-06
2.031318227e-06
2.062704581e-06
2.097045399e-06
2.133949164e-06
2.171115049e-06
2.211403335e-06
2.252474831e-06
2.289166967e-06
2.329218693e-06
3.54119485e-06
3.461260522e-06
3.391245566e-06
3.314950579e-06
3.241810086e-06
3.168390695e-06
3.08653531e-06
3.011632167e-06
2.923114602e-06
2.835395606e-06
2.745125266e-06
2.653659407e-06
2.567751553e-06
2.487975445e-06
2.405059618e-06
2.332924405e-06
2.25894521e-06
2.19564607e-06
2.133679433e-06
2.087699111e-06
2.045843319e-06
2.008214815e-06
1.987760176e-06
1.961717082e-06
1.948367832e-06
1.940162491e-06
1.934975334e-06
1.937626857e-06
1.953205193e-06
1.967710932e-06
1.978135943e-06
1.994144198e-06
2.022597802e-06
2.054037591e-06
2.091021887e-06
2.12509654e-06
2.160374514e-06
2.195590222e-06
2.233991077e-06
2.268623546e-06
3.579093706e-06
3.526324789e-06
3.458515847e-06
3.405707482e-06
3.338028327e-06
3.263975381e-06
3.193811192e-06
3.114686206e-06
3.051717319e-06
2.966581035e-06
2.881039718e-06
2.797161494e-06
2.702889782e-06
2.625876623e-06
2.537277198e-06
2.457966219e-06
2.381091923e-06
2.311379146e-06
2.245077382e-06
2.183664375e-06
2.130524321e-06
2.082156002e-06
2.043654808e-06
2.01626183e-06
1.988434065e-06
1.972450415e-06
1.959364889e-06
1.958573841e-06
1.956148695e-06
1.960091896e-06
1.976917186e-06
1.990252916e-06
2.002508196e-06
2.019138368e-06
2.046390594e-06
2.077986162e-06
2.113782436e-06
2.143113838e-06
2.183291659e-06
2.221467484e-06
3.653402496e-06
3.609931315e-06
3.549783067e-06
3.479814922e-06
3.425049768e-06
3.361578333e-06
3.298660631e-06
3.213287612e-06
3.149566986e-06
3.08560113e-06
3.006192167e-06
2.925197781e-06
2.842070851e-06
2.75718941e-06
2.681571808e-06
2.598672258e-06
2.515419799e-06
2.435619962e-06
2.36192379e-06
2.297109539e-06
2.233903388e-06
2.180638481e-06
2.126949672e-06
2.081786261e-06
2.050132255e-06
2.020946893e-06
1.998994153e-06
1.983059315e-06
1.979746053e-06
1.975920576e-06
1.97881913e-06
1.990028162e-06
2.001158023e-06
2.012537889e-06
2.025266717e-06
2.042967728e-06
2.065916495e-06
2.100352007e-06
2.131286438e-06
2.164319906e-06
3.722655927e-06
3.680087108e-06
3.636204967e-06
3.582866142e-06
3.533314892e-06
3.47389758e-06
3.412615266e-06
3.343355817e-06
3.265885675e-06
3.19512801e-06
3.124313043e-06
3.046911853e-06
2.973540554e-06
2.892858902e-06
2.803844089e-06
2.726573159e-06
2.655325215e-06
2.577190967e-06
2.500755241e-06
2.419643983e-06
2.348585979e-06
2.285847172e-06
2.228820649e-06
2.174333456e-06
2.127096909e-06
2.09238869e-06
2.06115397e-06
2.034380071e-06
2.015573852e-06
2.005659337e-06
1.997657892e-06
1.991608324e-06
1.992579751e-06
2.001666667e-06
2.016768504e-06
2.031502122e-06
2.04964964e-06
2.063360418e-06
2.088748341e-06
2.116422659e-06
3.770490884e-06
3.73510719e-06
3.69160874e-06
3.644514154e-06
3.589802149e-06
3.537205166e-06
3.488502682e-06
3.436068896e-06
3.380315983e-06
3.311428886e-06
3.247555349e-06
3.18040744e-06
3.098740898e-06
3.024404492e-06
2.949422003e-06
2.86772338e-06
2.786513549e-06
2.712033328e-06
2.631167407e-06
2.557874508e-06
2.487681121e-06
2.421898772e-06
2.359200816e-06
2.292532643e-06
2.235721243e-06
2.184432855e-06
2.141435129e-06
2.101509267e-06
2.067420614e-06
2.043378416e-06
2.02713537e-06
2.017973183e-06
2.010000458e-06
2.011505511e-06
2.013814394e-06
2.022569627e-06
2.034900154e-06
2.050185727e-06
2.065672217e-06
2.081856524e-06
3.817704611e-06
3.791109662e-06
3.75479749e-06
3.710303464e-06
3.666123344e-06
3.621711299e-06
3.576050865e-06
3.526680993e-06
3.461942755e-06
3.407214178e-06
3.355850219e-06
3.29549127e-06
3.225140579e-06
3.151247963e-06
3.075619742e-06
2.999312664e-06
2.925336908e-06
2.846900276e-06
2.774169023e-06
2.69320753e-06
2.615724116e-06
2.536874978e-06
2.470077798e-06
2.406822578e-06
2.339639459e-06
2.280885073e-06
2.23193247e-06
2.184125729e-06
2.145648601e-06
2.108232071e-06
2.082224518e-06
2.061515231e-06
2.04628719e-06
2.035277929e-06
2.024986794e-06
2.021664909e-06
2.028360108e-06
2.041964224e-06
2.050702103e-06
2.066776159e-06
3.856897366e-06
3.819619602e-06
3.790665429e-06
3.764245361e-06
3.722795275e-06
3.677826832e-06
3.638986258e-06
3.595855257e-06
3.538536248e-06
3.488105238e-06
3.433823032e-06
3.37397927e-06
3.328459976e-06
3.26299722e-06
3.192394245e-06
3.13074504e-06
3.057648033e-06
2.982111748e-06
2.908618604e-06
2.838315299e-06
2.752298106e-06
2.667767594e-06
2.596402487e-06
2.536991211e-06
2.472023835e-06
2.405170004e-06
2.339170275e-06
2.286763291e-06
2.234925999e-06
2.189959212e-06
2.151082097e-06
2.12078917e-06
2.090221903e-06
2.066535194e-06
2.054913305e-06
2.045674283e-06
2.037664065e-06
2.032445048e-06
2.041515595e-06
2.049281336e-06
3.903901279e-06
3.881937144e-06
3.852904776e-06
3.823144346e-06
3.791308226e-06
3.756308958e-06
3.711511365e-06
3.665356875e-06
3.624745704e-06
3.580679891e-06
3.537549998e-06
3.484470361e-06
3.426956684e-06
3.3753621e-06
3.30916978e-06
3.240850641e-06
3.172967378e-06
3.105431241e-06
3.03541786e-06
2.96398609e-06
2.893076933e-06
2.818428134e-06
2.736727778e-06
2.657123306e-06
2.589162353e-06
2.519171763e-06
2.450760495e-06
2.387593295e-06
2.330103579e-06
2.277142433e-06
2.224708763e-06
2.182953045e-06
2.146478883e-06
2.114145912e-06
2.089543539e-06
2.065210494e-06
2.046978966e-06
2.037423916e-06
2.02917397e-06
2.025805874e-06
3.932564936e-06
3.909011453e-06
3.888629828e-06
3.865965563e-06
3.83916121e-06
3.81698177e-06
3.777274582e-06
3.740483933e-06
3.697276737e-06
3.657531495e-06
3.611669586e-06
3.563028701e-06
3.508320402e-06
3.46059443e-06
3.402875738e-06
3.341369624e-06
3.275208413e-06
3.207902864e-06
3.13724235e-06
3.071847315e-06
2.998271508e-06
2.923057574e-06
2.85009607e-06
2.77456527e-06
2.704827988e-06
2.630104203e-06
2.553212842e-06
2.483182659e-06
2.414534121e-06
2.352574581e-06
2.295437775e-06
2.235842774e-06
2.183666612e-06
2.147424785e-06
2.103210961e-06
2.069799288e-06
2.04421168e-06
2.020865172e-06
2.000583386e-06
1.98743224e-06
)
;

boundaryField
{
    flow
    {
        type            calculated;
        value           nonuniform List<scalar> 
180
(
4.088982304e-06
4.079946149e-06
4.093449996e-06
4.091626076e-06
4.092883506e-06
4.099931811e-06
4.10258241e-06
4.092307336e-06
4.098219368e-06
4.094510788e-06
4.101595405e-06
4.092159353e-06
4.105037742e-06
4.102088063e-06
4.097637551e-06
4.097908613e-06
4.098216557e-06
4.104563172e-06
4.106103935e-06
4.1020871e-06
4.110159405e-06
4.102803987e-06
4.103955753e-06
4.10913477e-06
4.10588899e-06
4.108495839e-06
4.106598456e-06
4.115289087e-06
4.107561437e-06
4.114014491e-06
4.109318948e-06
4.111271449e-06
4.111616162e-06
4.112677438e-06
4.112079988e-06
4.10942519e-06
4.10625102e-06
4.120202505e-06
4.116650359e-06
4.106443154e-06
4.113305655e-06
4.11911381e-06
4.116632918e-06
4.110505177e-06
4.11635892e-06
4.115155573e-06
4.115601093e-06
4.120122458e-06
4.111163625e-06
4.112968143e-06
4.112193805e-06
4.118490598e-06
4.120513621e-06
4.120027082e-06
4.114619112e-06
4.118268635e-06
4.111678125e-06
4.112396894e-06
4.117097086e-06
4.122018639e-06
4.122018639e-06
4.125936654e-06
4.1326575e-06
4.127987007e-06
4.122558842e-06
4.118299385e-06
4.115468545e-06
4.115336447e-06
4.116418217e-06
4.111905051e-06
4.10909652e-06
4.112119575e-06
4.112574276e-06
4.111691581e-06
4.106510409e-06
4.106430737e-06
4.099886588e-06
4.092318881e-06
4.093955648e-06
4.09653964e-06
4.102165058e-06
4.096206416e-06
4.099048882e-06
4.100068831e-06
4.098632028e-06
4.092299165e-06
4.084979294e-06
4.069585432e-06
4.062746304e-06
4.055777945e-06
4.051782441e-06
4.043204986e-06
4.038171923e-06
4.028426339e-06
4.028670764e-06
4.018236613e-06
4.007923275e-06
3.987510907e-06
3.98054008e-06
3.95505903e-06
3.932564936e-06
3.909011453e-06
3.888629828e-06
3.865965563e-06
3.83916121e-06
3.81698177e-06
3.777274582e-06
3.740483933e-06
3.697276737e-06
3.657531495e-06
3.611669586e-06
3.563028701e-06
3.508320402e-06
3.46059443e-06
3.402875738e-06
3.341369624e-06
3.275208413e-06
3.207902864e-06
3.13724235e-06
3.071847315e-06
2.998271508e-06
2.923057574e-06
2.85009607e-06
2.77456527e-06
2.704827988e-06
2.630104203e-06
2.553212842e-06
2.483182659e-06
2.414534121e-06
2.352574581e-06
2.295437775e-06
2.235842774e-06
2.183666612e-06
2.147424785e-06
2.103210961e-06
2.069799288e-06
2.04421168e-06
2.020865172e-06
2.000583386e-06
1.98743224e-06
6.533272787e-06
6.755632981e-06
6.591349526e-06
6.334606086e-06
6.07628937e-06
5.823349881e-06
5.647920503e-06
5.402246142e-06
5.185097122e-06
4.987598063e-06
4.81265715e-06
4.679544868e-06
4.483279682e-06
4.341836531e-06
4.161323069e-06
3.98641267e-06
3.862584389e-06
3.714374044e-06
3.583762675e-06
3.439281762e-06
3.329935293e-06
3.21113242e-06
3.089858371e-06
2.978360641e-06
2.873614945e-06
2.776579324e-06
2.671642875e-06
2.584446207e-06
2.496227571e-06
2.417949747e-06
2.329218693e-06
2.268623546e-06
2.221467484e-06
2.164319906e-06
2.116422659e-06
2.081856524e-06
2.066776159e-06
2.049281336e-06
2.025805874e-06
1.98743224e-06
)
;
    }
    cylinder
    {
        type            calculated;
        value           nonuniform List<scalar> 
60
(
1.597908732e-06
2.37277238e-06
2.697903274e-06
2.878913442e-06
3.012552529e-06
3.122376315e-06
3.206337552e-06
3.304469341e-06
3.382399731e-06
3.462245083e-06
3.510916683e-06
3.563193371e-06
3.653775418e-06
3.726401288e-06
3.784850888e-06
3.831500573e-06
3.904182851e-06
3.946238228e-06
3.979334007e-06
3.997634777e-06
4.080054079e-06
4.20564276e-06
4.270209135e-06
4.305783643e-06
4.322677334e-06
4.373452171e-06
4.42874859e-06
4.529981462e-06
4.574877993e-06
4.64638898e-06
4.701306286e-06
4.755984988e-06
4.82136425e-06
4.928584888e-06
5.044157314e-06
5.176539527e-06
5.272814639e-06
5.433005012e-06
5.778113496e-06
6.533272787e-06
3.164272978e-07
3.170798216e-07
3.175103948e-07
3.185535057e-07
3.183220803e-07
3.207100721e-07
3.207816582e-07
3.2367325e-07
3.237828419e-07
3.260854191e-07
3.287735956e-07
3.319847909e-07
3.350596428e-07
3.393800255e-07
3.441534308e-07
3.519638711e-07
3.617589653e-07
3.767326739e-07
4.023588901e-07
4.679566675e-07
)
;
    }
    wedgeFront
    {
        type            symmetry;
    }
    wedgeBack
    {
        type            symmetry;
    }
    defaultFaces
    {
        type            empty;
    }
}


// ************************************************************************* //
