/*--------------------------------*- C++ -*----------------------------------*\
| =========                 |                                                 |
| \\      /  F ield         | OpenFOAM: The Open Source CFD Toolbox           |
|  \\    /   O peration     | Version:  v1706                                 |
|   \\  /    A nd           | Web:      www.OpenFOAM.com                      |
|    \\/     M anipulation  |                                                 |
\*---------------------------------------------------------------------------*/
FoamFile
{
    version     2.0;
    format      ascii;
    class       volScalarField;
    location    "0.004";
    object      rhoM_Ar;
}
// * * * * * * * * * * * * * * * * * * * * * * * * * * * * * * * * * * * * * //

dimensions      [1 -3 0 0 0 0 0];


internalField   nonuniform List<scalar> 
4000
(
6.633549917e-05
6.638623976e-05
6.648221364e-05
6.654485e-05
6.679576257e-05
6.684378623e-05
6.708581369e-05
6.712531939e-05
6.753241899e-05
6.777062806e-05
6.802021889e-05
6.84077125e-05
6.913798045e-05
6.994101819e-05
7.052090014e-05
7.141469818e-05
7.262277945e-05
7.452676313e-05
7.652929076e-05
7.892665506e-05
8.285049601e-05
8.752935103e-05
9.330386499e-05
0.0001006692543
0.0001113722141
0.000123860567
0.0001402206986
0.0001589229012
0.0001802469456
0.0002027135711
0.0002242795696
0.0002444800514
0.0002646643051
0.0002848684585
0.0003087364348
0.0003373189534
0.0003741826152
0.0004258446117
0.0005076856564
0.0006515555653
6.640200268e-05
6.641076358e-05
6.64206128e-05
6.636543542e-05
6.634573699e-05
6.649499887e-05
6.657645896e-05
6.664529465e-05
6.662635803e-05
6.682176431e-05
6.714863858e-05
6.755180347e-05
6.789092125e-05
6.836863545e-05
6.916446303e-05
6.983905273e-05
7.099745119e-05
7.229362984e-05
7.403100986e-05
7.664050807e-05
7.985565148e-05
8.400897356e-05
8.969191705e-05
9.716083365e-05
0.0001070163623
0.0001201348113
0.0001357488122
0.0001547437608
0.0001756652923
0.0001976015108
0.0002188919798
0.0002406548303
0.0002612942715
0.0002813855848
0.0003051892365
0.0003346500931
0.0003716017958
0.0004250403795
0.000506719061
0.0006507683685
6.631518466e-05
6.625669637e-05
6.627975627e-05
6.644804112e-05
6.654934745e-05
6.651318533e-05
6.649840604e-05
6.65271785e-05
6.670395359e-05
6.685227066e-05
6.714874758e-05
6.743662945e-05
6.771575905e-05
6.819844465e-05
6.867457915e-05
6.940264304e-05
7.035648429e-05
7.168337182e-05
7.331962885e-05
7.587581861e-05
7.879551622e-05
8.295756587e-05
8.848083086e-05
9.57683353e-05
0.0001057229791
0.0001185285076
0.0001338287503
0.0001530926227
0.0001731947225
0.0001951874194
0.0002171550126
0.0002385168117
0.0002596762601
0.0002802639804
0.0003035726638
0.0003330522809
0.0003713237465
0.0004242097371
0.0005053588304
0.0006498790406
6.636427057e-05
6.635154446e-05
6.637492739e-05
6.629919153e-05
6.634466409e-05
6.652184668e-05
6.667466343e-05
6.672267086e-05
6.680373513e-05
6.699410942e-05
6.721200521e-05
6.753791772e-05
6.790102564e-05
6.836340754e-05
6.886215714e-05
6.950301494e-05
7.026151164e-05
7.145476527e-05
7.316922026e-05
7.554196678e-05
7.843337977e-05
8.223910668e-05
8.762080162e-05
9.520623417e-05
0.0001043801539
0.0001169193531
0.0001324678629
0.0001505459193
0.0001715538256
0.000194178465
0.00021648102
0.0002374161392
0.0002579280895
0.0002791334575
0.000303261019
0.0003320930501
0.0003704303452
0.0004231457104
0.0005039634247
0.0006478401394
6.637185632e-05
6.651727742e-05
6.659911213e-05
6.671877997e-05
6.679840432e-05
6.675625328e-05
6.672104174e-05
6.682950357e-05
6.702992664e-05
6.71622398e-05
6.73076095e-05
6.749749481e-05
6.773122749e-05
6.821216062e-05
6.868075686e-05
6.928968523e-05
7.02848611e-05
7.146483331e-05
7.326488851e-05
7.531990611e-05
7.806938787e-05
8.188575367e-05
8.749754833e-05
9.464472047e-05
0.0001040817738
0.0001158833978
0.0001313504664
0.0001498848973
0.0001708802809
0.0001931721176
0.0002152296047
0.0002357907297
0.0002563094981
0.0002781210184
0.0003017120839
0.000329956676
0.0003693833232
0.000422962132
0.0005029415276
0.0006481761881
6.629550584e-05
6.633857546e-05
6.629023097e-05
6.636484741e-05
6.639536999e-05
6.641549646e-05
6.649098351e-05
6.668743422e-05
6.682780736e-05
6.700315856e-05
6.726301019e-05
6.755850565e-05
6.78755103e-05
6.825985924e-05
6.867375772e-05
6.949689436e-05
7.040990873e-05
7.150646829e-05
7.32624897e-05
7.552428462e-05
7.808480137e-05
8.19864168e-05
8.711631004e-05
9.419954601e-05
0.0001035329517
0.0001153287512
0.0001301087475
0.0001487651115
0.0001693995538
0.0001918555694
0.0002134781035
0.0002355153554
0.0002555700223
0.0002769905235
0.0003007468728
0.0003282935017
0.0003666242295
0.0004201008661
0.0005006549237
0.0006430975592
6.626141328e-05
6.62064937e-05
6.627045585e-05
6.621696674e-05
6.620123164e-05
6.6258348e-05
6.637952868e-05
6.647909915e-05
6.66518276e-05
6.678874338e-05
6.693894204e-05
6.715080388e-05
6.749125416e-05
6.777039887e-05
6.834273748e-05
6.899645924e-05
6.996600688e-05
7.113622809e-05
7.271505094e-05
7.474155775e-05
7.747670588e-05
8.134442339e-05
8.621877841e-05
9.298650496e-05
0.0001025379132
0.0001140964149
0.0001286909728
0.0001469165577
0.0001674515235
0.0001895326669
0.0002115159258
0.0002340453662
0.0002547708902
0.0002748830519
0.0002982741422
0.000326484719
0.000364258863
0.0004171379849
0.0004984380128
0.0006428832917
6.6425248e-05
6.6479768e-05
6.65835039e-05
6.654173413e-05
6.656131849e-05
6.661216642e-05
6.659518311e-05
6.661390045e-05
6.666418737e-05
6.678954767e-05
6.697269202e-05
6.713972008e-05
6.741308508e-05
6.772663882e-05
6.843182873e-05
6.899059496e-05
6.969104178e-05
7.09373006e-05
7.266980231e-05
7.471611278e-05
7.760490766e-05
8.101126002e-05
8.576322101e-05
9.22030069e-05
0.00010105886
0.0001127673994
0.0001275871996
0.0001451822667
0.0001652789296
0.0001867524647
0.0002093351682
0.0002316065109
0.0002520894548
0.0002735413655
0.0002971338364
0.0003252139305
0.0003618882429
0.000414553541
0.0004949107651
0.000636597326
6.628405847e-05
6.623811351e-05
6.627173177e-05
6.626648529e-05
6.629628329e-05
6.637299406e-05
6.651724696e-05
6.659344836e-05
6.672466146e-05
6.686173228e-05
6.697012571e-05
6.725842778e-05
6.757336977e-05
6.796298506e-05
6.843027891e-05
6.903280986e-05
6.988151818e-05
7.081681899e-05
7.226245521e-05
7.403082676e-05
7.679654009e-05
8.057966429e-05
8.509194823e-05
9.149220323e-05
0.0001000098994
0.0001116204248
0.0001256634352
0.0001426866027
0.0001629506217
0.0001846876299
0.0002063625462
0.00022825537
0.0002502811387
0.0002713779737
0.0002951973786
0.0003231205037
0.0003600589771
0.0004125875632
0.0004912988162
0.0006362312716
6.643101581e-05
6.641015191e-05
6.645162527e-05
6.642938741e-05
6.645864776e-05
6.649228444e-05
6.652424183e-05
6.668204416e-05
6.683022874e-05
6.688131985e-05
6.698528314e-05
6.715601091e-05
6.749761912e-05
6.783088177e-05
6.822246156e-05
6.874726499e-05
6.961978314e-05
7.058461132e-05
7.218833286e-05
7.42874957e-05
7.674989396e-05
8.013345888e-05
8.475822233e-05
9.097958306e-05
9.927949717e-05
0.0001096639185
0.0001229786492
0.0001404034157
0.0001598658729
0.0001816015283
0.0002032956087
0.0002250542144
0.0002466430084
0.0002682601976
0.0002919684585
0.0003199226759
0.0003562563955
0.0004084615897
0.000487982057
0.0006313716057
6.630657796e-05
6.638935962e-05
6.644686947e-05
6.656244852e-05
6.66116192e-05
6.674687669e-05
6.676055498e-05
6.680352212e-05
6.686204895e-05
6.701688318e-05
6.714659817e-05
6.73362129e-05
6.758872745e-05
6.791675229e-05
6.840683187e-05
6.89356073e-05
6.967082838e-05
7.075405782e-05
7.205191955e-05
7.383686079e-05
7.636917594e-05
7.958657536e-05
8.392167964e-05
8.974883675e-05
9.782070887e-05
0.0001084134043
0.0001214000557
0.0001373676093
0.0001568639087
0.0001785339893
0.0002001175763
0.0002222532273
0.0002439749193
0.0002645808387
0.0002885254824
0.0003170789489
0.0003531134258
0.0004055573821
0.0004847186591
0.0006259037839
6.639404288e-05
6.640227527e-05
6.64803813e-05
6.637346192e-05
6.639216265e-05
6.636345093e-05
6.636832938e-05
6.639810826e-05
6.657622254e-05
6.671154874e-05
6.696761661e-05
6.721158998e-05
6.743416932e-05
6.78844097e-05
6.833022899e-05
6.893408977e-05
6.947138002e-05
7.046887082e-05
7.171531509e-05
7.323119214e-05
7.557772713e-05
7.895264979e-05
8.316092369e-05
8.874593716e-05
9.63134312e-05
0.0001062443824
0.0001186375285
0.0001345289814
0.000153254357
0.0001749010102
0.000197213013
0.0002185314379
0.0002407529352
0.0002618644325
0.0002851668625
0.0003130839515
0.0003484836699
0.0003995984546
0.0004782876172
0.0006193908705
6.629044086e-05
6.625712183e-05
6.627388293e-05
6.639075348e-05
6.657223044e-05
6.658482666e-05
6.666456885e-05
6.67508631e-05
6.685239471e-05
6.702046279e-05
6.711061718e-05
6.721936114e-05
6.73592909e-05
6.777069962e-05
6.822319844e-05
6.863861967e-05
6.934416024e-05
7.03880718e-05
7.174902203e-05
7.330633105e-05
7.554617223e-05
7.873001867e-05
8.235341216e-05
8.75109031e-05
9.487974134e-05
0.0001043721089
0.0001166703856
0.0001316609515
0.0001500765712
0.0001704767556
0.0001926426452
0.0002138990168
0.0002355076254
0.0002575219033
0.0002804939002
0.0003078394257
0.0003438419559
0.000394640471
0.0004731562524
0.0006133185843
6.631617732e-05
6.636948516e-05
6.634983741e-05
6.63538482e-05
6.629292494e-05
6.645229002e-05
6.667298449e-05
6.68410819e-05
6.689129281e-05
6.703055321e-05
6.723936765e-05
6.738908654e-05
6.766542425e-05
6.790419263e-05
6.824861208e-05
6.882834758e-05
6.942372005e-05
7.042377522e-05
7.170539734e-05
7.331950811e-05
7.546552963e-05
7.820585747e-05
8.186830948e-05
8.640490861e-05
9.338808396e-05
0.0001021155428
0.0001138369224
0.0001282435452
0.0001461229963
0.0001661104427
0.0001877148937
0.0002099672127
0.0002310760531
0.0002531019407
0.0002758014871
0.000302801809
0.0003376857518
0.0003866598211
0.0004638147017
0.0006046446352
6.637620806e-05
6.642462433e-05
6.642822763e-05
6.654464996e-05
6.66198119e-05
6.659494401e-05
6.657444068e-05
6.653921963e-05
6.653170851e-05
6.668497592e-05
6.688808062e-05
6.708276068e-05
6.74177667e-05
6.773181264e-05
6.807174149e-05
6.846764847e-05
6.914329385e-05
6.992648017e-05
7.1011786e-05
7.250954356e-05
7.441234325e-05
7.685990201e-05
8.04317432e-05
8.5170193e-05
9.128952128e-05
9.981890348e-05
0.0001104949937
0.0001248660466
0.0001420287993
0.0001607366094
0.0001818547272
0.0002043978258
0.0002257759399
0.0002476863792
0.0002712099325
0.0002965372707
0.000330617041
0.0003804881251
0.0004548393645
0.0005955607218
6.637237777e-05
6.628628082e-05
6.638800409e-05
6.634523465e-05
6.636537637e-05
6.648982883e-05
6.662584882e-05
6.668739013e-05
6.684167464e-05
6.68481687e-05
6.690072995e-05
6.698500045e-05
6.707830174e-05
6.736485187e-05
6.782390032e-05
6.837883753e-05
6.914488223e-05
6.982787407e-05
7.098351128e-05
7.224259674e-05
7.398427159e-05
7.636911146e-05
7.968290547e-05
8.399602278e-05
8.980794747e-05
9.750766322e-05
0.0001078411745
0.0001205422251
0.0001370422973
0.0001557319311
0.0001763363469
0.0001982516991
0.0002197472716
0.0002413184897
0.0002633703693
0.0002890701315
0.0003221471898
0.0003693086337
0.0004428529331
0.0005812508134
6.638281917e-05
6.653797432e-05
6.64754862e-05
6.653650341e-05
6.661912772e-05
6.653848153e-05
6.647817441e-05
6.650323052e-05
6.654624182e-05
6.664164778e-05
6.677600738e-05
6.698000673e-05
6.712547419e-05
6.751049634e-05
6.785620981e-05
6.820745185e-05
6.88481072e-05
6.946091679e-05
7.045900213e-05
7.187938945e-05
7.360258039e-05
7.593421892e-05
7.893217756e-05
8.299050677e-05
8.838720765e-05
9.572129372e-05
0.0001053615564
0.0001175230523
0.0001327216126
0.0001504130024
0.0001709490216
0.000191768114
0.0002126093207
0.0002338341294
0.0002564672031
0.0002801411705
0.0003132120927
0.0003566380868
0.000429745885
0.0005646492053
6.632052183e-05
6.62998327e-05
6.630003553e-05
6.635043993e-05
6.641174668e-05
6.655915672e-05
6.65924216e-05
6.664074694e-05
6.679763949e-05
6.698723913e-05
6.709129327e-05
6.717344128e-05
6.737404469e-05
6.747571553e-05
6.782824205e-05
6.825176067e-05
6.871640401e-05
6.955264032e-05
7.048365109e-05
7.15702867e-05
7.314661572e-05
7.517039785e-05
7.808644934e-05
8.168189529e-05
8.675955501e-05
9.345923225e-05
0.0001022036343
0.0001136812324
0.0001278704248
0.0001446943878
0.0001641076864
0.0001846574166
0.0002055268648
0.0002263787171
0.0002478257367
0.0002707104987
0.0003005312402
0.000342494066
0.0004099675503
0.0005410333298
6.629856517e-05
6.635387651e-05
6.642419439e-05
6.647372617e-05
6.647159686e-05
6.64310386e-05
6.656787204e-05
6.665086439e-05
6.664396948e-05
6.670571944e-05
6.678719085e-05
6.690100748e-05
6.716321665e-05
6.730790825e-05
6.754121966e-05
6.79864987e-05
6.850615145e-05
6.911782076e-05
6.993851722e-05
7.103926848e-05
7.253693305e-05
7.463009433e-05
7.707053573e-05
8.061142422e-05
8.531156926e-05
9.119718165e-05
9.92623951e-05
0.0001098512958
0.000122980107
0.0001390706348
0.0001564214091
0.0001770309892
0.0001972285481
0.000217772728
0.0002382697083
0.0002595944827
0.0002861062534
0.0003228301385
0.0003812109702
0.0005049060688
6.63422727e-05
6.636852918e-05
6.63040538e-05
6.630374967e-05
6.629036799e-05
6.635453924e-05
6.645028923e-05
6.653443162e-05
6.655749475e-05
6.674276008e-05
6.687779341e-05
6.695570116e-05
6.716691884e-05
6.743739101e-05
6.760663887e-05
6.793803825e-05
6.838176266e-05
6.899944892e-05
6.971678817e-05
7.071022598e-05
7.203850997e-05
7.363873608e-05
7.600815546e-05
7.921555198e-05
8.335834833e-05
8.874508352e-05
9.677855317e-05
0.0001062945003
0.0001184612369
0.0001330683057
0.0001499645037
0.0001693090427
0.000188904995
0.0002086763285
0.0002277999684
0.0002468637961
0.0002682499033
0.0002966922118
0.0003379378498
0.0004313525827
6.624815794e-05
6.619803448e-05
6.625738187e-05
6.637582325e-05
6.643562676e-05
6.642092929e-05
6.645012151e-05
6.64171789e-05
6.645899068e-05
6.639335885e-05
6.656319071e-05
6.667205338e-05
6.682075128e-05
6.707375057e-05
6.742593248e-05
6.776174443e-05
6.816739474e-05
6.859275993e-05
6.923534366e-05
7.02997956e-05
7.161278691e-05
7.315662993e-05
7.529019645e-05
7.811672357e-05
8.195170019e-05
8.6941949e-05
9.396293269e-05
0.0001031814929
0.0001142712951
0.0001273030392
0.0001437922882
0.0001614917475
0.0001794255048
0.0001983240247
0.0002158824389
0.0002324514597
0.000249639903
0.0002676355925
0.0002818119658
0.0002657287725
6.634869058e-05
6.63386061e-05
6.636054871e-05
6.63838089e-05
6.63664271e-05
6.636004196e-05
6.634083583e-05
6.638315011e-05
6.645232256e-05
6.661620805e-05
6.673134343e-05
6.679382668e-05
6.692188439e-05
6.711891184e-05
6.736742589e-05
6.77087273e-05
6.8105316e-05
6.865524962e-05
6.924820698e-05
7.01130906e-05
7.126768769e-05
7.250777483e-05
7.461902939e-05
7.698797031e-05
8.037706547e-05
8.50197782e-05
9.091474025e-05
9.898921715e-05
0.0001091428202
0.000121553472
0.0001368226941
0.000153336919
0.0001707779026
0.00018747304
0.000204069917
0.0002190382771
0.0002317028146
0.0002405856209
0.0002400950793
0.0002130309668
6.634070626e-05
6.634785089e-05
6.628836299e-05
6.625142375e-05
6.630579386e-05
6.634121297e-05
6.638514483e-05
6.642051327e-05
6.645431091e-05
6.644731829e-05
6.640429851e-05
6.656244307e-05
6.673472488e-05
6.68457453e-05
6.697723685e-05
6.720003776e-05
6.747315509e-05
6.794358576e-05
6.864558344e-05
6.93928811e-05
7.044830983e-05
7.18770327e-05
7.369886211e-05
7.581944843e-05
7.907775338e-05
8.335236896e-05
8.855487407e-05
9.57011233e-05
0.0001050443709
0.0001163718488
0.0001299452734
0.0001454585912
0.0001614297224
0.0001782781228
0.000192541536
0.0002053838271
0.0002147947206
0.00021937843
0.0002148734129
0.0001946981495
6.631326945e-05
6.638161907e-05
6.636874969e-05
6.635157361e-05
6.62526212e-05
6.629143203e-05
6.635253628e-05
6.64023925e-05
6.653002237e-05
6.654795844e-05
6.663267347e-05
6.672914321e-05
6.681041289e-05
6.69785256e-05
6.71697424e-05
6.739880737e-05
6.763030435e-05
6.811184238e-05
6.849969735e-05
6.926902327e-05
7.016476306e-05
7.152491547e-05
7.290178795e-05
7.499782614e-05
7.784343016e-05
8.164471288e-05
8.665034736e-05
9.271770632e-05
0.0001010838217
0.0001112339179
0.0001231639923
0.0001371698381
0.0001524134758
0.0001674847448
0.0001817496504
0.0001932301576
0.0002014422963
0.0002037942529
0.0001985521054
0.000184185714
6.633207183e-05
6.624538742e-05
6.626159958e-05
6.638856109e-05
6.649353486e-05
6.649008978e-05
6.642058012e-05
6.642980079e-05
6.648178104e-05
6.658776807e-05
6.658832536e-05
6.663123693e-05
6.676736846e-05
6.698395284e-05
6.729466911e-05
6.757402497e-05
6.782840397e-05
6.822641261e-05
6.876303527e-05
6.937089012e-05
7.035572846e-05
7.156414268e-05
7.286623282e-05
7.477673511e-05
7.737676102e-05
8.023167256e-05
8.434789051e-05
8.99678374e-05
9.725343222e-05
0.0001058737948
0.0001171182989
0.0001298194661
0.0001434279571
0.0001576556515
0.0001714931394
0.000182240234
0.0001896604911
0.0001916073694
0.000187659758
0.0001768794284
6.629582463e-05
6.631563249e-05
6.63758666e-05
6.641092296e-05
6.649481505e-05
6.645732704e-05
6.658888969e-05
6.6605506e-05
6.665839449e-05
6.660418885e-05
6.672111092e-05
6.687668616e-05
6.708920266e-05
6.722096795e-05
6.730820356e-05
6.753161184e-05
6.783425154e-05
6.820386306e-05
6.858502495e-05
6.915995932e-05
6.997608344e-05
7.083420427e-05
7.231756433e-05
7.387189831e-05
7.602522992e-05
7.876433702e-05
8.259424391e-05
8.74922045e-05
9.355680211e-05
0.0001013597796
0.0001109474903
0.0001220866981
0.0001349480747
0.000148128758
0.0001607121154
0.0001715451373
0.0001789878753
0.0001811696775
0.000179447762
0.0001716215318
6.637803578e-05
6.644642168e-05
6.637839037e-05
6.622576318e-05
6.625088867e-05
6.636106595e-05
6.637788381e-05
6.641699041e-05
6.649343065e-05
6.665320036e-05
6.678480522e-05
6.682619135e-05
6.693206285e-05
6.704953463e-05
6.713499167e-05
6.742687281e-05
6.769727571e-05
6.802968182e-05
6.847277177e-05
6.908074772e-05
6.973446623e-05
7.05393429e-05
7.161796578e-05
7.305113155e-05
7.50763672e-05
7.768688482e-05
8.088906708e-05
8.511126298e-05
9.03643636e-05
9.706202763e-05
0.0001055219202
0.0001153613843
0.0001272803875
0.0001389476293
0.0001508984446
0.0001614209571
0.0001692076286
0.0001729821755
0.0001715741858
0.0001674951444
6.627537949e-05
6.627715235e-05
6.638382803e-05
6.652388418e-05
6.663380166e-05
6.663972809e-05
6.664276728e-05
6.665603842e-05
6.66454519e-05
6.669149568e-05
6.668845648e-05
6.668506272e-05
6.683732629e-05
6.699126142e-05
6.718587108e-05
6.725166961e-05
6.74701876e-05
6.779538126e-05
6.809190519e-05
6.853263884e-05
6.918631862e-05
7.007599174e-05
7.098268434e-05
7.218043033e-05
7.393500715e-05
7.63441755e-05
7.903386137e-05
8.25886029e-05
8.727741932e-05
9.295615159e-05
0.0001001274316
0.0001089694573
0.0001191273523
0.0001300849603
0.0001414086392
0.0001521150579
0.0001596807238
0.000164522361
0.0001658346339
0.0001626231186
6.633652806e-05
6.640536201e-05
6.637274312e-05
6.635268555e-05
6.63412892e-05
6.631191194e-05
6.628136973e-05
6.625959004e-05
6.62661746e-05
6.628177493e-05
6.638388622e-05
6.649567174e-05
6.662508362e-05
6.680443683e-05
6.687114346e-05
6.713108153e-05
6.730810482e-05
6.75582167e-05
6.795171997e-05
6.837444855e-05
6.877752476e-05
6.942747122e-05
7.029288466e-05
7.133749935e-05
7.284531233e-05
7.475209884e-05
7.72741869e-05
8.037323413e-05
8.414932581e-05
8.947116765e-05
9.574042599e-05
0.0001030806372
0.0001122157482
0.0001224693728
0.000132912734
0.0001423094545
0.0001504367229
0.0001560903758
0.0001592152041
0.0001584863949
6.624305112e-05
6.611921709e-05
6.617325836e-05
6.620698984e-05
6.61605964e-05
6.629623138e-05
6.63086401e-05
6.633816781e-05
6.637954711e-05
6.650986407e-05
6.659763682e-05
6.661627523e-05
6.661060267e-05
6.664605618e-05
6.686794447e-05
6.693520484e-05
6.707154889e-05
6.720824747e-05
6.747617468e-05
6.785380516e-05
6.832315892e-05
6.892176603e-05
6.966401048e-05
7.074468397e-05
7.206375695e-05
7.370652044e-05
7.584051756e-05
7.850570949e-05
8.194054637e-05
8.608875842e-05
9.137457216e-05
9.791635164e-05
0.000106011957
0.0001152054054
0.0001244147066
0.0001333130806
0.0001418818889
0.000148268534
0.0001525295388
0.0001542247735
6.633938388e-05
6.646554174e-05
6.647744342e-05
6.653264698e-05
6.656926366e-05
6.647283469e-05
6.650322197e-05
6.656222394e-05
6.649532127e-05
6.646361721e-05
6.645510877e-05
6.652150498e-05
6.656171748e-05
6.66526261e-05
6.676105804e-05
6.69314294e-05
6.713603709e-05
6.728701122e-05
6.740141934e-05
6.770726732e-05
6.815477067e-05
6.86204051e-05
6.936109506e-05
7.023827456e-05
7.144029409e-05
7.294841483e-05
7.472206975e-05
7.694034123e-05
7.957922333e-05
8.328125507e-05
8.779168978e-05
9.374121545e-05
0.0001005364698
0.0001078106783
0.0001164411218
0.0001251787817
0.0001332739027
0.0001405564677
0.0001460183281
0.0001484604526
6.634921784e-05
6.635544696e-05
6.63065256e-05
6.620275762e-05
6.619414827e-05
6.621886216e-05
6.629310514e-05
6.63629928e-05
6.642639813e-05
6.654865089e-05
6.66803233e-05
6.670285953e-05
6.672124303e-05
6.672114174e-05
6.6755883e-05
6.682784703e-05
6.710051019e-05
6.730885645e-05
6.76841228e-05
6.799061564e-05
6.831468169e-05
6.889571149e-05
6.931903827e-05
6.987900049e-05
7.086892375e-05
7.203336359e-05
7.365622596e-05
7.557368002e-05
7.810341076e-05
8.129692234e-05
8.506751355e-05
8.986904904e-05
9.563245144e-05
0.0001025418595
0.0001097905773
0.0001180658334
0.0001252541338
0.0001327005627
0.0001384012181
0.0001421731767
6.633057878e-05
6.63979315e-05
6.638876546e-05
6.644234379e-05
6.645596625e-05
6.649566891e-05
6.650326508e-05
6.645657395e-05
6.646842397e-05
6.651268433e-05
6.643778608e-05
6.652033115e-05
6.661472623e-05
6.666840585e-05
6.673646754e-05
6.684083894e-05
6.691128077e-05
6.703666823e-05
6.722824368e-05
6.746473781e-05
6.781811171e-05
6.828917561e-05
6.893454633e-05
6.973092894e-05
7.058737195e-05
7.153856453e-05
7.287787082e-05
7.443336416e-05
7.670299889e-05
7.934211139e-05
8.264396453e-05
8.676974905e-05
9.155893255e-05
9.744454742e-05
0.0001036277803
0.0001110898539
0.0001180707861
0.0001247689381
0.0001312870608
0.0001360175006
6.629160502e-05
6.624911874e-05
6.617214718e-05
6.624501696e-05
6.618283205e-05
6.612257142e-05
6.607927491e-05
6.61250021e-05
6.620055576e-05
6.626674118e-05
6.637166557e-05
6.644402896e-05
6.642802698e-05
6.648611012e-05
6.65868821e-05
6.671692353e-05
6.684260999e-05
6.702010033e-05
6.735001462e-05
6.755581227e-05
6.77652053e-05
6.811355225e-05
6.85876363e-05
6.908177346e-05
6.977183364e-05
7.082517932e-05
7.192055553e-05
7.335399894e-05
7.518997322e-05
7.749309399e-05
8.027095712e-05
8.345828869e-05
8.770701758e-05
9.257688671e-05
9.832276311e-05
0.0001042735256
0.0001113611885
0.0001179365854
0.0001240429621
0.0001296690262
6.631735355e-05
6.631456849e-05
6.640607018e-05
6.632616445e-05
6.635193886e-05
6.636500329e-05
6.631507487e-05
6.632186027e-05
6.627380543e-05
6.62452966e-05
6.624585361e-05
6.628621158e-05
6.641883079e-05
6.654957642e-05
6.667029586e-05
6.681765054e-05
6.682757546e-05
6.705681073e-05
6.714269167e-05
6.722386333e-05
6.743785676e-05
6.780280012e-05
6.827884182e-05
6.885560121e-05
6.929817162e-05
7.003626159e-05
7.10721498e-05
7.240391203e-05
7.372833185e-05
7.571650601e-05
7.81685689e-05
8.097134606e-05
8.440612796e-05
8.856578347e-05
9.337511615e-05
9.8857723e-05
0.0001049970456
0.0001112865079
0.0001173234418
0.0001232755075
6.636896606e-05
6.635261076e-05
6.630941858e-05
6.626065648e-05
6.624602278e-05
6.632779931e-05
6.641524702e-05
6.641053791e-05
6.636800399e-05
6.637914382e-05
6.640628452e-05
6.636056055e-05
6.631341879e-05
6.637433344e-05
6.641236079e-05
6.64922638e-05
6.667131134e-05
6.679840675e-05
6.703214076e-05
6.733666337e-05
6.76157669e-05
6.781511933e-05
6.808920993e-05
6.851090337e-05
6.903953922e-05
6.956356724e-05
7.035530577e-05
7.133930775e-05
7.254914458e-05
7.40970248e-05
7.598102426e-05
7.858364442e-05
8.187895984e-05
8.538750185e-05
8.970084639e-05
9.453244647e-05
9.951028223e-05
0.0001051570651
0.0001109605147
0.0001167078093
6.640521183e-05
6.641032586e-05
6.637138833e-05
6.645057989e-05
6.646126366e-05
6.639812307e-05
6.634121047e-05
6.634627387e-05
6.647240314e-05
6.644744058e-05
6.647640322e-05
6.651848007e-05
6.65881018e-05
6.667640748e-05
6.677418172e-05
6.67756501e-05
6.671109176e-05
6.683190446e-05
6.698223678e-05
6.706041566e-05
6.72305965e-05
6.751698235e-05
6.774377199e-05
6.801689173e-05
6.852490255e-05
6.925013318e-05
6.999941497e-05
7.099087912e-05
7.199763474e-05
7.328728246e-05
7.496630557e-05
7.668943088e-05
7.921145928e-05
8.222068793e-05
8.561073481e-05
8.977608936e-05
9.45894577e-05
9.955406977e-05
0.0001051269986
0.000110541443
6.619448873e-05
6.617317246e-05
6.623646303e-05
6.623550101e-05
6.627139942e-05
6.632187998e-05
6.646238503e-05
6.65007138e-05
6.656689041e-05
6.665630733e-05
6.660111795e-05
6.660410527e-05
6.659494079e-05
6.653823245e-05
6.652516927e-05
6.661504188e-05
6.67480027e-05
6.674212933e-05
6.676106587e-05
6.686521683e-05
6.70043548e-05
6.733250373e-05
6.767255128e-05
6.806500342e-05
6.836100074e-05
6.876038952e-05
6.937066247e-05
7.009085848e-05
7.100259705e-05
7.203023331e-05
7.333103165e-05
7.518802748e-05
7.720608514e-05
7.972110032e-05
8.270446569e-05
8.617020643e-05
9.018667636e-05
9.461190208e-05
9.956127495e-05
0.0001046570769
6.629030652e-05
6.635744322e-05
6.640685908e-05
6.64663505e-05
6.642285847e-05
6.635744322e-05
6.64554142e-05
6.640063146e-05
6.640098588e-05
6.635703817e-05
6.646260381e-05
6.645602178e-05
6.639369502e-05
6.64771349e-05
6.64554142e-05
6.654482855e-05
6.658178918e-05
6.674365648e-05
6.689711904e-05
6.703215192e-05
6.707797297e-05
6.725411822e-05
6.733563413e-05
6.77426061e-05
6.807530239e-05
6.836501297e-05
6.893683947e-05
6.962354772e-05
7.042731483e-05
7.132196458e-05
7.247138953e-05
7.370217849e-05
7.538768445e-05
7.74342907e-05
7.995009442e-05
8.264847352e-05
8.616120161e-05
8.990885754e-05
9.419173376e-05
9.903352559e-05
6.640743385e-05
6.646013928e-05
6.64066744e-05
6.628354316e-05
6.629539049e-05
6.626313942e-05
6.621321861e-05
6.617777787e-05
6.617079099e-05
6.612856588e-05
6.603520486e-05
6.613484395e-05
6.624622913e-05
6.62629369e-05
6.638277722e-05
6.64608481e-05
6.656615771e-05
6.644403906e-05
6.656848668e-05
6.664073515e-05
6.67951555e-05
6.698825688e-05
6.725487248e-05
6.7481035e-05
6.777352234e-05
6.805132708e-05
6.842380922e-05
6.888539949e-05
6.955609011e-05
7.037385978e-05
7.133141784e-05
7.258298213e-05
7.396451265e-05
7.582494878e-05
7.794319096e-05
8.030308832e-05
8.308513548e-05
8.630183796e-05
8.988266868e-05
9.371031882e-05
6.630061807e-05
6.622224543e-05
6.616159271e-05
6.624978724e-05
6.614610044e-05
6.607866352e-05
6.611471089e-05
6.612731734e-05
6.605491884e-05
6.60852452e-05
6.617171837e-05
6.619688065e-05
6.615369469e-05
6.617465481e-05
6.621794203e-05
6.621586627e-05
6.628659403e-05
6.647948792e-05
6.659669248e-05
6.676088011e-05
6.694197761e-05
6.704576566e-05
6.715011062e-05
6.725491124e-05
6.754880863e-05
6.794538025e-05
6.836114e-05
6.879036688e-05
6.932814088e-05
6.994727458e-05
7.08351434e-05
7.200374625e-05
7.309903929e-05
7.442367861e-05
7.59751328e-05
7.79830519e-05
8.053436475e-05
8.329269679e-05
8.623227821e-05
8.98263319e-05
6.624902676e-05
6.618548978e-05
6.621834675e-05
6.624355904e-05
6.63218285e-05
6.648656902e-05
6.639169387e-05
6.649072044e-05
6.660042932e-05
6.670082282e-05
6.672385814e-05
6.671049259e-05
6.666391568e-05
6.665981488e-05
6.666224498e-05
6.660939031e-05
6.663667831e-05
6.665075264e-05
6.660944094e-05
6.658043162e-05
6.663262814e-05
6.67211749e-05
6.686004498e-05
6.711793933e-05
6.726602353e-05
6.756052126e-05
6.78623599e-05
6.823016564e-05
6.864464954e-05
6.930907933e-05
7.001380827e-05
7.091689412e-05
7.176099941e-05
7.303730809e-05
7.454083109e-05
7.642937304e-05
7.832054759e-05
8.082820809e-05
8.322054011e-05
8.618424934e-05
6.630813531e-05
6.640128697e-05
6.644269895e-05
6.64576336e-05
6.652309289e-05
6.648259216e-05
6.65409132e-05
6.65025894e-05
6.642133482e-05
6.640270449e-05
6.64408258e-05
6.650177938e-05
6.656389736e-05
6.658460336e-05
6.66753756e-05
6.671668633e-05
6.6789132e-05
6.685023746e-05
6.683925164e-05
6.686127391e-05
6.695695686e-05
6.698566175e-05
6.709865876e-05
6.722815982e-05
6.739046646e-05
6.753373776e-05
6.786118609e-05
6.810910113e-05
6.858194705e-05
6.894260598e-05
6.948420187e-05
7.025908192e-05
7.120917822e-05
7.218448621e-05
7.316850186e-05
7.463715927e-05
7.630578899e-05
7.829270375e-05
8.055522592e-05
8.305943615e-05
6.636680904e-05
6.631800676e-05
6.625118205e-05
6.622981839e-05
6.624900518e-05
6.621331471e-05
6.620293663e-05
6.627052071e-05
6.627102696e-05
6.633840854e-05
6.634357227e-05
6.639753829e-05
6.642254693e-05
6.650455907e-05
6.652273337e-05
6.66539528e-05
6.660434051e-05
6.65618157e-05
6.667607583e-05
6.681205399e-05
6.684602322e-05
6.697952076e-05
6.712263702e-05
6.722292471e-05
6.746718927e-05
6.760731866e-05
6.790291676e-05
6.812460267e-05
6.852251345e-05
6.883021086e-05
6.916843502e-05
6.970779143e-05
7.036485046e-05
7.126743967e-05
7.235678369e-05
7.329759461e-05
7.468775108e-05
7.612807671e-05
7.786961978e-05
8.008632704e-05
6.629985053e-05
6.632141623e-05
6.635654909e-05
6.645005108e-05
6.640317353e-05
6.639780741e-05
6.639669369e-05
6.650528155e-05
6.644124256e-05
6.633032601e-05
6.631427829e-05
6.628466342e-05
6.625980717e-05
6.627347558e-05
6.625423857e-05
6.624188638e-05
6.641167831e-05
6.65064459e-05
6.653530141e-05
6.660035288e-05
6.67126869e-05
6.681297247e-05
6.697436087e-05
6.708208813e-05
6.721522849e-05
6.743118924e-05
6.764269511e-05
6.792876971e-05
6.816194253e-05
6.853817795e-05
6.886763707e-05
6.930831648e-05
6.981961597e-05
7.043930083e-05
7.12362193e-05
7.210021419e-05
7.315090933e-05
7.450625797e-05
7.615081988e-05
7.782833782e-05
6.630064151e-05
6.634559446e-05
6.641697246e-05
6.642942564e-05
6.636513482e-05
6.643271611e-05
6.638680133e-05
6.632731967e-05
6.648561683e-05
6.653866941e-05
6.660675693e-05
6.665849332e-05
6.665748087e-05
6.658858338e-05
6.657025797e-05
6.651011821e-05
6.642664139e-05
6.644076512e-05
6.656863804e-05
6.657142229e-05
6.658225555e-05
6.660377019e-05
6.66907906e-05
6.672060737e-05
6.682053656e-05
6.682661128e-05
6.700940983e-05
6.728110182e-05
6.760974433e-05
6.782899122e-05
6.83607826e-05
6.88560244e-05
6.925179261e-05
6.98503047e-05
7.056727389e-05
7.141484963e-05
7.246835849e-05
7.363435096e-05
7.479062388e-05
7.610246033e-05
6.631910867e-05
6.631652696e-05
6.62457578e-05
6.626175426e-05
6.633859803e-05
6.629572143e-05
6.633065042e-05
6.632163975e-05
6.624074625e-05
6.623148247e-05
6.612436692e-05
6.606453204e-05
6.609384202e-05
6.614643798e-05
6.626712016e-05
6.63005305e-05
6.639266202e-05
6.652113995e-05
6.651309109e-05
6.65970219e-05
6.66441001e-05
6.671780532e-05
6.674119256e-05
6.6747824e-05
6.683681698e-05
6.713725688e-05
6.726922771e-05
6.743207777e-05
6.751059206e-05
6.776370065e-05
6.803290695e-05
6.834367368e-05
6.881202583e-05
6.933018974e-05
6.991294696e-05
7.053149374e-05
7.132215437e-05
7.227399454e-05
7.33707647e-05
7.461175613e-05
6.623851558e-05
6.62030304e-05
6.623360536e-05
6.612472005e-05
6.609505626e-05
6.617878305e-05
6.614835995e-05
6.620222047e-05
6.622327872e-05
6.622251941e-05
6.621695112e-05
6.633140472e-05
6.633783356e-05
6.632229298e-05
6.635555084e-05
6.647461093e-05
6.656476655e-05
6.656982863e-05
6.647567397e-05
6.662196804e-05
6.667952388e-05
6.679650852e-05
6.67859794e-05
6.689633271e-05
6.707345485e-05
6.709471558e-05
6.713268117e-05
6.731056262e-05
6.753734375e-05
6.768348596e-05
6.783929675e-05
6.81423634e-05
6.859106606e-05
6.891817759e-05
6.92669042e-05
6.983826103e-05
7.043006866e-05
7.11163853e-05
7.213325568e-05
7.330446885e-05
6.634972585e-05
6.631712663e-05
6.638100894e-05
6.635984983e-05
6.638627341e-05
6.630690142e-05
6.627496026e-05
6.617442915e-05
6.625906561e-05
6.630629398e-05
6.63129758e-05
6.63033074e-05
6.636627855e-05
6.646321566e-05
6.640793873e-05
6.632198614e-05
6.620287753e-05
6.614972664e-05
6.63335781e-05
6.632122685e-05
6.638434986e-05
6.640196558e-05
6.647850287e-05
6.658166621e-05
6.658763936e-05
6.662444003e-05
6.673909409e-05
6.680965823e-05
6.691434018e-05
6.720990975e-05
6.752390497e-05
6.771965211e-05
6.790345296e-05
6.834004957e-05
6.878034143e-05
6.922974487e-05
6.974181574e-05
7.048263793e-05
7.125641367e-05
7.200948588e-05
6.632795452e-05
6.627728486e-05
6.629722876e-05
6.631985547e-05
6.631373057e-05
6.640560413e-05
6.642676289e-05
6.652162298e-05
6.648983422e-05
6.647692636e-05
6.650167908e-05
6.641005861e-05
6.639467042e-05
6.630618833e-05
6.626736352e-05
6.634865771e-05
6.635503571e-05
6.645202179e-05
6.636774109e-05
6.64073758e-05
6.63340288e-05
6.64169428e-05
6.642195408e-05
6.646579017e-05
6.657391245e-05
6.670288977e-05
6.689362233e-05
6.709139093e-05
6.723762934e-05
6.730226986e-05
6.748991465e-05
6.770777902e-05
6.796811276e-05
6.826058959e-05
6.853372994e-05
6.893275986e-05
6.944411343e-05
6.986926278e-05
7.046312539e-05
7.107273053e-05
6.63819042e-05
6.640093665e-05
6.644320287e-05
6.644527821e-05
6.646177976e-05
6.642118394e-05
6.639177475e-05
6.633295637e-05
6.628284433e-05
6.621420602e-05
6.634753442e-05
6.638119554e-05
6.644973262e-05
6.646471561e-05
6.652307843e-05
6.651290416e-05
6.658118815e-05
6.665205366e-05
6.661500112e-05
6.661085043e-05
6.6619658e-05
6.652398955e-05
6.657693622e-05
6.665665992e-05
6.672666493e-05
6.681792958e-05
6.68340768e-05
6.687457138e-05
6.710533987e-05
6.730335836e-05
6.737062998e-05
6.755680381e-05
6.767302326e-05
6.794899382e-05
6.815956563e-05
6.847511965e-05
6.881254073e-05
6.921196914e-05
6.977737471e-05
7.045176132e-05
6.625073686e-05
6.629285057e-05
6.62508381e-05
6.619607003e-05
6.616504154e-05
6.610748951e-05
6.617369712e-05
6.622532691e-05
6.628728265e-05
6.637009278e-05
6.6274932e-05
6.637525576e-05
6.62871308e-05
6.630909877e-05
6.63338507e-05
6.639636324e-05
6.642941642e-05
6.632975069e-05
6.632241116e-05
6.639373113e-05
6.643614854e-05
6.654376122e-05
6.661523304e-05
6.654264764e-05
6.657028476e-05
6.654391307e-05
6.663416397e-05
6.680018917e-05
6.680251757e-05
6.689099685e-05
6.711123333e-05
6.725523995e-05
6.752250003e-05
6.770310305e-05
6.791741729e-05
6.81743008e-05
6.849820179e-05
6.879304838e-05
6.916852854e-05
6.948291346e-05
6.628386529e-05
6.620085393e-05
6.623056592e-05
6.630163175e-05
6.631671552e-05
6.629626638e-05
6.629839228e-05
6.626974324e-05
6.623314738e-05
6.621487475e-05
6.627343826e-05
6.624377688e-05
6.625096445e-05
6.629282445e-05
6.627445059e-05
6.618683311e-05
6.618349241e-05
6.628685168e-05
6.634652875e-05
6.635599407e-05
6.642594633e-05
6.651376628e-05
6.65302167e-05
6.653487344e-05
6.662360449e-05
6.661135525e-05
6.664359808e-05
6.672392676e-05
6.672473662e-05
6.680795045e-05
6.696147086e-05
6.702610837e-05
6.714581683e-05
6.723323184e-05
6.737941283e-05
6.762191737e-05
6.787621559e-05
6.82126647e-05
6.863566834e-05
6.920728256e-05
6.628276407e-05
6.63297863e-05
6.62555833e-05
6.617024479e-05
6.626403616e-05
6.630797082e-05
6.631470274e-05
6.641770622e-05
6.646310874e-05
6.646305812e-05
6.640839288e-05
6.64116323e-05
6.647318131e-05
6.647945769e-05
6.644210311e-05
6.644974612e-05
6.644934119e-05
6.64921623e-05
6.643613043e-05
6.64991473e-05
6.644939181e-05
6.638622309e-05
6.637544189e-05
6.648502545e-05
6.652399974e-05
6.668546465e-05
6.682344376e-05
6.678052142e-05
6.685841938e-05
6.690336636e-05
6.696790171e-05
6.702727423e-05
6.71296197e-05
6.730419415e-05
6.746535536e-05
6.771722038e-05
6.788698631e-05
6.820996675e-05
6.843702995e-05
6.863929133e-05
6.634927037e-05
6.637700753e-05
6.63782223e-05
6.642195388e-05
6.636840294e-05
6.633236487e-05
6.640099916e-05
6.638556151e-05
6.630882877e-05
6.628514083e-05
6.637285708e-05
6.648041451e-05
6.634962467e-05
6.632340597e-05
6.631606675e-05
6.637052878e-05
6.643617677e-05
6.649124618e-05
6.651792042e-05
6.648481804e-05
6.655841263e-05
6.657729212e-05
6.666288253e-05
6.659713331e-05
6.654165898e-05
6.648365389e-05
6.654520205e-05
6.662466801e-05
6.671906548e-05
6.679033177e-05
6.676573275e-05
6.696961103e-05
6.708800013e-05
6.727532721e-05
6.753786858e-05
6.766855719e-05
6.771355416e-05
6.783037419e-05
6.802716633e-05
6.829851475e-05
6.626037159e-05
6.621405923e-05
6.620889655e-05
6.630708885e-05
6.635932311e-05
6.639657545e-05
6.637142e-05
6.631948943e-05
6.63852884e-05
6.63211091e-05
6.630708885e-05
6.621051621e-05
6.628259139e-05
6.628249016e-05
6.635537517e-05
6.636327105e-05
6.638594639e-05
6.632687916e-05
6.640735636e-05
6.644455808e-05
6.647750818e-05
6.651906276e-05
6.648024137e-05
6.647143443e-05
6.642871572e-05
6.642046554e-05
6.646495576e-05
6.655358191e-05
6.656583065e-05
6.66204944e-05
6.678828178e-05
6.685377706e-05
6.692706699e-05
6.702485438e-05
6.707774662e-05
6.721774658e-05
6.741068941e-05
6.756997353e-05
6.786773917e-05
6.820159301e-05
6.63764432e-05
6.642037611e-05
6.643576274e-05
6.634769448e-05
6.624768133e-05
6.623927941e-05
6.615855017e-05
6.615880324e-05
6.622267804e-05
6.632491821e-05
6.63470365e-05
6.634617606e-05
6.638373161e-05
6.636044919e-05
6.639775167e-05
6.639770106e-05
6.639744799e-05
6.642477952e-05
6.632547496e-05
6.622935908e-05
6.623376249e-05
6.622262742e-05
6.627344382e-05
6.642852495e-05
6.650920358e-05
6.658603555e-05
6.651213919e-05
6.64777217e-05
6.653810414e-05
6.660845752e-05
6.671550602e-05
6.683925711e-05
6.685970515e-05
6.687539547e-05
6.70007156e-05
6.720342445e-05
6.723662719e-05
6.744060139e-05
6.762660764e-05
6.76881542e-05
6.634292945e-05
6.628204162e-05
6.629844034e-05
6.628401554e-05
6.632379761e-05
6.63252654e-05
6.638751979e-05
6.638574832e-05
6.641176357e-05
6.633559052e-05
6.635851835e-05
6.631483906e-05
6.628887442e-05
6.62705524e-05
6.61896217e-05
6.607736135e-05
6.601632169e-05
6.603434003e-05
6.611147473e-05
6.61109686e-05
6.620551428e-05
6.622829028e-05
6.626807235e-05
6.626442819e-05
6.627029933e-05
6.631706604e-05
6.636697078e-05
6.653981527e-05
6.656264188e-05
6.657468785e-05
6.651800093e-05
6.653900546e-05
6.658648075e-05
6.659199761e-05
6.670223342e-05
6.690144745e-05
6.706918e-05
6.713052335e-05
6.716195422e-05
6.742585208e-05
6.628100107e-05
6.634968253e-05
6.646229583e-05
6.64402793e-05
6.639725849e-05
6.64569815e-05
6.633692812e-05
6.630013268e-05
6.626399519e-05
6.6158164e-05
6.611605421e-05
6.615123005e-05
6.618099033e-05
6.620447463e-05
6.627219445e-05
6.633044969e-05
6.630873684e-05
6.62628311e-05
6.623610758e-05
6.639336131e-05
6.63710411e-05
6.636881414e-05
6.642641141e-05
6.650334275e-05
6.655005829e-05
6.64757082e-05
6.647110244e-05
6.635363032e-05
6.628297496e-05
6.635808424e-05
6.644883285e-05
6.643081472e-05
6.649787657e-05
6.65907003e-05
6.670771691e-05
6.687413153e-05
6.701210181e-05
6.712628411e-05
6.736092468e-05
6.74461565e-05
6.623043861e-05
6.616859058e-05
6.606660712e-05
6.61278478e-05
6.62095358e-05
6.626895445e-05
6.63308531e-05
6.632290699e-05
6.628747849e-05
6.636349793e-05
6.641572965e-05
6.636466201e-05
6.637174771e-05
6.636127099e-05
6.643131819e-05
6.640889702e-05
6.648451155e-05
6.654261429e-05
6.653001187e-05
6.648572624e-05
6.640849212e-05
6.64772234e-05
6.642433372e-05
6.636370038e-05
6.633120738e-05
6.640803661e-05
6.648051319e-05
6.663093247e-05
6.672593146e-05
6.670345967e-05
6.673564899e-05
6.676874933e-05
6.677436728e-05
6.682745941e-05
6.677370932e-05
6.674496162e-05
6.678732398e-05
6.693526327e-05
6.694973834e-05
6.712834858e-05
0.0001271524661
8.587035104e-05
7.560614148e-05
7.091131191e-05
6.780441779e-05
6.54672659e-05
6.379307148e-05
6.1903331e-05
6.050539842e-05
5.91168925e-05
5.828810697e-05
5.748304012e-05
5.603285549e-05
5.497316756e-05
5.414341909e-05
5.347468399e-05
5.242148322e-05
5.185005554e-05
5.138566601e-05
5.119556178e-05
5.020312747e-05
4.870423845e-05
4.792552569e-05
4.751166507e-05
4.740771845e-05
4.680527403e-05
4.625477758e-05
4.518845044e-05
4.477529936e-05
4.40253227e-05
4.350351166e-05
4.302396854e-05
4.244990545e-05
4.157484821e-05
4.064135584e-05
3.962403718e-05
3.889909691e-05
3.77473217e-05
3.556398648e-05
3.182555707e-05
0.0001567082776
0.000112830345
9.077117576e-05
8.007681144e-05
7.383618986e-05
6.981825888e-05
6.639211973e-05
6.408692894e-05
6.206557322e-05
6.041810345e-05
5.891039749e-05
5.762753999e-05
5.631853378e-05
5.54077379e-05
5.425820839e-05
5.337832473e-05
5.251582287e-05
5.168392918e-05
5.086733958e-05
5.017485498e-05
4.924155904e-05
4.869922679e-05
4.805665783e-05
4.752795737e-05
4.669221232e-05
4.616569091e-05
4.551359491e-05
4.490741117e-05
4.425055164e-05
4.378620942e-05
4.311358973e-05
4.227662846e-05
4.156139043e-05
4.101809534e-05
4.017110026e-05
3.938025396e-05
3.835574161e-05
3.672109281e-05
3.460360513e-05
3.108837795e-05
0.0001618788206
0.0001290791013
0.0001059946571
9.150839225e-05
8.220654295e-05
7.620434625e-05
7.168605325e-05
6.807680013e-05
6.474568078e-05
6.282002625e-05
6.104146998e-05
5.899471148e-05
5.743586518e-05
5.621621135e-05
5.512080311e-05
5.416327097e-05
5.310216707e-05
5.233617177e-05
5.135370945e-05
5.049995177e-05
4.984330474e-05
4.879253775e-05
4.837977081e-05
4.788218043e-05
4.711177674e-05
4.630904487e-05
4.573970418e-05
4.509126587e-05
4.458886173e-05
4.391969894e-05
4.311706841e-05
4.238978585e-05
4.154844259e-05
4.128566217e-05
4.015336535e-05
3.935103885e-05
3.801610823e-05
3.65699545e-05
3.464658017e-05
3.204203399e-05
0.0001619821189
0.0001379301453
0.0001172014124
0.0001020830232
9.130952171e-05
8.352871017e-05
7.727287041e-05
7.255335181e-05
6.914488941e-05
6.647059012e-05
6.411726551e-05
6.219455872e-05
6.005813903e-05
5.816765638e-05
5.698559805e-05
5.566760048e-05
5.443406461e-05
5.365115997e-05
5.260544622e-05
5.164079947e-05
5.068071275e-05
5.007078484e-05
4.919698382e-05
4.821055032e-05
4.795878659e-05
4.687385667e-05
4.608385867e-05
4.5451536e-05
4.500632612e-05
4.448906793e-05
4.377137157e-05
4.291342927e-05
4.227538125e-05
4.198399601e-05
4.089602609e-05
3.977532535e-05
3.867387803e-05
3.723503995e-05
3.534587464e-05
3.340285043e-05
0.000161310684
0.0001432757654
0.0001261876878
0.0001117331245
0.0001000501826
9.098363084e-05
8.422584331e-05
7.844250819e-05
7.409587485e-05
7.063604692e-05
6.767758018e-05
6.499041388e-05
6.290811331e-05
6.073076893e-05
5.935197499e-05
5.800636532e-05
5.659996003e-05
5.547544376e-05
5.441947455e-05
5.324611913e-05
5.231163982e-05
5.150022098e-05
5.038117631e-05
4.949432024e-05
4.84793374e-05
4.782477125e-05
4.714006061e-05
4.638117931e-05
4.579090453e-05
4.53289085e-05
4.451490584e-05
4.365586377e-05
4.304213201e-05
4.205055548e-05
4.167073486e-05
4.050148315e-05
3.931662722e-05
3.791457896e-05
3.641743621e-05
3.489278345e-05
0.0001601514163
0.0001459985777
0.0001321531915
0.0001190074126
0.0001077911518
9.850167337e-05
9.089302565e-05
8.439969691e-05
7.956708704e-05
7.552238398e-05
7.186725227e-05
6.853644251e-05
6.611030964e-05
6.413914951e-05
6.230512457e-05
6.045985323e-05
5.874462476e-05
5.713355216e-05
5.570850116e-05
5.483518249e-05
5.349691116e-05
5.261275136e-05
5.167514582e-05
5.08930142e-05
5.03748691e-05
4.939374706e-05
4.848983007e-05
4.765298622e-05
4.694400688e-05
4.634227365e-05
4.538014892e-05
4.46017661e-05
4.380458861e-05
4.311876065e-05
4.217325223e-05
4.135809063e-05
4.008501805e-05
3.886027461e-05
3.798928627e-05
3.648824606e-05
0.0001593325025
0.0001482075356
0.0001361766834
0.0001245512837
0.0001139314099
0.0001045784988
9.710619985e-05
9.041755263e-05
8.495118932e-05
8.006017936e-05
7.594598252e-05
7.267926424e-05
7.006165475e-05
6.745204895e-05
6.537215523e-05
6.320680447e-05
6.125912348e-05
5.94347904e-05
5.833539846e-05
5.699675721e-05
5.585476339e-05
5.452984997e-05
5.351561114e-05
5.281432644e-05
5.194851034e-05
5.101207946e-05
5.0062326e-05
4.91582138e-05
4.820293881e-05
4.739740361e-05
4.630606601e-05
4.593561708e-05
4.49828749e-05
4.41757187e-05
4.338801449e-05
4.247372038e-05
4.169179098e-05
4.035102216e-05
3.892783567e-05
3.769861185e-05
0.0001570186439
0.0001489034919
0.0001393799271
0.0001291524346
0.0001195201174
0.0001102086376
0.0001023225394
9.581314504e-05
8.987440981e-05
8.534515102e-05
8.10538104e-05
7.730552292e-05
7.418898238e-05
7.117937079e-05
6.865126868e-05
6.658674482e-05
6.443302065e-05
6.244098155e-05
6.090163025e-05
5.920591248e-05
5.793249058e-05
5.656596807e-05
5.556708661e-05
5.438934864e-05
5.346639635e-05
5.256137531e-05
5.151234717e-05
5.060013336e-05
4.986196402e-05
4.886890768e-05
4.796662191e-05
4.689844685e-05
4.62995232e-05
4.542291861e-05
4.432273072e-05
4.359636357e-05
4.285429393e-05
4.188241064e-05
4.080425689e-05
3.953134153e-05
0.0001550822294
0.0001489034834
0.0001417127416
0.0001327319626
0.0001245144857
0.0001161888194
0.0001084451268
0.0001017017803
9.56210429e-05
9.062219892e-05
8.577778814e-05
8.151013393e-05
7.794849622e-05
7.500408478e-05
7.226465568e-05
6.988079267e-05
6.761540104e-05
6.549608529e-05
6.364982607e-05
6.218481271e-05
6.081294551e-05
5.930528449e-05
5.802514524e-05
5.652918446e-05
5.530156973e-05
5.434913883e-05
5.326319338e-05
5.249198976e-05
5.150440746e-05
5.046678253e-05
4.964082579e-05
4.882287181e-05
4.813686224e-05
4.702062782e-05
4.618768132e-05
4.534278131e-05
4.418070824e-05
4.336949078e-05
4.228562199e-05
4.126385065e-05
0.0001522346669
0.0001480337811
0.0001420194485
0.0001355427009
0.0001280054883
0.0001210629829
0.0001139857035
0.0001071583714
0.0001008967252
9.576169019e-05
9.072496265e-05
8.664021237e-05
8.257121358e-05
7.922435204e-05
7.629325883e-05
7.350965219e-05
7.111101997e-05
6.877473528e-05
6.69075511e-05
6.484724662e-05
6.320833237e-05
6.173174453e-05
6.04232063e-05
5.898901072e-05
5.766887413e-05
5.648219466e-05
5.50263218e-05
5.414241526e-05
5.311760637e-05
5.237389313e-05
5.114780963e-05
5.023918694e-05
4.949623341e-05
4.867528217e-05
4.77153532e-05
4.673177167e-05
4.59031726e-05
4.511124259e-05
4.404480116e-05
4.30013032e-05
0.0001488054495
0.0001463181999
0.0001420684881
0.0001371380505
0.0001309990095
0.000124537205
0.0001179331879
0.0001120038698
0.0001061541663
0.0001005181868
9.580121984e-05
9.122129956e-05
8.72294238e-05
8.356654099e-05
8.032999174e-05
7.737133416e-05
7.456547396e-05
7.229103666e-05
7.00081922e-05
6.808893156e-05
6.614571561e-05
6.442756812e-05
6.29265884e-05
6.141735346e-05
6.020155836e-05
5.895375533e-05
5.776976559e-05
5.63941334e-05
5.543622502e-05
5.442306244e-05
5.341233084e-05
5.248004907e-05
5.142606625e-05
5.046035847e-05
4.948183739e-05
4.844147819e-05
4.750063734e-05
4.669112018e-05
4.583698437e-05
4.473433125e-05
0.000144134032
0.0001438630907
0.0001413368037
0.0001378663243
0.0001330696506
0.0001275224948
0.0001214868344
0.00011592798
0.000110814786
0.0001055499663
0.0001005476303
9.605132161e-05
9.179389701e-05
8.811704642e-05
8.434696164e-05
8.150678789e-05
7.879063942e-05
7.601630187e-05
7.361019126e-05
7.125604061e-05
6.92058e-05
6.733787502e-05
6.550393165e-05
6.402519992e-05
6.262334461e-05
6.133624686e-05
6.002185241e-05
5.868492172e-05
5.735573945e-05
5.653800318e-05
5.554286366e-05
5.43864761e-05
5.320623557e-05
5.204979736e-05
5.120177644e-05
5.046451226e-05
4.952852405e-05
4.839872418e-05
4.719240239e-05
4.613081895e-05
0.000139164797
0.0001408868996
0.0001399291237
0.0001373567056
0.0001343932366
0.0001297372393
0.0001248785761
0.0001193451704
0.0001143208601
0.0001096498224
0.0001046088511
0.0001003068861
9.648793624e-05
9.230619325e-05
8.904424533e-05
8.567032985e-05
8.241521849e-05
7.959025299e-05
7.707678116e-05
7.467882178e-05
7.270619735e-05
7.078912626e-05
6.907973449e-05
6.721998917e-05
6.526995069e-05
6.390552639e-05
6.250524816e-05
6.130054602e-05
5.981270925e-05
5.843066183e-05
5.719339743e-05
5.627810942e-05
5.518299471e-05
5.42834561e-05
5.335940717e-05
5.21128248e-05
5.102586332e-05
4.999379683e-05
4.92218739e-05
4.82247498e-05
0.0001335392272
0.0001361857323
0.0001366525749
0.0001363277246
0.0001342629118
0.0001312881635
0.0001272597657
0.0001228322805
0.0001178594619
0.0001136582832
0.0001092832096
0.0001046892733
0.0001002334808
9.67734066e-05
9.283615934e-05
8.944085263e-05
8.609871707e-05
8.32555294e-05
8.070716305e-05
7.827840647e-05
7.5874615e-05
7.38841912e-05
7.180519947e-05
6.993063812e-05
6.843830134e-05
6.665737185e-05
6.523694271e-05
6.390335978e-05
6.260061611e-05
6.101216616e-05
5.967929217e-05
5.834925398e-05
5.723483744e-05
5.607717503e-05
5.519271103e-05
5.410391791e-05
5.31555979e-05
5.21428142e-05
5.107209928e-05
4.992780562e-05
0.0001279969338
0.0001313788503
0.000133555446
0.0001341442571
0.0001337297904
0.0001320339963
0.0001290045663
0.0001254724088
0.0001212870802
0.0001170224534
0.000112590926
0.0001088558646
0.0001048621477
0.000100237135
9.683415333e-05
9.34447425e-05
9.063523057e-05
8.752690766e-05
8.454664659e-05
8.183678896e-05
7.921893939e-05
7.671477067e-05
7.471292442e-05
7.293317358e-05
7.101477769e-05
6.930915993e-05
6.781864961e-05
6.626053844e-05
6.486477061e-05
6.352424812e-05
6.224428789e-05
6.104063815e-05
5.986944695e-05
5.852401264e-05
5.740978846e-05
5.642296783e-05
5.540703074e-05
5.437342121e-05
5.332917784e-05
5.223672771e-05
0.0001222291678
0.0001263714145
0.0001294718841
0.0001310698429
0.0001317033452
0.0001307068362
0.0001290619381
0.000126897468
0.0001237211463
0.0001202426818
0.000116408654
0.0001122695973
0.0001084936992
0.0001047173961
0.0001008559744
9.735973687e-05
9.421192301e-05
9.129222261e-05
8.847576823e-05
8.547170889e-05
8.30249958e-05
8.068406052e-05
7.854222449e-05
7.641269291e-05
7.424994437e-05
7.255415751e-05
7.070190658e-05
6.904171655e-05
6.753642089e-05
6.617685453e-05
6.454593189e-05
6.332125882e-05
6.203045563e-05
6.069868823e-05
5.948667406e-05
5.845659367e-05
5.752702499e-05
5.66150775e-05
5.568728106e-05
5.463598434e-05
0.0001155386634
0.0001201264573
0.0001243624969
0.0001272135956
0.0001286579808
0.0001294696436
0.0001292183978
0.0001271328344
0.0001250004345
0.0001221672096
0.0001189443562
0.0001153887361
0.0001116686063
0.0001080264021
0.0001047645605
0.0001014951744
9.814872338e-05
9.497265573e-05
9.219958401e-05
8.937278963e-05
8.66408327e-05
8.433308735e-05
8.188908593e-05
7.954432712e-05
7.757750042e-05
7.537517503e-05
7.354571835e-05
7.195672248e-05
7.043810785e-05
6.89042524e-05
6.733713041e-05
6.581679424e-05
6.439038411e-05
6.334555173e-05
6.197013003e-05
6.071815399e-05
5.961878881e-05
5.861238762e-05
5.743453975e-05
5.649122852e-05
0.0001094845268
0.0001147085301
0.0001189170489
0.0001224227387
0.0001249406905
0.0001265990046
0.0001272557075
0.0001270521651
0.000125342054
0.0001234144765
0.0001212590024
0.0001182835863
0.0001153685241
0.0001120384783
0.0001086421547
0.0001052886155
0.0001022351748
9.936740329e-05
9.618824223e-05
9.359049362e-05
9.075659525e-05
8.804477172e-05
8.572636235e-05
8.311615816e-05
8.102012652e-05
7.896151227e-05
7.688644246e-05
7.484073948e-05
7.297042732e-05
7.146375743e-05
7.014417445e-05
6.873502266e-05
6.723706156e-05
6.584183369e-05
6.466786965e-05
6.358879082e-05
6.231670108e-05
6.125078669e-05
6.011089829e-05
5.885222615e-05
0.0001036921851
0.0001086464284
0.0001132005855
0.0001174420962
0.0001207771601
0.0001230472009
0.0001246920502
0.0001250544669
0.0001248589806
0.0001238135011
0.0001221422225
0.0001201385513
0.0001175413836
0.0001148339415
0.0001118199288
0.0001087402476
0.000105677781
0.0001025304062
9.971851237e-05
9.667305777e-05
9.416191211e-05
9.147558318e-05
8.908696453e-05
8.675009077e-05
8.444050711e-05
8.222271745e-05
8.016350408e-05
7.81514788e-05
7.639119085e-05
7.453298255e-05
7.293795419e-05
7.147947762e-05
7.013112348e-05
6.858621981e-05
6.723199247e-05
6.59530028e-05
6.48163875e-05
6.328601492e-05
6.229050821e-05
6.119328383e-05
9.828673045e-05
0.0001029991839
0.0001074679569
0.0001121834482
0.0001160507413
0.0001192335219
0.0001216263792
0.0001232295662
0.0001235623041
0.0001233899102
0.0001224973606
0.0001213168803
0.0001195103141
0.0001170383227
0.0001144347956
0.0001117437805
0.000108832324
0.0001058977804
0.0001029963486
0.0001002987517
9.747878293e-05
9.492370837e-05
9.240488462e-05
9.027940241e-05
8.821437197e-05
8.580374372e-05
8.358986219e-05
8.165601311e-05
7.991516415e-05
7.819087107e-05
7.631889139e-05
7.471960285e-05
7.31146438e-05
7.176703512e-05
7.035922782e-05
6.867422333e-05
6.740929283e-05
6.625650694e-05
6.506610324e-05
6.389686272e-05
9.356442316e-05
9.771700846e-05
0.0001022621151
0.0001062062636
0.0001103560137
0.0001140542099
0.0001170478117
0.0001195896571
0.0001211701213
0.0001214255918
0.0001214360212
0.0001210450187
0.000120149505
0.000118525703
0.0001161781185
0.0001138597971
0.0001114958597
0.0001089411548
0.0001062564869
0.0001036286241
0.0001011657082
9.860842126e-05
9.618803324e-05
9.377093607e-05
9.151655831e-05
8.939442172e-05
8.726590596e-05
8.504468975e-05
8.307524816e-05
8.126548829e-05
7.936895149e-05
7.783055941e-05
7.614129494e-05
7.447942039e-05
7.306896607e-05
7.166489091e-05
7.033058158e-05
6.884175463e-05
6.735515531e-05
6.609461144e-05
8.953024365e-05
9.318450624e-05
9.703702448e-05
0.0001010124146
0.0001050926535
0.0001089457286
0.0001122932417
0.0001151809091
0.0001177235023
0.0001195168653
0.000120396359
0.0001203820315
0.0001197955674
0.0001190143409
0.0001176556114
0.0001156848511
0.0001136406308
0.0001116192941
0.0001095077398
0.0001068615636
0.0001045254783
0.0001021400822
9.956184756e-05
9.718769067e-05
9.485778185e-05
9.25162288e-05
9.043824032e-05
8.844945676e-05
8.637668287e-05
8.428345564e-05
8.240691231e-05
8.040319376e-05
7.870809788e-05
7.708727194e-05
7.548998758e-05
7.402676373e-05
7.2682311e-05
7.146478037e-05
7.005436056e-05
6.867963285e-05
8.593934119e-05
8.908629786e-05
9.233703763e-05
9.613413213e-05
9.96839191e-05
0.0001039610484
0.0001077257423
0.0001109890879
0.0001139560695
0.0001163024282
0.0001180614758
0.0001191335299
0.000119479811
0.0001191514514
0.0001182276806
0.0001175622031
0.0001159614121
0.0001143076158
0.0001121201718
0.0001100185894
0.0001075338195
0.0001054053547
0.000103160906
0.0001006708204
9.830770459e-05
9.619037751e-05
9.40509269e-05
9.194909134e-05
8.983864938e-05
8.801788883e-05
8.600414234e-05
8.429749257e-05
8.22036559e-05
8.04781733e-05
7.875760141e-05
7.712683986e-05
7.554675485e-05
7.40545564e-05
7.274142176e-05
7.144144986e-05
8.255636071e-05
8.540881396e-05
8.866317735e-05
9.206890883e-05
9.545565601e-05
9.881010459e-05
0.0001025773476
0.0001062516436
0.0001094552809
0.0001123220104
0.0001148395301
0.0001164320338
0.0001177630099
0.000118691924
0.0001186001413
0.0001177127395
0.0001168403733
0.0001155570857
0.0001140019431
0.0001124801622
0.0001104983539
0.0001081609572
0.0001059450599
0.0001038146679
0.0001018358971
9.967173835e-05
9.734623844e-05
9.521366956e-05
9.318650148e-05
9.10480095e-05
8.922784615e-05
8.717906128e-05
8.523344972e-05
8.340250329e-05
8.173684676e-05
8.010910819e-05
7.852227445e-05
7.714690042e-05
7.568733737e-05
7.420671442e-05
8.003148176e-05
8.224905346e-05
8.489257307e-05
8.797697459e-05
9.126690838e-05
9.444455877e-05
9.787856765e-05
0.0001014779136
0.0001049769233
0.0001081553837
0.0001110928752
0.0001135502008
0.0001152573842
0.0001165194333
0.0001174789046
0.000117931683
0.0001174384562
0.0001164980701
0.0001153882971
0.0001139261325
0.0001125252731
0.0001106851012
0.000108823566
0.0001069011306
0.0001046852801
0.0001027758549
0.000100600554
9.855398921e-05
9.623876437e-05
9.410062128e-05
9.221883666e-05
9.043035154e-05
8.878275221e-05
8.683723234e-05
8.491287318e-05
8.312170501e-05
8.14792693e-05
7.993732166e-05
7.850138007e-05
7.69642923e-05
7.774638164e-05
7.983279591e-05
8.214518988e-05
8.453235356e-05
8.740412828e-05
9.047905186e-05
9.342190084e-05
9.698897824e-05
0.0001003410611
0.0001034921212
0.0001065028552
0.0001093346886
0.0001117721206
0.0001136410598
0.0001153813667
0.0001165256421
0.0001169726404
0.0001170754551
0.0001165166818
0.000115614383
0.0001142208921
0.0001129602352
0.000111113975
0.000109397967
0.0001076389297
0.0001054622045
0.0001036853986
0.0001018417202
9.984495868e-05
9.785735991e-05
9.587507652e-05
9.374472175e-05
9.179898795e-05
9.002187833e-05
8.82773191e-05
8.641283472e-05
8.454900843e-05
8.279579272e-05
8.123175402e-05
7.97546851e-05
7.613192635e-05
7.775860465e-05
7.965175569e-05
8.188240172e-05
8.432140675e-05
8.698127434e-05
8.973342532e-05
9.26258997e-05
9.578267008e-05
9.906032512e-05
0.0001021935058
0.0001054741981
0.0001083022311
0.0001107616873
0.0001127480329
0.0001145185781
0.0001155534379
0.0001161117955
0.0001161309811
0.0001158758476
0.000115228244
0.000114283744
0.0001132108166
0.0001116667023
0.0001099378694
0.0001082235649
0.0001061571357
0.0001042983062
0.0001024515753
0.0001005326072
9.850176507e-05
9.679044725e-05
9.50587795e-05
9.316122437e-05
9.131869506e-05
8.953164715e-05
8.777573159e-05
8.604750611e-05
8.444431628e-05
8.297162924e-05
7.450635821e-05
7.5806705e-05
7.729196953e-05
7.903231221e-05
8.119746454e-05
8.335998459e-05
8.581772508e-05
8.861958567e-05
9.163395234e-05
9.46919035e-05
9.760290252e-05
0.0001005469569
0.0001033984765
0.0001060949952
0.0001087430193
0.000110760612
0.0001126916432
0.0001140344102
0.0001148713743
0.0001150310829
0.0001150049626
0.0001147595024
0.0001138009978
0.0001128958474
0.0001118079055
0.000110616039
0.000109025787
0.0001073913936
0.0001057180729
0.0001039069623
0.0001020387515
9.993606525e-05
9.778240383e-05
9.613292547e-05
9.431948637e-05
9.269744447e-05
9.106097564e-05
8.941605315e-05
8.766113168e-05
8.591385395e-05
7.306855535e-05
7.415607321e-05
7.526338345e-05
7.690630282e-05
7.858536479e-05
8.071752546e-05
8.295998688e-05
8.520118281e-05
8.760896881e-05
9.040895778e-05
9.315685887e-05
9.61221218e-05
9.927943661e-05
0.000101997472
0.0001046818957
0.0001071434907
0.0001095151847
0.0001113370454
0.0001128139821
0.0001139561188
0.000114481604
0.0001146518893
0.0001145549016
0.0001138993739
0.0001130112478
0.0001118453704
0.0001107748102
0.0001091783599
0.0001077550296
0.0001060684759
0.000104709028
0.0001031050353
0.0001013095982
9.945463207e-05
9.774727358e-05
9.594915361e-05
9.406325874e-05
9.229723178e-05
9.063553244e-05
8.898846224e-05
7.178792699e-05
7.281063414e-05
7.396925342e-05
7.514893022e-05
7.660144366e-05
7.817847995e-05
7.998649093e-05
8.191619009e-05
8.373528665e-05
8.633290408e-05
8.911502793e-05
9.184486231e-05
9.476325263e-05
9.772041713e-05
0.0001004825971
0.0001030650794
0.0001055310873
0.0001077801927
0.0001099090271
0.0001114445558
0.0001124761719
0.0001133068304
0.0001138539717
0.0001141749976
0.0001137701465
0.000113078083
0.0001122817442
0.0001116770997
0.0001102437709
0.0001088501274
0.0001070945577
0.000105385102
0.0001037517267
0.0001021580874
0.0001005820129
9.88266457e-05
9.727248921e-05
9.558333174e-05
9.376545005e-05
9.195916011e-05
7.130219812e-05
7.205949738e-05
7.286741486e-05
7.368449425e-05
7.462148821e-05
7.584366525e-05
7.730369732e-05
7.918740394e-05
8.120332536e-05
8.327543301e-05
8.546922687e-05
8.802139776e-05
9.046433453e-05
9.320404595e-05
9.582500701e-05
9.874567858e-05
0.0001013214882
0.0001039371343
0.0001062493748
0.0001084642765
0.0001100990427
0.0001115090133
0.0001125740208
0.000113169038
0.0001135519649
0.000113476645
0.0001130162216
0.0001120642953
0.0001116951872
0.0001108492048
0.0001096024779
0.0001082325463
0.0001067497866
0.0001052044122
0.0001035491456
0.0001019690977
0.0001002658451
9.857929647e-05
9.716036639e-05
9.56272416e-05
6.977406497e-05
7.056415258e-05
7.137276618e-05
7.236142601e-05
7.335190806e-05
7.440181499e-05
7.563470396e-05
7.692018445e-05
7.860842791e-05
8.038337904e-05
8.240893712e-05
8.459804014e-05
8.690963736e-05
8.928632862e-05
9.19083626e-05
9.44279975e-05
9.718639486e-05
9.978873866e-05
0.0001024605802
0.0001046482659
0.0001067477761
0.000108669619
0.0001098748709
0.0001113317926
0.0001121678915
0.0001127603686
0.0001131347858
0.0001131333179
0.0001123695008
0.0001116962888
0.0001112436171
0.0001104666394
0.0001090763808
0.0001075568959
0.0001058376239
0.0001043079649
0.0001027763318
0.0001012397382
9.963455794e-05
9.819727574e-05
6.974493299e-05
7.027873656e-05
7.093609545e-05
7.152112309e-05
7.23426319e-05
7.329290954e-05
7.431648015e-05
7.544791492e-05
7.648277304e-05
7.800436122e-05
7.966367739e-05
8.14498896e-05
8.366578684e-05
8.56851395e-05
8.814526225e-05
9.059480611e-05
9.316016095e-05
9.563997359e-05
9.816726468e-05
0.000100720674
0.0001031445552
0.0001054100568
0.0001073520671
0.0001088160029
0.0001103418935
0.000111289944
0.0001120480807
0.0001122269601
0.0001124910273
0.0001123489463
0.0001115788134
0.0001109606319
0.0001104022286
0.0001096170626
0.0001083489628
0.0001068106711
0.0001051456858
0.0001038292977
0.0001020943096
0.0001004822188
6.916397637e-05
6.953615553e-05
7.008872997e-05
7.084796937e-05
7.151027921e-05
7.225509306e-05
7.306682122e-05
7.419358311e-05
7.522746471e-05
7.624327642e-05
7.755853214e-05
7.907660602e-05
8.0758625e-05
8.269817798e-05
8.452080809e-05
8.672796765e-05
8.911769898e-05
9.170356715e-05
9.420095863e-05
9.658770362e-05
9.905649708e-05
0.0001013056679
0.0001037260219
0.0001059132894
0.0001075057687
0.0001090319411
0.0001102555314
0.0001112071114
0.0001115008864
0.0001118296371
0.0001117757311
0.0001112556521
0.0001107096071
0.0001101553118
0.0001096261725
0.0001088509891
0.0001077951908
0.000106160852
0.0001047804029
0.0001033266113
6.854622585e-05
6.891156682e-05
6.928348777e-05
6.968962464e-05
7.018054207e-05
7.081495378e-05
7.15771184e-05
7.246566934e-05
7.355809856e-05
7.461727355e-05
7.573951516e-05
7.706902627e-05
7.838694648e-05
7.998507279e-05
8.19052134e-05
8.373895376e-05
8.554996786e-05
8.765834664e-05
8.991507875e-05
9.252733246e-05
9.500581004e-05
9.739034568e-05
9.974511956e-05
0.0001020442673
0.0001042344403
0.0001059218519
0.0001075017567
0.0001088285346
0.0001098845715
0.0001105130612
0.0001110122289
0.0001114581494
0.0001114666527
0.0001110622368
0.0001103091323
0.0001096538671
0.0001088194239
0.0001082155332
0.0001070796761
0.0001058136871
6.832301742e-05
6.857001663e-05
6.89528654e-05
6.935757967e-05
6.99015853e-05
7.038986426e-05
7.091175132e-05
7.145494711e-05
7.207603877e-05
7.300835954e-05
7.39454887e-05
7.49208825e-05
7.628595803e-05
7.765958743e-05
7.906874827e-05
8.075968054e-05
8.258580439e-05
8.439082195e-05
8.655120456e-05
8.861228134e-05
9.068069724e-05
9.280570025e-05
9.501118046e-05
9.751123759e-05
9.975270478e-05
0.0001019999926
0.0001040119227
0.0001059339612
0.000107583845
0.000108848653
0.0001097777345
0.0001103300915
0.0001108118918
0.0001108185729
0.0001107860784
0.0001104119859
0.0001098363462
0.0001091484939
0.0001084467225
0.0001077342209
6.798050034e-05
6.811270396e-05
6.837938884e-05
6.88158835e-05
6.920707868e-05
6.962423881e-05
7.003193414e-05
7.054789269e-05
7.123032051e-05
7.1918822e-05
7.258571134e-05
7.34116803e-05
7.448019129e-05
7.556565795e-05
7.688354385e-05
7.830356868e-05
7.979020147e-05
8.149791597e-05
8.313051938e-05
8.517532275e-05
8.730399342e-05
8.960141099e-05
9.175078278e-05
9.384594702e-05
9.62392274e-05
9.847611069e-05
0.0001004992007
0.0001025326159
0.0001042847695
0.0001060451731
0.0001073763198
0.0001084685181
0.0001092756587
0.0001099159757
0.0001105163583
0.0001107563191
0.000110507754
0.0001098767499
0.0001095181501
0.0001088017604
6.775175125e-05
6.809131603e-05
6.833147624e-05
6.850862286e-05
6.88282966e-05
6.922971085e-05
6.960030159e-05
7.004240895e-05
7.066090374e-05
7.119892335e-05
7.190497918e-05
7.264474349e-05
7.325777204e-05
7.418951267e-05
7.516640039e-05
7.615158869e-05
7.745346454e-05
7.889427396e-05
8.040371505e-05
8.192241837e-05
8.400945868e-05
8.614812458e-05
8.813191371e-05
8.992018358e-05
9.199305216e-05
9.423886646e-05
9.662422168e-05
9.868352589e-05
0.000100814701
0.000102752179
0.0001045136744
0.0001059985174
0.0001075507774
0.0001088026979
0.0001094198261
0.0001099048029
0.0001103923104
0.0001107540439
0.0001103585007
0.0001100131661
6.744150013e-05
6.75277442e-05
6.77246783e-05
6.796630342e-05
6.821359717e-05
6.851408489e-05
6.896271604e-05
6.938690125e-05
6.979580141e-05
7.022767975e-05
7.071118307e-05
7.134095715e-05
7.201689002e-05
7.27708171e-05
7.367339374e-05
7.466358099e-05
7.575985251e-05
7.691270905e-05
7.81810132e-05
7.958333984e-05
8.105728347e-05
8.271581169e-05
8.472923631e-05
8.689606808e-05
8.884845376e-05
9.09682157e-05
9.318019402e-05
9.540406633e-05
9.753288795e-05
9.967006067e-05
0.0001018626543
0.0001036845098
0.000105371786
0.0001069150185
0.0001081780083
0.000109477338
0.0001104719286
0.0001110319077
0.0001115127286
0.0001117853793
6.731343718e-05
6.74799005e-05
6.758254192e-05
6.779197496e-05
6.796668806e-05
6.816134235e-05
6.847063314e-05
6.883746993e-05
6.921918668e-05
6.969575059e-05
7.02152842e-05
7.081336786e-05
7.144394451e-05
7.20059417e-05
7.281609022e-05
7.368682147e-05
7.469881121e-05
7.576647429e-05
7.698268401e-05
7.817743418e-05
7.964670459e-05
8.12097593e-05
8.284108979e-05
8.461656365e-05
8.645429044e-05
8.854462242e-05
9.080485935e-05
9.304054939e-05
9.540859019e-05
9.768228995e-05
9.9943033e-05
0.0001024443862
0.0001047340794
0.000106456208
0.0001085879914
0.0001103312253
0.0001116771539
0.0001130078483
0.0001141896417
0.0001149983731
)
;

boundaryField
{
    flow
    {
        type            calculated;
        value           nonuniform List<scalar> 
180
(
6.633549917e-05
6.640200268e-05
6.631518466e-05
6.636427057e-05
6.637185632e-05
6.629550584e-05
6.626141328e-05
6.6425248e-05
6.628405847e-05
6.643101581e-05
6.630657796e-05
6.639404288e-05
6.629044086e-05
6.631617732e-05
6.637620806e-05
6.637237777e-05
6.638281917e-05
6.632052183e-05
6.629856517e-05
6.63422727e-05
6.624815794e-05
6.634869058e-05
6.634070626e-05
6.631326945e-05
6.633207183e-05
6.629582463e-05
6.637803578e-05
6.627537949e-05
6.633652806e-05
6.624305112e-05
6.633938388e-05
6.634921784e-05
6.633057878e-05
6.629160502e-05
6.631735355e-05
6.636896606e-05
6.640521183e-05
6.619448873e-05
6.629030652e-05
6.640743385e-05
6.630061807e-05
6.624902676e-05
6.630813531e-05
6.636680904e-05
6.629985053e-05
6.630064151e-05
6.631910867e-05
6.623851558e-05
6.634972585e-05
6.632795452e-05
6.63819042e-05
6.625073686e-05
6.628386529e-05
6.628276407e-05
6.634927037e-05
6.626037159e-05
6.63764432e-05
6.634292945e-05
6.628100107e-05
6.623043861e-05
6.623043861e-05
6.616859058e-05
6.606660712e-05
6.61278478e-05
6.62095358e-05
6.626895445e-05
6.63308531e-05
6.632290699e-05
6.628747849e-05
6.636349793e-05
6.641572965e-05
6.636466201e-05
6.637174771e-05
6.636127099e-05
6.643131819e-05
6.640889702e-05
6.648451155e-05
6.654261429e-05
6.653001187e-05
6.648572624e-05
6.640849212e-05
6.64772234e-05
6.642433372e-05
6.636370038e-05
6.633120738e-05
6.640803661e-05
6.648051319e-05
6.663093247e-05
6.672593146e-05
6.670345967e-05
6.673564899e-05
6.676874933e-05
6.677436728e-05
6.682745941e-05
6.677370932e-05
6.674496162e-05
6.678732398e-05
6.693526327e-05
6.694973834e-05
6.712834858e-05
6.731343718e-05
6.74799005e-05
6.758254192e-05
6.779197496e-05
6.796668806e-05
6.816134235e-05
6.847063314e-05
6.883746993e-05
6.921918668e-05
6.969575059e-05
7.02152842e-05
7.081336786e-05
7.144394451e-05
7.20059417e-05
7.281609022e-05
7.368682147e-05
7.469881121e-05
7.576647429e-05
7.698268401e-05
7.817743418e-05
7.964670459e-05
8.12097593e-05
8.284108979e-05
8.461656365e-05
8.645429044e-05
8.854462242e-05
9.080485935e-05
9.304054939e-05
9.540859019e-05
9.768228995e-05
9.9943033e-05
0.0001024443862
0.0001047340794
0.000106456208
0.0001085879914
0.0001103312253
0.0001116771539
0.0001130078483
0.0001141896417
0.0001149983731
3.182555707e-05
3.108837795e-05
3.204203399e-05
3.340285043e-05
3.489278345e-05
3.648824606e-05
3.769861185e-05
3.953134153e-05
4.126385065e-05
4.30013032e-05
4.473433125e-05
4.613081895e-05
4.82247498e-05
4.992780562e-05
5.223672771e-05
5.463598434e-05
5.649122852e-05
5.885222615e-05
6.119328383e-05
6.389686272e-05
6.609461144e-05
6.867963285e-05
7.144144986e-05
7.420671442e-05
7.69642923e-05
7.97546851e-05
8.297162924e-05
8.591385395e-05
8.898846224e-05
9.195916011e-05
9.56272416e-05
9.819727574e-05
0.0001004822188
0.0001033266113
0.0001058136871
0.0001077342209
0.0001088017604
0.0001100131661
0.0001117853793
0.0001149983731
)
;
    }
    cylinder
    {
        type            calculated;
        value           nonuniform List<scalar> 
60
(
7.783888148e-05
7.36294848e-05
6.901594144e-05
6.819966644e-05
6.592575691e-05
6.449243699e-05
6.246029444e-05
6.152141193e-05
6.080801273e-05
5.886175076e-05
5.867934051e-05
5.751465416e-05
5.7538434e-05
5.567741961e-05
5.528206732e-05
5.406408726e-05
5.280626946e-05
5.215087666e-05
5.208043459e-05
5.228045745e-05
5.163964191e-05
4.879022748e-05
4.806756883e-05
4.899449676e-05
4.792446464e-05
4.800071813e-05
4.68676496e-05
4.560631506e-05
4.620199359e-05
4.559511297e-05
4.413860751e-05
4.373954246e-05
4.275457896e-05
4.339173864e-05
4.158041052e-05
4.058266057e-05
3.984654631e-05
3.895695052e-05
3.74993256e-05
3.53892395e-05
0.0007769141557
0.0007751824897
0.0007779563796
0.0007765697965
0.0007745661759
0.0007716624419
0.0007710671844
0.0007642563298
0.0007586020164
0.0007598087847
0.0007532042449
0.0007444133397
0.0007387596873
0.0007297992146
0.0007225737528
0.0007067729884
0.0006920750149
0.0006657494316
0.0006273549755
0.0005659619453
)
;
    }
    wedgeFront
    {
        type            symmetry;
    }
    wedgeBack
    {
        type            symmetry;
    }
    defaultFaces
    {
        type            empty;
    }
}


// ************************************************************************* //
