/*--------------------------------*- C++ -*----------------------------------*\
| =========                 |                                                 |
| \\      /  F ield         | OpenFOAM: The Open Source CFD Toolbox           |
|  \\    /   O peration     | Version:  v1706                                 |
|   \\  /    A nd           | Web:      www.OpenFOAM.com                      |
|    \\/     M anipulation  |                                                 |
\*---------------------------------------------------------------------------*/
FoamFile
{
    version     2.0;
    format      ascii;
    class       volScalarField;
    location    "0.004";
    object      variableHardSphereMeanFreePath_Ar;
}
// * * * * * * * * * * * * * * * * * * * * * * * * * * * * * * * * * * * * * //

dimensions      [0 1 0 0 0 0 0];


internalField   nonuniform List<scalar> 
4000
(
0.0009574291518
0.0009599563046
0.0009655129578
0.0009656499608
0.0009760222229
0.0009891194855
0.0009894215617
0.0009890182973
0.001000729762
0.00101672812
0.001041537208
0.001058830976
0.001080331134
0.001104574526
0.001130199508
0.001155327359
0.0011912475
0.001216272622
0.001234682645
0.001254804324
0.001255690933
0.001241828537
0.001214159335
0.001164307054
0.001087216927
0.001001473086
0.0008999974487
0.0008017610944
0.0007095385637
0.0006313153672
0.0005685931931
0.0005191034791
0.0004755093046
0.0004364695799
0.0003969049433
0.0003560646521
0.0003125544864
0.0002649789361
0.0002112233734
0.0001525038137
0.0009583608574
0.0009598086855
0.0009641258146
0.0009676051756
0.0009730900793
0.0009811287687
0.0009931347046
0.0009975930062
0.00101229719
0.001028835495
0.001044582332
0.001065777584
0.001086238415
0.001114840911
0.001148242415
0.001174454754
0.001202773944
0.001240955239
0.001267362768
0.00128800737
0.001298110641
0.001292993804
0.001262051757
0.001208559772
0.001133669533
0.001033707955
0.0009299513689
0.0008232411916
0.0007277584728
0.000647317587
0.0005826352382
0.0005271704155
0.0004809339874
0.0004418294987
0.0004013898003
0.0003588111692
0.0003145261118
0.0002650915608
0.0002112762245
0.0001524764008
0.0009564954415
0.0009618093528
0.0009643220725
0.0009684703319
0.0009696816681
0.0009792681455
0.000986338543
0.0009990628421
0.001010844348
0.001024534407
0.001041495842
0.001064882953
0.00109048983
0.001115503194
0.001148276491
0.001176254855
0.001206599733
0.001240298169
0.00127075605
0.001294778687
0.00130611534
0.001301369813
0.001274818576
0.001223155249
0.001144686849
0.001048041051
0.0009427725295
0.0008317940197
0.0007387224377
0.0006554048719
0.0005868407542
0.0005316984855
0.0004842094231
0.0004440009072
0.0004036271897
0.0003605496055
0.0003144735622
0.0002654495502
0.0002118780368
0.000152687674
0.0009553292235
0.0009595019084
0.0009622884275
0.0009670534292
0.0009734292059
0.0009780442731
0.0009840800172
0.0009925323417
0.001003262111
0.001017753446
0.001036063252
0.001054655918
0.001081384119
0.001107095584
0.001129647899
0.001164743708
0.001199919156
0.001232559598
0.001264258541
0.001290814953
0.001304088931
0.00130408061
0.001282287359
0.001229494277
0.001156800661
0.001059463564
0.0009520688055
0.0008465693715
0.0007457823445
0.0006591892482
0.0005885722816
0.0005336147952
0.0004875024441
0.0004456982783
0.0004040353416
0.0003616049131
0.000315225551
0.0002661775188
0.0002124310889
0.0001531338315
0.0009545632409
0.0009557190663
0.0009590238377
0.0009629836918
0.0009635880716
0.0009696549967
0.000979345586
0.0009861574504
0.000994245653
0.001014834339
0.001031533802
0.001053075186
0.001074653852
0.001096049485
0.00112406524
0.001158221803
0.001194282105
0.001227941563
0.001265066576
0.001290568848
0.001304932847
0.001304768123
0.001279128604
0.001231888058
0.001158902027
0.001068408044
0.0009597521223
0.0008484709895
0.0007478096261
0.0006614398678
0.0005919384887
0.0005374283371
0.0004905885108
0.0004471671256
0.0004059342429
0.0003641237234
0.0003163365201
0.0002662194605
0.0002129824615
0.0001531064307
0.0009547748509
0.0009586993522
0.0009626363424
0.0009647327649
0.0009691248957
0.0009727514698
0.0009787453445
0.0009878274931
0.001001372903
0.001013020672
0.001023977481
0.001044328818
0.001064831925
0.001092939909
0.001119066239
0.0011471344
0.001182933273
0.001217206875
0.001250406981
0.001278396774
0.001297687475
0.001298658754
0.001281146636
0.001234300686
0.001161224893
0.001070346387
0.0009666571769
0.000854799673
0.0007545056113
0.0006661384402
0.0005967335397
0.000537958956
0.000492240705
0.0004491363406
0.0004076710548
0.0003662516242
0.0003188974391
0.0002682234712
0.0002139982599
0.0001544143385
0.0009550605329
0.0009589922037
0.0009618642039
0.0009658602258
0.0009710900963
0.000975158019
0.000981665862
0.0009893943769
0.0010013646
0.00101377354
0.001032085697
0.001049228807
0.001068838257
0.001092939939
0.001123140265
0.001154138317
0.001188329868
0.001219814692
0.001252429956
0.001279410477
0.001299785108
0.001302631189
0.001285948767
0.001242845963
0.001167517639
0.00107761038
0.0009745634814
0.000863750511
0.0007623648244
0.0006733765204
0.0006018815979
0.0005409973753
0.0004933901801
0.0004527077261
0.0004111759965
0.0003682009141
0.0003212344427
0.0002702246447
0.0002151354823
0.0001544935409
0.0009527642718
0.0009566282514
0.0009604373717
0.0009624832955
0.0009633792789
0.0009672930788
0.0009759266897
0.0009854967529
0.0009969128221
0.00101213228
0.001025234412
0.001047602254
0.001066981474
0.001089180655
0.001119676088
0.001147258873
0.001181611524
0.001219272572
0.001251723537
0.001278152245
0.00129387
0.001299703585
0.001285122136
0.001247464733
0.001180382345
0.001087555712
0.0009798648998
0.0008721832646
0.0007710519444
0.0006835093741
0.0006080821836
0.0005466312995
0.0004984612293
0.0004547336819
0.0004126965464
0.0003698395963
0.0003236010196
0.0002723224377
0.00021693434
0.0001562361108
0.0009558601417
0.0009574825503
0.0009613450621
0.0009640913717
0.0009685375224
0.0009740269765
0.0009832890351
0.0009874876631
0.0009957285628
0.00100912467
0.001022494457
0.001040847022
0.001060664335
0.00107894493
0.00110817681
0.001142914138
0.001176105878
0.00121015508
0.001246028195
0.001278876743
0.001300447212
0.001301016015
0.001289823449
0.001251017789
0.001187181756
0.001095974662
0.0009932724334
0.0008863183514
0.0007811183968
0.0006900572554
0.0006164086438
0.0005549101176
0.0005023943562
0.0004584303485
0.0004153191209
0.0003723125027
0.0003253053498
0.0002737913445
0.0002186798212
0.0001563863726
0.0009517103723
0.0009538639651
0.0009580593586
0.0009615824653
0.0009639100005
0.0009711185949
0.0009793257518
0.0009836787713
0.0009927757412
0.001008177942
0.001022676692
0.001039467322
0.001059521135
0.001082086387
0.001111718806
0.001140945831
0.001172352643
0.001205697077
0.001236534026
0.001263902155
0.001286865487
0.001295507238
0.001284253827
0.001249262181
0.0011907316
0.001110579481
0.001012078552
0.0008986935518
0.0007946995675
0.0007010577435
0.0006256292081
0.0005624691981
0.0005098202412
0.0004639107622
0.0004202480564
0.000376459498
0.0003292616668
0.0002768698193
0.0002203652196
0.0001577395894
0.0009537238742
0.0009553789901
0.0009563929143
0.0009577672347
0.0009614128239
0.0009671972151
0.0009734772196
0.0009815217846
0.0009935114898
0.001003547872
0.00101747602
0.001032171862
0.001050991006
0.001076245785
0.00109933887
0.001125333497
0.001157952039
0.001190957695
0.001225870465
0.001255829125
0.001279333889
0.001292321692
0.001287548856
0.001258046291
0.001200745335
0.001117441749
0.001021040132
0.0009159497054
0.0008087848828
0.0007122337165
0.0006348401527
0.0005693951803
0.0005149371719
0.000470410301
0.0004254628993
0.0003799565179
0.0003324141114
0.0002791229161
0.0002220058202
0.000159244315
0.0009539994249
0.0009567167688
0.0009581308805
0.0009618205572
0.0009681580624
0.0009737714048
0.0009801263591
0.0009836274315
0.0009940719058
0.001006292243
0.001016036439
0.001029301292
0.001047857674
0.001073396037
0.001095869259
0.001124868516
0.001152872556
0.001188067011
0.001227000125
0.001257466526
0.001283953929
0.001295260027
0.001288635406
0.001261760804
0.001210612942
0.001133928377
0.00104031719
0.0009324910496
0.0008257252729
0.000725847217
0.000643361014
0.0005785454535
0.0005216060825
0.000475286707
0.0004304997532
0.0003850479573
0.0003372934049
0.0002838081001
0.0002254424194
0.0001611132658
0.0009530295972
0.0009555297271
0.0009592508449
0.0009615379824
0.000963219163
0.0009682838071
0.0009712918441
0.000976251272
0.0009851377451
0.0009959862593
0.001007569182
0.001025572229
0.001042220073
0.00106698149
0.001091821513
0.001118070232
0.001146381879
0.001184367572
0.00121455
0.001243730744
0.001270067557
0.001285257425
0.001287494264
0.001267985349
0.00121838827
0.0011458246
0.001052087311
0.0009479714286
0.0008404840116
0.000744311996
0.0006579949864
0.000590776647
0.0005333233267
0.000483353129
0.0004381136112
0.0003919336211
0.0003420142026
0.0002876228734
0.0002282628233
0.0001628764291
0.0009531738147
0.0009541026357
0.0009568359275
0.0009605517133
0.0009661751278
0.0009677207963
0.0009699768041
0.0009764002656
0.000982726084
0.0009939184132
0.001004603045
0.001017540545
0.001035742651
0.001058461625
0.001082076028
0.001107422442
0.001135413918
0.00117021198
0.001203059325
0.001235744639
0.001260085122
0.001279509103
0.001283117982
0.001270251227
0.001227024536
0.001162599633
0.001072081704
0.0009690242867
0.0008603225174
0.0007614912698
0.0006745346751
0.0006009582895
0.0005435051132
0.0004915797051
0.0004453775101
0.0003986470633
0.0003487485988
0.000294101503
0.0002331905399
0.000165599346
0.0009525925964
0.0009541503587
0.0009563633497
0.0009584344875
0.0009608349088
0.0009666202822
0.0009726401262
0.0009800958634
0.0009879695549
0.0009949026449
0.001007978922
0.001020090656
0.001037202975
0.001055239949
0.001076880864
0.001104313056
0.001137036686
0.001169626277
0.00120282696
0.001236377393
0.001264271152
0.001285117233
0.001291039415
0.001276663238
0.001242945275
0.001178491627
0.001095675731
0.000990674735
0.0008822878869
0.0007852198236
0.0006948651724
0.0006168830776
0.0005554513521
0.0005022832829
0.0004529538743
0.000407229282
0.0003564495384
0.0002992724487
0.0002384175094
0.0001684465637
0.0009526344497
0.0009547417442
0.0009572410278
0.0009616263183
0.0009659336704
0.0009677676759
0.0009706837967
0.0009744638827
0.0009815684864
0.000993084961
0.001004920897
0.001017583718
0.001036039844
0.001053630148
0.001074630574
0.001098072274
0.00112916901
0.00115999117
0.001193874758
0.001227299174
0.001257246613
0.001276507061
0.0012861374
0.001280225793
0.001249984336
0.00119527709
0.001114364173
0.001020276138
0.000910812332
0.000807503156
0.0007148939929
0.0006348065614
0.0005701497754
0.0005150682859
0.0004665394166
0.0004180995194
0.0003664201343
0.0003089932826
0.0002455875228
0.0001731238093
0.0009521234428
0.0009519900086
0.0009533571395
0.0009573846598
0.0009602452378
0.0009648350489
0.0009722723164
0.0009767284528
0.0009852317444
0.0009951428413
0.001004940498
0.001014906489
0.001029367533
0.001051717543
0.001069388182
0.001093751468
0.001125560536
0.001153357368
0.001186903541
0.001220221773
0.001249109525
0.00126941417
0.001283658687
0.001280460501
0.001253877849
0.001203519365
0.00113077751
0.001038145902
0.0009353168231
0.0008331578736
0.0007348488369
0.0006548332561
0.0005880525563
0.0005308279058
0.0004786609857
0.0004315939193
0.0003772943699
0.0003207076601
0.000253516837
0.0001786588052
0.000952072053
0.0009554649242
0.0009553186721
0.0009577467892
0.0009618101106
0.0009632506177
0.0009675151116
0.0009743130243
0.0009793677909
0.0009854207233
0.0009979713061
0.001007725436
0.001023771224
0.001040323329
0.001064281817
0.001087821688
0.001110402705
0.00114404381
0.001175836604
0.001209168005
0.001239505853
0.001263344032
0.001280150128
0.001280060137
0.001261872488
0.001219110323
0.001153207939
0.001064780541
0.0009644618902
0.000861344372
0.0007631313854
0.0006784482153
0.0006070862627
0.0005474766474
0.0004949006776
0.0004464071547
0.0003934511823
0.000334500733
0.0002666013546
0.0001871173156
0.0009523187039
0.0009539951248
0.0009534042926
0.000954889619
0.0009585262782
0.0009635544009
0.0009670866692
0.000972080067
0.0009768197185
0.0009860520495
0.0009970421149
0.001009968904
0.001024574145
0.001039698402
0.001057657437
0.001082095039
0.001106875237
0.001136178497
0.001170698657
0.001203002429
0.001232551551
0.001260557633
0.001276782272
0.001281233853
0.001266307879
0.001232508041
0.001174575851
0.001091528874
0.0009954326031
0.0008915322164
0.0007974334057
0.00070557974
0.0006318354894
0.0005684452107
0.000514197136
0.0004653250072
0.0004134728179
0.0003554218797
0.00028781001
0.0002015884519
0.0009521878494
0.0009522547654
0.0009552690808
0.0009568822964
0.0009603893014
0.0009639846191
0.000969198408
0.0009738676587
0.0009773735861
0.0009834473908
0.0009945021533
0.001000579072
0.00101398194
0.001032112346
0.001049615106
0.001072657544
0.001099723869
0.001127066474
0.00115719689
0.001189359294
0.001223631692
0.001251191468
0.001272789384
0.001282551269
0.001274060709
0.001247063591
0.001189102052
0.001115754427
0.001023935734
0.0009244800394
0.0008272537484
0.0007346360888
0.0006569065634
0.000591278278
0.0005365786084
0.0004886544482
0.0004409973058
0.0003872113131
0.0003259506365
0.0002384457914
0.0009526910416
0.0009553811654
0.0009559409952
0.0009567734541
0.0009591521368
0.0009620193651
0.0009666894352
0.000971616551
0.0009768871387
0.0009851298641
0.0009930665304
0.001001928045
0.001012998166
0.001030723527
0.00104917748
0.001068690344
0.001094233138
0.001120555123
0.001149111482
0.001181064245
0.001211502898
0.001237069539
0.001261770533
0.001274479202
0.001272420209
0.001251442099
0.00120525752
0.001134752901
0.001049593883
0.000957860455
0.0008567767229
0.0007659655458
0.0006887885081
0.0006201292343
0.0005649009946
0.0005179499978
0.0004734748607
0.0004296404523
0.0003923018117
0.0003940193408
0.0009516741146
0.0009537063268
0.0009535455329
0.0009568806998
0.0009604099425
0.0009623056442
0.0009663116072
0.0009692808199
0.0009751343582
0.000981418978
0.0009853645755
0.0009934426415
0.001008221035
0.001023382568
0.001040499608
0.001059192925
0.001082268188
0.00110647328
0.001131340434
0.0011632068
0.001195142209
0.001226845524
0.001254193958
0.001270727259
0.001274405073
0.001261106619
0.001226384414
0.001166796138
0.001085648702
0.0009938643788
0.0008936521014
0.0008013240337
0.0007196615783
0.000653203688
0.0005952880361
0.0005480028486
0.0005093261677
0.0004783276645
0.0004627764324
0.0004999802748
0.0009515396877
0.0009522291357
0.000954935433
0.0009578883449
0.0009581497713
0.0009614359329
0.0009649318354
0.000970366128
0.0009747866081
0.0009798737003
0.0009879683098
0.0009973861201
0.001008926271
0.00102471096
0.001042628495
0.001062381795
0.001080728397
0.001106668405
0.00113100595
0.001157236949
0.001188845894
0.001219460644
0.001244762363
0.001264515043
0.0012735237
0.001262246009
0.001237284702
0.001186472502
0.001112693335
0.001026304681
0.0009318369842
0.0008383106392
0.0007567766199
0.0006831105217
0.0006283796575
0.0005822157738
0.0005481156721
0.0005248669809
0.0005204256905
0.0005549647801
0.0009506179909
0.0009524505023
0.0009545418584
0.0009576003305
0.0009596728679
0.000961058516
0.0009644535875
0.0009655387772
0.0009702964951
0.0009785673237
0.000982388283
0.000991398539
0.001002672106
0.00101541949
0.00103038771
0.001047679994
0.00106571604
0.00108922433
0.001117217708
0.00114592703
0.001175296393
0.001208471095
0.001234661509
0.001254755392
0.001267142871
0.001261778542
0.001240293766
0.001202256169
0.001138213954
0.001059069406
0.0009720478975
0.0008808939241
0.000795527559
0.0007229087066
0.0006620478427
0.0006167380163
0.000583059049
0.0005648644292
0.0005652634857
0.000592324113
0.0009511345399
0.0009537206396
0.000955406772
0.0009565469566
0.0009571884743
0.0009584382694
0.00096141369
0.0009636220374
0.0009674537262
0.0009743275446
0.0009823568389
0.0009860539453
0.0009972531527
0.001008104902
0.001021204069
0.001036658019
0.001055880123
0.001076178593
0.001103070521
0.001126644322
0.001155226278
0.001183340064
0.001206467312
0.001231409712
0.001247980239
0.001256518678
0.001247390405
0.001215339036
0.001162405801
0.001094670853
0.001008844358
0.0009212350741
0.0008373136123
0.0007623291814
0.0006975529136
0.000650516119
0.0006172641918
0.0006004158381
0.0005999446571
0.0006212135284
0.0009515177836
0.0009519054995
0.000952808296
0.0009540015982
0.000955044404
0.0009574760168
0.0009578165526
0.0009619059152
0.0009642106849
0.0009681424417
0.0009747963921
0.0009826442747
0.000991016515
0.001002124915
0.001015510166
0.001027351594
0.001046938248
0.001065088859
0.001086162172
0.001110165226
0.001142828332
0.001167946462
0.001196194588
0.00122270391
0.001242697125
0.001251159629
0.001246153969
0.001224506884
0.001184296653
0.001123942835
0.001049816275
0.000966619895
0.000881358676
0.0008046509916
0.0007392795907
0.0006878182549
0.0006511367027
0.000634134869
0.0006284160893
0.0006435231481
0.0009491347099
0.0009503750727
0.0009530543077
0.0009558928748
0.0009582682309
0.0009583573774
0.000961129716
0.0009631964526
0.0009664579059
0.0009679589646
0.0009742882577
0.0009792426215
0.0009875203356
0.0009973087774
0.00101088021
0.001023248266
0.001038265432
0.001057747987
0.001075697207
0.001096226238
0.001122626351
0.001153744781
0.00118109181
0.001205688628
0.001228487696
0.001242741299
0.001244729953
0.001229725229
0.001198798836
0.001151502027
0.001083399573
0.001007321262
0.0009241855829
0.0008491400518
0.000781186701
0.0007260303709
0.000685991805
0.0006622192781
0.0006570483823
0.0006613642149
0.0009497269602
0.0009515001466
0.000951302953
0.0009524733485
0.0009524910243
0.0009545417951
0.0009540345895
0.0009570487275
0.0009601666666
0.0009658501476
0.0009701323312
0.0009758297842
0.0009828353609
0.000993992388
0.001004067221
0.001017485396
0.001032485052
0.001047174665
0.001067764851
0.001091110288
0.001114184093
0.001141361732
0.001170102812
0.001196312899
0.001219400743
0.001236361526
0.001241252569
0.001236912126
0.001213425279
0.001175897293
0.001120654193
0.001049953111
0.0009721685594
0.0008964734408
0.0008260944509
0.000764536384
0.0007230932577
0.0006942516654
0.0006793001767
0.0006817097461
0.0009503347448
0.0009511975886
0.0009525894624
0.0009532554448
0.0009555115433
0.0009565087389
0.0009583323026
0.0009625149352
0.000963963796
0.0009686955998
0.0009720684885
0.0009764098701
0.0009821016889
0.000994861625
0.001005358389
0.001012784851
0.001026458104
0.001041896655
0.00105846689
0.001081799434
0.001105781177
0.001133183615
0.001158655205
0.001182498165
0.001211138784
0.001230525523
0.001238770218
0.001239802961
0.001227429331
0.001194517743
0.001148219628
0.001088685948
0.001015967866
0.0009401480801
0.0008695762769
0.0008104734856
0.0007616981264
0.0007283674794
0.0007058358523
0.0006997395148
0.0009514279054
0.0009545191128
0.0009539659908
0.0009558370224
0.000957171613
0.0009568445817
0.0009571924306
0.0009592447263
0.0009597904136
0.0009621684756
0.0009676427113
0.0009731354942
0.0009805519148
0.000989260747
0.000997727678
0.001008500593
0.001023581415
0.001038763382
0.001056186973
0.001075358135
0.001095104855
0.00112195472
0.001145142043
0.001167124484
0.001195178355
0.001216560385
0.001232580154
0.001237648873
0.001228243255
0.001210764806
0.001174974584
0.001122790115
0.001058100752
0.000985604176
0.0009174122763
0.0008564133357
0.0008019782369
0.0007624741919
0.0007339603261
0.0007173844462
0.0009495641023
0.0009483327853
0.0009489203954
0.0009503220001
0.0009499023716
0.0009512354907
0.0009533635564
0.0009549120258
0.0009588492898
0.0009613316634
0.0009673218222
0.0009731122382
0.0009784016647
0.0009860445597
0.0009948233801
0.001002346246
0.001014956945
0.001028286188
0.00104512837
0.001065112873
0.001086598266
0.001107049902
0.001129669481
0.001154850107
0.001178093812
0.001199827608
0.0012163363
0.001226483478
0.001231574798
0.001219040452
0.00119170592
0.001148250673
0.001094695372
0.001034782334
0.0009671010585
0.0009025951467
0.0008458291063
0.000798461843
0.0007633172739
0.0007433324504
0.0009484583971
0.0009495886932
0.0009521190793
0.0009542033718
0.0009554052597
0.0009566559043
0.0009562460419
0.0009573433078
0.0009579743439
0.000961022939
0.0009636081541
0.0009676625421
0.0009720830831
0.0009790139449
0.0009862118791
0.0009963910521
0.001005894572
0.001015008725
0.001032448407
0.001047262147
0.00106687154
0.001086332775
0.001110615222
0.001135532636
0.001162662125
0.00118102049
0.001202008127
0.001213438049
0.001220213837
0.001215027088
0.001198463716
0.001168175367
0.001124071324
0.00106644743
0.001006970443
0.0009439079667
0.0008910869651
0.0008390498027
0.0008003530561
0.0007726028539
0.0009490300922
0.0009488627932
0.0009502420318
0.0009494552031
0.0009499555888
0.0009503124525
0.0009526489992
0.0009542897142
0.0009569150995
0.0009597091967
0.0009622762234
0.0009684117579
0.0009715952763
0.0009753988072
0.0009831070983
0.000993720268
0.001002264444
0.001014685384
0.001029796697
0.001043030487
0.001061572541
0.001078834088
0.00109696543
0.00111712678
0.001140088141
0.001160894091
0.001180908508
0.001197487778
0.001209920053
0.001208954442
0.0011992167
0.001179014605
0.00114463416
0.001098207142
0.001046907931
0.0009873713392
0.000932823314
0.0008831642612
0.0008369164239
0.0008027471059
0.0009500989264
0.0009510066975
0.0009530753423
0.000952648339
0.0009539995566
0.0009552632933
0.0009573864414
0.0009577546182
0.000959637405
0.0009606067983
0.0009630249101
0.0009670823301
0.0009707156546
0.0009753252271
0.0009837623693
0.0009899297593
0.0009958288918
0.001008831049
0.001020695858
0.001032834081
0.001047154021
0.001064037876
0.001086057709
0.001106944071
0.001127613053
0.001148526535
0.001168112098
0.001183859462
0.001197554793
0.001203506928
0.001201071401
0.001189957952
0.001164665348
0.001128789943
0.001082251763
0.001032882616
0.0009747090006
0.0009235328867
0.0008771188546
0.0008368146284
0.0009493534823
0.0009503545605
0.0009497652346
0.0009502663403
0.0009514102678
0.0009510975406
0.0009528710629
0.0009556106177
0.0009571196945
0.0009604341553
0.0009634486463
0.0009664247099
0.0009696116203
0.0009713016773
0.0009786405644
0.0009821713506
0.0009903472146
0.001000985062
0.001013977025
0.001027054942
0.001037445927
0.001053836815
0.001074417436
0.001090300531
0.001112053762
0.001131272168
0.001148867922
0.001172212201
0.001185782611
0.001194704024
0.001197580599
0.001192916385
0.0011772705
0.001150542965
0.001113681854
0.001068135193
0.001016017373
0.0009647024522
0.0009168789005
0.0008722404093
0.0009484107039
0.0009496384023
0.0009496409134
0.0009515433184
0.0009532527917
0.0009525642261
0.0009527053013
0.0009544422405
0.0009565764844
0.0009597764605
0.0009610964302
0.000964732171
0.0009696154646
0.0009745774339
0.0009786612545
0.00098521701
0.0009893348882
0.0009994931647
0.001007807114
0.001013997824
0.001023823496
0.001041616549
0.001059964889
0.001075234289
0.001094910235
0.001114778736
0.001137950691
0.001159395093
0.001173866584
0.001188995322
0.001193899665
0.001193447633
0.001179874082
0.001161869957
0.001130057849
0.001092289566
0.001050991719
0.001003557516
0.0009555961416
0.0009111261636
0.0009482437592
0.0009486544251
0.0009500565218
0.0009494123378
0.0009499027988
0.0009517303377
0.0009536009361
0.0009550427834
0.0009561607449
0.0009589192072
0.000959805548
0.0009612082003
0.0009624451093
0.0009651096681
0.000969297877
0.0009740414126
0.0009824041197
0.0009950389399
0.001002119517
0.001009818921
0.001020700648
0.001036941193
0.001050041654
0.001065142905
0.001082254185
0.001098027327
0.001115625505
0.001135760441
0.001152039822
0.001165946403
0.001177466099
0.001184816807
0.001183050575
0.001172693201
0.001152947918
0.001121888725
0.001081979782
0.001039900195
0.0009934046129
0.0009501232219
0.0009509310467
0.000951969377
0.0009521409874
0.0009532487845
0.0009517958481
0.0009519502862
0.0009506700277
0.0009507906662
0.0009525127155
0.0009517293809
0.0009551964592
0.000956831068
0.0009601062367
0.0009649786697
0.0009678086222
0.00097414678
0.0009791142583
0.0009874245262
0.0009938476166
0.001000582171
0.001012639828
0.001025529049
0.001036462919
0.001052078397
0.001065918846
0.00108173826
0.00110314654
0.001122232655
0.00114163359
0.001155954572
0.001170175412
0.001176648531
0.001178011498
0.00117347411
0.001160152053
0.001137855582
0.001108250993
0.001071057088
0.001029485199
0.0009876728526
0.0009486522424
0.0009486852962
0.0009480403134
0.0009485710045
0.0009488887779
0.000950202723
0.0009503950422
0.0009530210223
0.0009529619418
0.0009559583472
0.0009561917564
0.0009593960734
0.0009616174763
0.0009633902672
0.000967388898
0.0009736610665
0.0009766003164
0.0009821107505
0.0009878603289
0.0009953142709
0.0010062791
0.001017763044
0.001031468463
0.001043415503
0.001057920995
0.001072366749
0.001087340191
0.001104849291
0.001121927077
0.001138244992
0.001152170116
0.001166267866
0.001172305273
0.001175650601
0.001169057791
0.001154718701
0.001131382236
0.001101497152
0.00106597745
0.001023987712
0.000948087885
0.0009481563899
0.0009490170978
0.0009513995309
0.0009512533177
0.0009520635008
0.0009547845792
0.0009558395657
0.0009557451664
0.0009590445541
0.0009610248416
0.0009625720805
0.0009625222518
0.0009643282359
0.0009667654829
0.0009712899015
0.0009743962527
0.000981042237
0.0009885341751
0.0009947626533
0.001003220203
0.001009810309
0.001019266612
0.00103320565
0.001045846348
0.001060158185
0.001076610772
0.001095185306
0.001109894654
0.001123329382
0.001138194061
0.001151516541
0.001158291325
0.001162390001
0.001160879653
0.001154783395
0.001140452545
0.001118850522
0.001090924297
0.001059190605
0.0009495224162
0.0009513295883
0.0009516586374
0.000951632054
0.0009536530456
0.0009545056245
0.0009554530832
0.000955928151
0.0009591414092
0.0009596612586
0.0009603614179
0.0009619981884
0.0009636228995
0.0009665982457
0.0009695070796
0.0009722133258
0.0009751595316
0.0009772534725
0.0009824849623
0.000987076726
0.0009942748147
0.001002680746
0.001009453541
0.001022926464
0.001035231512
0.001043790279
0.001058546297
0.00107528929
0.001090204291
0.001102361091
0.001116248309
0.001130956698
0.001141753781
0.001152195012
0.001155553887
0.001153618893
0.001142604697
0.001128791725
0.001107947155
0.001079565609
0.0009492815614
0.0009499199652
0.0009499659635
0.0009501375387
0.0009498214793
0.0009483677176
0.0009499527812
0.0009495227734
0.0009490149444
0.0009488965843
0.0009500935463
0.0009522082923
0.0009557465942
0.0009574233515
0.0009618764159
0.0009635177076
0.0009684083616
0.0009739915497
0.0009783107435
0.0009837654191
0.0009920762048
0.0009980312961
0.001006501439
0.001014882882
0.001025934983
0.001036950509
0.001051037288
0.001065528031
0.001075137678
0.001089770958
0.001102258824
0.001119588787
0.001132972829
0.001139179571
0.001144328255
0.00114484624
0.001140861478
0.001131928901
0.001117967579
0.001098804801
0.0009479877015
0.0009471751413
0.0009476087503
0.0009466071661
0.0009468920417
0.000947856052
0.0009479453962
0.0009494324679
0.0009506315979
0.0009526470956
0.0009530503764
0.0009528604361
0.0009534965474
0.0009569673371
0.0009564548724
0.0009584946506
0.0009618510738
0.0009648838688
0.0009692811023
0.0009760690381
0.0009804628506
0.0009853219344
0.000993942213
0.001000629012
0.001011568025
0.001022401374
0.001036550101
0.001044107705
0.001059003697
0.001073376952
0.001086222305
0.001101020152
0.001111782
0.00112151493
0.001131961741
0.001138080368
0.001139120402
0.001133611281
0.001122799183
0.001109444037
0.0009480852595
0.0009488986613
0.0009499152493
0.0009514373747
0.0009515781318
0.0009521367468
0.0009530396724
0.0009526821659
0.0009523445888
0.0009522224154
0.0009543491177
0.000954266674
0.0009553045617
0.0009554074447
0.0009563075374
0.0009589629721
0.000962081493
0.0009655922577
0.0009706938552
0.0009720822164
0.000976669484
0.0009804788537
0.0009867749012
0.0009924469731
0.001001248061
0.001008394025
0.001021251713
0.001032100727
0.001041756865
0.001055866806
0.001069280714
0.001083695752
0.001096252485
0.001106371326
0.001116071823
0.00112256801
0.001128678182
0.001131264612
0.001129202557
0.001119799861
0.0009484024599
0.0009486161321
0.0009485349402
0.0009483062641
0.0009490574802
0.0009493046363
0.0009501526951
0.0009491593874
0.0009498173318
0.000951492032
0.0009544331826
0.0009544832863
0.0009571136274
0.0009587601472
0.0009607871396
0.000962040399
0.0009631163215
0.0009646630967
0.0009684782472
0.000972291026
0.0009747952809
0.0009762029274
0.0009823103583
0.0009880331151
0.0009973624573
0.001001771835
0.001013628075
0.001021691306
0.001031897557
0.001042475768
0.001053106912
0.001068672673
0.001081215066
0.001094005063
0.001103803113
0.001111640017
0.00112150896
0.001124802509
0.001123237246
0.001119723403
0.0009488251989
0.0009484477614
0.0009471437337
0.0009470210785
0.0009493454079
0.0009492192847
0.0009489620782
0.0009506056164
0.0009490692952
0.0009494535249
0.0009489337094
0.0009485100668
0.0009506704971
0.0009529779383
0.0009537551095
0.0009561834552
0.000961051045
0.0009639440849
0.0009642320997
0.0009674210683
0.0009726987233
0.0009772231546
0.0009833387033
0.0009876313824
0.0009978025784
0.001001416216
0.001010929561
0.001018980717
0.001025893447
0.00103529215
0.001044293863
0.001055183553
0.001066950744
0.001077725442
0.001087533088
0.001094600539
0.00109991206
0.001106057798
0.001111402472
0.001112105637
0.0009479626163
0.0009482964556
0.0009491694307
0.0009493453492
0.0009483169394
0.0009496850153
0.000949239274
0.0009499263242
0.0009516761934
0.0009529682354
0.0009549728701
0.0009556887375
0.0009563717424
0.0009571632438
0.0009569233983
0.0009602859576
0.0009616350701
0.0009607500742
0.0009621963117
0.0009637743037
0.0009703584606
0.0009727147297
0.0009776261115
0.0009807078147
0.000987674103
0.0009902914247
0.0009974468404
0.001006662077
0.001014896157
0.001022851465
0.001034483658
0.001043881712
0.00105324291
0.00106252572
0.001074636387
0.001079708324
0.001088855098
0.001096667043
0.001102540581
0.001104489097
0.0009492987319
0.0009501757525
0.0009494920632
0.0009516937904
0.0009535761552
0.0009518749464
0.000951850368
0.0009521460674
0.000953597723
0.0009522200794
0.0009527031118
0.0009520910274
0.000953545684
0.000954553803
0.0009549971325
0.0009573277234
0.0009572386365
0.0009589330583
0.0009596182564
0.0009618758827
0.0009638782306
0.0009681252535
0.0009723209486
0.0009730046757
0.0009779158797
0.000983725064
0.0009883761678
0.0009977446796
0.001003677107
0.001012266562
0.001021397825
0.001031374276
0.00103922797
0.001048982099
0.001062028195
0.00106767206
0.001078878285
0.001085672416
0.001093569785
0.001094892477
0.0009484798724
0.0009488307012
0.0009479196495
0.0009482056375
0.0009478652123
0.0009492844431
0.0009499000135
0.0009503269872
0.00095070031
0.0009503648741
0.0009507036992
0.0009525154756
0.0009526720859
0.0009524518274
0.0009544300955
0.0009562727021
0.0009591996402
0.0009616052556
0.0009612683977
0.0009629837525
0.0009649040788
0.0009694881042
0.0009717847204
0.0009742685746
0.0009784159242
0.00098400006
0.0009876469381
0.0009978270418
0.001002894332
0.001010695297
0.001017084344
0.00102430685
0.00103141797
0.001042047144
0.001048547077
0.001058139765
0.00106553752
0.001072210842
0.001080519007
0.001085995513
0.0009486199237
0.0009489443012
0.0009484035935
0.0009490842897
0.0009491911217
0.0009471826111
0.0009474464262
0.0009471791276
0.0009481718113
0.0009486448358
0.0009473520254
0.0009498986332
0.0009511182949
0.0009529443552
0.0009546372662
0.0009549436136
0.0009546614026
0.000956334547
0.0009578728924
0.0009602259728
0.0009635988566
0.0009667817852
0.0009685208441
0.0009704903292
0.000974787639
0.0009782949608
0.0009782089785
0.000984863007
0.0009918084134
0.001000172782
0.001004396533
0.001012140448
0.001016706396
0.001026230171
0.001033352818
0.001042100396
0.001049732199
0.00105886967
0.001067154433
0.001073985996
0.0009468832687
0.0009468052711
0.0009466167482
0.0009466706179
0.0009468037953
0.0009477755568
0.0009473798658
0.0009490149174
0.0009495469511
0.0009505090276
0.0009489685731
0.0009495497035
0.0009489523063
0.0009499122195
0.0009504141239
0.0009506838689
0.000951814533
0.000952862285
0.0009551393044
0.0009574581471
0.0009585939285
0.0009622373724
0.0009627661449
0.0009649180541
0.0009685530268
0.0009707405551
0.00097539441
0.0009816201054
0.0009850439327
0.0009890581613
0.0009959668842
0.001002989131
0.001009474392
0.001016297015
0.001023360887
0.001033301464
0.001039868499
0.001045084476
0.001054909848
0.001057354467
0.0009494514448
0.0009486600289
0.0009497138953
0.0009500603558
0.0009507722025
0.0009513584083
0.0009500912581
0.0009502650754
0.0009499477919
0.0009487658342
0.0009502294025
0.0009500295054
0.0009523313336
0.0009524132394
0.0009521424308
0.0009512260729
0.0009526059593
0.0009567132719
0.0009572367457
0.0009572508382
0.0009579778565
0.0009586790082
0.0009610320219
0.0009651824672
0.0009658518965
0.0009702803389
0.0009736634444
0.0009778189781
0.0009814097659
0.0009872198103
0.0009921776578
0.0009962184833
0.0009999584104
0.001006470663
0.001014451523
0.001021087625
0.001029022029
0.001036063223
0.001044043966
0.0010531601
0.0009474437476
0.0009489480699
0.000948922411
0.0009483582484
0.0009481406946
0.0009484481359
0.0009487938421
0.0009497337111
0.0009507001821
0.0009504458051
0.0009504235212
0.0009509450946
0.0009513840501
0.0009511932398
0.0009524075145
0.0009541355816
0.0009560907456
0.0009558145275
0.0009564758844
0.0009578658004
0.0009576082773
0.0009583971907
0.0009604964679
0.0009631542575
0.0009632421687
0.0009667042069
0.0009713454575
0.0009733820233
0.0009774716531
0.0009808491939
0.0009879566612
0.0009910654587
0.000995818796
0.001001425878
0.001009294411
0.001014375869
0.00101940272
0.00102598355
0.001033602482
0.001036718582
0.0009476677351
0.0009467871648
0.0009484415835
0.0009495473614
0.0009485111058
0.0009479905599
0.0009487531033
0.0009477267157
0.0009467689718
0.0009467771813
0.0009475624058
0.0009482899403
0.0009482317516
0.0009484137
0.000949340185
0.000949963361
0.0009508457524
0.0009513773745
0.00095384187
0.0009532176472
0.0009563043035
0.0009590622616
0.0009593933275
0.0009609934039
0.0009625784216
0.0009623450355
0.000966271722
0.0009686629217
0.000970570242
0.0009718770018
0.0009779260919
0.0009836084276
0.0009875013824
0.0009925410189
0.0009976506066
0.001003516707
0.001006370997
0.001012253592
0.001018030345
0.001025063695
0.0009471977104
0.0009474121212
0.0009475606677
0.0009470163652
0.0009480942247
0.0009489736975
0.0009480380473
0.0009479551326
0.0009489846155
0.0009497385961
0.0009489797164
0.0009474051913
0.0009493745644
0.0009502607391
0.0009506311793
0.0009499725127
0.0009496469594
0.0009504805699
0.0009514840928
0.0009528303492
0.0009527936963
0.0009543937352
0.000954970875
0.0009577125581
0.0009592492287
0.0009609908732
0.0009644782958
0.0009676236597
0.0009667533303
0.0009708911785
0.0009745588761
0.0009780622649
0.0009805561932
0.0009857348586
0.0009874994345
0.0009947336686
0.001000019355
0.00100707521
0.001013043766
0.001016511638
0.0009491716421
0.0009497534865
0.0009498879056
0.0009482014538
0.0009479437887
0.0009476182601
0.0009479020553
0.0009485657518
0.0009478155619
0.0009489787313
0.0009496404611
0.0009510566207
0.0009507322678
0.0009503575347
0.0009500840017
0.0009501542954
0.0009504703184
0.0009526445323
0.0009521081584
0.0009516436214
0.0009530943633
0.0009542447092
0.0009563511045
0.000957407679
0.0009591061483
0.0009600310216
0.0009614328127
0.0009646439344
0.0009665986364
0.0009695603238
0.0009709385444
0.0009742136658
0.000976714073
0.0009801036754
0.0009857572189
0.0009918325334
0.0009942092915
0.0009995556775
0.001001991904
0.001005175052
0.0009472821007
0.0009469814919
0.0009465902736
0.000947345922
0.000949325917
0.0009492805379
0.000950485493
0.0009504423237
0.000950115477
0.0009487335122
0.0009482259328
0.0009489052543
0.0009485998353
0.0009489831631
0.0009488203743
0.0009489637756
0.0009499757243
0.0009505250514
0.0009513353599
0.0009530108976
0.0009538893745
0.000955530583
0.0009568784454
0.0009558555359
0.0009554309558
0.0009566044651
0.0009586270891
0.0009626485487
0.0009636141851
0.0009667849152
0.0009677534616
0.0009690250962
0.0009719971572
0.0009757293308
0.0009792540387
0.0009836346758
0.0009881319434
0.0009917486392
0.0009965675536
0.001001689079
0.0009482714249
0.0009488637977
0.000948916973
0.0009491682124
0.0009482604142
0.0009480597097
0.0009468951405
0.0009474394428
0.0009470900503
0.0009482122825
0.0009485531039
0.0009485682604
0.0009490636504
0.0009499274096
0.0009509048791
0.0009532221244
0.0009550857151
0.000955884664
0.0009549737623
0.0009556538117
0.0009542255805
0.000955204612
0.0009557443214
0.0009565929254
0.0009588970228
0.0009576571
0.00095950515
0.0009593935426
0.0009618842752
0.0009643197461
0.0009683207796
0.0009696868217
0.0009725278298
0.0009741190804
0.0009772721848
0.0009810509118
0.0009834936023
0.0009877311157
0.000991954495
0.000994886417
0.0009488347686
0.000948587619
0.0009474070431
0.0009476066153
0.0009480151504
0.0009473979807
0.0009491833419
0.0009494083621
0.0009496839531
0.0009510131722
0.000951261537
0.0009510164067
0.0009509678033
0.0009509338807
0.0009502147428
0.0009494435632
0.0009506506688
0.0009507849479
0.0009515514984
0.0009499372053
0.0009505752981
0.0009511887521
0.000952093638
0.0009520408762
0.0009528652534
0.0009544870806
0.0009570873846
0.0009592990749
0.000961417693
0.0009628087465
0.0009641193606
0.0009666940182
0.0009676627606
0.0009693131095
0.0009697542283
0.0009725642063
0.0009750297354
0.0009789378073
0.0009807601146
0.0009854497547
0.0009488907998
0.0009497532631
0.0009510872112
0.0009505231345
0.0009494763202
0.0009488366103
0.000947570775
0.0009479192039
0.0009488460507
0.00094768311
0.000946777942
0.0009475587065
0.0009471216422
0.0009478470866
0.0009471658105
0.000948037592
0.0009476656066
0.000948343996
0.0009481979638
0.0009488835764
0.0009496618112
0.0009493289882
0.0009502433762
0.0009521432146
0.000953916469
0.0009534173413
0.0009534655041
0.0009536681976
0.0009527101968
0.0009562295785
0.000956553317
0.0009586147338
0.0009603522378
0.0009621313273
0.0009640753195
0.000969260931
0.0009717097947
0.0009741500552
0.0009763792512
0.0009797699631
0.0008003237191
0.001179648272
0.001337361444
0.001423973405
0.001487832267
0.001539114147
0.001577885917
0.00162585296
0.001662147049
0.001700864918
0.001725495911
0.001747174835
0.001793703713
0.001826523978
0.001853442371
0.001877166123
0.001918319679
0.001940240313
0.001959836465
0.001964285196
0.002000399105
0.002061943114
0.002098464463
0.002118044795
0.00211672091
0.00214785731
0.002170821151
0.002224667448
0.002242715257
0.002286066582
0.00231414137
0.002338106199
0.002368873041
0.002414136739
0.002467696102
0.002528757604
0.002576041721
0.002655200188
0.002809008697
0.003079283293
0.0006570969151
0.0009020939318
0.001120359827
0.001270657776
0.001377821851
0.001456770823
0.001530813395
0.001585445449
0.001639183666
0.001682895737
0.001722770239
0.001760221283
0.001802133781
0.001831273752
0.001870447356
0.001902251351
0.00193257845
0.001964796124
0.001995002503
0.002024257677
0.002062544825
0.002082750132
0.002111118238
0.002131152095
0.002172799638
0.002195363482
0.002225968944
0.002256297995
0.002289613441
0.002311335123
0.002348032558
0.002389810772
0.002429594287
0.002456670145
0.002504276947
0.002554548806
0.002614920706
0.00271737811
0.002849219459
0.003101118137
0.0006463304631
0.0007941648162
0.0009587993299
0.001107727566
0.001234104268
0.001332348914
0.001416399905
0.001491687526
0.00156921942
0.001617446387
0.00166511387
0.001720692212
0.001769411549
0.001807685497
0.001844012316
0.00187641752
0.001912000607
0.001939566983
0.001980119927
0.002009516718
0.002036779365
0.00208172687
0.002098686333
0.002119912789
0.002154437905
0.002192227296
0.002216542334
0.002245502243
0.002268983881
0.002303028095
0.002344125657
0.002381693853
0.002425536237
0.002440399626
0.002506223407
0.002548320151
0.002621781294
0.002704582859
0.002815628788
0.002981474212
0.000654831694
0.0007515144501
0.0008711733115
0.0009934330653
0.001107851137
0.001209466174
0.001306317635
0.001390345924
0.001459328423
0.001521239241
0.001575343729
0.001624798923
0.001682531981
0.001739635351
0.001774927607
0.001818887683
0.001861496661
0.001887435013
0.00192446445
0.001961563773
0.001998113748
0.002021059478
0.002056408497
0.002100844516
0.002108612104
0.00215612576
0.002191343068
0.002224100725
0.002242652755
0.002265790973
0.002301710975
0.002341653877
0.002375694478
0.00238751735
0.002444821311
0.002501783659
0.002558422065
0.002629229587
0.002739262323
0.002851334102
0.0006645990877
0.0007318555211
0.000816370519
0.0009108143202
0.001010660871
0.001105984873
0.001192349853
0.001277818371
0.001353541167
0.001419908575
0.001483086708
0.001543486131
0.001597658893
0.001655336491
0.001693377882
0.001730916749
0.001774631722
0.001813018453
0.001850141123
0.00189071993
0.001921818153
0.001953461119
0.001994394161
0.002031520816
0.002077642626
0.002104169156
0.002131675432
0.002164248616
0.00219201651
0.002212407385
0.00224580094
0.002287409756
0.002318198392
0.002364681345
0.00238223787
0.002437970687
0.002495881505
0.002563529475
0.0026412644
0.002720664855
0.0006748230363
0.0007252007359
0.0007873520206
0.0008613852418
0.0009403857838
0.001021296956
0.001100623191
0.001182166502
0.001253472903
0.001318900708
0.001384598712
0.001452617782
0.001507302069
0.001555004489
0.001602238127
0.001651346748
0.00169987895
0.001745424143
0.001791099207
0.001819885124
0.001864632476
0.001898196567
0.00192986359
0.001961180728
0.00198076676
0.002020272382
0.002056113312
0.002088205843
0.002118523103
0.00214893147
0.002190563961
0.002226724495
0.002259759737
0.002287094128
0.002331529666
0.002369805045
0.002431398227
0.002485754944
0.002518169163
0.002592416172
0.0006822436357
0.0007192814175
0.0007694883258
0.0008286708673
0.0008946024389
0.0009648189737
0.001031742519
0.001102138445
0.001169220788
0.001239242002
0.001302613777
0.00135952337
0.001408620631
0.00146529422
0.001513705621
0.001565794985
0.001616422633
0.001664322884
0.001696801017
0.001738185342
0.00177395981
0.00181651809
0.001851970608
0.001875641901
0.001906602124
0.001941444848
0.001978478582
0.002013758658
0.00205354529
0.00208316692
0.002129497235
0.002142637571
0.00218304271
0.002219089443
0.002248851448
0.002289915474
0.002321257392
0.002378930915
0.002442356446
0.002500825611
0.0006944166057
0.0007191936819
0.0007562032209
0.0008041770951
0.0008573705628
0.0009199682352
0.0009828555769
0.001041547549
0.00110380585
0.001158278814
0.001216433362
0.00127381962
0.001326208777
0.001379721438
0.0014290651
0.001473778529
0.001521723799
0.001570218359
0.001612631288
0.001657819944
0.001696758774
0.001737121047
0.001769907631
0.001807040928
0.001836840544
0.001870317771
0.00190420632
0.00193906313
0.001966570971
0.002001513143
0.002037424007
0.002081951219
0.002107581471
0.002139501221
0.002184054313
0.002213199445
0.002240241812
0.00227845512
0.002319158707
0.002373246889
0.0007039685253
0.0007221512266
0.0007470450254
0.0007855367395
0.0008268404326
0.0008754267581
0.0009300514405
0.0009840354951
0.001039105039
0.001092613843
0.001148458749
0.001203729437
0.001256506705
0.001303806248
0.001351468387
0.001395728307
0.001440430152
0.001485596318
0.001530271466
0.001564874584
0.001602445152
0.001641068301
0.001678806373
0.00172188621
0.001760746709
0.001792142353
0.001825387332
0.001851773521
0.001887307254
0.001925737772
0.001954911444
0.001982475296
0.002007178368
0.002048040507
0.002078583395
0.002110593376
0.002154813614
0.002187495723
0.002228176413
0.002266689087
0.0007175819968
0.0007277956728
0.0007477710982
0.000773344527
0.000808042909
0.0008445434014
0.0008873115894
0.0009354098209
0.0009862143844
0.001033185242
0.0010853717
0.001132120663
0.001181500967
0.001228722698
0.001274010917
0.001320571724
0.001363690779
0.001406722812
0.001445874094
0.001490418025
0.001529018718
0.001566496924
0.001600771349
0.001636005646
0.00167624482
0.00171221132
0.001754404862
0.001782723452
0.001813502498
0.001838735532
0.001880686646
0.001912744839
0.001939420672
0.001965113599
0.001996357316
0.002033443983
0.002064363352
0.002091637547
0.002129560145
0.002166570261
0.0007332203105
0.0007364033217
0.0007488047984
0.0007664356571
0.0007925424633
0.0008245190527
0.0008610868391
0.0008970756121
0.0009399213923
0.0009849261821
0.001026544147
0.001073074078
0.001118245194
0.001163270724
0.00120629571
0.00124888186
0.001293817953
0.001333600542
0.001376165604
0.001413176986
0.001452601543
0.001490958513
0.001526072633
0.001561502875
0.001593149933
0.001624791903
0.001658305119
0.001696022873
0.001723951763
0.001754826518
0.001787164281
0.001816197354
0.001849611526
0.001880006069
0.001914442795
0.001948915174
0.001980429686
0.002006928484
0.002032551039
0.002069744604
0.0007557641978
0.0007489571983
0.0007529548824
0.0007633458512
0.0007821502775
0.0008072089649
0.0008385424346
0.0008700796191
0.0009016920828
0.0009398063765
0.0009801739054
0.001019876823
0.001061914273
0.001102456116
0.001146828801
0.001184103198
0.001221528908
0.001262078808
0.001301621459
0.001342425362
0.001382072203
0.001417772736
0.001455988553
0.001488737775
0.001519534946
0.001551958937
0.001585104032
0.001619969501
0.001654773592
0.001679084612
0.001705944586
0.001739590933
0.001773809523
0.001809658709
0.001837914843
0.001857636001
0.00188677331
0.001924677518
0.001964728008
0.001998293978
0.0007789439368
0.0007627973085
0.0007599824416
0.0007659013843
0.0007750020693
0.0007947788463
0.0008177888216
0.0008474372253
0.0008766045869
0.000907765405
0.0009435737997
0.0009776922826
0.001010251323
0.001050951622
0.001085099193
0.001124742344
0.0011653718
0.001202268571
0.001239590728
0.001275526096
0.001306794005
0.001340339342
0.001372615602
0.001411196115
0.001450776195
0.001480677448
0.001511740514
0.001539853387
0.001576936941
0.001612397601
0.0016453614
0.00167061712
0.00169943147
0.001724702504
0.001752781289
0.001790441649
0.00182449816
0.00185512435
0.001877353549
0.001906714696
0.0008078161436
0.0007867096578
0.0007765253234
0.000771402926
0.0007764779877
0.0007863497228
0.0008035560427
0.0008248287084
0.0008520571717
0.0008766110113
0.0009050601981
0.0009384387096
0.000974198313
0.001003456557
0.001040837656
0.001076161326
0.001112672346
0.001148220463
0.001181969723
0.001214711127
0.001249694909
0.001280166256
0.001314951276
0.001347501751
0.001375654856
0.00141091459
0.001440750789
0.001467934691
0.001498513185
0.001533250237
0.001565280902
0.001597863535
0.001628315212
0.001657287396
0.001682901067
0.00171243196
0.001740131621
0.00176875609
0.001800580086
0.001833735481
0.0008368863525
0.0008110927056
0.000791881996
0.000782535248
0.0007788391996
0.000781904353
0.0007933363619
0.0008087067242
0.0008287450718
0.0008529640655
0.000879901897
0.0009041037287
0.0009329427813
0.0009686592323
0.0009980257534
0.001028489916
0.001056696362
0.001090446296
0.001125898223
0.00115962091
0.001194295476
0.001229701033
0.001259918613
0.001287782825
0.001319942003
0.001350615828
0.001377925194
0.001408872299
0.00143827381
0.001465387671
0.001493496896
0.001520737659
0.001549239284
0.001579298177
0.001606762137
0.001633482012
0.001659893792
0.001686701313
0.001716394473
0.001744854661
0.0008688479602
0.0008371965181
0.0008130039409
0.0007981248471
0.0007888328402
0.0007885399566
0.0007920742582
0.0007992188457
0.00081345589
0.000830452864
0.000851463166
0.0008773204325
0.0009020229402
0.0009279972729
0.0009579585351
0.0009879132408
0.001016330382
0.001044783583
0.001073699294
0.001106338291
0.001137015235
0.001166861199
0.001195409882
0.001227068465
0.00125866764
0.001286712389
0.001317755146
0.001347092993
0.001374861315
0.001401906862
0.001432659356
0.001459623198
0.001487435679
0.001517473223
0.001544505661
0.001568637662
0.001590070756
0.001611669905
0.001635498071
0.001662890632
0.000909135816
0.0008742152395
0.0008415135749
0.0008180019347
0.0008038407062
0.0007941180611
0.0007905019664
0.0007974797049
0.0008046457014
0.0008171019502
0.0008332487389
0.0008534083294
0.0008765135373
0.0009002641226
0.0009228329381
0.0009472836069
0.0009747480334
0.001003930225
0.0010295786
0.001057675404
0.001087713884
0.001114926362
0.001144613488
0.001175343339
0.00120284351
0.001233706886
0.001262108964
0.001287414062
0.001313668909
0.001341771773
0.001369126519
0.001398174632
0.001424525634
0.001446454084
0.001475938107
0.001505063009
0.001530757192
0.001555622806
0.001582986682
0.001603464988
0.0009468980686
0.0009056827554
0.0008726542224
0.0008458590382
0.0008246827691
0.0008090495474
0.0008005559515
0.000796399901
0.0008013380059
0.0008083403761
0.0008177361881
0.0008326706411
0.0008482111425
0.0008675612496
0.0008903232861
0.0009129007701
0.0009356626144
0.0009585052565
0.0009855906521
0.001009151183
0.001036982888
0.001064734745
0.001090671241
0.001121870057
0.001149020292
0.001175647045
0.001203805383
0.001235083322
0.001264328909
0.001287812565
0.00130984702
0.00133462412
0.001360812742
0.001386327567
0.001409402933
0.001430592756
0.001457466803
0.001479060669
0.001505608296
0.001534579613
0.0009842969215
0.0009440115046
0.0009071283681
0.0008741048124
0.0008475783236
0.0008283252736
0.000813588251
0.0008069018782
0.000802829918
0.0008050035166
0.0008108778455
0.0008191774421
0.0008326725965
0.0008473393393
0.0008650524542
0.0008850451062
0.0009057152815
0.000929011202
0.0009507120825
0.0009761856104
0.000999168515
0.001023424754
0.001047152628
0.001072199081
0.0010990745
0.001126644733
0.001152072604
0.001178465115
0.00120380912
0.001230693816
0.001255095441
0.001280896882
0.001301962161
0.001327796368
0.001351869481
0.001374750813
0.001396595266
0.001425325544
0.001445045119
0.001468159945
0.001020329434
0.000981433404
0.0009431845406
0.0009051746706
0.000874058514
0.000848974059
0.0008290735257
0.0008154235573
0.0008095065594
0.0008059489531
0.0008073425918
0.0008105297186
0.0008187993365
0.0008307253643
0.0008447862313
0.0008607926036
0.0008791377692
0.0008988506094
0.0009196421883
0.0009405984034
0.00096300047
0.0009859906617
0.001010023878
0.001030372955
0.001052111104
0.001077804547
0.001102751828
0.001125346401
0.001147216181
0.001169854746
0.001196439752
0.001219277936
0.001244074424
0.001266436108
0.001289018628
0.001316674926
0.001338779877
0.00135844058
0.00137999248
0.001401271129
0.001049964527
0.001014150033
0.0009766200382
0.0009439964571
0.0009099944056
0.0008807757713
0.000855585333
0.0008354047563
0.0008216123177
0.0008159000747
0.0008124091883
0.0008111704497
0.0008126108959
0.0008196962509
0.000831098398
0.000843432486
0.0008577511677
0.0008737471298
0.0008910193691
0.0009093680724
0.0009279975036
0.000948911864
0.0009689469874
0.0009905248435
0.00101260031
0.001033029153
0.001054989342
0.001079489843
0.001102706638
0.001123934769
0.00114772456
0.001167941317
0.001190649728
0.001213690561
0.001235183684
0.001256673826
0.001279538959
0.001305771681
0.001329853498
0.001351349532
0.001072072564
0.00104347283
0.00101102995
0.0009771605078
0.0009428109898
0.0009121341334
0.0008850707652
0.0008611262075
0.0008405881046
0.0008248798314
0.000815581956
0.0008125555856
0.0008131488085
0.000814655195
0.0008194313243
0.0008295863785
0.000840781334
0.000851797759
0.0008646139514
0.0008816335905
0.0008981468316
0.0009156695701
0.000935403945
0.0009551773278
0.0009751476179
0.0009966462596
0.001016476257
0.001036473472
0.001059432212
0.001082497225
0.001103740826
0.001128410208
0.001150152178
0.001171888113
0.00119351814
0.001213555446
0.001233489791
0.001252217047
0.001273527471
0.00129617287
0.001089840233
0.001066335969
0.001040264985
0.001008624482
0.0009779609672
0.0009429144532
0.0009122472279
0.0008849796269
0.0008616802386
0.0008425136226
0.0008281626205
0.000817407819
0.0008122522148
0.0008117443423
0.0008139539798
0.0008146078798
0.0008222644215
0.0008311503805
0.0008434092629
0.0008561323277
0.0008720985497
0.000886797655
0.0009026176312
0.0009210765454
0.000939854522
0.0009572663812
0.0009764098432
0.0009969251556
0.001016543177
0.001035635211
0.00105662041
0.001074933311
0.001098012535
0.001118457921
0.00114092658
0.001162681168
0.001184404835
0.001206233845
0.001224807312
0.001244181308
0.001106041573
0.001085208394
0.001060576667
0.001032849676
0.001003469465
0.0009757290974
0.0009451988209
0.000915322048
0.0008888434021
0.0008659586027
0.0008458903508
0.0008325794696
0.000820403693
0.0008111722149
0.0008091302123
0.0008124667153
0.0008149604084
0.0008205629573
0.0008281864
0.0008363895787
0.0008480290555
0.0008629417911
0.0008778879357
0.0008926751467
0.0009067051031
0.0009236837484
0.0009422120684
0.000959884901
0.000977683574
0.0009978804497
0.001016331391
0.001037690549
0.001058002186
0.001078701025
0.001098425971
0.001117447738
0.001137749825
0.001156337353
0.001175538041
0.00119542764
0.00110890369
0.001097863149
0.001080102305
0.001056557736
0.001030031651
0.001003168863
0.0009745574781
0.00094528621
0.0009165994553
0.0008902542597
0.0008665687699
0.0008474293119
0.0008333647761
0.0008223668899
0.0008138343635
0.0008080188969
0.0008082998222
0.0008125179985
0.0008167634278
0.0008238798465
0.0008316900421
0.0008420317896
0.0008530857097
0.0008661740754
0.0008820095225
0.0008954950197
0.000911353075
0.000928054181
0.0009470210383
0.0009644724681
0.0009815675686
0.0009979131392
0.001014103235
0.001034960402
0.001055096331
0.001075068756
0.001093483564
0.001112434518
0.001131818399
0.001151309368
0.00111052829
0.001100734295
0.001087305273
0.001072427669
0.001052752236
0.001026875931
0.001001138014
0.0009724235473
0.0009448877196
0.0009190157859
0.0008949145748
0.0008726623512
0.0008535060062
0.0008387834859
0.0008245138357
0.000814601424
0.0008087704727
0.0008050983029
0.0008069532552
0.0008101303403
0.0008170207904
0.0008236550885
0.0008343262446
0.0008445812647
0.0008553870876
0.000870265363
0.0008822397242
0.0008956945793
0.0009107457948
0.0009263667715
0.0009429880891
0.0009619795056
0.000979729536
0.0009961646522
0.001013515168
0.001032426432
0.001052647374
0.00107182321
0.001090995828
0.001108741485
0.001102834344
0.001098207792
0.001090489284
0.001078830829
0.001062165904
0.001043725131
0.001021969132
0.000999502849
0.000973963869
0.0009474286816
0.0009207795098
0.0008944474115
0.0008721344285
0.0008528916702
0.0008377549077
0.0008237585614
0.0008151086546
0.0008090450607
0.0008060921743
0.0008057511834
0.0008078215175
0.0008119992556
0.0008172172031
0.0008255694509
0.000835818715
0.0008464783938
0.0008606185421
0.0008743030335
0.0008869409357
0.0009013089395
0.0009167974568
0.0009303421646
0.0009445231155
0.0009609932717
0.0009782673088
0.0009955255018
0.001012983955
0.001030653291
0.001047077017
0.00106398661
0.001096384955
0.001097204272
0.001093020659
0.001088395901
0.001075768998
0.001063094032
0.001045073644
0.001022121481
0.0009984540362
0.0009738242278
0.0009497489134
0.0009264765787
0.0009030781552
0.0008815605252
0.0008608345817
0.0008454965061
0.0008304821135
0.0008195572802
0.0008116300276
0.0008084096657
0.0008063034367
0.0008064167323
0.0008104109212
0.0008148591203
0.0008201661893
0.0008265626404
0.0008361839671
0.0008460337894
0.0008569786726
0.0008700858372
0.0008836312054
0.0008993551359
0.0009167907751
0.0009306664623
0.0009454296386
0.0009602500601
0.0009748150157
0.0009903155945
0.00100697523
0.001024763095
0.001090092884
0.001093981342
0.001094438576
0.001089237181
0.001082774105
0.001070523768
0.001056138479
0.001040171553
0.001021713319
0.001000470834
0.0009789098855
0.0009541649084
0.0009290084352
0.0009064121234
0.00088493438
0.0008655346793
0.0008475585629
0.0008336691554
0.0008219669635
0.0008121281742
0.0008062205255
0.0008035560054
0.0008028984458
0.0008052210005
0.0008097575476
0.0008155362696
0.000821095072
0.000831182788
0.0008397893086
0.0008503181317
0.0008588140234
0.0008701003934
0.0008822492666
0.0008972860744
0.0009108550567
0.0009261900537
0.0009430095862
0.0009585011208
0.0009734821177
0.0009886613988
0.001081285438
0.001085476071
0.001085926632
0.001085554571
0.001080962324
0.001076735114
0.001068662354
0.001058241656
0.00104477688
0.001025925771
0.0010043485
0.0009815939708
0.0009577171276
0.0009330662448
0.0009107288819
0.0008896161945
0.0008714888936
0.0008542333957
0.0008381183745
0.0008258089455
0.0008164213916
0.000808999549
0.0008038310335
0.0008003835365
0.0008014008418
0.0008045202205
0.0008078669549
0.0008107058404
0.0008190142803
0.0008281294599
0.0008392556266
0.0008506550137
0.0008615050866
0.0008723255349
0.0008841727932
0.0008968986387
0.000909216569
0.0009227460952
0.0009387521212
0.0009551990016
0.0010615275
0.001069560568
0.001074283039
0.001078270456
0.001081772335
0.001080720865
0.001075583537
0.001065315722
0.001051842424
0.001038386
0.00102325922
0.001004497871
0.0009858135291
0.0009636858479
0.0009413901014
0.0009173862535
0.0008965354769
0.0008765084367
0.0008585945913
0.0008417051677
0.0008289203184
0.0008178018274
0.0008090889733
0.0008038845765
0.0007993521648
0.0007986328392
0.0007999897934
0.0008045713941
0.0008060117124
0.0008104373394
0.000817769625
0.0008266776585
0.00083605881
0.0008456741451
0.0008569720382
0.0008675716549
0.0008800927932
0.0008930515947
0.0009036428763
0.0009159761144
0.001059902539
0.00106800974
0.001071601855
0.001072591659
0.001073262496
0.001073237563
0.001072654097
0.00106808661
0.001059089665
0.001049550325
0.001036303924
0.001022200144
0.001004720331
0.0009853143648
0.0009649680608
0.0009444543986
0.0009228004663
0.0009016683292
0.0008813215808
0.0008638252104
0.0008473725314
0.0008333656317
0.0008231595192
0.0008124081186
0.0008054927665
0.000799891732
0.0007964152855
0.0007946650185
0.0007984582442
0.0008014508608
0.0008031078255
0.0008073708352
0.0008156593048
0.0008253000476
0.0008363404082
0.0008463845005
0.0008566580459
0.000868092906
0.0008801283461
0.0008917685686
0.001042797585
0.001047155153
0.001054700216
0.001058388175
0.001061244389
0.001063646282
0.001062539364
0.001063781101
0.001061096642
0.001055091402
0.001047046626
0.001036476502
0.00102135097
0.001005543854
0.0009871218338
0.000967266915
0.0009465612836
0.0009272139565
0.0009078087887
0.0008877695668
0.0008681185594
0.0008511777454
0.000836336926
0.0008250180235
0.0008135725916
0.0008060046502
0.0008003774919
0.0007975499668
0.0007942364607
0.0007942684495
0.0007975759367
0.0008004932817
0.0008031078113
0.0008073663264
0.0008144590846
0.0008248119717
0.0008360038008
0.0008449716116
0.0008569191666
0.0008686549767
0.001030857952
0.001036447345
0.00104329467
0.001047609311
0.001049072094
0.001052489158
0.001053993547
0.001056643812
0.001052701668
0.001050788084
0.001048195124
0.001041456957
0.001032795301
0.00101947275
0.001007315417
0.0009907290725
0.0009726618287
0.0009508573265
0.0009314904935
0.0009126381342
0.0008937661595
0.0008763227349
0.0008577172555
0.0008408197763
0.0008289031337
0.000817623049
0.0008082356414
0.0008005483413
0.0007971816396
0.0007935295286
0.0007926390154
0.0007950658072
0.0007981310699
0.0008012953965
0.0008032084363
0.0008068118257
0.0008128239751
0.0008236512712
0.0008324191156
0.0008421933271
0.001023637967
0.001028538594
0.001034115561
0.001043182326
0.001047624839
0.001051811759
0.001052724619
0.001053763843
0.001052579532
0.001050597841
0.001047748219
0.001042664649
0.001037619118
0.001029114033
0.001017413392
0.001004602422
0.0009915234353
0.0009764310642
0.0009592338317
0.0009387672714
0.000919322499
0.0009001671722
0.0008808873368
0.0008638006868
0.0008466558157
0.0008337020972
0.0008217641845
0.0008128171766
0.000804520229
0.0007989377426
0.0007946847624
0.0007902461342
0.0007894591366
0.000791151481
0.0007956276566
0.000798658885
0.0008031375667
0.0008061684742
0.0008124933451
0.0008205137758
0.001011176436
0.001017146988
0.001021694119
0.001027377777
0.001031618256
0.001037581777
0.00104088813
0.001045716552
0.001049819332
0.001049579392
0.001047707493
0.001047292101
0.001041992228
0.001034365746
0.001027805893
0.001017729382
0.001005618574
0.0009929345702
0.000976070174
0.0009607324104
0.000946124785
0.0009299610399
0.0009124475883
0.0008929681847
0.0008762802303
0.0008582738583
0.0008421489898
0.0008275576943
0.0008160631257
0.000806592824
0.0007990901768
0.0007944555538
0.0007904869335
0.0007893968932
0.0007885290637
0.0007899679104
0.0007930065226
0.0007964413107
0.0008001903903
0.0008038904079
0.001004044796
0.001010383137
0.001015873833
0.001018624921
0.001023349222
0.001027523917
0.001033021541
0.001036503509
0.00104158975
0.001042303258
0.001042818022
0.001042647822
0.001039712397
0.00103944329
0.001033364475
0.001025980967
0.00101704557
0.001005533395
0.0009955566262
0.0009801246251
0.0009632852181
0.0009457081017
0.000928052688
0.0009123265636
0.0008941909446
0.000877388694
0.0008616362826
0.0008467849998
0.0008336849966
0.000820986309
0.0008107270438
0.0008024002641
0.0007964742181
0.0007912558882
0.0007864720131
0.0007840934304
0.0007844998129
0.0007877725754
0.0007890622125
0.0007926459534
0.0009962491982
0.0009989327295
0.001002084102
0.001006702405
0.001012573388
0.001017165777
0.001020500297
0.001023352093
0.001026510687
0.001030067779
0.00102967898
0.001031482334
0.001031531787
0.001030655227
0.001031960546
0.001029433967
0.001023211623
0.001015372558
0.001006114729
0.0009967792194
0.0009809665299
0.0009661116874
0.0009510894582
0.000936840949
0.0009204512284
0.0009033622363
0.0008851350426
0.0008688875645
0.0008526915911
0.0008383751662
0.0008254751572
0.0008140121229
0.0008022375392
0.0007927787815
0.000788286615
0.0007849153746
0.0007808086025
0.0007773613317
0.000779034316
0.0007806353664
0.0009886218396
0.0009944146727
0.0009989842822
0.001002265697
0.001006369155
0.001009963142
0.001012389623
0.001016731543
0.001019496588
0.001023299455
0.001025057108
0.001026424343
0.001028828073
0.001026100054
0.001025971942
0.001024847819
0.001020940558
0.001016213427
0.001010300497
0.001002320966
0.0009935538531
0.0009830284684
0.0009681082286
0.0009505620858
0.0009352885829
0.0009192148429
0.000902543094
0.0008851460067
0.0008690881039
0.0008522802759
0.0008360265135
0.0008229732209
0.000810730747
0.0007998613057
0.0007904731463
0.0007808034793
0.0007735507057
0.000769175652
0.0007655296803
0.0007626902483
0.000981790441
0.0009850373926
0.0009895092977
0.0009908904008
0.0009954375451
0.0009973578427
0.001002505207
0.001004420031
0.001008853405
0.001008428027
0.001009481296
0.001009281886
0.001011217944
0.001012966916
0.001010942411
0.001009405447
0.001006115243
0.001002631691
0.0009970662076
0.0009909447657
0.000981629957
0.0009721613787
0.0009614332807
0.000949981291
0.000935829942
0.0009199062028
0.0009035669494
0.0008868890483
0.000868980527
0.0008521455176
0.0008351920849
0.0008169101183
0.0008010197447
0.0007886108397
0.0007743623748
0.0007622361445
0.0007534358951
0.0007441284904
0.0007360471088
0.0007303200679
)
;

boundaryField
{
    flow
    {
        type            calculated;
        value           nonuniform List<scalar> 
180
(
0.0009574291518
0.0009583608574
0.0009564954415
0.0009553292235
0.0009545632409
0.0009547748509
0.0009550605329
0.0009527642718
0.0009558601417
0.0009517103723
0.0009537238742
0.0009539994249
0.0009530295972
0.0009531738147
0.0009525925964
0.0009526344497
0.0009521234428
0.000952072053
0.0009523187039
0.0009521878494
0.0009526910416
0.0009516741146
0.0009515396877
0.0009506179909
0.0009511345399
0.0009515177836
0.0009491347099
0.0009497269602
0.0009503347448
0.0009514279054
0.0009495641023
0.0009484583971
0.0009490300922
0.0009500989264
0.0009493534823
0.0009484107039
0.0009482437592
0.0009509310467
0.0009486522424
0.000948087885
0.0009495224162
0.0009492815614
0.0009479877015
0.0009480852595
0.0009484024599
0.0009488251989
0.0009479626163
0.0009492987319
0.0009484798724
0.0009486199237
0.0009468832687
0.0009494514448
0.0009474437476
0.0009476677351
0.0009471977104
0.0009491716421
0.0009472821007
0.0009482714249
0.0009488347686
0.0009488907998
0.0009488907998
0.0009497532631
0.0009510872112
0.0009505231345
0.0009494763202
0.0009488366103
0.000947570775
0.0009479192039
0.0009488460507
0.00094768311
0.000946777942
0.0009475587065
0.0009471216422
0.0009478470866
0.0009471658105
0.000948037592
0.0009476656066
0.000948343996
0.0009481979638
0.0009488835764
0.0009496618112
0.0009493289882
0.0009502433762
0.0009521432146
0.000953916469
0.0009534173413
0.0009534655041
0.0009536681976
0.0009527101968
0.0009562295785
0.000956553317
0.0009586147338
0.0009603522378
0.0009621313273
0.0009640753195
0.000969260931
0.0009717097947
0.0009741500552
0.0009763792512
0.0009797699631
0.000981790441
0.0009850373926
0.0009895092977
0.0009908904008
0.0009954375451
0.0009973578427
0.001002505207
0.001004420031
0.001008853405
0.001008428027
0.001009481296
0.001009281886
0.001011217944
0.001012966916
0.001010942411
0.001009405447
0.001006115243
0.001002631691
0.0009970662076
0.0009909447657
0.000981629957
0.0009721613787
0.0009614332807
0.000949981291
0.000935829942
0.0009199062028
0.0009035669494
0.0008868890483
0.000868980527
0.0008521455176
0.0008351920849
0.0008169101183
0.0008010197447
0.0007886108397
0.0007743623748
0.0007622361445
0.0007534358951
0.0007441284904
0.0007360471088
0.0007303200679
0.003079283293
0.003101118137
0.002981474212
0.002851334102
0.002720664855
0.002592416172
0.002500825611
0.002373246889
0.002266689087
0.002166570261
0.002069744604
0.001998293978
0.001906714696
0.001833735481
0.001744854661
0.001662890632
0.001603464988
0.001534579613
0.001468159945
0.001401271129
0.001351349532
0.00129617287
0.001244181308
0.00119542764
0.001151309368
0.001108741485
0.00106398661
0.001024763095
0.0009886613988
0.0009551990016
0.0009159761144
0.0008917685686
0.0008686549767
0.0008421933271
0.0008205137758
0.0008038904079
0.0007926459534
0.0007806353664
0.0007626902483
0.0007303200679
)
;
    }
    cylinder
    {
        type            calculated;
        value           nonuniform List<scalar> 
60
(
0.0008003237191
0.001179648272
0.001337361444
0.001423973405
0.001487832267
0.001539114147
0.001577885917
0.00162585296
0.001662147049
0.001700864918
0.001725495911
0.001747174835
0.001793703713
0.001826523978
0.001853442371
0.001877166123
0.001918319679
0.001940240313
0.001959836465
0.001964285196
0.002000399105
0.002061943114
0.002098464463
0.002118044795
0.00211672091
0.00214785731
0.002170821151
0.002224667448
0.002242715257
0.002286066582
0.00231414137
0.002338106199
0.002368873041
0.002414136739
0.002467696102
0.002528757604
0.002576041721
0.002655200188
0.002809008697
0.003079283293
0.0001525038137
0.0001524764008
0.000152687674
0.0001531338315
0.0001531064307
0.0001544143385
0.0001544935409
0.0001562361108
0.0001563863726
0.0001577395894
0.000159244315
0.0001611132658
0.0001628764291
0.000165599346
0.0001684465637
0.0001731238093
0.0001786588052
0.0001871173156
0.0002015884519
0.0002384457914
)
;
    }
    wedgeFront
    {
        type            symmetry;
    }
    wedgeBack
    {
        type            symmetry;
    }
    defaultFaces
    {
        type            empty;
    }
}


// ************************************************************************* //
