0.00600857 	2764.5 	0.00860069 	-1.08854e-16
0.00605194 	2764.5 	0.00860068 	-4.55294e-10
0.00612087 	2764.5 	0.00860069 	-9.12789e-10
0.00618845 	2764.5 	0.0086007 	-9.05397e-10
0.00625472 	2764.5 	0.0086007 	-8.9765e-10
0.00631971 	2764.5 	0.00860071 	-8.89571e-10
0.00638343 	2764.5 	0.00860072 	-8.81203e-10
0.00644591 	2764.5 	0.00860072 	-8.72578e-10
0.00650719 	2764.5 	0.00860073 	-8.63727e-10
0.00656727 	2764.5 	0.00860074 	-8.54678e-10
0.00662618 	2764.5 	0.00860074 	-8.4546e-10
0.00668395 	2764.5 	0.00860074 	-8.36089e-10
0.0067406 	2764.5 	0.00860075 	-8.26594e-10
0.00679615 	2764.5 	0.00860075 	-8.16989e-10
0.00685062 	2764.5 	0.00860076 	-8.07293e-10
0.00690403 	2764.5 	0.00860076 	-7.97522e-10
0.0069564 	2764.5 	0.00860077 	-7.8769e-10
0.00700776 	2764.5 	0.00860077 	-7.77807e-10
0.00705812 	2764.5 	0.00860077 	-7.67892e-10
0.0071075 	2764.5 	0.00860077 	-7.57947e-10
0.00715593 	2764.5 	0.00860078 	-7.47993e-10
0.00720341 	2764.5 	0.00860078 	-7.38027e-10
0.00724997 	2764.5 	0.00860078 	-7.2807e-10
0.00729563 	2764.5 	0.00860079 	-7.18117e-10
0.0073404 	2764.5 	0.00860079 	-7.08188e-10
0.0073843 	2764.5 	0.00860079 	-6.98277e-10
0.00742735 	2764.5 	0.00860079 	-6.884e-10
0.00746956 	2764.5 	0.00860079 	-6.78554e-10
0.00751095 	2764.5 	0.0086008 	-6.68752e-10
0.00755154 	2764.5 	0.0086008 	-6.58995e-10
0.00759134 	2764.5 	0.0086008 	-6.49292e-10
0.00763037 	2764.5 	0.0086008 	-6.39636e-10
0.00766864 	2764.5 	0.0086008 	-6.30043e-10
0.00770616 	2764.5 	0.00860081 	-6.20507e-10
0.00774296 	2764.5 	0.00860081 	-6.11038e-10
0.00777905 	2764.5 	0.00860081 	-6.01633e-10
0.00781443 	2764.5 	0.00860081 	-5.92304e-10
0.00784912 	2764.5 	0.00860081 	-5.83042e-10
0.00788314 	2764.5 	0.00860081 	-5.73858e-10
0.0079165 	2764.5 	0.00860081 	-5.64751e-10
0.00794922 	2764.5 	0.00860082 	-5.55718e-10
0.00798129 	2764.5 	0.00860082 	-5.4677e-10
0.00801275 	2764.5 	0.00860082 	-5.37905e-10
0.00804359 	2764.5 	0.00860082 	-5.29121e-10
0.00807384 	2764.5 	0.00860082 	-5.20421e-10
0.00810349 	2764.5 	0.00860082 	-5.11817e-10
0.00813257 	2764.5 	0.00860082 	-5.03301e-10
0.00816109 	2764.5 	0.00860082 	-4.94986e-10
0.00818905 	2764.5 	0.00860082 	-4.86754e-10
0.00821647 	2764.49 	0.00860079 	-4.80899e-10
0.00824336 	2764.46 	0.00860073 	-4.81465e-10
0.00826973 	2764.36 	0.00860049 	-5.02269e-10
0.00829558 	2764 	0.00859959 	-5.95853e-10
0.00832093 	2762.71 	0.00859646 	-9.35871e-10
0.00834579 	2758.5 	0.00858638 	-2.04856e-09
0.00837016 	2746.3 	0.00855809 	-5.18025e-09
0.00839407 	2717.46 	0.00849432 	-1.21072e-08
0.00841751 	2663.27 	0.0083784 	-2.38711e-08
0.00844049 	2594.36 	0.294621 	0.00583772
0.00846302 	2488.91 	0.486349 	0.00997783
0.00848512 	2363.13 	0.719132 	0.0151176
0.00850679 	2221.92 	0.986279 	0.0210587
0.00852804 	2068.83 	1.2821 	0.0276432
0.00854888 	1906.69 	1.59805 	0.0347229
0.00856931 	1738.12 	1.92988 	0.0421669
0.00858935 	1565.76 	2.27336 	0.0498718
0.00860899 	1392.6 	2.62159 	0.0577156
0.00862826 	1222.23 	2.96997 	0.0655368
0.00864715 	1059 	3.31137 	0.0731621
0.00866567 	908.273 	3.63457 	0.0803836
0.00868384 	776 	3.92549 	0.0868856
0.00870165 	667.361 	4.166 	0.0923003
0.00871911 	584.497 	4.34741 	0.0964119
0.00873624 	525.322 	4.47327 	0.0992615
0.00875303 	468.76 	7.50518 	2.35922e-14
0.0087695 	445.601 	7.55279 	3.1336e-14
0.00878565 	428.505 	7.57651 	9.29812e-15
0.00880148 	414.901 	7.58412 	1.30757e-13
0.00881701 	403.278 	7.58151 	4.27713e-14
0.00883223 	392.799 	7.57271 	-3.74561e-14
0.00884716 	382.989 	7.56019 	-4.76286e-14
0.0088618 	373.596 	7.54543 	6.85979e-14
0.00887616 	364.489 	7.52984 	-3.78447e-14
0.00889023 	355.598 	7.51296 	-3.77198e-14
0.00890404 	346.888 	7.49533 	-7.71605e-15
0.00891757 	338.335 	7.47762 	2.77556e-15
0.00893084 	329.928 	7.45957 	-3.33067e-16
0.00894386 	321.66 	7.4406 	8.00054e-14
0.00895662 	313.526 	7.42172 	7.03465e-14
0.00896913 	305.521 	7.40198 	3.19605e-14
0.0089814 	297.643 	7.3817 	1.96232e-14
0.00899343 	289.888 	7.36081 	-4.60743e-15
0.00900523 	282.254 	7.33986 	2.05391e-15
0.0090168 	274.738 	7.31776 	1.8624e-14
0.00902815 	267.34 	7.2955 	1.28231e-14
0.00903927 	260.059 	7.27195 	-5.23193e-15
0.00905018 	252.893 	7.24807 	-6.79179e-14
0.00906088 	245.84 	7.22351 	1.13104e-14
0.00907137 	238.9 	7.19819 	6.35741e-14
0.00908165 	232.071 	7.17206 	6.05349e-14
0.00909174 	225.356 	7.14514 	5.73847e-14
0.00910163 	218.751 	7.11731 	9.36751e-14
0.00911132 	212.257 	7.08869 	1.12757e-13
0.00912083 	205.875 	7.05851 	7.16927e-14
0.00913016 	199.605 	7.02769 	2.56462e-14
0.0091393 	193.443 	6.99586 	-2.51049e-14
0.00914827 	187.393 	6.96304 	-1.33227e-14
0.00915706 	181.456 	6.92855 	8.35443e-15
0.00916568 	175.628 	6.89338 	4.14391e-14
0.00917414 	169.911 	6.85703 	2.66592e-14
0.00918242 	164.305 	6.81961 	2.55074e-14
0.00919055 	158.811 	6.78058 	2.80054e-14
0.00919852 	153.427 	6.74015 	2.02477e-14
0.00920634 	148.154 	6.69886 	-5.30131e-15
0.009214 	142.991 	6.65644 	-4.88498e-15
0.00922152 	137.94 	6.61205 	5.50948e-15
0.00922889 	132.998 	6.56678 	1.06026e-14
0.00923611 	128.164 	6.52036 	1.04083e-14
0.0092432 	123.44 	6.473 	-1.54043e-15
0.00925014 	118.825 	6.42409 	1.76942e-14
0.00925696 	114.319 	6.37395 	2.93238e-14
0.00926364 	109.92 	6.32332 	4.75869e-14
0.00927019 	105.628 	6.27175 	4.83363e-14
0.00927661 	101.444 	6.21871 	7.02771e-14
0.00928291 	97.3679 	6.16441 	5.71765e-14
0.00928909 	93.3955 	6.10935 	3.59712e-14
0.00929515 	89.5261 	6.05303 	2.1122e-14
0.00930109 	85.761 	5.99544 	9.57567e-15
0.00930691 	82.0989 	5.9369 	6.80012e-16
0.00931262 	78.5382 	5.87655 	-1.37806e-14
0.00931822 	75.0777 	5.81564 	1.84575e-15
0.00932371 	71.7175 	5.75286 	2.52021e-14
0.0093291 	68.4557 	5.68914 	3.29459e-14
0.00933438 	65.2903 	5.62407 	3.89272e-14
0.00933956 	62.2196 	5.55768 	4.6102e-14
0.00934464 	59.2434 	5.48998 	5.49977e-14
0.00934962 	56.3616 	5.42096 	6.38239e-14
0.0093545 	53.5732 	5.35061 	9.68947e-14
0.00935928 	50.8747 	5.27889 	9.0733e-14
0.00936398 	48.2646 	5.20589 	4.77673e-14
0.00936858 	45.7431 	5.13143 	3.17107e-14
0.00937309 	43.3063 	5.05635 	3.98986e-14
0.00937752 	40.9523 	4.97968 	5.88557e-14
0.00938186 	38.6816 	4.90182 	3.6568e-14
0.00938611 	36.4928 	4.82276 	2.1122e-14
0.00939029 	34.3848 	4.74254 	1.22263e-14
0.00939438 	32.3569 	4.66121 	4.13558e-15
0.00939839 	30.4058 	4.57868 	-4.6213e-15
0.00940232 	28.5293 	4.49486 	-1.72987e-14
0.00940618 	26.7267 	4.40979 	-3.1225e-15
0.00940997 	24.997 	4.32357 	1.64938e-14
0.00941368 	23.3388 	4.2361 	1.37598e-14
0.00941731 	21.7515 	4.14744 	1.37737e-14
0.00942088 	20.2319 	4.05749 	1.94636e-14
0.00942438 	18.7784 	3.96621 	2.86368e-14
0.00942781 	17.3905 	3.87358 	4.03289e-14
0.00943117 	16.067 	3.7796 	5.51711e-14
0.00943447 	14.805 	3.68415 	7.42462e-14
0.0094377 	13.604 	3.5872 	7.85275e-14
0.00944087 	12.463 	3.48881 	5.78287e-14
0.00944398 	11.3795 	3.3888 	4.00374e-14
0.00944703 	10.3529 	3.2872 	2.64233e-14
0.00945002 	9.38223 	3.18399 	8.06993e-15
0.00945295 	8.46616 	3.07903 	2.0331e-14
0.00945583 	7.60314 	2.97217 	7.42462e-15
0.00945865 	6.79147 	2.86319 	-1.52656e-15
0.00946141 	6.0302 	2.75213 	-1.45023e-14
0.00946412 	5.31853 	2.63884 	-4.20011e-14
0.00946678 	4.65519 	2.52299 	-5.65797e-14
0.00946938 	4.03898 	2.40412 	-5.81896e-14
0.00947194 	3.46854 	2.2815 	-6.00631e-14
0.00947445 	2.94254 	2.15521 	-5.58512e-14
0.00947691 	2.45986 	2.025 	-5.34572e-14
0.00947932 	2.01922 	1.88986 	-5.60975e-14
0.00948168 	1.6194 	1.7497 	-4.43014e-14
0.009484 	1.25856 	1.60344 	-2.04003e-14
0.00948627 	0.93347 	1.45015 	-1.01932e-14
0.0094885 	0.640791 	1.28895 	-1.43219e-14
0.00949068 	0.381988 	1.11872 	-1.73438e-14
0.00949282 	0.165643 	0.938169 	-1.99354e-14
0.00949492 	0.0342721 	0.745232 	-2.27995e-14
0.00949698 	-0.0471539 	0.540752 	-6.12271e-15
