/*--------------------------------*- C++ -*----------------------------------*\
| =========                 |                                                 |
| \\      /  F ield         | OpenFOAM: The Open Source CFD Toolbox           |
|  \\    /   O peration     | Version:  v1706                                 |
|   \\  /    A nd           | Web:      www.OpenFOAM.com                      |
|    \\/     M anipulation  |                                                 |
\*---------------------------------------------------------------------------*/
FoamFile
{
    version     2.0;
    format      ascii;
    class       volVectorField;
    location    "0.003";
    object      wallShearStress;
}
// * * * * * * * * * * * * * * * * * * * * * * * * * * * * * * * * * * * * * //

dimensions      [1 -1 -2 0 0 0 0];


internalField   uniform (0 0 0);

boundaryField
{
    inlet
    {
        type            calculated;
        value           uniform (0 0 0);
    }
    object
    {
        type            calculated;
        value           nonuniform List<vector> 
400
(
(-0.1905243475 -0.09045052091 0.002113018826)
(-0.1812086392 -0.1482013789 0.002128230144)
(-0.1825896399 -0.2297101821 0.002146250947)
(-0.1837568509 -0.3151615939 0.002169035588)
(-0.1852120057 -0.4020107744 0.002196702931)
(-0.1869893489 -0.4895931933 0.00222904122)
(-0.1890880697 -0.5776606374 0.002265715424)
(-0.1915038606 -0.6660977868 0.002306339651)
(-0.1942326735 -0.7548413979 0.002350504698)
(-0.1972711627 -0.8438513356 0.00239779519)
(-0.2006166662 -0.9330984708 0.002447799074)
(-0.20426712 -1.02255927 0.002500110199)
(-0.2082209066 -1.112213087 0.002554331621)
(-0.2124768238 -1.202040836 0.002610080679)
(-0.2170339636 -1.292024327 0.002666985524)
(-0.2218916936 -1.382145945 0.002724686518)
(-0.2270495797 -1.47238852 0.002782839076)
(-0.2325073812 -1.562735301 0.002841110101)
(-0.2382649926 -1.653169988 0.002899178387)
(-0.2443224587 -1.743676756 0.002956736115)
(-0.2506799145 -1.834240433 0.003013486066)
(-0.2573375547 -1.924846437 0.003069141871)
(-0.2642956353 -2.015480878 0.003123426982)
(-0.2715544987 -2.106130674 0.003176074973)
(-0.2791145186 -2.196783481 0.003226828146)
(-0.2869761194 -2.287427925 0.003275436902)
(-0.2951397451 -2.378053408 0.003321660295)
(-0.3036058724 -2.468650437 0.003365264094)
(-0.3123749799 -2.559210236 0.003406020434)
(-0.3214475451 -2.649725135 0.003443709865)
(-0.3308240952 -2.740188294 0.003478117223)
(-0.340505138 -2.830593824 0.003509032731)
(-0.350491209 -2.920936801 0.003536251986)
(-0.3607828356 -3.011213098 0.003559575054)
(-0.3713805842 -3.101419543 0.003578806076)
(-0.3822849741 -3.191553745 0.00359375715)
(-0.3934965267 -3.281614021 0.003604239788)
(-0.4050158194 -3.371599558 0.003610065719)
(-0.4168433622 -3.461510144 0.003611054242)
(-0.4289797589 -3.551346294 0.003607026135)
(-0.4414255872 -3.641109164 0.00359780607)
(-0.4541813787 -3.730800436 0.003583220121)
(-0.4672476929 -3.820422314 0.003563089565)
(-0.4806250951 -3.909977371 0.003537246316)
(-0.4943142679 -3.999468866 0.003505523671)
(-0.5083157197 -4.088900229 0.003467747122)
(-0.5226300893 -4.178275256 0.003423753784)
(-0.5372580102 -4.267598179 0.003373373157)
(-0.5522001051 -4.356873386 0.003316435605)
(-0.5674569717 -4.446105494 0.003252771781)
(-0.583029278 -4.535299192 0.003182224933)
(-0.5989176703 -4.62445955 0.003104627213)
(-0.6151228445 -4.71359151 0.003019810251)
(-0.6316454737 -4.802700214 0.002927612689)
(-0.6484862016 -4.891791031 0.002827859988)
(-0.6656457437 -4.98086881 0.002720387888)
(-0.6831247979 -5.069938889 0.002605032533)
(-0.7009241487 -5.159006431 0.00248161632)
(-0.719044564 -5.248076723 0.002349983925)
(-0.7374866863 -5.337154575 0.002209961946)
(-0.7562512967 -5.426245252 0.002061374071)
(-0.7753391575 -5.515353345 0.001904048397)
(-0.7947510796 -5.604483619 0.001737815774)
(-0.8144877933 -5.693640863 0.001562505858)
(-0.8345500188 -5.782829436 0.001377944227)
(-0.8549386778 -5.872053723 0.001183961469)
(-0.8756545387 -5.96131788 0.0009803743611)
(-0.8966983931 -6.05062615 0.0007670208605)
(-0.9180710239 -6.139982058 0.0005437177929)
(-0.9397732405 -6.229389408 0.0003102794784)
(-0.9618058751 -6.318851912 6.652867878e-05)
(-0.9841697041 -6.408372565 -0.0001877093938)
(-1.006865639 -6.497954712 -0.0004526103307)
(-1.029894467 -6.587601438 -0.0007283752935)
(-1.053256904 -6.677315314 -0.001015170784)
(-1.076953945 -6.767099005 -0.001313184791)
(-1.100986366 -6.856955092 -0.001622604892)
(-1.125354965 -6.946885608 -0.001943615096)
(-1.150060474 -7.036892923 -0.002276405344)
(-1.175103838 -7.126978818 -0.00262114094)
(-1.200485737 -7.217144911 -0.002978021907)
(-1.22620703 -7.307392959 -0.003347243864)
(-1.252268458 -7.397724065 -0.003728968738)
(-1.278671008 -7.488139798 -0.004123416655)
(-1.305415225 -7.57864098 -0.004530773307)
(-1.332502003 -7.669228595 -0.00495121145)
(-1.35993206 -7.759903347 -0.005384930363)
(-1.387706262 -7.850665925 -0.005832119942)
(-1.415825215 -7.941516832 -0.006292963038)
(-1.444289634 -8.032456024 -0.006767636961)
(-1.473100388 -8.123484112 -0.007256349441)
(-1.50225804 -8.21460057 -0.007759298593)
(-1.531763451 -8.305805875 -0.008276689325)
(-1.56161714 -8.397099309 -0.008808698207)
(-1.591819828 -8.488480596 -0.009355491818)
(-1.622372277 -8.579949301 -0.009917266862)
(-1.653275045 -8.671504951 -0.01049421632)
(-1.684528601 -8.763146239 -0.01108655564)
(-1.71613377 -8.854872758 -0.0116944395)
(-1.748090995 -8.946683041 -0.01231806557)
(-1.780400874 -9.038576227 -0.01295762848)
(-1.81306394 -9.130551005 -0.01361329591)
(-1.846080809 -9.222605916 -0.01428526683)
(-1.879451837 -9.31473937 -0.0149737221)
(-1.91317756 -9.40694991 -0.015678832)
(-1.947258595 -9.499235953 -0.01640081028)
(-1.981695007 -9.591595233 -0.01713984014)
(-2.016487467 -9.6840261 -0.0178960997)
(-2.051636267 -9.776526245 -0.01866971743)
(-2.087141853 -9.869093839 -0.01946088039)
(-2.12300434 -9.961726339 -0.02026980406)
(-2.159224229 -10.0544211 -0.02109661786)
(-2.195801754 -10.14717642 -0.02194151926)
(-2.23273713 -10.23998896 -0.02280463147)
(-2.270030401 -10.33285606 -0.02368614528)
(-2.307681871 -10.42577514 -0.02458624035)
(-2.345691688 -10.51874323 -0.0255050503)
(-2.384060011 -10.61175728 -0.0264427469)
(-2.422786839 -10.7048142 -0.02739944429)
(-2.461872072 -10.79791049 -0.02837533755)
(-2.501315758 -10.89104289 -0.02937055273)
(-2.541118012 -10.98420794 -0.03038528158)
(-2.581278516 -11.07740199 -0.03141956914)
(-2.621797084 -11.17062099 -0.0324736103)
(-2.662673663 -11.26386159 -0.03354754866)
(-2.703908105 -11.35711969 -0.03464151766)
(-2.74549991 -11.45039109 -0.0357555726)
(-2.787448829 -11.5436715 -0.03688990826)
(-2.82975451 -11.63695689 -0.03804456572)
(-2.872416335 -11.73024211 -0.03921965624)
(-2.915434168 -11.82352351 -0.0404153349)
(-2.958806968 -11.91679556 -0.04163166219)
(-3.00253453 -12.01005378 -0.04286876213)
(-3.046616048 -12.1032932 -0.04412672695)
(-3.091050451 -12.19650846 -0.04540554859)
(-3.13583722 -12.28969414 -0.04670540843)
(-3.180975533 -12.38284519 -0.0480262816)
(-3.226464412 -12.47595571 -0.04936828216)
(-3.272302468 -12.56901962 -0.05073152107)
(-3.318488981 -12.66203189 -0.05211597877)
(-3.365022344 -12.75498542 -0.05352173668)
(-3.411901384 -12.8478741 -0.05494875445)
(-3.45912478 -12.94069153 -0.05639715764)
(-3.506690966 -13.03343116 -0.05786684188)
(-3.554598351 -13.12608621 -0.05935791673)
(-3.602845109 -13.21864848 -0.06087040917)
(-3.651429738 -13.31111191 -0.06240424692)
(-3.700349917 -13.40346852 -0.0639595115)
(-3.749603602 -13.49571014 -0.06553601981)
(-3.799188717 -13.58782884 -0.06713381738)
(-3.849102864 -13.67981628 -0.06875284545)
(-3.899343519 -13.77166386 -0.070393037)
(-3.949908224 -13.86336266 -0.0720544072)
(-4.000793831 -13.95490319 -0.07373687693)
(-4.051997674 -14.04627661 -0.07544038261)
(-4.103516485 -14.13747242 -0.07716473431)
(-4.15534714 -14.22848062 -0.07890997104)
(-4.207485858 -14.3192905 -0.08067597406)
(-4.25992905 -14.40989163 -0.08246249686)
(-4.312672686 -14.50027243 -0.08426950651)
(-4.365712622 -14.59042092 -0.08609678779)
(-4.419044463 -14.68032454 -0.08794422383)
(-4.472663363 -14.76997112 -0.08981172237)
(-4.526564639 -14.8593475 -0.09169905223)
(-4.580742768 -14.94843954 -0.09360596409)
(-4.635192686 -15.03723342 -0.09553228674)
(-4.689908274 -15.12571414 -0.09747782545)
(-4.744883105 -15.21386573 -0.09944246008)
(-4.800111149 -15.30167318 -0.1014258694)
(-4.855585042 -15.38911903 -0.1034277833)
(-4.911297528 -15.47618538 -0.1054479049)
(-4.967240391 -15.56285366 -0.1074859519)
(-5.023405912 -15.64910559 -0.1095417081)
(-5.079784915 -15.73492051 -0.1116147654)
(-5.136367648 -15.82027672 -0.1137049703)
(-5.193144639 -15.90515238 -0.1158119369)
(-5.250104558 -15.98952354 -0.1179353542)
(-5.307235909 -16.07336508 -0.1200749338)
(-5.364526118 -16.15665107 -0.1222301745)
(-5.421961946 -16.23935303 -0.124400807)
(-5.479528485 -16.32144051 -0.1265862718)
(-5.537209728 -16.40288119 -0.1287863376)
(-5.594988909 -16.48364154 -0.1310005257)
(-5.65284675 -16.56368349 -0.1332284181)
(-5.71076249 -16.64296669 -0.1354695706)
(-5.768712657 -16.72144657 -0.1377235325)
(-5.826671762 -16.79907513 -0.1399899036)
(-5.884610574 -16.87579865 -0.1422680519)
(-5.942495576 -16.9515568 -0.1445576244)
(-6.000289544 -17.02628337 -0.1468583232)
(-6.057948041 -17.09990173 -0.1491696125)
(-6.11541924 -17.17232489 -0.1514911021)
(-6.172640829 -17.24345112 -0.1538227682)
(-6.229537133 -17.31316228 -0.1561646918)
(-6.286009702 -17.38131551 -0.1585173621)
(-6.34192189 -17.44773985 -0.1608820273)
(-6.397049303 -17.5122367 -0.1632612834)
(-6.450917517 -17.57460299 -0.165660095)
(-6.502248752 -17.6347359 -0.1680874753)
(-6.547536252 -17.69260647 -0.1705590336)
(-6.587821321 -17.75337945 -0.1731445247)
(-6.627257072 -17.82592774 -0.1757734224)
(-6.664510672 -17.90749985 -0.1784202524)
(-6.700835666 -17.99464928 -0.1810845445)
(-6.737154634 -18.08548028 -0.1837656619)
(-6.773863631 -18.17909384 -0.1864627587)
(-6.811112943 -18.27503514 -0.18917485)
(-6.848953052 -18.37305337 -0.1919008601)
(-6.887397052 -18.47299466 -0.1946399011)
(-6.926446225 -18.57475943 -0.197391017)
(-6.966099179 -18.67827876 -0.2001531154)
(-7.006354846 -18.78350495 -0.2029253705)
(-7.04721326 -18.89040506 -0.2057066007)
(-7.088676391 -18.99895913 -0.2084958648)
(-7.130747004 -19.10915473 -0.2112920705)
(-7.173428903 -19.22098683 -0.2140944496)
(-7.216728494 -19.33445737 -0.2169018969)
(-7.260652076 -19.44957275 -0.2197134324)
(-7.3052074 -19.56634337 -0.2225281138)
(-7.350402865 -19.68478419 -0.2253449945)
(-7.396248751 -19.80491427 -0.2281630699)
(-7.442754966 -19.92675454 -0.2309811914)
(-7.489933623 -20.05033039 -0.2337986341)
(-7.537796134 -20.17566777 -0.2366145488)
(-7.586356196 -20.30279826 -0.2394278257)
(-7.635627947 -20.43175417 -0.2422376663)
(-7.685625953 -20.5625704 -0.2450430951)
(-7.736365559 -20.69528405 -0.2478432275)
(-7.787863832 -20.82993635 -0.2506372153)
(-7.840137958 -20.96656876 -0.2534241616)
(-7.89320599 -21.10522624 -0.2562031913)
(-7.947087407 -21.24595658 -0.2589733776)
(-8.001802055 -21.38880879 -0.2617341833)
(-8.057371021 -21.53383559 -0.2644846917)
(-8.113815922 -21.68109063 -0.267224106)
(-8.171160053 -21.83063216 -0.2699518285)
(-8.229427329 -21.98251978 -0.27266675)
(-8.288642887 -22.13681627 -0.2753682577)
(-8.348832242 -22.29358577 -0.2780557347)
(-8.410023265 -22.45289798 -0.2807282503)
(-8.472244739 -22.61482457 -0.2833853878)
(-8.53552572 -22.77943835 -0.2860264413)
(-8.599897699 -22.94681812 -0.2886507925)
(-8.665393003 -23.11704498 -0.2912575956)
(-8.732045689 -23.29020371 -0.2938464957)
(-8.799891173 -23.46638218 -0.2964168885)
(-8.868965718 -23.64567186 -0.2989682683)
(-8.939309285 -23.82817124 -0.301499943)
(-9.010961994 -24.01398053 -0.3040112969)
(-9.083965849 -24.20320417 -0.3065018842)
(-9.158366362 -24.39595414 -0.3089714399)
(-9.234209196 -24.59234373 -0.3114193504)
(-9.311543001 -24.79249324 -0.313845316)
(-9.390419333 -24.99653004 -0.3162489473)
(-9.470892892 -25.20458749 -0.3186295242)
(-9.55301965 -25.41680387 -0.3209870524)
(-9.636859806 -25.63332599 -0.3233209642)
(-9.722475765 -25.85430733 -0.3256312494)
(-9.809934037 -26.07990919 -0.3279173093)
(-9.899305828 -26.31030361 -0.330178885)
(-9.990663288 -26.54566658 -0.3324158773)
(-10.0840861 -26.78619099 -0.3346281401)
(-10.1796566 -27.03207435 -0.3368154271)
(-10.27746357 -27.28353004 -0.3389774018)
(-10.37760112 -27.5407835 -0.3411141115)
(-10.48016885 -27.8040728 -0.3432252724)
(-10.58527403 -28.07365194 -0.3453110393)
(-10.6930289 -28.34978774 -0.3473710269)
(-10.80355699 -28.63277077 -0.3494053736)
(-10.91698903 -28.92290925 -0.3514138604)
(-11.03346607 -29.22053154 -0.3533967868)
(-11.15313858 -29.52598944 -0.3553539396)
(-11.2761722 -29.83966648 -0.3572855223)
(-11.40274361 -30.16196981 -0.3591917078)
(-11.53304656 -30.49334359 -0.3610724178)
(-11.66729236 -30.83426874 -0.362927792)
(-11.80570996 -31.18526406 -0.3647580063)
(-11.9485539 -31.54690279 -0.3665630806)
(-12.0961011 -31.91980288 -0.3683435609)
(-12.24866215 -32.30465242 -0.3700996112)
(-12.40657945 -32.70220417 -0.3718314551)
(-12.5702384 -33.11329657 -0.3735394951)
(-12.7400684 -33.5388559 -0.3752239283)
(-12.91655996 -33.97992869 -0.3768852453)
(-13.10027077 -34.43768735 -0.3785237775)
(-13.29183766 -34.91345569 -0.3801400267)
(-13.49200212 -35.40875237 -0.3817345841)
(-13.70163138 -35.92532433 -0.3833081683)
(-13.9217526 -36.46520097 -0.3848611166)
(-14.15359585 -37.03076171 -0.3863943684)
(-14.39865696 -37.62482825 -0.3879086177)
(-14.65879531 -38.25081096 -0.3894048302)
(-14.93635956 -38.91287294 -0.3908839462)
(-15.23440131 -39.61621028 -0.3923472277)
(-15.55701554 -40.36746048 -0.3937955546)
(-15.90992087 -41.17530898 -0.3952305929)
(-16.30160986 -42.05141547 -0.3966536302)
(-16.74617785 -43.01142903 -0.3980651875)
(-17.27309065 -44.07357664 -0.3994608777)
(-17.97789112 -45.23949455 -0.4008187985)
(-18.89893478 -46.31897283 -0.4005322423)
(-19.69826609 -47.24163246 -0.3997889787)
(-20.49481851 -48.01482639 -0.3990009325)
(-21.31145306 -48.65591221 -0.3981655536)
(-22.14407685 -49.19665749 -0.3972818252)
(-22.98834751 -49.65992681 -0.3963493338)
(-23.84076961 -50.06152367 -0.3953686072)
(-24.69876141 -50.4121663 -0.3943401143)
(-25.56046286 -50.71909588 -0.3932647249)
(-26.4245172 -50.98723741 -0.3921436723)
(-27.28988564 -51.21998695 -0.3909781996)
(-28.1557216 -51.41973508 -0.3897697451)
(-29.02129779 -51.58822224 -0.3885196414)
(-29.88595141 -51.7267525 -0.387229281)
(-30.74906333 -51.83635128 -0.3859003299)
(-31.61003683 -51.91785106 -0.3845342949)
(-32.46829135 -51.97195341 -0.3831326371)
(-33.32326512 -51.99927909 -0.3816971799)
(-34.17439892 -52.000382 -0.380229399)
(-35.02115832 -51.97578542 -0.3787310758)
(-35.8630035 -51.92596934 -0.3772036661)
(-36.69941715 -51.85140849 -0.3756487714)
(-37.52989934 -51.75256383 -0.3740679728)
(-38.35395297 -51.62988537 -0.3724630937)
(-39.1711059 -51.48382564 -0.3708355906)
(-39.98089571 -51.31483329 -0.369186928)
(-40.78290179 -51.12337266 -0.3675190169)
(-41.57673327 -50.90989359 -0.3658331963)
(-42.36222921 -50.67481958 -0.364130928)
(-43.14162135 -50.41495291 -0.3624140458)
(-43.94551598 -50.14564507 -0.3606867055)
(-44.75355338 -49.87800043 -0.3589503087)
(-45.52225725 -49.58685278 -0.357203483)
(-46.27539063 -49.27111659 -0.3554478463)
(-47.01525021 -48.93419485 -0.3536847046)
(-47.74255775 -48.57688623 -0.3519153437)
(-48.45742559 -48.19982266 -0.3501408945)
(-49.15974255 -47.80362882 -0.3483628809)
(-49.84932718 -47.38893679 -0.3465824161)
(-50.52596889 -46.95636612 -0.3448005901)
(-51.18946916 -46.50652894 -0.3430188157)
(-51.83963784 -46.04002176 -0.3412378257)
(-52.47628831 -45.55741684 -0.3394589078)
(-53.09925857 -45.05927737 -0.3376831317)
(-53.70841645 -44.54616897 -0.3359117289)
(-54.30365179 -44.01865678 -0.3341452507)
(-54.88486481 -43.47729344 -0.3323849631)
(-55.45197814 -42.92262952 -0.3306316993)
(-56.00493345 -42.35521309 -0.3288862987)
(-56.54369548 -41.7755921 -0.3271495731)
(-57.06821602 -41.18432031 -0.3254226327)
(-57.57847101 -40.58194532 -0.3237058431)
(-58.07448339 -39.96898338 -0.3220003208)
(-58.55627676 -39.34594664 -0.3203069869)
(-59.0238947 -38.71334224 -0.3186262579)
(-59.47738334 -38.07166808 -0.3169587026)
(-59.91680433 -37.42141245 -0.3153052985)
(-60.34222894 -36.76305605 -0.3136665411)
(-60.75373295 -36.09706505 -0.3120429913)
(-61.15140734 -35.42389727 -0.3104351855)
(-61.53534918 -34.74399962 -0.3088436987)
(-61.90566017 -34.05780281 -0.3072692983)
(-62.26245371 -33.36573207 -0.3057121217)
(-62.60584788 -32.66819488 -0.3041728961)
(-62.93596323 -31.96558734 -0.302652021)
(-63.25292943 -31.25829511 -0.301149895)
(-63.55688216 -30.54669139 -0.2996668907)
(-63.84795874 -29.83113903 -0.2982037408)
(-64.12630501 -29.11198445 -0.2967603998)
(-64.39206713 -28.38956997 -0.2953374845)
(-64.64539375 -27.66421808 -0.2939349775)
(-64.88644247 -26.93624643 -0.2925535603)
(-65.11536582 -26.20595959 -0.2911934605)
(-65.33232578 -25.4736502 -0.2898549259)
(-65.53748144 -24.73960353 -0.2885384985)
(-65.73099985 -24.00409016 -0.287244041)
(-65.91304744 -23.26737805 -0.2859718261)
(-66.08379268 -22.52971926 -0.2847223602)
(-66.24339767 -21.79135527 -0.2834958091)
(-66.39203914 -21.05252179 -0.2822919776)
(-66.52988678 -20.31344694 -0.2811114178)
(-66.65710961 -19.57434577 -0.2799542854)
(-66.77388367 -18.83542581 -0.2788207247)
(-66.88038031 -18.0968893 -0.277710865)
(-66.97677275 -17.35892549 -0.2766251834)
(-67.06323764 -16.62171911 -0.2755634202)
(-67.13994389 -15.88544784 -0.2745257374)
(-67.20706166 -15.1502778 -0.2735125672)
(-67.26476657 -14.41636794 -0.2725236301)
(-67.31322974 -13.68387393 -0.2715594464)
(-67.35262256 -12.95294475 -0.2706200572)
(-67.38311291 -12.22371509 -0.2697055652)
(-67.40486802 -11.49632152 -0.268815706)
(-67.41805837 -10.77088809 -0.2679509839)
(-67.42284862 -10.04753963 -0.2671114125)
(-67.4194029 -9.326384928 -0.2662970982)
(-67.40788457 -8.607536656 -0.2655081384)
(-67.38845725 -7.891114684 -0.2647446192)
(-67.36201395 -7.177388316 -0.264007001)
(-67.56104047 -6.538000225 -0.2632948163)
)
;
    }
    outlet
    {
        type            calculated;
        value           uniform (0 0 0);
    }
    front
    {
        type            wedge;
    }
    back
    {
        type            wedge;
    }
}


// ************************************************************************* //
