# Wall shear stress
# Time           	patch            	min              	max              
1.0000000000e-06	object	(8.2877045398e-08 -1.5601513555e-04 -1.0567330593e-15)	(3.6755915327e-04 -3.0211896977e-07 5.5453217075e-16)
2.0000000000e-06	object	(4.5156111737e-07 -6.1845179495e-04 -1.5841650103e-15)	(1.4489899588e-03 -1.3098465673e-06 7.7040109254e-16)
3.0000000000e-06	object	(1.1258405169e-06 -1.3001005104e-03 -1.8111657468e-15)	(3.0238962921e-03 -2.9622127790e-06 8.6874389716e-16)
4.0000000000e-06	object	(2.1128785060e-06 -2.1245478890e-03 -2.0693461051e-15)	(4.9020569830e-03 -5.1569958555e-06 1.2892207355e-15)
5.0000000000e-06	object	(3.4146420957e-06 -3.0306463200e-03 -2.2539555915e-15)	(6.9320874696e-03 -7.7759213744e-06 1.1546738190e-15)
6.0000000000e-06	object	(5.0225181628e-06 -3.9689057858e-03 -2.4807767490e-15)	(8.9932864894e-03 -1.0691993422e-05 1.3022631618e-15)
7.0000000000e-06	object	(6.9259435620e-06 -4.9017619048e-03 -2.6385863320e-15)	(1.0997845671e-02 -1.3785422348e-05 1.3890218038e-15)
8.0000000000e-06	object	(9.1082710671e-06 -5.8012933491e-03 -2.9297704444e-15)	(1.2882114543e-02 -1.6945284916e-05 1.3751702105e-15)
9.0000000000e-06	object	(1.1549039008e-05 -6.6486622075e-03 -3.2201828480e-15)	(1.4603565427e-02 -2.0074534258e-05 1.5241956921e-15)
1.0000000000e-05	object	(1.4225052296e-05 -7.4302493358e-03 -3.4747056905e-15)	(1.6136969189e-02 -2.3092152462e-05 1.8615326302e-15)
1.1000000000e-05	object	(1.7111315198e-05 -8.1382213341e-03 -3.7328092310e-15)	(1.7470877515e-02 -2.5933842971e-05 1.9772962395e-15)
1.2000000000e-05	object	(2.0181837011e-05 -8.7692254274e-03 -4.0192088888e-15)	(1.8604491421e-02 -2.8551663897e-05 2.0928060197e-15)
1.3000000000e-05	object	(2.3410309172e-05 -9.3231636270e-03 -4.0770763990e-15)	(1.9556134142e-02 -3.0912916381e-05 1.9064861242e-15)
1.4000000000e-05	object	(2.6770661563e-05 -9.8027315518e-03 -4.4291738734e-15)	(2.0374049466e-02 -3.2998548994e-05 1.9405485916e-15)
1.5000000000e-05	object	(3.0237509845e-05 -1.0212157673e-02 -4.5834848425e-15)	(2.1028241885e-02 -3.4801287604e-05 1.9892081925e-15)
1.6000000000e-05	object	(3.3786506826e-05 -1.0555907135e-02 -4.7706096308e-15)	(2.1535387045e-02 -3.6323654059e-05 2.0600252363e-15)
1.7000000000e-05	object	(3.7394610794e-05 -1.0839692246e-02 -4.8245614896e-15)	(2.1913350389e-02 -3.7575996740e-05 2.1067773961e-15)
1.8000000000e-05	object	(4.1040282559e-05 -1.1069503410e-02 -5.0112157030e-15)	(2.2180233608e-02 -3.8574621681e-05 2.1789891149e-15)
1.9000000000e-05	object	(4.4703621387e-05 -1.1251663334e-02 -5.0312996600e-15)	(2.2353652789e-02 -3.9340084426e-05 2.1871925428e-15)
2.0000000000e-05	object	(4.8366450119e-05 -1.1393009929e-02 -5.0846172401e-15)	(2.2450216178e-02 -3.9895679315e-05 2.2721275623e-15)
2.1000000000e-05	object	(5.2012357599e-05 -1.1497810656e-02 -5.0713170256e-15)	(2.2485193559e-02 -4.0266144460e-05 2.3311251962e-15)
2.2000000000e-05	object	(5.5626516514e-05 -1.1571178289e-02 -5.1220901755e-15)	(2.2472133638e-02 -4.0476436544e-05 2.2893482887e-15)
2.3000000000e-05	object	(5.9196208835e-05 -1.1619939631e-02 -5.1087022371e-15)	(2.2423171331e-02 -4.0551346423e-05 2.3585046154e-15)
2.4000000000e-05	object	(6.2710261659e-05 -1.1646107271e-02 -5.0952894110e-15)	(2.2348597130e-02 -4.0514341539e-05 2.4521278216e-15)
2.5000000000e-05	object	(6.6159137585e-05 -1.1655805326e-02 -5.0818161109e-15)	(2.2257051057e-02 -4.0387238935e-05 2.7302385276e-15)
3.0000000000e-05	object	(8.2196416004e-05 -1.1549923485e-02 -5.9212702956e-15)	(2.1746622994e-02 -3.9018324391e-05 3.2207185092e-15)
4.0000000000e-05	object	(1.0752015188e-04 -1.1279654762e-02 -6.9947236090e-15)	(2.1216884454e-02 -3.6315019020e-05 3.4781116880e-15)
5.0000000000e-05	object	(1.2569327181e-04 -1.1267554915e-02 -7.2889681348e-15)	(2.1109826955e-02 -3.5111351271e-05 3.6774988072e-15)
6.0000000000e-05	object	(1.4019923213e-04 -1.1337243906e-02 -7.2950773875e-15)	(2.1031000146e-02 -3.4505740462e-05 4.0304758001e-15)
7.0000000000e-05	object	(1.5333705271e-04 -1.1401119625e-02 -7.5586216346e-15)	(2.0941325458e-02 -3.4066251401e-05 3.8844832755e-15)
8.0000000000e-05	object	(1.6598557547e-04 -1.1458368720e-02 -7.6060939977e-15)	(2.0857625730e-02 -3.3723391581e-05 4.3502178261e-15)
9.0000000000e-05	object	(1.7828854052e-04 -1.1515113005e-02 -7.6492064369e-15)	(2.0781110722e-02 -3.3450676729e-05 4.0428623938e-15)
1.0000000000e-04	object	(1.9019383692e-04 -1.1572431965e-02 -7.7004843670e-15)	(2.0709752340e-02 -3.3225885158e-05 4.4025802038e-15)
1.1000000000e-04	object	(2.0166917562e-04 -1.1629239937e-02 -7.8959943936e-15)	(2.0642556465e-02 -3.3035187622e-05 4.2356616086e-15)
1.2000000000e-04	object	(2.1273037223e-04 -1.1685666528e-02 -8.0234224647e-15)	(2.0578943426e-02 -3.2870273423e-05 4.3629038468e-15)
1.3000000000e-04	object	(-7.5220601345e+01 -3.3484798304e+00 -3.2307891482e-14)	(5.1670762240e-01 1.3430058625e+01 1.5658404866e-14)
1.4000000000e-04	object	(-6.7111604577e+01 -1.2376982049e+01 -3.6009201588e-14)	(1.5099213116e-01 2.5605400752e+01 2.5425766374e-14)
1.5000000000e-04	object	(-5.3117416301e+01 -2.4209035491e+01 -4.0273124229e-14)	(2.8337579392e-02 1.1352326966e+01 2.9250541602e-14)
1.6000000000e-04	object	(-5.5326292036e+01 -2.1584882388e+01 -4.1166769067e-14)	(3.1529658968e-04 -6.5421702174e-03 3.0585574266e-14)
1.7000000000e-04	object	(-5.0798345364e+01 -2.0865231478e+01 -4.2029656268e-14)	(-2.2083705482e-01 -9.5380775027e-02 2.9788089995e-14)
1.8000000000e-04	object	(-4.3185800719e+01 -2.2618620709e+01 -4.6021515639e-14)	(2.3654394794e+00 -9.6002606454e-02 3.4476710301e-14)
1.9000000000e-04	object	(-3.7558269185e+01 -2.6075930665e+01 -5.9223872596e-14)	(1.7491049890e+00 -8.3120055132e-02 4.3186474267e-14)
2.0000000000e-04	object	(-3.6464252267e+01 -2.9786920553e+01 -5.3053315961e-14)	(2.8861308402e-01 -8.0466147495e-02 3.6099827898e-14)
2.1000000000e-04	object	(-3.9490954892e+01 -3.0848492465e+01 -5.4780622082e-14)	(-1.0278642344e-01 -8.2980002900e-02 3.7432932033e-14)
2.2000000000e-04	object	(-3.9527978633e+01 -3.1773737941e+01 -5.4810084145e-14)	(-2.0175605294e-01 -8.5358301919e-02 3.7169718181e-14)
2.3000000000e-04	object	(-3.6578097219e+01 -3.2797286059e+01 -5.3089823812e-14)	(-3.2329528789e-01 -8.8106120011e-02 3.5323853705e-14)
2.4000000000e-04	object	(-3.6018889222e+01 -3.3680546845e+01 -4.9453180791e-14)	(-4.2783937131e-01 -9.1678193975e-02 3.3383391112e-14)
2.5000000000e-04	object	(-3.8690616858e+01 -3.4375295508e+01 -4.7146455154e-14)	(-4.7649048407e-01 -9.5809985524e-02 3.0856513882e-14)
2.6000000000e-04	object	(-4.0693289595e+01 -3.5041860727e+01 -4.6568145177e-14)	(-4.6338406974e-01 -1.0012600734e-01 2.8862707206e-14)
2.7000000000e-04	object	(-4.2288964266e+01 -3.5720156710e+01 -3.7315616796e-14)	(-3.8166483879e-01 -1.0424704011e-01 2.2497003261e-14)
2.8000000000e-04	object	(-4.3708738324e+01 -3.6456403217e+01 -3.7317354936e-14)	(-1.4787509506e-01 -1.0762176168e-01 2.2534845248e-14)
2.9000000000e-04	object	(-4.5047205816e+01 -3.7332825043e+01 -3.7499695476e-14)	(-2.3074970997e-01 -1.1054665294e-01 2.1313649408e-14)
3.0000000000e-04	object	(-4.6275161373e+01 -3.8387586863e+01 -3.7537296338e-14)	(-2.9261975896e-01 -1.1422396841e-01 2.1377514350e-14)
3.1000000000e-04	object	(-4.7375221189e+01 -3.9434000106e+01 -3.6759659765e-14)	(-3.4760819749e-01 -1.1785033826e-01 2.0968115672e-14)
3.2000000000e-04	object	(-4.8310624214e+01 -4.0518799873e+01 -3.5526728668e-14)	(-3.2459849063e-01 -1.2240987592e-01 2.0139992619e-14)
3.3000000000e-04	object	(-4.9036936086e+01 -4.1478776909e+01 -3.8062835527e-14)	(-3.0094937872e-01 -1.2698375280e-01 2.0801280823e-14)
3.4000000000e-04	object	(-4.9863988222e+01 -4.2258808481e+01 -4.7925902894e-14)	(-2.5332901275e-01 -1.3060794973e-01 2.2860778863e-14)
3.5000000000e-04	object	(-5.0627683377e+01 -4.2929426059e+01 -5.4403790510e-14)	(-2.0370933259e-01 -1.3328214293e-01 2.5549574470e-14)
3.6000000000e-04	object	(-5.1295592270e+01 -4.3525461665e+01 -5.4164745854e-14)	(-1.7887437269e-01 -1.3611915512e-01 2.7309187516e-14)
3.7000000000e-04	object	(-5.1983493849e+01 -4.4037399415e+01 -5.0290451399e-14)	(-1.9967758927e-01 -1.3804218904e-01 2.7951647713e-14)
3.8000000000e-04	object	(-5.2714137501e+01 -4.4446964220e+01 -4.2723821360e-14)	(-2.0427784024e-01 -1.4298011012e-01 2.7016828367e-14)
3.9000000000e-04	object	(-5.3387694859e+01 -4.4753271034e+01 -3.5821756575e-14)	(-2.8514629158e-01 -1.4349822255e-01 2.2856689193e-14)
4.0000000000e-04	object	(-5.3928377718e+01 -4.4961965292e+01 -3.5890570648e-14)	(-2.8971715558e-01 -1.4411488900e-01 2.0235114631e-14)
4.1000000000e-04	object	(-5.4313836858e+01 -4.5098174123e+01 -3.6445326690e-14)	(-2.2314458246e-01 -1.4738877221e-01 2.0075262299e-14)
4.2000000000e-04	object	(-5.4554511044e+01 -4.5214244744e+01 -3.7476881072e-14)	(-2.8893492410e-01 -1.4675652538e-01 2.0015388834e-14)
4.3000000000e-04	object	(-5.4691282107e+01 -4.5351501971e+01 -3.7983878695e-14)	(-2.4807763103e-01 -1.4704511803e-01 1.9785895926e-14)
4.4000000000e-04	object	(-5.4815304254e+01 -4.5514737548e+01 -3.8320568703e-14)	(-2.7441233053e-01 -1.4666721573e-01 1.9648870562e-14)
4.5000000000e-04	object	(-5.4989663716e+01 -4.5693105402e+01 -3.8641914397e-14)	(-3.0595041467e-01 -1.4664569171e-01 1.9693241927e-14)
4.6000000000e-04	object	(-5.5198062032e+01 -4.5905368180e+01 -3.9566173556e-14)	(-2.8572666780e-01 -1.4758084178e-01 2.0280824858e-14)
4.7000000000e-04	object	(-5.5383047538e+01 -4.6135484741e+01 -3.9609361529e-14)	(-3.1132674851e-01 -1.4839240768e-01 1.9785873835e-14)
4.8000000000e-04	object	(-5.5588985593e+01 -4.6388563525e+01 -3.9917228689e-14)	(-3.0148882895e-01 -1.5113284529e-01 1.9793052865e-14)
4.9000000000e-04	object	(-5.5797371197e+01 -4.6660576226e+01 -3.9905645249e-14)	(-3.3577634136e-01 -1.5140142652e-01 2.1439725658e-14)
5.0000000000e-04	object	(-5.6028927250e+01 -4.6953509877e+01 -4.0817615690e-14)	(-2.6405952097e-01 -1.5861206492e-01 2.0633333692e-14)
5.1000000000e-04	object	(-5.6271467446e+01 -4.7272313096e+01 -4.1228096991e-14)	(-3.1534492753e-01 -1.5849675084e-01 2.0285609817e-14)
5.2000000000e-04	object	(-5.6546240588e+01 -4.7612775268e+01 -4.1143922521e-14)	(-3.3441348963e-01 -1.5421263351e-01 2.1360790816e-14)
5.3000000000e-04	object	(-5.6857783264e+01 -4.7966142455e+01 -4.2017534840e-14)	(-2.7528360971e-01 -1.6491256330e-01 2.2369413008e-14)
5.4000000000e-04	object	(-5.7191904777e+01 -4.8332768914e+01 -3.9619479337e-14)	(-3.1540678464e-01 -1.6326186167e-01 2.2622594926e-14)
5.5000000000e-04	object	(-5.7530222117e+01 -4.8699335776e+01 -4.0108768724e-14)	(-3.4408364104e-01 -1.5620494020e-01 2.2002542957e-14)
5.6000000000e-04	object	(-5.7892803174e+01 -4.9057497635e+01 -4.0137667942e-14)	(-2.8543754093e-01 -1.7133506338e-01 2.1506141191e-14)
5.7000000000e-04	object	(-5.8245244605e+01 -4.9425226826e+01 -3.9812481437e-14)	(-3.0931063820e-01 -1.6819296890e-01 2.1343604546e-14)
5.8000000000e-04	object	(-5.8576571199e+01 -4.9794722892e+01 -4.0305110523e-14)	(-3.5071294940e-01 -1.6178538099e-01 2.0008366587e-14)
5.9000000000e-04	object	(-5.8946257709e+01 -5.0152105408e+01 -4.0414994388e-14)	(-2.7932261152e-01 -1.7800661016e-01 1.9031664768e-14)
6.0000000000e-04	object	(-5.9319187210e+01 -5.0500669629e+01 -4.1555607438e-14)	(-3.3183583632e-01 -1.7274137520e-01 1.8585487713e-14)
6.1000000000e-04	object	(-5.9671396858e+01 -5.0849876255e+01 -4.1179420370e-14)	(-3.4970288191e-01 -1.7028411515e-01 1.8092613417e-14)
6.2000000000e-04	object	(-6.0022402741e+01 -5.1200249376e+01 -3.9126381832e-14)	(-2.7572486952e-01 -1.8552295511e-01 1.7362221034e-14)
6.3000000000e-04	object	(-6.0382521813e+01 -5.1545398492e+01 -3.6746705156e-14)	(-3.7949309334e-01 -1.7378191398e-01 1.7654569110e-14)
6.4000000000e-04	object	(-6.0739869568e+01 -5.1879831742e+01 -3.6528204473e-14)	(-3.0713986657e-01 -1.8354007056e-01 1.8116269727e-14)
6.5000000000e-04	object	(-6.1090565209e+01 -5.2202441426e+01 -3.5998999168e-14)	(-3.3532466995e-01 -1.8643873020e-01 1.9283001510e-14)
6.6000000000e-04	object	(-6.1435247533e+01 -5.2514043533e+01 -3.5081285088e-14)	(-3.7802961180e-01 -1.7721880964e-01 1.8966254109e-14)
6.7000000000e-04	object	(-6.1775069372e+01 -5.2815414159e+01 -3.5181463806e-14)	(-2.9759354707e-01 -1.9173020548e-01 1.9764686748e-14)
6.8000000000e-04	object	(-6.2110686919e+01 -5.3106847413e+01 -3.5469523354e-14)	(-3.6249393342e-01 -1.8750071933e-01 1.9908531955e-14)
6.9000000000e-04	object	(-6.2442875432e+01 -5.3387530695e+01 -3.5187509301e-14)	(-3.7602329080e-01 -1.7993815872e-01 2.2567117752e-14)
7.0000000000e-04	object	(-6.2770660439e+01 -5.3656686173e+01 -3.5063321768e-14)	(-3.4718579730e-01 -1.8566809040e-01 1.9769378972e-14)
7.1000000000e-04	object	(-6.3092255529e+01 -5.3913192908e+01 -3.5193851024e-14)	(-3.2737942551e-01 -1.9545773981e-01 2.0770532470e-14)
7.2000000000e-04	object	(-6.3405952106e+01 -5.4157337952e+01 -3.5228554842e-14)	(-3.7089988746e-01 -1.8629947932e-01 1.9661354570e-14)
7.3000000000e-04	object	(-6.3710571898e+01 -5.4389394576e+01 -3.4952790119e-14)	(-3.7165364670e-01 -1.8362421702e-01 1.7316528641e-14)
7.4000000000e-04	object	(-6.4006029884e+01 -5.4609910322e+01 -3.4773460751e-14)	(-3.5896195207e-01 -1.8500232418e-01 1.7250467269e-14)
7.5000000000e-04	object	(-6.4291634617e+01 -5.4820088398e+01 -3.4633022333e-14)	(-3.5771576439e-01 -1.8556348944e-01 1.6211820765e-14)
7.6000000000e-04	object	(-6.4564016439e+01 -5.5022530877e+01 -3.4480206381e-14)	(-3.6179595062e-01 -1.8600468365e-01 1.8874955922e-14)
7.7000000000e-04	object	(-6.4826189808e+01 -5.5219902924e+01 -3.4296717876e-14)	(-3.6484621428e-01 -1.8632885203e-01 1.8822502394e-14)
7.8000000000e-04	object	(-6.5083723055e+01 -5.5412491332e+01 -3.4121795532e-14)	(-3.5976800602e-01 -1.8665027706e-01 2.0245134407e-14)
7.9000000000e-04	object	(-6.5335130109e+01 -5.5598497314e+01 -3.4036871716e-14)	(-3.5636556454e-01 -1.8638267857e-01 2.0768910999e-14)
8.0000000000e-04	object	(-6.5578239683e+01 -5.5775013893e+01 -3.3820826596e-14)	(-3.5921688901e-01 -1.8601959446e-01 1.7370605748e-14)
8.1000000000e-04	object	(-6.5811999826e+01 -5.5940679083e+01 -3.4175099833e-14)	(-3.5886973182e-01 -1.8560806243e-01 1.7548989534e-14)
8.2000000000e-04	object	(-6.6035197194e+01 -5.6094380895e+01 -3.3792837230e-14)	(-3.6029794238e-01 -1.8551551579e-01 1.9472751427e-14)
8.3000000000e-04	object	(-6.6247381736e+01 -5.6237387977e+01 -3.4249952923e-14)	(-3.6163084720e-01 -1.8602183744e-01 1.9629917304e-14)
8.4000000000e-04	object	(-6.6448195471e+01 -5.6370739956e+01 -3.3859296531e-14)	(-3.6017873962e-01 -1.8681440072e-01 1.9040802249e-14)
8.5000000000e-04	object	(-6.6638106825e+01 -5.6495765309e+01 -3.4332213149e-14)	(-3.5861065497e-01 -1.8745819275e-01 1.7952607065e-14)
8.6000000000e-04	object	(-6.6817401150e+01 -5.6613707445e+01 -3.4791213937e-14)	(-3.5668712504e-01 -1.8767598769e-01 1.8619442789e-14)
8.7000000000e-04	object	(-6.6986568796e+01 -5.6725241661e+01 -3.4416880007e-14)	(-3.5782259386e-01 -1.8761333338e-01 1.9306340220e-14)
8.8000000000e-04	object	(-6.7146192510e+01 -5.6831034743e+01 -3.4066944226e-14)	(-3.5874783476e-01 -1.8773866848e-01 2.1295862964e-14)
8.9000000000e-04	object	(-6.7296737527e+01 -5.6931670960e+01 -3.4531637576e-14)	(-3.5888891437e-01 -1.8795372658e-01 2.0129451156e-14)
9.0000000000e-04	object	(-6.7438821533e+01 -5.7027609765e+01 -3.4959256866e-14)	(-3.5938323465e-01 -1.8819221186e-01 2.0683006059e-14)
9.1000000000e-04	object	(-6.7572998604e+01 -5.7119111882e+01 -3.4590264055e-14)	(-3.6013357788e-01 -1.8841698757e-01 2.0693471757e-14)
9.2000000000e-04	object	(-6.7699749878e+01 -5.7206495347e+01 -3.5034532013e-14)	(-3.6065674829e-01 -1.8861314245e-01 2.0335736718e-14)
9.3000000000e-04	object	(-6.7819652970e+01 -5.7290336269e+01 -3.5448256934e-14)	(-3.6095521095e-01 -1.8879664297e-01 1.9971836183e-14)
9.4000000000e-04	object	(-6.7932833475e+01 -5.7371258161e+01 -3.5056151024e-14)	(-3.6120628395e-01 -1.8898811195e-01 2.1911816702e-14)
9.5000000000e-04	object	(-6.8039821700e+01 -5.7448671979e+01 -3.5492472650e-14)	(-3.6157311413e-01 -1.8917847564e-01 1.9746865274e-14)
9.6000000000e-04	object	(-6.8141031253e+01 -5.7521499812e+01 -3.5060232399e-14)	(-3.6210069978e-01 -1.8936310209e-01 2.1222592998e-14)
9.7000000000e-04	object	(-6.8236429137e+01 -5.7589956487e+01 -3.5481666157e-14)	(-3.6277114702e-01 -1.8952670753e-01 1.9261651789e-14)
9.8000000000e-04	object	(-6.8326265292e+01 -5.7655133192e+01 -3.5039281357e-14)	(-3.6341888040e-01 -1.8965808382e-01 1.8379261126e-14)
9.9000000000e-04	object	(-6.8410252559e+01 -5.7717210859e+01 -3.5444658779e-14)	(-3.6387145403e-01 -1.8976497580e-01 2.0037781129e-14)
1.0000000000e-03	object	(-6.8488881367e+01 -5.7776084572e+01 -3.5855065553e-14)	(-3.6411569306e-01 -1.8987013044e-01 1.9904223764e-14)
1.0100000000e-03	object	(-6.8562453624e+01 -5.7831938245e+01 -3.5392489554e-14)	(-3.6427514979e-01 -1.8996779180e-01 2.1638588033e-14)
1.0200000000e-03	object	(-6.8631194703e+01 -5.7884864572e+01 -3.5794745831e-14)	(-3.6438800333e-01 -1.9005504192e-01 1.9631601920e-14)
1.0300000000e-03	object	(-6.8695454841e+01 -5.7934873216e+01 -3.5332412236e-14)	(-3.6448805730e-01 -1.9012113874e-01 2.1271444000e-14)
1.0400000000e-03	object	(-6.8755413479e+01 -5.7981860803e+01 -3.5729163574e-14)	(-3.6451626258e-01 -1.9017308443e-01 2.2626007736e-14)
1.0500000000e-03	object	(-6.8811281951e+01 -5.8025772535e+01 -3.6131422010e-14)	(-3.6455954338e-01 -1.9019766904e-01 1.9717613249e-14)
1.0600000000e-03	object	(-6.8863244451e+01 -5.8066678568e+01 -3.5622419990e-14)	(-3.6457137176e-01 -1.9020164872e-01 1.6536649233e-14)
1.0700000000e-03	object	(-6.8911533065e+01 -5.8104776331e+01 -3.6053132720e-14)	(-3.6454623916e-01 -1.9018748415e-01 2.3439008287e-14)
1.0800000000e-03	object	(-6.8956343374e+01 -5.8140303507e+01 -3.5547917324e-14)	(-3.6446924741e-01 -1.9016216987e-01 1.7549268231e-14)
1.0900000000e-03	object	(-6.8997748488e+01 -5.8173436065e+01 -3.5974119749e-14)	(-3.6434428209e-01 -1.9012749226e-01 2.1912102460e-14)
1.1000000000e-03	object	(-6.9036004440e+01 -5.8204306518e+01 -3.5471677312e-14)	(-3.6419321081e-01 -1.9007749680e-01 1.7791864990e-14)
1.1100000000e-03	object	(-6.9071286648e+01 -5.8232962248e+01 -3.5897024109e-14)	(-3.6404257636e-01 -1.9002563012e-01 1.8175291490e-14)
1.1200000000e-03	object	(-6.9103825208e+01 -5.8259452284e+01 -3.6295125825e-14)	(-3.6391650227e-01 -1.8997390939e-01 1.7288594819e-14)
1.1300000000e-03	object	(-6.9133753573e+01 -5.8284140503e+01 -3.5822101371e-14)	(-3.6380867256e-01 -1.8990340023e-01 1.8696759931e-14)
1.1400000000e-03	object	(-6.9161275281e+01 -5.8307015958e+01 -3.6183009523e-14)	(-3.6369742455e-01 -1.8983026241e-01 1.9577112745e-14)
1.1500000000e-03	object	(-6.9187007080e+01 -5.8328186680e+01 -3.5744011125e-14)	(-3.6358174193e-01 -1.8976108197e-01 2.1387822982e-14)
1.1600000000e-03	object	(-6.9211066960e+01 -5.8347683518e+01 -3.6137367429e-14)	(-3.6347548801e-01 -1.8969078304e-01 1.9286432195e-14)
1.1700000000e-03	object	(-6.9233263304e+01 -5.8365496406e+01 -3.5668916687e-14)	(-3.6337429607e-01 -1.8962286265e-01 2.1762037131e-14)
1.1800000000e-03	object	(-6.9253739292e+01 -5.8381659036e+01 -3.6059296180e-14)	(-3.6326026488e-01 -1.8955435962e-01 2.0269381358e-14)
1.1900000000e-03	object	(-6.9272715434e+01 -5.8396273781e+01 -3.6458395903e-14)	(-3.6317454504e-01 -1.8949906213e-01 2.1301888959e-14)
1.2000000000e-03	object	(-6.9290287438e+01 -5.8409426626e+01 -3.5982924849e-14)	(-3.6308721355e-01 -1.8946671265e-01 1.9978272245e-14)
1.2100000000e-03	object	(-6.9306553087e+01 -5.8421247346e+01 -3.6380794056e-14)	(-3.6304147879e-01 -1.8942467216e-01 1.8817813511e-14)
1.2200000000e-03	object	(-6.9321619878e+01 -5.8431911459e+01 -3.5909252488e-14)	(-3.6298780577e-01 -1.8940937926e-01 2.2999091552e-14)
1.2300000000e-03	object	(-6.9335539857e+01 -5.8441690533e+01 -3.6303034456e-14)	(-3.6297809085e-01 -1.8938455800e-01 2.0310265016e-14)
1.2400000000e-03	object	(-6.9348420076e+01 -5.8450695398e+01 -3.5834364311e-14)	(-3.6294565764e-01 -1.8937698063e-01 2.2412027720e-14)
1.2500000000e-03	object	(-6.9360371316e+01 -5.8459038981e+01 -3.6224592312e-14)	(-3.6295408609e-01 -1.8936850067e-01 2.1374714090e-14)
1.2600000000e-03	object	(-6.9371408472e+01 -5.8466855792e+01 -3.6623723078e-14)	(-3.6294122108e-01 -1.8937982432e-01 1.8085206033e-14)
1.2700000000e-03	object	(-6.9381626849e+01 -5.8474227218e+01 -3.6145459523e-14)	(-3.6296289150e-01 -1.8937985324e-01 1.7448377661e-14)
1.2800000000e-03	object	(-6.9391111738e+01 -5.8481234688e+01 -3.6538944409e-14)	(-3.6297989418e-01 -1.8937255639e-01 1.9860236649e-14)
1.2900000000e-03	object	(-6.9399964194e+01 -5.8487927578e+01 -3.6063790383e-14)	(-3.6298628872e-01 -1.8938667015e-01 1.8680171299e-14)
1.3000000000e-03	object	(-6.9408279248e+01 -5.8494335283e+01 -3.6420158366e-14)	(-3.6303380195e-01 -1.8939242795e-01 1.9837049582e-14)
1.3100000000e-03	object	(-6.9416128526e+01 -5.8500460416e+01 -3.5948155287e-14)	(-3.6306014788e-01 -1.8941202257e-01 2.0710247511e-14)
1.3200000000e-03	object	(-6.9423561350e+01 -5.8506297038e+01 -3.6370746922e-14)	(-3.6310100601e-01 -1.8943761850e-01 1.7008210369e-14)
1.3300000000e-03	object	(-6.9430616167e+01 -5.8511842196e+01 -3.6734396056e-14)	(-3.6316072600e-01 -1.8945111668e-01 1.7395650837e-14)
1.3400000000e-03	object	(-6.9437324998e+01 -5.8517097688e+01 -3.6252998521e-14)	(-3.6319303912e-01 -1.8947788430e-01 1.8513614173e-14)
1.3500000000e-03	object	(-6.9443700797e+01 -5.8522090801e+01 -3.6683089580e-14)	(-3.6324221570e-01 -1.8950954120e-01 2.2840960257e-14)
1.3600000000e-03	object	(-6.9449739513e+01 -5.8526798852e+01 -3.6206012705e-14)	(-3.6331270974e-01 -1.8952985498e-01 2.0527193149e-14)
1.3700000000e-03	object	(-6.9455495535e+01 -5.8531210585e+01 -3.6597486321e-14)	(-3.6336103425e-01 -1.8956622873e-01 2.1868058451e-14)
1.3800000000e-03	object	(-6.9460960906e+01 -5.8535348209e+01 -3.5253693905e-14)	(-3.6341358244e-01 -1.8961468116e-01 1.9956250221e-14)
1.3900000000e-03	object	(-6.9466116903e+01 -5.8539212190e+01 -3.6511437219e-14)	(-3.6349387321e-01 -1.8965097100e-01 1.7530428136e-14)
1.4000000000e-03	object	(-6.9470977020e+01 -5.8542839195e+01 -3.6038749755e-14)	(-3.6356251397e-01 -1.8968619672e-01 1.6912488460e-14)
1.4100000000e-03	object	(-6.9475559464e+01 -5.8546232112e+01 -3.6424952463e-14)	(-3.6362281654e-01 -1.8972260233e-01 1.7555206172e-14)
