/*--------------------------------*- C++ -*----------------------------------*\
| =========                 |                                                 |
| \\      /  F ield         | OpenFOAM: The Open Source CFD Toolbox           |
|  \\    /   O peration     | Version:  v1612+                                |
|   \\  /    A nd           | Web:      www.OpenFOAM.com                      |
|    \\/     M anipulation  |                                                 |
\*---------------------------------------------------------------------------*/
FoamFile
{
    version     2.0;
    format      ascii;
    class       volScalarField;
    location    "4.78";
    object      dsmcRhoNMean_Ar2;
}
// * * * * * * * * * * * * * * * * * * * * * * * * * * * * * * * * * * * * * //

dimensions      [0 -3 0 0 0 0 0];

internalField   nonuniform List<scalar> 
1000
(
1.394755834
1.977283924
2.499628349
2.999116249
3.48920484
3.96735739
4.452361711
4.924554883
5.403502593
5.875821089
6.341393691
6.828137424
7.295276577
7.769632671
8.234742869
8.710641746
9.163256266
9.636579516
10.1172299
10.59217373
11.06090968
11.53622299
12.00741357
12.46989628
12.94641314
13.41238116
13.89566119
14.36736171
14.83613008
15.30338807
15.77915082
16.27230985
16.74497839
17.22136344
17.69636992
18.17310285
18.64592697
19.12117113
19.59017502
20.05924157
20.5269274
20.99668107
21.46418539
21.94515557
22.38719749
22.89292351
23.35042999
23.82365169
24.30351124
24.76186258
25.21640233
25.70237252
26.18726664
26.64216076
27.15021824
27.61285004
28.07929775
28.56166811
29.04735523
29.51434961
29.99770743
30.4717178
30.92543863
31.40068496
31.87077139
32.3431828
32.82367545
33.28236819
33.74242005
34.22913354
34.6880618
35.17078652
35.63589888
36.1040968
36.58770311
37.04542567
37.55639801
38.01358902
38.50031979
38.96881806
39.42354581
39.9172688
40.36922861
40.85250864
41.32367545
41.78510372
42.26716724
42.72005186
43.17701815
43.66640882
44.15310069
44.60879862
45.05431504
45.53434529
46.00451815
46.48412705
46.95444468
47.41680207
47.89030251
48.37026145
48.84192956
49.29159032
49.78022904
50.2927312
50.73072385
51.20244382
51.71828868
52.1446478
52.64480121
53.11863656
53.5910847
54.0511452
54.56069144
54.99262748
55.43458729
55.93968669
56.41665298
56.9138656
57.36083405
57.82913137
58.29326707
58.71985739
59.24197926
59.68370787
60.16356309
60.64936474
61.12361711
61.58151685
62.09211322
62.54586646
62.99251945
63.49111711
63.93885696
64.46388289
64.90603284
65.38073034
65.84520311
66.32598315
66.84351988
67.31237035
67.76764693
68.24634183
68.71251296
69.18769447
69.65348531
70.11184745
70.59629862
71.06749352
71.50086646
72.003965
72.45981634
72.95173725
73.43709594
73.91097234
74.37955704
74.84257779
75.35532627
75.79752809
76.23505402
76.74814391
77.19821089
77.68565471
78.14443388
78.59079084
79.05148444
79.52888721
80.04226664
80.53176966
81.01496759
81.44129862
81.95712619
82.41034788
82.86206569
83.31826275
83.79003457
84.26245895
84.71839239
85.22022688
85.69321089
86.12810933
86.58816551
87.07524633
87.53780899
88.04519447
88.4845376
88.95120354
89.46906439
89.94273552
90.38231201
90.86568064
91.32143258
91.78520527
92.25813526
92.7381828
93.26804667
93.768293
94.25422429
94.75752593
95.25444252
95.84002809
1.393854797
1.979196197
2.497160761
3.001488764
3.494207001
3.971579516
4.446030683
4.936503889
5.405060501
5.882962403
6.353787813
6.822666379
7.301138721
7.770406223
8.234377701
8.70445981
9.181728608
9.652288245
10.128535
10.58916379
11.07336646
11.53200519
12.00260804
12.46813526
12.9426815
13.41729689
13.89299697
14.36590752
14.83699222
15.30619058
15.78924806
16.27129213
16.75724935
17.21781547
17.68282627
18.16994814
18.63564823
19.11466292
19.58703976
20.05252377
20.50787597
20.99670052
21.45894339
21.9482822
22.40493086
22.88634399
23.38532627
23.8398401
24.30599827
24.77549481
25.23981417
25.72617761
26.20260372
26.66714131
27.15383535
27.61294296
28.07305532
28.56964131
29.04170052
29.51216724
29.97208729
30.44957865
30.94779386
31.40128565
31.87623812
32.33266638
32.82269663
33.27603933
33.75923941
34.23897796
34.71629862
35.18087727
35.67080164
36.12998055
36.60331677
37.05893907
37.53287381
37.99256914
38.48334486
38.95528522
39.40011668
39.90283492
40.37770743
40.85400821
41.31660328
41.77842913
42.25723639
42.71442092
43.20716724
43.68687122
44.15062446
44.59824114
45.06205272
45.52131806
46.01644771
46.46872299
46.95576491
47.42426318
47.90725799
48.37781547
48.87392178
49.31171348
49.79084918
50.28424806
50.7721478
51.20933016
51.66809853
52.15194468
52.65747839
53.15392826
53.56092697
54.05098747
54.51010372
54.98400173
55.4733643
55.9323293
56.40945117
56.91020743
57.34237684
57.78639585
58.29533276
58.79124892
59.2398185
59.68700951
60.14477744
60.66160977
61.1508643
61.59500432
62.07901685
62.52449654
63.01499784
63.48889369
63.98415946
64.43762748
64.91899525
65.40774417
65.84300562
66.34400821
66.84264261
67.3056115
67.78120138
68.23905575
68.67976232
69.18236387
69.64991357
70.11445981
70.59436906
71.0578414
71.53071737
72.0219274
72.50134399
72.95763397
73.4318172
73.88093777
74.337379
74.85639369
75.32576491
75.79319144
76.26700303
76.73978825
77.23130294
77.68678263
78.13433232
78.62261452
79.10077355
79.55835782
80.04960242
80.52695765
80.98605445
81.50468453
81.97110847
82.44910328
82.8512446
83.35682152
83.79754538
84.26694468
84.71394123
85.18826275
85.68573466
86.16035653
86.63626188
87.07800778
87.54935177
88.02431288
88.49700303
88.9742567
89.46032844
89.93622299
90.41737252
90.87106525
91.35852204
91.82280899
92.30640233
92.82026577
93.26117545
93.76837943
94.22203976
94.74022472
95.28696629
95.84300994
1.394328003
1.978063959
2.500151253
2.995838375
3.486043647
3.969286949
4.442314175
4.91778522
5.399332325
5.878213051
6.350466724
6.819481417
7.290196629
7.766748055
8.231153846
8.690246327
9.178362143
9.643187122
10.12054235
10.5854019
11.06013397
11.53335134
12.00314607
12.47573466
12.96144123
13.42590536
13.89005402
14.36982282
14.83884183
15.3167675
15.78011884
16.2496478
16.74358686
17.20873812
17.67715428
18.17699222
18.63939499
19.09759723
19.57084702
20.03644339
20.51936906
21.01264477
21.47596154
21.94922429
22.41547969
22.90034356
23.36918539
23.82189067
24.2971586
24.76742869
25.25141962
25.73047537
26.20693172
26.64999136
27.14890017
27.6382325
28.07771175
28.54467589
29.02589888
29.4988051
29.95886776
30.45341832
30.91516854
31.39366033
31.86686258
32.3337057
32.80904062
33.28640882
33.74826059
34.23012532
34.73691876
35.19064607
35.63817416
36.1212446
36.59052506
37.0813159
37.54510588
38.00341616
38.4805726
38.95589239
39.41580164
39.8633427
40.37945765
40.84931288
41.3232433
41.82568928
42.25904927
42.73920052
43.21415514
43.68020527
44.15753025
44.59111927
45.07436906
45.53338159
46.03144555
46.50063959
46.96693604
47.44527874
47.92089888
48.37420916
48.85774417
49.31734659
49.77103284
50.26571305
50.73307692
51.23232066
51.67169836
52.15432368
52.64861495
53.15656007
53.59060285
54.04790622
54.50432152
54.99490709
55.48633103
55.98257563
56.399328
56.8784529
57.34260804
57.79127917
58.28762748
58.77485307
59.24448358
59.720793
60.17137208
60.65391314
61.11863008
61.61890882
62.08216508
62.52014909
63.00413354
63.49788894
63.96059205
64.44691659
64.93314607
65.39036733
65.85778522
66.33906871
66.82909896
67.33202679
67.74788894
68.2511841
68.71606093
69.20384831
69.62653846
70.11928263
70.60005618
71.0767675
71.52497623
72.0233643
72.52242869
72.97235091
73.41829516
73.91153846
74.34675454
74.8579624
75.33397796
75.84472774
76.25894555
76.73726016
77.21048833
77.67791054
78.17168539
78.60760156
79.06573034
79.56203328
80.01687554
80.52508643
80.9663764
81.48288894
81.92789758
82.42203328
82.86062014
83.31890233
83.8139866
84.29564175
84.71977096
85.21623812
85.64058124
86.17403846
86.60073466
87.08789758
87.56751513
88.04303587
88.52216724
88.98198574
89.44210242
89.93284788
90.38384399
90.8688656
91.36883103
91.82611927
92.28779386
92.76907952
93.23928479
93.71805099
94.19070873
94.73326707
95.25245246
95.84541919
1.384764477
1.975559637
2.495442956
2.999364736
3.487493518
3.964243734
4.448431288
4.9306828
5.406101988
5.880939931
6.342381158
6.82176102
7.291320225
7.760045376
8.23187554
8.693822385
9.171583838
9.638666811
10.10894987
10.58633319
11.06427615
11.53266422
11.99905359
12.4803522
12.95718021
13.43154494
13.88761452
14.37063742
14.84461322
15.31038894
15.79736603
16.26495246
16.73584054
17.20864304
17.68550346
18.1505618
18.64292783
19.111586
19.58123163
20.04734659
20.52791054
20.99422645
21.48192092
21.9381936
22.4180618
22.88264045
23.3594771
23.81525281
24.28715644
24.7681936
25.24708297
25.70780683
26.20021392
26.67796456
27.15509723
27.62957433
28.08225799
28.5572191
29.04116249
29.53006698
29.98323466
30.44023336
30.9196478
31.39902766
31.87816551
32.33158168
32.81673509
33.27884183
33.75961538
34.24058124
34.70770311
35.17465644
35.6443669
36.1227204
36.57599179
37.08808989
37.53760588
38.00655791
38.47095506
38.95708081
39.43810069
39.91121219
40.36980121
40.8353306
41.3249503
41.79896067
42.2801102
42.72232282
43.19075627
43.66206569
44.13002377
44.58812014
45.06874676
45.54996543
46.02164218
46.45020743
46.96874028
47.4417178
47.91255618
48.36589672
48.85840536
49.3157822
49.78267502
50.24380726
50.71993518
51.21478608
51.67933665
52.13909464
52.6595376
53.10254538
53.57177615
54.03782844
54.52704408
55.00696845
55.4836236
55.95489412
56.42171997
56.84601988
57.33063959
57.81141314
58.27142394
58.7487943
59.22092264
59.68962403
60.1821478
60.63723207
61.11294944
61.59593129
62.09042135
62.56340968
63.02957649
63.51823682
63.957621
64.43499352
64.90245895
65.38400389
65.8897299
66.36881158
66.87320009
67.29202463
67.76982714
68.23037813
68.71029386
69.20043647
69.63984443
70.10657087
70.59682368
71.06801426
71.5187554
72.01975367
72.53010372
72.97788462
73.44066119
73.91041054
74.40329084
74.89477744
75.35068928
75.79436906
76.25339023
76.74454408
77.19662921
77.68574546
78.15451599
78.62661409
79.11775281
79.5455726
80.01716508
80.5051707
80.94868194
81.45165514
81.93973423
82.41941227
82.87357174
83.34135264
83.80775281
84.2617675
84.68599395
85.21861063
85.64673941
86.13619274
86.6140471
87.06451815
87.55101124
88.03800778
88.47775497
88.99168107
89.46621435
89.93183016
90.40042135
90.87917243
91.34221046
91.82955488
92.28877917
92.76347666
93.22402334
93.73958729
94.2299892
94.6960739
95.2377312
95.86163354
1.388165514
1.975319793
2.500613656
3.000734659
3.488714347
3.968710026
4.455082109
4.931328868
5.409768799
5.880367329
6.335831893
6.814293431
7.284807692
7.756825843
8.239837943
8.708444252
9.171181936
9.64477312
10.11247623
10.58066768
11.06447494
11.51671132
11.99711106
12.46583621
12.94925022
13.42967373
13.89878781
14.37463699
14.85678263
15.31967589
15.77812878
16.2613764
16.75090968
17.21992005
17.68950951
18.12518583
18.62809205
19.11658816
19.59271175
20.06634399
20.51207217
20.97495246
21.45860631
21.95483146
22.42763829
22.88558989
23.37843777
23.81635696
24.27676966
24.7469771
25.21598747
25.69736603
26.19453111
26.66606742
27.13108038
27.63343777
28.0814153
28.55394123
29.02499568
29.50493302
29.96635048
30.43994382
30.9160739
31.38097882
31.8754408
32.33724071
32.80022472
33.28170916
33.74508211
34.20534356
34.70839239
35.17086863
35.64976016
36.09548185
36.5793064
37.05128133
37.54320225
38.02824978
38.49216508
38.95795592
39.43950735
39.89858902
40.36396067
40.82497839
41.29285869
41.79253673
42.26279386
42.73798185
43.21175454
43.67388505
44.13915514
44.62941876
45.07233362
45.52784788
46.02193604
46.47082973
46.9563051
47.43770095
47.89954192
48.39593993
48.84873812
49.31605229
49.79708513
50.26043647
50.74753889
51.23012748
51.65447061
52.15621867
52.65072169
53.10479257
53.57692524
54.06846154
54.54947494
55.00548401
55.4919274
55.94934745
56.44307908
56.87217805
57.34111711
57.80288245
58.27391962
58.73324114
59.22131158
59.71570657
60.17171348
60.64516854
61.12464564
61.59374892
62.09962403
62.55936041
63.00400821
63.50108254
63.98538894
64.45620138
64.92199438
65.43463483
65.89727312
66.37868842
66.84826491
67.30886344
67.79280035
68.25363872
68.72857822
69.20576275
69.65740709
70.11690579
70.5888656
71.03738764
71.50524849
72.03208297
72.50275497
72.96202895
73.43001945
73.90844857
74.39578436
74.88650605
75.35536949
75.82081893
76.27293215
76.70129213
77.18933881
77.67535436
78.18028522
78.65859551
79.11195981
79.55658384
80.03873163
80.48732714
80.97902334
81.44617545
81.88012316
82.37163354
82.86178479
83.33371219
83.7728414
84.23316768
84.71254538
85.17099179
85.67759939
86.15655359
86.5917675
87.06360847
87.50890882
88.03622731
88.46871219
88.97802723
89.44957001
89.93269879
90.3974395
90.87963915
91.3699892
91.81522256
92.25301858
92.73151685
93.22538245
93.71186474
94.23417027
94.71832541
95.21998704
95.8417178
)
;

boundaryField
{
    bottom
    {
        type            calculated;
        value           nonuniform List<scalar> 
200
(
1.394755834
1.977283924
2.499628349
2.999116249
3.48920484
3.96735739
4.452361711
4.924554883
5.403502593
5.875821089
6.341393691
6.828137424
7.295276577
7.769632671
8.234742869
8.710641746
9.163256266
9.636579516
10.1172299
10.59217373
11.06090968
11.53622299
12.00741357
12.46989628
12.94641314
13.41238116
13.89566119
14.36736171
14.83613008
15.30338807
15.77915082
16.27230985
16.74497839
17.22136344
17.69636992
18.17310285
18.64592697
19.12117113
19.59017502
20.05924157
20.5269274
20.99668107
21.46418539
21.94515557
22.38719749
22.89292351
23.35042999
23.82365169
24.30351124
24.76186258
25.21640233
25.70237252
26.18726664
26.64216076
27.15021824
27.61285004
28.07929775
28.56166811
29.04735523
29.51434961
29.99770743
30.4717178
30.92543863
31.40068496
31.87077139
32.3431828
32.82367545
33.28236819
33.74242005
34.22913354
34.6880618
35.17078652
35.63589888
36.1040968
36.58770311
37.04542567
37.55639801
38.01358902
38.50031979
38.96881806
39.42354581
39.9172688
40.36922861
40.85250864
41.32367545
41.78510372
42.26716724
42.72005186
43.17701815
43.66640882
44.15310069
44.60879862
45.05431504
45.53434529
46.00451815
46.48412705
46.95444468
47.41680207
47.89030251
48.37026145
48.84192956
49.29159032
49.78022904
50.2927312
50.73072385
51.20244382
51.71828868
52.1446478
52.64480121
53.11863656
53.5910847
54.0511452
54.56069144
54.99262748
55.43458729
55.93968669
56.41665298
56.9138656
57.36083405
57.82913137
58.29326707
58.71985739
59.24197926
59.68370787
60.16356309
60.64936474
61.12361711
61.58151685
62.09211322
62.54586646
62.99251945
63.49111711
63.93885696
64.46388289
64.90603284
65.38073034
65.84520311
66.32598315
66.84351988
67.31237035
67.76764693
68.24634183
68.71251296
69.18769447
69.65348531
70.11184745
70.59629862
71.06749352
71.50086646
72.003965
72.45981634
72.95173725
73.43709594
73.91097234
74.37955704
74.84257779
75.35532627
75.79752809
76.23505402
76.74814391
77.19821089
77.68565471
78.14443388
78.59079084
79.05148444
79.52888721
80.04226664
80.53176966
81.01496759
81.44129862
81.95712619
82.41034788
82.86206569
83.31826275
83.79003457
84.26245895
84.71839239
85.22022688
85.69321089
86.12810933
86.58816551
87.07524633
87.53780899
88.04519447
88.4845376
88.95120354
89.46906439
89.94273552
90.38231201
90.86568064
91.32143258
91.78520527
92.25813526
92.7381828
93.26804667
93.768293
94.25422429
94.75752593
95.25444252
95.84002809
)
;
    }
    top
    {
        type            calculated;
        value           nonuniform List<scalar> 
200
(
1.388165514
1.975319793
2.500613656
3.000734659
3.488714347
3.968710026
4.455082109
4.931328868
5.409768799
5.880367329
6.335831893
6.814293431
7.284807692
7.756825843
8.239837943
8.708444252
9.171181936
9.64477312
10.11247623
10.58066768
11.06447494
11.51671132
11.99711106
12.46583621
12.94925022
13.42967373
13.89878781
14.37463699
14.85678263
15.31967589
15.77812878
16.2613764
16.75090968
17.21992005
17.68950951
18.12518583
18.62809205
19.11658816
19.59271175
20.06634399
20.51207217
20.97495246
21.45860631
21.95483146
22.42763829
22.88558989
23.37843777
23.81635696
24.27676966
24.7469771
25.21598747
25.69736603
26.19453111
26.66606742
27.13108038
27.63343777
28.0814153
28.55394123
29.02499568
29.50493302
29.96635048
30.43994382
30.9160739
31.38097882
31.8754408
32.33724071
32.80022472
33.28170916
33.74508211
34.20534356
34.70839239
35.17086863
35.64976016
36.09548185
36.5793064
37.05128133
37.54320225
38.02824978
38.49216508
38.95795592
39.43950735
39.89858902
40.36396067
40.82497839
41.29285869
41.79253673
42.26279386
42.73798185
43.21175454
43.67388505
44.13915514
44.62941876
45.07233362
45.52784788
46.02193604
46.47082973
46.9563051
47.43770095
47.89954192
48.39593993
48.84873812
49.31605229
49.79708513
50.26043647
50.74753889
51.23012748
51.65447061
52.15621867
52.65072169
53.10479257
53.57692524
54.06846154
54.54947494
55.00548401
55.4919274
55.94934745
56.44307908
56.87217805
57.34111711
57.80288245
58.27391962
58.73324114
59.22131158
59.71570657
60.17171348
60.64516854
61.12464564
61.59374892
62.09962403
62.55936041
63.00400821
63.50108254
63.98538894
64.45620138
64.92199438
65.43463483
65.89727312
66.37868842
66.84826491
67.30886344
67.79280035
68.25363872
68.72857822
69.20576275
69.65740709
70.11690579
70.5888656
71.03738764
71.50524849
72.03208297
72.50275497
72.96202895
73.43001945
73.90844857
74.39578436
74.88650605
75.35536949
75.82081893
76.27293215
76.70129213
77.18933881
77.67535436
78.18028522
78.65859551
79.11195981
79.55658384
80.03873163
80.48732714
80.97902334
81.44617545
81.88012316
82.37163354
82.86178479
83.33371219
83.7728414
84.23316768
84.71254538
85.17099179
85.67759939
86.15655359
86.5917675
87.06360847
87.50890882
88.03622731
88.46871219
88.97802723
89.44957001
89.93269879
90.3974395
90.87963915
91.3699892
91.81522256
92.25301858
92.73151685
93.22538245
93.71186474
94.23417027
94.71832541
95.21998704
95.8417178
)
;
    }
    inlet
    {
        type            calculated;
        value           nonuniform List<scalar> 5(1.394755834 1.393854797 1.394328003 1.384764477 1.388165514);
    }
    outlet
    {
        type            calculated;
        value           nonuniform List<scalar> 5(95.84002809 95.84300994 95.84541919 95.86163354 95.8417178);
    }
    back
    {
        type            symmetry;
    }
    front
    {
        type            symmetry;
    }
}


// ************************************************************************* //
