/*--------------------------------*- C++ -*----------------------------------*\
| =========                 |                                                 |
| \\      /  F ield         | OpenFOAM: The Open Source CFD Toolbox           |
|  \\    /   O peration     | Version:  v1612+                                |
|   \\  /    A nd           | Web:      www.OpenFOAM.com                      |
|    \\/     M anipulation  |                                                 |
\*---------------------------------------------------------------------------*/
FoamFile
{
    version     2.0;
    format      ascii;
    class       volScalarField;
    location    "4.78";
    object      dsmcRhoNMean_mix;
}
// * * * * * * * * * * * * * * * * * * * * * * * * * * * * * * * * * * * * * //

dimensions      [0 -3 0 0 0 0 0];

internalField   nonuniform List<scalar> 
1000
(
97.24023768
97.22746975
97.23851556
97.23907736
97.24045808
97.2355726
97.2350497
97.29335998
97.24382671
97.25090104
97.27367761
97.30655143
97.29279386
97.23517718
97.27391746
97.2767178
97.23577139
97.22126188
97.23368626
97.23942956
97.26749136
97.26030035
97.24228176
97.25459162
97.27053155
97.2812057
97.24423293
97.25023336
97.2663548
97.2311344
97.2436236
97.29320441
97.29383751
97.27681936
97.26274849
97.30644339
97.26806612
97.26302074
97.25765341
97.24003457
97.22606958
97.22732714
97.26133319
97.2382822
97.21449222
97.24267286
97.20977096
97.22753025
97.23810717
97.22419836
97.20598315
97.22751296
97.260793
97.23326275
97.306035
97.3053911
97.27848531
97.25660112
97.26467805
97.27671132
97.29707649
97.27288678
97.2795376
97.3117675
97.2420592
97.25554667
97.27077355
97.2403306
97.24628133
97.22671997
97.22666595
97.2520376
97.24365169
97.22916162
97.22332541
97.22777658
97.28936474
97.24549481
97.27858254
97.27352636
97.25027442
97.26022904
97.229328
97.24065687
97.22413137
97.21956785
97.23413354
97.22793215
97.20378781
97.19115817
97.22522472
97.2419771
97.19295376
97.21638073
97.19695333
97.21140449
97.22729473
97.23455488
97.1973401
97.17363224
97.16066768
97.16790622
97.19109551
97.2495981
97.18371435
97.17044944
97.22391314
97.19061366
97.19726232
97.22035653
97.24507779
97.20439283
97.27352204
97.21786517
97.20532411
97.21083189
97.21263829
97.24969965
97.21894339
97.23329084
97.22492653
97.17043431
97.211465
97.18388937
97.19059853
97.21450086
97.17851988
97.17689067
97.2375497
97.18418323
97.16804451
97.21031979
97.17387857
97.22469965
97.22278306
97.24345722
97.20093561
97.199328
97.23626188
97.24608686
97.19811582
97.22655143
97.22972774
97.23474719
97.21388721
97.19620787
97.21735739
97.22512316
97.18770959
97.2270484
97.22115169
97.23181288
97.23716292
97.23303587
97.21262965
97.20375324
97.25049049
97.22184313
97.20815255
97.22439283
97.2156331
97.2286344
97.21837727
97.19506482
97.1993885
97.20973639
97.24497623
97.25906223
97.26002593
97.23033924
97.2761236
97.25996111
97.24313742
97.21439067
97.19652766
97.22490277
97.21432368
97.23057908
97.23544944
97.20001729
97.19779818
97.20967373
97.19119274
97.22019663
97.19906007
97.19070441
97.21810285
97.23315039
97.19904278
97.21777442
97.19802506
97.19162921
97.18241141
97.20017934
97.24830164
97.26022256
97.25555748
97.26198142
97.24654494
97.23629862
97.23035004
97.25664434
97.28246327
97.25789974
97.2600108
97.22378133
97.21905791
97.25221046
97.26791487
97.26067416
97.28469101
97.28987035
97.26662921
97.26831029
97.27474719
97.26569144
97.26280683
97.24637857
97.24742005
97.23656871
97.2691465
97.27402118
97.2888159
97.27121867
97.25128349
97.25163137
97.26496543
97.28736387
97.26399525
97.22312446
97.24435609
97.23515125
97.27127917
97.23263397
97.2387446
97.25600475
97.28191443
97.24298401
97.23271175
97.22128349
97.22186906
97.21627917
97.26157303
97.24725151
97.23026361
97.25002809
97.25301858
97.24055099
97.25149092
97.2480618
97.26343129
97.26515125
97.26685825
97.26469317
97.30922861
97.28053371
97.28038029
97.25081245
97.24531115
97.28765125
97.27467589
97.27134399
97.31135912
97.28032411
97.28854149
97.25854365
97.26330596
97.22707865
97.26213051
97.24607822
97.24536949
97.23280035
97.24129862
97.2381115
97.2454019
97.24844209
97.24764909
97.20427182
97.24746543
97.26986819
97.21233794
97.2583535
97.25723639
97.26295376
97.22095073
97.2337446
97.22382887
97.22211106
97.245
97.24824762
97.22997839
97.20421564
97.20974719
97.20906223
97.21746759
97.19710674
97.18675238
97.22289542
97.21519447
97.18091184
97.20239412
97.19149525
97.205672
97.2200497
97.21766206
97.18886992
97.19777874
97.22015774
97.23098315
97.2630618
97.19695765
97.24406871
97.22030467
97.20012965
97.23466724
97.21112143
97.19701599
97.23349179
97.18936041
97.18018799
97.23851556
97.23761236
97.23023984
97.1971478
97.18879646
97.21570009
97.2196478
97.20844209
97.22002377
97.18430424
97.17407519
97.19488116
97.20549049
97.19594209
97.21941659
97.24270095
97.20957865
97.21735091
97.23854797
97.23577139
97.23202031
97.24659896
97.19530899
97.21860199
97.20881374
97.20508643
97.22122947
97.19475583
97.20044296
97.24215212
97.25370354
97.23880294
97.22040406
97.20617978
97.17531763
97.24423509
97.21851556
97.22243302
97.22588375
97.21720614
97.25219317
97.21660977
97.20773552
97.22882455
97.23652118
97.23053155
97.24109767
97.25530035
97.23690579
97.29346586
97.30453544
97.29746975
97.23690363
97.25182368
97.22221478
97.22077571
97.20409464
97.20385696
97.22684313
97.23207217
97.2426599
97.20570657
97.19967589
97.21102636
97.21670916
97.21677182
97.22112576
97.24002161
97.23960458
97.22901253
97.24103068
97.23420052
97.24160761
97.28349395
97.24345938
97.25768799
97.21999784
97.24566551
97.27140017
97.23606958
97.22096154
97.21249568
97.2570376
97.24065471
97.23966724
97.25443604
97.22973207
97.23111711
97.22787165
97.29490925
97.27758643
97.30957001
97.23367761
97.25058773
97.24867545
97.225793
97.28438634
97.29289542
97.28659464
97.24094425
97.25970398
97.24628349
97.21893691
97.24814607
97.27176102
97.2619382
97.24930424
97.28171132
97.25523552
97.25129213
97.23439499
97.22632239
97.26236387
97.25707433
97.25472774
97.30722126
97.26593345
97.24236603
97.23249136
97.19779386
97.23824546
97.25644987
97.26310069
97.28359767
97.26381158
97.2351102
97.24297105
97.20242437
97.23183016
97.21093345
97.26410545
97.25374892
97.25666379
97.27256482
97.27665946
97.31212835
97.2871694
97.2111236
97.2616465
97.26414218
97.25367761
97.29877053
97.28210242
97.28458729
97.25742005
97.23803371
97.23041919
97.25294296
97.24177398
97.23425886
97.27829084
97.23837295
97.21875972
97.24653846
97.2389153
97.26030467
97.27219749
97.23039758
97.22776793
97.2495376
97.22802723
97.21381806
97.26273336
97.24575843
97.24025929
97.27796024
97.25064391
97.23119058
97.26968885
97.22579084
97.2344274
97.19307476
97.22499568
97.20751729
97.24723639
97.20574114
97.20894987
97.20737035
97.22944901
97.168965
97.19934097
97.19856525
97.16787165
97.20378781
97.20989628
97.25373379
97.2154019
97.23423941
97.24101124
97.25714564
97.21490925
97.2210847
97.20098747
97.19834702
97.19235091
97.22347018
97.19952031
97.20869922
97.19632671
97.17787381
97.19098315
97.21149525
97.22175886
97.22822602
97.1991573
97.2248293
97.18801426
97.19814607
97.21958513
97.18977528
97.18861063
97.21441443
97.18767286
97.21817632
97.23640882
97.224879
97.21602204
97.22330596
97.21911409
97.25718021
97.19652118
97.24381374
97.22334486
97.23453976
97.18185825
97.19763181
97.19933232
97.21301426
97.19640666
97.2104408
97.25389801
97.23073466
97.20816984
97.22271392
97.19235523
97.23760588
97.20339672
97.2704408
97.22223855
97.20975151
97.22234875
97.23441443
97.25194901
97.21792351
97.19617978
97.21368626
97.1895592
97.24573034
97.21971262
97.26991357
97.25142394
97.27621867
97.22479257
97.22544728
97.245914
97.25990061
97.20872731
97.23945117
97.18326491
97.24503025
97.20370787
97.20697926
97.21188202
97.21729041
97.2382325
97.2240363
97.21937986
97.24807476
97.2084529
97.22359334
97.24838591
97.23674589
97.22399525
97.22682584
97.21624676
97.21240493
97.20019015
97.23122083
97.23604581
97.2388159
97.17990277
97.22218237
97.24230337
97.2603522
97.24036517
97.24429775
97.28965212
97.28677182
97.28690363
97.3107325
97.25174373
97.26923725
97.25692524
97.24525281
97.24658384
97.25929127
97.26882671
97.29816551
97.25944901
97.24866249
97.26182152
97.2659637
97.27860847
97.2486841
97.26955704
97.26800562
97.26552723
97.28041271
97.28068496
97.26671348
97.25034788
97.27621003
97.2606115
97.2655618
97.27648012
97.25354581
97.28066551
97.24235523
97.26009075
97.24905143
97.27256914
97.23871435
97.26770311
97.26289758
97.238965
97.24604149
97.22875756
97.21432584
97.19610415
97.24435825
97.24205488
97.23110847
97.27246111
97.30678911
97.28038245
97.31559637
97.23500864
97.25981634
97.27675454
97.31546889
97.30127485
97.29503025
97.28480337
97.26640233
97.26717373
97.25017502
97.28084486
97.24277658
97.24815471
97.23672429
97.26543215
97.22641746
97.24574546
97.26001513
97.20435825
97.25863008
97.23618194
97.25826491
97.25064391
97.23877917
97.25900173
97.27628349
97.25378997
97.25047969
97.24847882
97.23428911
97.24565687
97.22860631
97.25217373
97.21891098
97.2039758
97.2164261
97.204086
97.19939283
97.18423725
97.19241789
97.23830812
97.23555748
97.21701167
97.18598963
97.20271392
97.22611711
97.1960134
97.19639369
97.20703111
97.23105229
97.23976232
97.21850259
97.25342481
97.22343993
97.2076815
97.23142178
97.23776361
97.24867978
97.22455704
97.20098747
97.20186041
97.16603068
97.18578003
97.2148401
97.21241357
97.20906871
97.22409248
97.20882022
97.22898876
97.18915514
97.17882887
97.1770484
97.21016422
97.22266854
97.22934529
97.21744382
97.19969317
97.21210458
97.18058773
97.18948358
97.23542135
97.2256828
97.25753457
97.21866681
97.21584486
97.21110631
97.20754538
97.23367761
97.21835566
97.20304451
97.2052917
97.20418539
97.19912489
97.22284572
97.24861927
97.24787381
97.2255618
97.23189931
97.25585134
97.25720182
97.24220614
97.23757995
97.21649525
97.22953111
97.21341184
97.2307433
97.24541271
97.20276361
97.23496975
97.1869382
97.20192956
97.22099611
97.19117329
97.22800994
97.24593345
97.25124244
97.2405121
97.2478414
97.2441962
97.23361495
97.16326923
97.23901253
97.19923077
97.20983794
97.20794944
97.18521392
97.1876102
97.22444036
97.19456569
97.23849395
97.24015774
97.22693172
97.22177182
97.23525929
97.22873596
97.24009075
97.22302506
97.22461538
97.20878565
97.24152334
97.23109551
97.19603933
97.21663137
97.25535004
97.23845506
97.27887208
97.27380726
97.24780035
97.28443388
97.24024633
97.28148012
97.27245895
97.28459162
97.24951815
97.25566768
97.26289542
97.24131374
97.24442956
97.27231201
97.29339239
97.29316551
97.26245895
97.23882671
97.19654278
97.26107606
97.24028954
97.23166379
97.26144339
97.22518799
97.2418172
97.2564261
97.26095938
97.27985739
97.23867113
97.22387208
97.22048833
97.26202679
97.29257779
97.24194901
97.229879
97.27395851
97.28456353
97.25808557
97.27897148
97.27845506
97.22316984
97.24310717
97.25362792
97.26586646
97.21766206
97.25961755
97.2655726
97.21992221
97.23026361
97.21568496
97.24889153
97.24466508
97.26244166
97.23824546
97.25310285
97.22570873
97.24778738
97.23020527
97.26983146
97.26162921
97.2923898
97.25486387
97.25205704
97.27659248
97.25885048
97.23092481
97.24780251
97.239207
97.23439499
97.25553587
97.24999784
97.24842264
97.19847882
97.23503025
97.24884183
97.27370354
97.26656655
97.28633967
97.22925022
97.24183016
97.27242869
97.2440363
97.2441573
97.25480985
97.2793172
97.26222558
97.22309637
97.24315903
97.22867545
97.2131223
97.24021392
97.16937986
97.20883319
97.20468885
97.19641962
97.23065255
97.18462187
97.20085134
97.19365385
97.18380942
97.22223423
97.24063094
97.20713915
97.23568712
97.22877917
97.18314607
97.20192092
97.22320225
97.19466508
97.20417891
97.21906871
97.22907519
97.2266962
97.22582541
97.20628781
97.22639585
97.1915363
97.2053414
97.21327355
97.20792783
97.17712403
97.19982714
97.21316119
97.21380726
97.2132325
97.22780251
97.20691659
97.22568712
97.23087511
97.20560285
97.21385912
97.21331893
97.208172
97.20658384
97.2492178
97.24201167
97.23109334
97.21558989
97.2145376
97.24419188
97.2222796
97.22404494
97.25402766
97.22017934
97.22633319
97.18474503
97.17422861
97.19631374
97.24921997
97.2372796
97.21932152
97.21780251
97.23658384
97.25003457
97.24811582
97.23504538
97.25164434
97.25115169
97.19037813
97.19917891
97.21771175
97.25510372
97.2692675
97.24693388
97.21452247
97.24795808
97.22313526
97.23662705
97.21440363
97.18595722
97.21288245
97.21778738
97.22145851
97.22197494
97.2078306
97.18941011
97.18545592
97.21902766
97.22572602
97.19586646
97.17263181
97.15206569
97.21896283
97.18498487
97.21845938
97.21417459
97.2319382
97.21497839
97.22694252
97.25476232
97.21693172
97.18182152
97.18982714
97.20359767
97.20670916
97.24532411
97.22259075
97.19963915
97.22825411
)
;

boundaryField
{
    bottom
    {
        type            calculated;
        value           nonuniform List<scalar> 
200
(
97.24023768
97.22746975
97.23851556
97.23907736
97.24045808
97.2355726
97.2350497
97.29335998
97.24382671
97.25090104
97.27367761
97.30655143
97.29279386
97.23517718
97.27391746
97.2767178
97.23577139
97.22126188
97.23368626
97.23942956
97.26749136
97.26030035
97.24228176
97.25459162
97.27053155
97.2812057
97.24423293
97.25023336
97.2663548
97.2311344
97.2436236
97.29320441
97.29383751
97.27681936
97.26274849
97.30644339
97.26806612
97.26302074
97.25765341
97.24003457
97.22606958
97.22732714
97.26133319
97.2382822
97.21449222
97.24267286
97.20977096
97.22753025
97.23810717
97.22419836
97.20598315
97.22751296
97.260793
97.23326275
97.306035
97.3053911
97.27848531
97.25660112
97.26467805
97.27671132
97.29707649
97.27288678
97.2795376
97.3117675
97.2420592
97.25554667
97.27077355
97.2403306
97.24628133
97.22671997
97.22666595
97.2520376
97.24365169
97.22916162
97.22332541
97.22777658
97.28936474
97.24549481
97.27858254
97.27352636
97.25027442
97.26022904
97.229328
97.24065687
97.22413137
97.21956785
97.23413354
97.22793215
97.20378781
97.19115817
97.22522472
97.2419771
97.19295376
97.21638073
97.19695333
97.21140449
97.22729473
97.23455488
97.1973401
97.17363224
97.16066768
97.16790622
97.19109551
97.2495981
97.18371435
97.17044944
97.22391314
97.19061366
97.19726232
97.22035653
97.24507779
97.20439283
97.27352204
97.21786517
97.20532411
97.21083189
97.21263829
97.24969965
97.21894339
97.23329084
97.22492653
97.17043431
97.211465
97.18388937
97.19059853
97.21450086
97.17851988
97.17689067
97.2375497
97.18418323
97.16804451
97.21031979
97.17387857
97.22469965
97.22278306
97.24345722
97.20093561
97.199328
97.23626188
97.24608686
97.19811582
97.22655143
97.22972774
97.23474719
97.21388721
97.19620787
97.21735739
97.22512316
97.18770959
97.2270484
97.22115169
97.23181288
97.23716292
97.23303587
97.21262965
97.20375324
97.25049049
97.22184313
97.20815255
97.22439283
97.2156331
97.2286344
97.21837727
97.19506482
97.1993885
97.20973639
97.24497623
97.25906223
97.26002593
97.23033924
97.2761236
97.25996111
97.24313742
97.21439067
97.19652766
97.22490277
97.21432368
97.23057908
97.23544944
97.20001729
97.19779818
97.20967373
97.19119274
97.22019663
97.19906007
97.19070441
97.21810285
97.23315039
97.19904278
97.21777442
97.19802506
97.19162921
97.18241141
97.20017934
97.24830164
97.26022256
97.25555748
97.26198142
97.24654494
97.23629862
)
;
    }
    top
    {
        type            calculated;
        value           nonuniform List<scalar> 
200
(
97.23845506
97.27887208
97.27380726
97.24780035
97.28443388
97.24024633
97.28148012
97.27245895
97.28459162
97.24951815
97.25566768
97.26289542
97.24131374
97.24442956
97.27231201
97.29339239
97.29316551
97.26245895
97.23882671
97.19654278
97.26107606
97.24028954
97.23166379
97.26144339
97.22518799
97.2418172
97.2564261
97.26095938
97.27985739
97.23867113
97.22387208
97.22048833
97.26202679
97.29257779
97.24194901
97.229879
97.27395851
97.28456353
97.25808557
97.27897148
97.27845506
97.22316984
97.24310717
97.25362792
97.26586646
97.21766206
97.25961755
97.2655726
97.21992221
97.23026361
97.21568496
97.24889153
97.24466508
97.26244166
97.23824546
97.25310285
97.22570873
97.24778738
97.23020527
97.26983146
97.26162921
97.2923898
97.25486387
97.25205704
97.27659248
97.25885048
97.23092481
97.24780251
97.239207
97.23439499
97.25553587
97.24999784
97.24842264
97.19847882
97.23503025
97.24884183
97.27370354
97.26656655
97.28633967
97.22925022
97.24183016
97.27242869
97.2440363
97.2441573
97.25480985
97.2793172
97.26222558
97.22309637
97.24315903
97.22867545
97.2131223
97.24021392
97.16937986
97.20883319
97.20468885
97.19641962
97.23065255
97.18462187
97.20085134
97.19365385
97.18380942
97.22223423
97.24063094
97.20713915
97.23568712
97.22877917
97.18314607
97.20192092
97.22320225
97.19466508
97.20417891
97.21906871
97.22907519
97.2266962
97.22582541
97.20628781
97.22639585
97.1915363
97.2053414
97.21327355
97.20792783
97.17712403
97.19982714
97.21316119
97.21380726
97.2132325
97.22780251
97.20691659
97.22568712
97.23087511
97.20560285
97.21385912
97.21331893
97.208172
97.20658384
97.2492178
97.24201167
97.23109334
97.21558989
97.2145376
97.24419188
97.2222796
97.22404494
97.25402766
97.22017934
97.22633319
97.18474503
97.17422861
97.19631374
97.24921997
97.2372796
97.21932152
97.21780251
97.23658384
97.25003457
97.24811582
97.23504538
97.25164434
97.25115169
97.19037813
97.19917891
97.21771175
97.25510372
97.2692675
97.24693388
97.21452247
97.24795808
97.22313526
97.23662705
97.21440363
97.18595722
97.21288245
97.21778738
97.22145851
97.22197494
97.2078306
97.18941011
97.18545592
97.21902766
97.22572602
97.19586646
97.17263181
97.15206569
97.21896283
97.18498487
97.21845938
97.21417459
97.2319382
97.21497839
97.22694252
97.25476232
97.21693172
97.18182152
97.18982714
97.20359767
97.20670916
97.24532411
97.22259075
97.19963915
97.22825411
)
;
    }
    inlet
    {
        type            calculated;
        value           nonuniform List<scalar> 5(97.24023768 97.23035004 97.22096154 97.17990277 97.23845506);
    }
    outlet
    {
        type            calculated;
        value           nonuniform List<scalar> 5(97.23629862 97.23606958 97.2388159 97.25535004 97.22825411);
    }
    back
    {
        type            symmetry;
    }
    front
    {
        type            symmetry;
    }
}


// ************************************************************************* //
