/*--------------------------------*- C++ -*----------------------------------*\
| =========                 |                                                 |
| \\      /  F ield         | OpenFOAM: The Open Source CFD Toolbox           |
|  \\    /   O peration     | Version:  v1612+                                |
|   \\  /    A nd           | Web:      www.OpenFOAM.com                      |
|    \\/     M anipulation  |                                                 |
\*---------------------------------------------------------------------------*/
FoamFile
{
    version     2.0;
    format      ascii;
    class       volScalarField;
    location    "4.78";
    object      dsmcRhoNMean_Ar1;
}
// * * * * * * * * * * * * * * * * * * * * * * * * * * * * * * * * * * * * * //

dimensions      [0 -3 0 0 0 0 0];

internalField   nonuniform List<scalar> 
1000
(
95.84548185
95.25018583
94.73888721
94.23996111
93.75125324
93.26821521
92.78268799
92.3688051
91.84032411
91.37507995
90.93228392
90.478414
89.99751729
89.46554451
89.03917459
88.56607606
88.07251513
87.58468237
87.11645635
86.64725583
86.20658168
85.72407736
85.23486819
84.78469533
84.32411841
83.86882455
83.34857174
82.88287165
82.43022472
81.92774633
81.46447277
81.02089455
80.54885912
80.05545592
79.56637857
79.13334054
78.62213915
78.14184961
77.66747839
77.180793
76.69914218
76.23064607
75.7971478
75.29312662
74.82729473
74.34974935
73.85934097
73.40387857
72.93459594
72.46233578
71.98958081
71.52514045
71.07352636
70.59110199
70.15581677
69.69254105
69.19918755
68.69493302
68.21732282
67.76236171
67.29936906
66.80116897
66.35409896
65.91108254
65.37128781
64.91236387
64.4470981
63.9579624
63.50386128
62.99758643
62.53860415
62.08125108
61.60775281
61.12506482
60.6356223
60.18235091
59.73296672
59.23190579
58.77826275
58.3047083
57.82672861
57.34296024
56.86009939
56.38814823
55.90045592
55.43446413
54.96696629
54.50788029
54.02676966
53.52474935
53.07212403
52.63317848
52.13863872
51.68203544
51.19243518
50.72727744
50.27285004
49.81775281
49.3070376
48.80337079
48.31873812
47.8763159
47.41086646
46.9568669
46.45299049
45.96800562
45.50562446
45.04596586
44.55246111
44.10171997
43.65399309
43.15324762
42.7128306
42.22523768
41.77073682
41.2711452
40.79598531
40.33583405
39.85810933
39.40415946
38.93165946
38.45057692
37.96948574
37.5001815
37.02703544
36.56513613
36.05490277
35.59537381
35.14543647
34.63831677
34.17552506
33.71920268
33.23502161
32.76081677
32.31675022
31.86272688
31.3557325
30.87334486
30.39274201
29.93371651
29.43046889
28.98020959
28.51721478
28.04705272
27.5604019
27.08436041
26.62105877
26.15762965
25.68684313
25.22308341
24.76133535
24.28007563
23.80006698
23.32206353
22.8330726
22.36117545
21.89516422
21.42431504
20.97309853
20.47624892
20.01742221
19.54297969
19.07394339
18.60427398
18.14790406
17.68084918
17.20270959
16.72729257
16.24505834
15.78904062
15.31899741
14.84961322
14.38107174
13.89612792
13.40649309
12.96244382
12.49593129
12.0103522
11.54223855
11.07190795
10.60963267
10.1344274
9.653383751
9.175002161
8.714522472
8.239500864
7.749038462
7.290414866
6.816730769
6.352093777
5.876592481
5.406423941
4.924276145
4.461996543
3.98025497
3.491929559
3.001333189
2.504455488
1.99210242
1.396270527
95.83649525
95.27744814
94.78530251
94.25641098
93.7658038
93.25220182
92.77302723
92.31570657
91.86285436
91.37771175
90.9309032
90.46720398
89.96549049
89.49790406
89.04036949
88.56123163
88.08107822
87.59409032
87.11888505
86.64740493
86.19578003
85.74201599
85.28620787
84.80308341
84.30860199
83.83433449
83.37196845
82.92145635
82.42700303
81.91693388
81.45510804
80.96385912
80.51402982
80.0148185
79.55591832
79.08605661
78.64626621
78.12832109
77.645672
77.16875972
76.71399309
76.21957865
75.80262965
75.29896932
74.82533276
74.3636841
73.86769231
73.40071089
72.94549265
72.47256698
72.02361711
71.53897364
71.06425454
70.59755186
70.15539326
69.66759075
69.20732498
68.68117113
68.20361063
67.77548401
67.30258859
66.82176534
66.36356525
65.87903846
65.41230337
64.92587727
64.44060933
63.95103933
63.5028911
63.00710026
62.52907087
62.05192308
61.57049697
61.10813094
60.64208513
60.18950303
59.71477528
59.21170268
58.76412057
58.31458297
57.81222126
57.35551858
56.87952895
56.40894555
55.90434745
55.45531547
54.96659248
54.50769015
54.03783276
53.5613764
53.07935393
52.6059745
52.14769447
51.68774417
51.20101988
50.72838375
50.23098747
49.79863224
49.30793647
48.80309637
48.32847234
47.87978176
47.41482282
46.93580164
46.44551426
45.97953976
45.52968021
45.06821305
44.57350475
44.10913354
43.63603068
43.19308124
42.71020095
42.21612792
41.76130294
41.27879213
40.78756482
40.32328436
39.84698358
39.39379213
38.9431828
38.44636344
37.99042135
37.51013829
37.04401901
36.55409032
36.06878349
35.61343777
35.14100691
34.65980769
34.15907736
33.70598747
33.22133103
32.75831461
32.30042135
31.83495678
31.36657303
30.8733427
30.39590536
29.9301599
29.45081893
29.00754322
28.51554667
28.03623812
27.55890017
27.09062662
26.62686041
26.13691443
25.66972558
25.22022472
24.75235955
24.28116897
23.78858686
23.32524201
22.83793863
22.3878414
21.89275065
21.42924157
20.95888073
20.47741789
20.02089023
19.52982714
19.0734032
18.60621003
18.13574762
17.67217373
17.19149525
16.7283427
16.25085134
15.78878133
15.33342697
14.84836646
14.38565903
13.89500216
13.4246694
12.95383103
12.49015341
12.01559421
11.54110847
11.07171564
10.60639801
10.12769879
9.650324114
9.186713483
8.719706137
8.242515125
7.760797321
7.303798617
6.822232066
6.357947277
5.882508643
5.41139153
4.935205272
4.463228176
3.982283924
3.489308557
2.997958081
2.505440795
1.984433881
1.393059637
95.82663354
95.23443172
94.75688634
94.24481634
93.7536236
93.28514909
92.78741789
92.31333189
91.82853933
91.4166962
90.92711971
90.49008859
89.94348099
89.48383967
89.01752161
88.53554667
88.1060242
87.6497083
87.16605229
86.65554235
86.19957001
85.71293215
85.21579084
84.77241141
84.31031979
83.83603284
83.35925022
82.9118885
82.41639369
81.93452463
81.45427615
80.97667459
80.51877701
80.04833621
79.57757347
79.13022904
78.62653846
78.1447688
77.66164434
77.16135048
76.7188764
76.2438051
75.78713915
75.33437338
74.84833189
74.33476664
73.87378565
73.38053371
72.93467156
72.44350475
72.01268583
71.52327355
71.04973207
70.62257347
70.12775929
69.67389585
69.20945765
68.66644771
68.23574762
67.76533708
67.29480985
66.8453522
66.36693388
65.89092697
65.39055748
64.904328
64.42137857
63.96653414
63.4935134
63.00413354
62.54137208
62.04772688
61.58058557
61.12529386
60.64839023
60.17898876
59.72709162
59.22698142
58.74719533
58.2936452
57.81222558
57.35047537
56.88327571
56.39644555
55.91701599
55.45227096
54.99159464
54.49199006
54.05553371
53.54558557
53.07689715
52.60195549
52.15062662
51.6741357
51.21579084
50.70510156
50.24201383
49.76209162
49.30855013
48.79475583
48.3415968
47.88121867
47.39683881
46.93807476
46.47681936
46.02141314
45.54370354
45.07991573
44.59239628
44.10058557
43.6243064
43.17317848
42.69666595
42.20343993
41.70601988
41.24089455
40.80019231
40.33024633
39.85371867
39.38659464
38.90335566
38.43664218
37.97727528
37.50743302
37.02778522
36.57091616
36.06938418
35.57923725
35.13742005
34.66962619
34.1844771
33.7165255
33.22708081
32.77125972
32.30326275
31.83451167
31.35823682
30.88423725
30.39001513
29.92515341
29.44863224
28.99262965
28.50728392
28.03069144
27.55531979
27.07834918
26.59927615
26.13624676
25.67143042
25.18707649
24.73146932
24.25838375
23.78987468
23.31117545
22.84560069
22.37964347
21.86941876
21.42571305
20.963293
20.47249136
20.01186041
19.55650389
19.08026361
18.61032195
18.13044944
17.65165298
17.17268366
16.72064391
16.25333621
15.78702463
15.32352636
14.85418539
14.36417243
13.90654494
13.4319274
12.96425886
12.48895635
12.02321305
11.54268366
11.07099179
10.60297321
10.11908168
9.644366897
9.174254538
8.716065255
8.242050562
7.777277442
7.31522688
6.824608902
6.354727744
5.879554883
5.410626621
4.936201383
4.457746327
3.976961971
3.494353933
3.009481417
2.49795376
1.983593345
1.393396716
95.79513829
95.24662273
94.74686041
94.26098747
93.75287165
93.28005402
92.84122083
92.35608902
91.88080164
91.42979257
90.90936258
90.44747623
89.96560501
89.48520743
89.0147083
88.56546889
88.09724287
87.6594987
87.15049914
86.6623293
86.19754538
85.73329948
85.27955488
84.76833189
84.31237684
83.83646067
83.37791271
82.90977528
82.43607174
81.95632455
81.45298185
81.01125756
80.52477096
80.05691876
79.59097666
79.10298401
78.63773768
78.13076923
77.67885912
77.20170484
76.7446586
76.2444879
75.7857822
75.32470398
74.8209032
74.36340104
73.86928047
73.39907303
72.90894771
72.47616465
71.99497191
71.52330164
71.07224719
70.62882455
70.12528522
69.68602204
69.15275065
68.70259723
68.23559205
67.7854019
67.31804019
66.85479689
66.36515557
65.86737468
65.38900821
64.91859334
64.46410977
63.96393475
63.48853933
62.99614304
62.55772904
62.05176102
61.60137857
61.13729473
60.62836646
60.17054019
59.69857606
59.251707
58.77968885
58.28169836
57.82090104
57.36507131
56.88398876
56.41514909
55.92352852
55.43532844
54.96554667
54.50628349
54.06141746
53.55684529
53.07395203
52.62830596
52.13533924
51.6494274
51.16259507
50.74221046
50.26956785
49.79383967
49.30445549
48.82009291
48.34430856
47.91033492
47.41333838
46.95258643
46.48709594
46.01626621
45.56042567
45.07940795
44.59388721
44.12089455
43.63590536
43.19359334
42.71071953
42.24171132
41.74093345
41.24609334
40.78014045
40.3200108
39.85514045
39.40342697
38.94098963
38.46027442
38.00316984
37.5191962
37.04684097
36.55192308
36.06587943
35.58111711
35.11974287
34.65925886
34.1997688
33.699207
33.24207217
32.77711106
32.27812878
31.80547969
31.34569144
30.85687122
30.38433449
29.92664218
29.44601772
28.98072818
28.49725151
28.03324114
27.57851124
27.09647364
26.60846802
26.13617113
25.68036949
25.20309205
24.71851556
24.2699892
23.78490061
23.32148876
22.8525605
22.36242437
21.89151685
21.44321089
20.96310501
20.48498704
20.01678263
19.54499784
19.09089672
18.57614952
18.11721694
17.6413656
17.18476448
16.71582541
16.24249136
15.7763548
15.30619922
14.83183016
14.36694036
13.90648876
13.43644339
12.97184745
12.47727528
12.0204019
11.55249136
11.0736452
10.59390233
10.12069576
9.636598963
9.186432584
8.716810717
8.246812878
7.773943388
7.295101556
6.821350475
6.356086863
5.886525497
5.410535869
4.934245895
4.461138721
3.984762316
3.501936041
3.001106309
2.499965428
1.978900173
1.393716508
95.85028954
95.30355229
94.7731936
94.24706569
93.79571953
93.2715363
92.82639801
92.34113008
91.87482282
91.36915082
90.91983578
90.44860199
89.95650605
89.48760372
89.03247407
88.58494814
88.12198358
87.61768583
87.12635048
86.61587511
86.19660112
85.72357822
85.23455272
84.79560717
84.27593777
83.81214347
83.35763829
82.88632239
82.42307476
81.91899525
81.4457433
80.95911193
80.51111711
80.07265774
79.5524395
79.10469317
78.64586646
78.16797537
77.66537381
77.21262748
76.76638289
76.24821737
75.78450086
75.29879646
74.83822818
74.33207217
73.88117978
73.44921564
72.94315255
72.48328652
71.99969749
71.5515255
71.05013397
70.59637424
70.10716508
69.61966508
69.14429343
68.69384615
68.20520959
67.76489844
67.29527874
66.85244598
66.33878997
65.87107822
65.40115169
64.92160977
64.43070009
63.96609334
63.49412489
63.02905143
62.54714347
62.07912921
61.59866249
61.10299697
60.65572385
60.1975605
59.7305013
59.23831677
58.79417459
58.2712943
57.80232282
57.37383967
56.88007563
56.41917891
55.96195117
55.48678047
54.99943172
54.48511452
54.03140449
53.55479041
53.07396716
52.61079516
52.09704624
51.68098531
51.18275281
50.72558989
50.27434745
49.74692092
49.30130942
48.79771392
48.33507131
47.90618194
47.44354581
46.94670268
46.48814823
45.99865169
45.52867545
45.04570225
44.57248055
44.08987252
43.62725367
43.15060717
42.67960026
42.22121219
41.73389801
41.25694036
40.78331677
40.31935825
39.86422429
39.4103911
38.93400821
38.44388289
37.97851556
37.49745462
37.04209378
36.56806396
36.10315687
35.61316768
35.12606309
34.67151469
34.20159464
33.71277658
33.22792999
32.75197061
32.28458946
31.81458297
31.34473855
30.85240493
30.36732498
29.90567416
29.45139153
28.96864088
28.49546672
28.04826491
27.56277226
27.1094274
26.59587943
26.13684097
25.69106525
25.21713699
24.73452463
24.25729257
23.78778306
23.32813526
22.85425022
22.36160977
21.87967589
21.43082541
20.97821953
20.489086
20.0098401
19.54235739
19.0748185
18.610672
18.13497407
17.65793863
17.20922645
16.73580812
16.25760372
15.76822818
15.30583405
14.84124892
14.35600259
13.88774633
13.44913354
12.97466292
12.47686474
12.01446413
11.54142826
11.06917243
10.60409896
10.10902334
9.643156871
9.182735523
8.716272688
8.240432152
7.764604581
7.299239412
6.817538894
6.347303371
5.88477312
5.401709162
4.928802939
4.458310285
3.978215212
3.494844425
3.011153846
2.504265341
1.979652118
1.386536301
)
;

boundaryField
{
    bottom
    {
        type            calculated;
        value           nonuniform List<scalar> 
200
(
95.84548185
95.25018583
94.73888721
94.23996111
93.75125324
93.26821521
92.78268799
92.3688051
91.84032411
91.37507995
90.93228392
90.478414
89.99751729
89.46554451
89.03917459
88.56607606
88.07251513
87.58468237
87.11645635
86.64725583
86.20658168
85.72407736
85.23486819
84.78469533
84.32411841
83.86882455
83.34857174
82.88287165
82.43022472
81.92774633
81.46447277
81.02089455
80.54885912
80.05545592
79.56637857
79.13334054
78.62213915
78.14184961
77.66747839
77.180793
76.69914218
76.23064607
75.7971478
75.29312662
74.82729473
74.34974935
73.85934097
73.40387857
72.93459594
72.46233578
71.98958081
71.52514045
71.07352636
70.59110199
70.15581677
69.69254105
69.19918755
68.69493302
68.21732282
67.76236171
67.29936906
66.80116897
66.35409896
65.91108254
65.37128781
64.91236387
64.4470981
63.9579624
63.50386128
62.99758643
62.53860415
62.08125108
61.60775281
61.12506482
60.6356223
60.18235091
59.73296672
59.23190579
58.77826275
58.3047083
57.82672861
57.34296024
56.86009939
56.38814823
55.90045592
55.43446413
54.96696629
54.50788029
54.02676966
53.52474935
53.07212403
52.63317848
52.13863872
51.68203544
51.19243518
50.72727744
50.27285004
49.81775281
49.3070376
48.80337079
48.31873812
47.8763159
47.41086646
46.9568669
46.45299049
45.96800562
45.50562446
45.04596586
44.55246111
44.10171997
43.65399309
43.15324762
42.7128306
42.22523768
41.77073682
41.2711452
40.79598531
40.33583405
39.85810933
39.40415946
38.93165946
38.45057692
37.96948574
37.5001815
37.02703544
36.56513613
36.05490277
35.59537381
35.14543647
34.63831677
34.17552506
33.71920268
33.23502161
32.76081677
32.31675022
31.86272688
31.3557325
30.87334486
30.39274201
29.93371651
29.43046889
28.98020959
28.51721478
28.04705272
27.5604019
27.08436041
26.62105877
26.15762965
25.68684313
25.22308341
24.76133535
24.28007563
23.80006698
23.32206353
22.8330726
22.36117545
21.89516422
21.42431504
20.97309853
20.47624892
20.01742221
19.54297969
19.07394339
18.60427398
18.14790406
17.68084918
17.20270959
16.72729257
16.24505834
15.78904062
15.31899741
14.84961322
14.38107174
13.89612792
13.40649309
12.96244382
12.49593129
12.0103522
11.54223855
11.07190795
10.60963267
10.1344274
9.653383751
9.175002161
8.714522472
8.239500864
7.749038462
7.290414866
6.816730769
6.352093777
5.876592481
5.406423941
4.924276145
4.461996543
3.98025497
3.491929559
3.001333189
2.504455488
1.99210242
1.396270527
)
;
    }
    top
    {
        type            calculated;
        value           nonuniform List<scalar> 
200
(
95.85028954
95.30355229
94.7731936
94.24706569
93.79571953
93.2715363
92.82639801
92.34113008
91.87482282
91.36915082
90.91983578
90.44860199
89.95650605
89.48760372
89.03247407
88.58494814
88.12198358
87.61768583
87.12635048
86.61587511
86.19660112
85.72357822
85.23455272
84.79560717
84.27593777
83.81214347
83.35763829
82.88632239
82.42307476
81.91899525
81.4457433
80.95911193
80.51111711
80.07265774
79.5524395
79.10469317
78.64586646
78.16797537
77.66537381
77.21262748
76.76638289
76.24821737
75.78450086
75.29879646
74.83822818
74.33207217
73.88117978
73.44921564
72.94315255
72.48328652
71.99969749
71.5515255
71.05013397
70.59637424
70.10716508
69.61966508
69.14429343
68.69384615
68.20520959
67.76489844
67.29527874
66.85244598
66.33878997
65.87107822
65.40115169
64.92160977
64.43070009
63.96609334
63.49412489
63.02905143
62.54714347
62.07912921
61.59866249
61.10299697
60.65572385
60.1975605
59.7305013
59.23831677
58.79417459
58.2712943
57.80232282
57.37383967
56.88007563
56.41917891
55.96195117
55.48678047
54.99943172
54.48511452
54.03140449
53.55479041
53.07396716
52.61079516
52.09704624
51.68098531
51.18275281
50.72558989
50.27434745
49.74692092
49.30130942
48.79771392
48.33507131
47.90618194
47.44354581
46.94670268
46.48814823
45.99865169
45.52867545
45.04570225
44.57248055
44.08987252
43.62725367
43.15060717
42.67960026
42.22121219
41.73389801
41.25694036
40.78331677
40.31935825
39.86422429
39.4103911
38.93400821
38.44388289
37.97851556
37.49745462
37.04209378
36.56806396
36.10315687
35.61316768
35.12606309
34.67151469
34.20159464
33.71277658
33.22792999
32.75197061
32.28458946
31.81458297
31.34473855
30.85240493
30.36732498
29.90567416
29.45139153
28.96864088
28.49546672
28.04826491
27.56277226
27.1094274
26.59587943
26.13684097
25.69106525
25.21713699
24.73452463
24.25729257
23.78778306
23.32813526
22.85425022
22.36160977
21.87967589
21.43082541
20.97821953
20.489086
20.0098401
19.54235739
19.0748185
18.610672
18.13497407
17.65793863
17.20922645
16.73580812
16.25760372
15.76822818
15.30583405
14.84124892
14.35600259
13.88774633
13.44913354
12.97466292
12.47686474
12.01446413
11.54142826
11.06917243
10.60409896
10.10902334
9.643156871
9.182735523
8.716272688
8.240432152
7.764604581
7.299239412
6.817538894
6.347303371
5.88477312
5.401709162
4.928802939
4.458310285
3.978215212
3.494844425
3.011153846
2.504265341
1.979652118
1.386536301
)
;
    }
    inlet
    {
        type            calculated;
        value           nonuniform List<scalar> 5(95.84548185 95.83649525 95.82663354 95.79513829 95.85028954);
    }
    outlet
    {
        type            calculated;
        value           nonuniform List<scalar> 5(1.396270527 1.393059637 1.393396716 1.393716508 1.386536301);
    }
    back
    {
        type            symmetry;
    }
    front
    {
        type            symmetry;
    }
}


// ************************************************************************* //
