/*--------------------------------*- C++ -*----------------------------------*\
| =========                 |                                                 |
| \\      /  F ield         | OpenFOAM: The Open Source CFD Toolbox           |
|  \\    /   O peration     | Version:  v1612+                                |
|   \\  /    A nd           | Web:      www.OpenFOAM.com                      |
|    \\/     M anipulation  |                                                 |
\*---------------------------------------------------------------------------*/
FoamFile
{
    version     2.0;
    format      ascii;
    class       volScalarField;
    location    "4.78";
    object      dsmcRhoN_Ar2;
}
// * * * * * * * * * * * * * * * * * * * * * * * * * * * * * * * * * * * * * //

dimensions      [0 -3 0 0 0 0 0];

internalField   nonuniform List<scalar> 
1000
(
0.001
2
2
0.001
1
2
4
3
7
6
9
9
9
4
11
7
7
12
9
10
10
7
11
10
10
9
16
17
14
19
17
15
10
19
16
22
14
21
22
20
24
29
31
29
16
16
23
31
23
30
23
30
20
20
27
28
29
28
41
28
36
23
33
26
26
35
38
33
30
40
28
26
31
37
28
42
35
39
40
28
45
53
36
37
35
42
35
42
33
49
39
45
45
56
47
53
48
48
46
46
44
45
61
76
52
47
39
48
49
57
59
57
36
48
56
57
45
54
47
49
55
72
56
49
51
64
63
52
61
51
51
61
58
49
74
70
65
63
66
63
60
63
73
53
65
70
62
57
83
63
69
82
65
70
58
75
73
87
71
88
65
78
71
78
75
72
70
69
60
81
75
76
84
79
79
88
82
76
82
95
91
93
98
83
87
102
110
85
103
77
82
100
106
97
95
117
86
110
110
88
1
2
3
0.001
2
2
5
3
5
11
10
8
11
6
11
8
8
7
12
11
11
10
12
16
19
17
13
13
15
16
19
22
20
9
15
12
30
23
24
14
14
20
18
27
26
20
25
17
19
27
16
25
21
31
17
22
33
31
36
28
25
30
29
30
33
34
31
26
42
15
42
34
34
29
40
43
30
38
33
39
30
35
39
40
41
34
46
35
33
46
33
39
50
44
41
50
45
39
45
47
43
60
52
43
48
51
56
61
65
37
57
57
59
57
66
54
45
53
48
67
53
57
58
69
77
51
68
69
72
63
50
67
58
61
72
62
68
61
47
60
56
66
70
75
77
72
80
81
61
75
73
63
59
66
85
85
72
79
76
77
82
96
90
93
91
91
95
79
82
67
81
79
77
81
80
92
88
67
116
99
75
85
101
85
99
79
108
105
101
89
88
85
96
93
100
92
104
84
103
82
1
2
2
2
4
2
4
5
6
9
11
3
5
3
11
8
6
13
7
8
10
7
11
7
16
12
11
12
13
17
20
20
10
16
16
16
14
20
19
22
23
24
26
21
20
16
25
20
22
17
27
28
23
27
31
28
31
23
30
24
28
27
25
29
36
34
30
38
31
39
39
37
38
35
29
27
43
37
36
39
43
41
44
37
45
51
29
41
41
52
43
38
54
46
50
45
45
49
38
42
40
48
54
48
62
49
47
56
60
61
62
71
65
45
60
50
46
58
54
70
56
44
55
51
61
60
57
50
54
53
55
68
69
56
77
66
64
50
63
66
64
58
62
79
60
82
69
68
65
63
57
78
63
75
82
67
73
77
80
67
76
82
75
71
80
89
98
83
88
85
83
78
89
97
84
87
77
84
79
76
94
69
94
87
98
75
73
98
79
93
85
93
80
86
94
92
100
93
89
94
1
1
0.001
2
1
5
6
4
1
7
7
3
7
11
8
8
10
18
12
8
9
16
14
17
10
7
17
8
14
15
10
15
15
12
22
21
19
22
20
29
18
14
16
11
24
15
18
21
31
27
38
23
30
22
26
25
25
31
32
30
32
28
27
31
30
23
35
45
36
31
38
53
31
42
30
30
42
30
38
39
47
43
44
31
44
40
43
38
63
39
48
51
46
47
49
46
50
49
31
61
34
60
51
63
63
42
46
44
44
52
73
56
58
48
52
53
56
62
49
56
64
58
62
62
50
60
71
68
81
76
61
62
69
67
65
50
63
57
71
84
63
76
59
71
81
78
71
68
62
57
57
77
80
84
77
85
75
65
73
66
78
67
83
63
100
87
84
82
88
84
95
87
90
94
77
81
81
77
94
86
94
80
95
86
76
95
74
110
109
76
74
91
101
98
96
81
87
86
94
84
2
3
2
5
3
1
6
3
5
5
4
6
7
4
8
8
6
8
6
14
13
9
12
14
14
16
21
16
20
18
20
19
20
18
18
20
11
18
15
16
22
13
10
22
26
33
26
13
28
20
20
23
22
20
26
33
25
23
14
32
21
31
29
39
26
30
31
36
39
39
35
40
39
36
35
40
39
37
38
54
40
42
41
42
39
41
36
46
46
37
43
48
54
48
47
44
48
49
53
48
43
60
44
49
52
55
48
55
63
65
63
54
53
58
62
54
70
47
62
59
53
55
58
48
55
60
65
43
61
73
69
55
60
47
61
68
59
63
65
76
76
61
70
69
77
75
61
65
66
70
73
84
75
72
71
68
76
72
69
93
75
70
91
74
70
77
79
74
74
76
79
83
94
89
84
106
79
78
72
103
106
68
77
85
88
93
89
91
87
93
81
100
104
86
88
90
93
102
95
91
)
;

boundaryField
{
    bottom
    {
        type            calculated;
        value           uniform 0;
    }
    top
    {
        type            calculated;
        value           uniform 0;
    }
    inlet
    {
        type            calculated;
        value           uniform 0;
    }
    outlet
    {
        type            calculated;
        value           uniform 0;
    }
    back
    {
        type            symmetry;
    }
    front
    {
        type            symmetry;
    }
}


// ************************************************************************* //
