/*--------------------------------*- C++ -*----------------------------------*\
| =========                 |                                                 |
| \\      /  F ield         | OpenFOAM: The Open Source CFD Toolbox           |
|  \\    /   O peration     | Version:  v1612+                                |
|   \\  /    A nd           | Web:      www.OpenFOAM.com                      |
|    \\/     M anipulation  |                                                 |
\*---------------------------------------------------------------------------*/
FoamFile
{
    version     2.0;
    format      ascii;
    class       volScalarField;
    location    "4.78";
    object      dsmcRhoN_Ar1;
}
// * * * * * * * * * * * * * * * * * * * * * * * * * * * * * * * * * * * * * //

dimensions      [0 -3 0 0 0 0 0];

internalField   nonuniform List<scalar> 
1000
(
74
87
120
82
87
95
74
98
93
90
89
75
93
80
84
103
85
90
88
72
85
98
85
85
69
77
64
80
86
73
88
91
78
83
72
93
84
84
68
86
86
80
80
80
77
68
63
67
74
73
78
67
79
64
65
83
54
60
60
64
73
77
66
65
77
54
75
50
54
80
54
63
64
52
63
57
57
53
61
61
61
65
67
67
63
60
56
63
62
42
51
54
54
52
51
49
48
56
56
49
51
49
52
47
45
30
51
49
53
53
41
55
51
41
40
37
39
48
53
33
32
37
30
36
33
42
35
33
30
50
43
45
29
37
35
36
36
32
42
39
29
29
34
29
29
23
29
31
30
24
26
34
25
19
18
25
23
23
26
23
13
17
19
22
9
22
17
19
13
12
13
16
11
13
15
22
15
11
9
13
14
5
8
13
11
11
5
8
3
4
9
5
4
9
3
6
4
1
1
2
107
88
104
76
85
84
88
86
93
92
74
88
90
91
99
92
84
74
93
71
92
89
73
103
95
75
91
67
80
84
108
85
81
81
82
96
73
81
87
64
84
92
72
63
61
79
69
76
77
101
68
63
70
87
69
63
71
70
64
80
72
60
61
69
69
67
74
71
60
66
64
62
67
63
67
64
52
48
65
73
74
60
50
39
62
63
62
63
62
63
61
52
52
48
42
43
45
55
47
64
58
40
45
45
46
51
50
38
44
35
45
38
44
49
44
44
45
50
38
44
41
37
33
30
35
39
36
53
32
39
38
30
37
32
37
30
39
33
32
32
34
19
36
42
22
26
32
27
24
26
25
36
26
22
25
18
23
28
19
24
29
27
20
22
22
16
13
18
12
15
18
19
16
8
9
11
20
10
10
8
8
9
7
11
8
4
6
12
7
7
10
8
11
7
2
5
2
0.001
0.001
2
105
93
108
93
96
87
93
72
97
84
86
95
86
87
84
96
80
88
89
84
83
88
84
89
94
62
77
88
77
97
66
72
82
84
89
81
91
68
80
74
84
68
80
88
75
90
88
68
72
64
61
63
57
65
59
80
74
64
74
59
62
63
68
58
66
66
66
74
58
72
64
49
59
53
72
60
62
71
48
66
52
68
42
55
68
67
65
65
58
42
47
38
71
55
53
44
49
53
51
49
46
60
53
54
40
41
52
58
54
52
41
37
40
48
48
31
35
46
34
38
48
39
43
42
43
39
30
33
27
42
40
28
24
34
34
33
31
36
36
34
51
29
30
28
25
32
39
31
19
20
30
17
25
30
23
23
30
20
17
20
17
24
21
18
13
21
12
21
15
18
17
25
20
15
9
10
16
14
3
13
11
10
12
7
7
7
10
9
11
9
3
7
5
7
4
6
8
1
2
4
113
107
90
80
105
104
96
111
85
100
86
93
99
100
91
97
74
84
89
102
80
111
86
74
106
66
99
100
100
91
94
86
82
77
75
83
80
74
71
81
79
91
78
67
67
89
74
74
94
68
76
65
72
74
58
65
73
73
72
76
66
58
75
57
54
68
74
67
75
66
70
40
59
56
44
63
54
63
60
67
64
52
51
65
62
61
60
47
47
40
56
40
57
43
44
55
41
45
59
35
49
48
49
51
49
44
44
38
43
37
43
37
34
41
43
37
43
41
32
41
40
43
38
31
40
36
33
33
36
40
29
41
40
23
36
31
31
36
28
33
26
30
31
29
28
18
33
20
15
32
25
19
32
28
26
25
21
19
25
34
18
28
15
17
21
16
16
16
25
12
13
15
13
19
16
19
12
18
12
7
10
11
10
16
10
12
6
11
12
10
5
3
4
5
2
5
2
4
2
1
97
90
99
104
100
96
93
87
91
89
95
92
97
81
108
89
92
83
84
82
81
87
101
97
74
81
93
88
92
67
85
93
77
81
93
71
53
81
85
73
85
70
67
81
61
81
91
79
75
78
65
74
73
68
79
73
68
61
61
70
83
64
61
78
67
65
70
64
84
63
58
56
62
61
60
59
62
51
63
63
55
54
53
57
57
54
55
55
48
45
62
48
47
45
51
48
54
44
50
57
38
44
62
38
47
46
46
52
58
42
41
33
52
46
38
37
47
39
45
37
33
45
44
35
29
27
34
44
39
29
44
33
31
25
26
35
30
29
34
31
30
26
26
28
23
19
29
26
27
30
17
28
27
35
21
20
23
22
23
20
13
25
20
21
17
18
17
16
16
11
17
11
14
20
10
23
13
17
19
7
12
11
13
5
7
8
7
9
9
8
8
3
5
7
8
4
1
3
4
1
)
;

boundaryField
{
    bottom
    {
        type            calculated;
        value           uniform 0;
    }
    top
    {
        type            calculated;
        value           uniform 0;
    }
    inlet
    {
        type            calculated;
        value           uniform 0;
    }
    outlet
    {
        type            calculated;
        value           uniform 0;
    }
    back
    {
        type            symmetry;
    }
    front
    {
        type            symmetry;
    }
}


// ************************************************************************* //
