/*--------------------------------*- C++ -*----------------------------------*\
| =========                 |                                                 |
| \\      /  F ield         | OpenFOAM: The Open Source CFD Toolbox           |
|  \\    /   O peration     | Version:  v1612+                                |
|   \\  /    A nd           | Web:      www.OpenFOAM.com                      |
|    \\/     M anipulation  |                                                 |
\*---------------------------------------------------------------------------*/
FoamFile
{
    version     2.0;
    format      ascii;
    class       volScalarField;
    location    "4.78";
    object      meanCollisionRate_Ar2;
}
// * * * * * * * * * * * * * * * * * * * * * * * * * * * * * * * * * * * * * //

dimensions      [0 0 -1 0 0 0 0];

internalField   nonuniform List<scalar> 
1000
(
582.1478199
830.611339
1052.43604
1264.322799
1472.070226
1675.075133
1880.414061
2080.128724
2283.413524
2483.776456
2681.038692
2886.838667
3084.631013
3286.030016
3483.081019
3684.996285
3876.306974
4077.399401
4280.001524
4480.445335
4679.5004
4880.755332
5080.336033
5276.354702
5478.497223
5675.867472
5880.066448
6079.798167
6278.158195
6476.609667
6677.479891
6886.556549
7085.891671
7287.370057
7488.62764
7690.491665
7890.815352
8091.569827
8290.683751
8488.646469
8686.543498
8885.649406
9084.202574
9287.65894
9475.237798
9689.300628
9882.523564
10083.06436
10286.91074
10481.23325
10673.86484
10877.83442
11082.90246
11275.68062
11491.22358
11687.15789
11882.50862
12088.53788
12294.00668
12491.05278
12694.26639
12895.13046
13087.5868
13289.41407
13488.50877
13689.03803
13890.68364
14086.09039
14281.86152
14487.28111
14681.58695
14886.91479
15084.04703
15281.21349
15486.31923
15680.61164
15895.7753
16090.05804
16296.61219
16494.33929
16686.71217
16895.56701
17086.19458
17289.51603
17490.73657
17687.2139
17889.75585
18081.93838
18277.34794
18483.91109
18689.21338
18881.65241
19071.069
19274.42588
19473.11619
19676.86748
19874.85039
20071.60441
20272.65892
20474.2747
20675.19587
20864.43887
21070.96693
21288.85669
21474.32825
21673.07926
21892.04528
22073.16695
22285.85791
22483.81845
22684.40801
22880.20563
23094.41703
23279.14684
23464.45205
23678.89559
23881.1084
24091.09131
24281.02206
24479.0625
24675.73288
24855.4718
25076.82126
25264.02246
25467.52564
25672.09753
25873.91402
26068.2488
26283.97163
26476.77022
26664.69492
26875.52255
27065.46373
27285.08784
27475.34869
27677.47117
27873.62428
28075.1913
28293.3984
28493.72604
28685.59551
28887.78167
29086.39215
29285.41246
29483.29941
29675.66847
29881.26729
30079.31352
30266.46954
30478.58793
30671.61783
30880.05355
31085.08311
31285.35247
31482.33103
31678.91756
31895.73636
32082.91465
32269.86064
32485.79024
32678.27867
32881.19779
33077.87313
33266.39709
33463.45566
33663.95926
33880.09592
34086.71777
34290.65258
34472.22595
34690.9424
34879.37132
35074.13085
35267.78745
35468.06216
35665.91429
35860.7983
36074.00184
36272.9364
36456.81643
36651.63208
36858.46353
37053.16831
37269.08627
37456.6429
37652.32768
37871.76309
38070.88575
38258.29055
38462.24052
38654.68848
38851.3361
39050.10562
39253.1726
39477.95175
39688.00828
39895.4508
40105.84893
40315.08564
40562.00844
582.0704837
831.1531847
1051.348057
1265.230931
1474.499975
1676.673737
1877.872776
2085.569831
2284.120127
2486.283825
2685.733268
2884.513942
3086.81054
3286.619961
3482.43558
3681.742595
3884.103269
4082.984096
4284.115709
4479.24435
4684.486501
4878.895796
5078.110584
5275.504262
5476.282111
5677.543195
5879.115263
6079.650745
6278.345712
6477.695258
6681.857755
6885.963817
7091.246161
7286.608866
7483.647163
7688.774133
7885.998347
8090.021824
8289.321138
8486.510521
8678.810266
8886.445235
9082.562852
9289.371712
9481.763291
9685.83383
9898.088365
10090.76478
10286.9657
10486.12705
10683.11582
10887.93981
11088.64753
11286.59273
11492.06024
11686.53506
11881.53868
12091.84899
12290.69458
12489.36742
12684.09837
12886.84663
13097.29178
13290.27558
13491.76856
13683.99397
13890.6346
14083.10142
14290.27935
14491.81381
14693.8647
14889.82136
15097.20197
15292.41691
15493.9832
15685.8632
15885.00974
16081.04919
16288.41491
16487.94332
16677.29331
16888.57819
17089.56674
17291.65377
17487.73183
17683.06216
17885.23686
18078.96446
18288.02368
18491.35588
18688.56535
18877.5766
19075.78681
19269.8793
19477.75957
19670.99804
19877.0907
20075.58887
20279.71246
20478.9839
20686.59573
20872.52088
21075.90541
21283.83817
21490.75667
21676.52501
21870.9809
22075.20991
22289.65657
22498.50265
22672.1162
22880.5813
23074.6459
23273.98408
23481.45473
23675.63636
23878.06455
24089.57782
24272.43095
24462.15777
24675.862
24884.49299
25074.30091
25264.79067
25459.54762
25679.23234
25885.47676
26073.20362
26276.99445
26466.96467
26674.04384
26875.53205
27084.59806
27276.04167
27479.34542
27688.03094
27870.26016
28082.83856
28293.73559
28490.47971
28692.14797
28883.75781
29071.54165
29283.94087
29482.65013
29677.63672
29880.4781
30075.9239
30276.49755
30484.58446
30687.80617
30884.06094
31083.28446
31271.79678
31465.88413
31684.03852
31883.91752
32081.86368
32283.87325
32483.46358
32689.73763
32885.18112
33073.7196
33280.20682
33483.39701
33675.17929
33883.3047
34086.10066
34278.08555
34497.27233
34694.78339
34897.51415
35068.4978
35283.03972
35470.17882
35669.07704
35858.87363
36058.74008
36268.36626
36471.08379
36672.05614
36859.30153
37057.62894
37261.13725
37460.6162
37661.41857
37867.59962
38069.26289
38274.03952
38462.94787
38668.44591
38865.13751
39071.82104
39286.07265
39474.28926
39688.34333
39880.53749
40101.03221
40331.55613
40564.02334
581.89422
830.6980762
1052.519251
1262.897754
1470.861695
1675.29873
1876.180994
2077.264767
2281.767069
2484.856981
2684.920488
2882.981696
3082.759771
3285.323348
3481.589838
3676.076921
3883.126089
4079.447778
4281.851711
4478.0993
4679.220798
4879.488465
5078.00355
5278.6266
5483.39419
5680.48065
5878.264995
6081.07433
6280.203501
6481.335395
6678.705183
6878.062373
7085.672356
7282.378134
7480.850352
7691.899744
7888.246159
8083.63566
8282.758911
8480.224873
8683.494579
8892.084125
9088.241747
9289.514418
9485.666698
9691.470598
9891.483313
10082.87328
10283.64979
10482.37938
10687.96809
10889.58533
11091.80327
11279.61085
11490.02201
11696.26482
11882.48649
12081.70672
12284.90691
12484.36088
12678.64198
12889.05895
13083.75584
13287.00634
13487.19299
13684.86337
13886.12893
14087.93749
14285.26261
14488.67912
14702.14564
14894.73389
15083.81211
15287.24701
15487.70339
15695.27821
15891.04426
16084.64767
16285.77204
16487.71574
16683.10065
16872.77709
17091.11759
17290.11207
17490.08302
17702.01053
17887.54153
18090.30686
18291.36434
18487.5841
18690.34963
18874.43965
19079.05645
19273.95877
19483.53577
19683.89901
19879.99643
20082.66457
20284.82482
20477.60992
20681.95593
20875.79034
21068.08126
21276.71989
21473.82145
21684.31262
21872.85801
22075.54846
22285.90106
22500.56769
22683.00575
22878.62484
23070.94586
23278.77584
23484.017
23694.01735
23875.00814
24076.01121
24271.79302
24464.13312
24671.31496
24877.95755
25078.27017
25278.96685
25471.21784
25674.97562
25872.96193
26082.374
26278.97242
26465.90273
26671.73528
26878.30675
27074.38467
27281.05071
27485.98916
27680.96117
27877.80147
28080.99806
28288.45944
28500.17672
28676.49166
28887.90689
29087.08222
29292.27795
29470.92534
29680.49819
29883.9341
30086.60836
30274.74176
30485.78171
30695.22597
30888.12578
31077.52078
31287.26547
31471.26233
31684.49901
31885.02128
32102.8277
32280.59808
32481.66718
32683.14662
32880.76225
33089.87083
33275.75645
33469.39153
33679.53549
33870.42158
34083.72988
34271.25641
34489.1703
34679.35314
34888.28567
35073.18718
35265.17245
35478.04523
35680.12835
35860.47112
36070.91673
36249.28084
36476.03979
36658.20372
36864.26862
37067.50043
37268.77238
37472.54
37665.42093
37858.7572
38066.8928
38258.17275
38465.01516
38676.64565
38868.6903
39064.60677
39268.96681
39467.97557
39670.28032
39869.93542
40096.83332
40315.97446
40566.15113
578.1386719
829.5699794
1050.595703
1264.129536
1471.399269
1673.930204
1878.642077
2083.176668
2284.40792
2485.792015
2681.177911
2884.629792
3083.36739
3282.005845
3481.875083
3678.186918
3880.320987
4077.787311
4276.880183
4479.103159
4681.475188
4879.744896
5077.092039
5281.424431
5482.431178
5683.739486
5877.258399
6080.990491
6282.087316
6479.669286
6685.645876
6883.539786
7082.621492
7282.659978
7484.086694
7680.288513
7889.532077
8088.179039
8286.684283
8484.168175
8688.022596
8884.318937
9090.768938
9284.692186
9488.435649
9685.123647
9886.760483
10080.01572
10279.33683
10481.96693
10686.51972
10879.736
11087.62518
11289.57725
11490.85664
11691.70975
11884.02314
12086.99628
12291.17438
12497.04816
12690.64853
12882.76852
13086.01488
13289.00277
13490.69701
13683.44515
13887.50594
14084.64119
14287.94679
14491.29766
14689.6042
14889.5476
15087.24212
15288.24636
15481.94805
15697.01852
15886.21243
16085.41931
16282.90263
16487.61679
16691.21605
16890.67619
17088.5012
17284.44634
17490.29681
17691.80075
17894.3894
18082.01319
18281.4205
18480.51545
18679.69414
18873.06794
19076.13692
19279.57741
19480.22202
19663.40686
19881.169
20080.70525
20280.92026
20473.21553
20682.03216
20876.74015
21072.50955
21267.93833
21469.27635
21677.90256
21874.49275
22070.03086
22289.29555
22477.3433
22677.64277
22872.78193
23081.45744
23283.25747
23485.68677
23683.88854
23882.50512
24063.14389
24267.25814
24470.99665
24663.99314
24867.25076
25066.81094
25266.54673
25474.59547
25669.21134
25868.95338
26073.96436
26283.73967
26482.24129
26679.52214
26886.22956
27074.22352
27277.27802
27473.80177
27676.91464
27889.13046
28092.53684
28305.58763
28482.0342
28686.84228
28881.11873
29086.30477
29291.49708
29477.8393
29675.79363
29883.38137
30083.75418
30273.95757
30484.10131
30699.58782
30891.88029
31086.1649
31285.1104
31493.618
31699.83956
31894.05435
32081.53165
32276.49287
32486.00932
32675.99456
32884.30673
33081.70126
33282.97503
33489.48774
33672.17565
33871.23601
34077.73077
34263.22915
34475.587
34682.68024
34886.36233
35079.92365
35275.9208
35473.24348
35665.64172
35848.48939
36072.77788
36255.17848
36461.95638
36662.45353
36854.70016
37058.92072
37264.7779
37453.55458
37669.97646
37869.46081
38066.74603
38265.66415
38468.66715
38665.7845
38869.71809
39065.16012
39265.25279
39460.4653
39678.03897
39884.47696
40083.73871
40310.21551
40572.19154
579.5823114
829.3999612
1052.333933
1265.054562
1472.057171
1675.522531
1881.122818
2083.061595
2286.476474
2485.868983
2678.447406
2881.256101
3080.944214
3281.291048
3485.398892
3683.907202
3880.202293
4080.526534
4278.634752
4476.877406
4681.477484
4873.446559
5076.872308
5275.599217
5479.639552
5682.488734
5880.816649
6082.946313
6286.885567
6483.248434
6677.825361
6881.887314
7088.688679
7288.074832
7486.06973
7671.251364
7883.641254
8090.205096
8292.543557
8492.221941
8680.144868
8875.896052
9081.713565
9291.959743
9491.140827
9686.098711
9893.279343
10080.34875
10275.20456
10473.84474
10673.24033
10875.77809
11085.8881
11285.68791
11482.81666
11695.26705
11884.47138
12084.58058
12284.69161
12487.48102
12682.96278
12884.1036
13085.15369
13281.2462
13489.991
13686.33247
13881.75566
14086.792
14281.96922
14477.68556
14691.50728
14886.9202
15088.7813
15279.46178
15484.08603
15683.40407
15889.77401
16093.91875
16291.42066
16489.28017
16691.55749
16887.02754
17084.3627
17279.57644
17478.80561
17689.13512
17888.53398
18088.3082
18289.51986
18484.04746
18682.53368
18889.4676
19077.48517
19272.60534
19480.8694
19670.50286
19876.56482
20078.74286
20275.79606
20483.27797
20678.73413
20875.7205
21079.55143
21274.49886
21479.35205
21684.72993
21864.29237
22075.53052
22285.37422
22477.72307
22678.76628
22887.70109
23090.34894
23282.24039
23489.43828
23683.26185
23889.69812
24073.43389
24272.13221
24464.84866
24666.3484
24862.49233
25068.28313
25276.80711
25468.63667
25670.45211
25874.04256
26073.05469
26288.46895
26480.66028
26670.0875
26880.6862
27085.98326
27284.1373
27481.63277
27696.57942
27891.92066
28097.8777
28296.35423
28492.86795
28694.36169
28890.3371
29091.41411
29293.8858
29486.35435
29681.67504
29879.29664
30071.03494
30270.4717
30488.80152
30690.62043
30883.88724
31080.36296
31283.21969
31491.28243
31697.02867
31892.53773
32092.33825
32285.91405
32469.06585
32675.60036
32879.05568
33093.23518
33294.23946
33484.87397
33677.42419
33880.04238
34067.6662
34274.0803
34473.09886
34659.80304
34867.92099
35075.98731
35273.24152
35459.53001
35656.27224
35857.44781
36054.61142
36267.88497
36470.45863
36652.92615
36854.7939
37042.30284
37265.47601
37450.04954
37665.50776
37864.28465
38066.8994
38264.24669
38468.20818
38676.20731
38863.86573
39050.42715
39250.97496
39461.94907
39667.35542
39886.09642
40093.74693
40305.92387
40565.26059
)
;

boundaryField
{
    bottom
    {
        type            calculated;
        value           nonuniform List<scalar> 
200
(
582.1478199
830.611339
1052.43604
1264.322799
1472.070226
1675.075133
1880.414061
2080.128724
2283.413524
2483.776456
2681.038692
2886.838667
3084.631013
3286.030016
3483.081019
3684.996285
3876.306974
4077.399401
4280.001524
4480.445335
4679.5004
4880.755332
5080.336033
5276.354702
5478.497223
5675.867472
5880.066448
6079.798167
6278.158195
6476.609667
6677.479891
6886.556549
7085.891671
7287.370057
7488.62764
7690.491665
7890.815352
8091.569827
8290.683751
8488.646469
8686.543498
8885.649406
9084.202574
9287.65894
9475.237798
9689.300628
9882.523564
10083.06436
10286.91074
10481.23325
10673.86484
10877.83442
11082.90246
11275.68062
11491.22358
11687.15789
11882.50862
12088.53788
12294.00668
12491.05278
12694.26639
12895.13046
13087.5868
13289.41407
13488.50877
13689.03803
13890.68364
14086.09039
14281.86152
14487.28111
14681.58695
14886.91479
15084.04703
15281.21349
15486.31923
15680.61164
15895.7753
16090.05804
16296.61219
16494.33929
16686.71217
16895.56701
17086.19458
17289.51603
17490.73657
17687.2139
17889.75585
18081.93838
18277.34794
18483.91109
18689.21338
18881.65241
19071.069
19274.42588
19473.11619
19676.86748
19874.85039
20071.60441
20272.65892
20474.2747
20675.19587
20864.43887
21070.96693
21288.85669
21474.32825
21673.07926
21892.04528
22073.16695
22285.85791
22483.81845
22684.40801
22880.20563
23094.41703
23279.14684
23464.45205
23678.89559
23881.1084
24091.09131
24281.02206
24479.0625
24675.73288
24855.4718
25076.82126
25264.02246
25467.52564
25672.09753
25873.91402
26068.2488
26283.97163
26476.77022
26664.69492
26875.52255
27065.46373
27285.08784
27475.34869
27677.47117
27873.62428
28075.1913
28293.3984
28493.72604
28685.59551
28887.78167
29086.39215
29285.41246
29483.29941
29675.66847
29881.26729
30079.31352
30266.46954
30478.58793
30671.61783
30880.05355
31085.08311
31285.35247
31482.33103
31678.91756
31895.73636
32082.91465
32269.86064
32485.79024
32678.27867
32881.19779
33077.87313
33266.39709
33463.45566
33663.95926
33880.09592
34086.71777
34290.65258
34472.22595
34690.9424
34879.37132
35074.13085
35267.78745
35468.06216
35665.91429
35860.7983
36074.00184
36272.9364
36456.81643
36651.63208
36858.46353
37053.16831
37269.08627
37456.6429
37652.32768
37871.76309
38070.88575
38258.29055
38462.24052
38654.68848
38851.3361
39050.10562
39253.1726
39477.95175
39688.00828
39895.4508
40105.84893
40315.08564
40562.00844
)
;
    }
    top
    {
        type            calculated;
        value           nonuniform List<scalar> 
200
(
579.5823114
829.3999612
1052.333933
1265.054562
1472.057171
1675.522531
1881.122818
2083.061595
2286.476474
2485.868983
2678.447406
2881.256101
3080.944214
3281.291048
3485.398892
3683.907202
3880.202293
4080.526534
4278.634752
4476.877406
4681.477484
4873.446559
5076.872308
5275.599217
5479.639552
5682.488734
5880.816649
6082.946313
6286.885567
6483.248434
6677.825361
6881.887314
7088.688679
7288.074832
7486.06973
7671.251364
7883.641254
8090.205096
8292.543557
8492.221941
8680.144868
8875.896052
9081.713565
9291.959743
9491.140827
9686.098711
9893.279343
10080.34875
10275.20456
10473.84474
10673.24033
10875.77809
11085.8881
11285.68791
11482.81666
11695.26705
11884.47138
12084.58058
12284.69161
12487.48102
12682.96278
12884.1036
13085.15369
13281.2462
13489.991
13686.33247
13881.75566
14086.792
14281.96922
14477.68556
14691.50728
14886.9202
15088.7813
15279.46178
15484.08603
15683.40407
15889.77401
16093.91875
16291.42066
16489.28017
16691.55749
16887.02754
17084.3627
17279.57644
17478.80561
17689.13512
17888.53398
18088.3082
18289.51986
18484.04746
18682.53368
18889.4676
19077.48517
19272.60534
19480.8694
19670.50286
19876.56482
20078.74286
20275.79606
20483.27797
20678.73413
20875.7205
21079.55143
21274.49886
21479.35205
21684.72993
21864.29237
22075.53052
22285.37422
22477.72307
22678.76628
22887.70109
23090.34894
23282.24039
23489.43828
23683.26185
23889.69812
24073.43389
24272.13221
24464.84866
24666.3484
24862.49233
25068.28313
25276.80711
25468.63667
25670.45211
25874.04256
26073.05469
26288.46895
26480.66028
26670.0875
26880.6862
27085.98326
27284.1373
27481.63277
27696.57942
27891.92066
28097.8777
28296.35423
28492.86795
28694.36169
28890.3371
29091.41411
29293.8858
29486.35435
29681.67504
29879.29664
30071.03494
30270.4717
30488.80152
30690.62043
30883.88724
31080.36296
31283.21969
31491.28243
31697.02867
31892.53773
32092.33825
32285.91405
32469.06585
32675.60036
32879.05568
33093.23518
33294.23946
33484.87397
33677.42419
33880.04238
34067.6662
34274.0803
34473.09886
34659.80304
34867.92099
35075.98731
35273.24152
35459.53001
35656.27224
35857.44781
36054.61142
36267.88497
36470.45863
36652.92615
36854.7939
37042.30284
37265.47601
37450.04954
37665.50776
37864.28465
38066.8994
38264.24669
38468.20818
38676.20731
38863.86573
39050.42715
39250.97496
39461.94907
39667.35542
39886.09642
40093.74693
40305.92387
40565.26059
)
;
    }
    inlet
    {
        type            calculated;
        value           nonuniform List<scalar> 5(582.1478199 582.0704837 581.89422 578.1386719 579.5823114);
    }
    outlet
    {
        type            calculated;
        value           nonuniform List<scalar> 5(40562.00844 40564.02334 40566.15113 40572.19154 40565.26059);
    }
    back
    {
        type            symmetry;
    }
    front
    {
        type            symmetry;
    }
}


// ************************************************************************* //
