/*--------------------------------*- C++ -*----------------------------------*\
| =========                 |                                                 |
| \\      /  F ield         | OpenFOAM: The Open Source CFD Toolbox           |
|  \\    /   O peration     | Version:  v1612+                                |
|   \\  /    A nd           | Web:      www.OpenFOAM.com                      |
|    \\/     M anipulation  |                                                 |
\*---------------------------------------------------------------------------*/
FoamFile
{
    version     2.0;
    format      ascii;
    class       volScalarField;
    location    "4.78";
    object      meanCollisionTime_Ar2;
}
// * * * * * * * * * * * * * * * * * * * * * * * * * * * * * * * * * * * * * //

dimensions      [0 0 1 0 0 0 0];

internalField   nonuniform List<scalar> 
1000
(
0.001717776767
0.001203932517
0.0009501765069
0.000790937252
0.0006793154175
0.0005969881471
0.0005317977677
0.0004807394796
0.0004379408239
0.000402612722
0.0003729897682
0.0003463996833
0.0003241878837
0.0003043185836
0.0002871021359
0.0002713706942
0.0002579775045
0.0002452543648
0.0002336447766
0.0002231920993
0.0002136980264
0.0002048863202
0.0001968373733
0.0001895247868
0.0001825318074
0.0001761845225
0.0001700661054
0.0001644791443
0.0001592823833
0.0001544017706
0.0001497570964
0.0001452104536
0.0001411254993
0.0001372237161
0.0001335358156
0.0001300306981
0.0001267296161
0.0001235854131
0.0001206173134
0.0001178044113
0.0001151205886
0.0001125410147
0.0001100812088
0.000107669759
0.0001055382484
0.0001032066233
0.0001011887291
9.917619929e-05
9.721091449e-05
9.540861996e-05
9.368677749e-05
9.193006264e-05
9.022907166e-05
8.868644244e-05
8.702293475e-05
8.556400194e-05
8.415731326e-05
8.272299018e-05
8.134044708e-05
8.005730325e-05
7.877572199e-05
7.754865317e-05
7.640828023e-05
7.524786233e-05
7.413717983e-05
7.305115215e-05
7.19906972e-05
7.099201926e-05
7.001888364e-05
6.902606448e-05
6.811252785e-05
6.717308552e-05
6.629520567e-05
6.543982917e-05
6.457312323e-05
6.377302255e-05
6.290979717e-05
6.215017978e-05
6.136244688e-05
6.062686007e-05
5.992792287e-05
5.918712284e-05
5.852678286e-05
5.783851891e-05
5.717312111e-05
5.653801698e-05
5.58979121e-05
5.530380533e-05
5.471253288e-05
5.41011042e-05
5.350679987e-05
5.296146642e-05
5.243544554e-05
5.18822198e-05
5.135284924e-05
5.082109745e-05
5.031484415e-05
4.982162759e-05
4.932752058e-05
4.8841779e-05
4.836713548e-05
4.792843969e-05
4.745866687e-05
4.697293118e-05
4.65672308e-05
4.614019024e-05
4.567869229e-05
4.530387517e-05
4.487150569e-05
4.4476431e-05
4.408314291e-05
4.370590091e-05
4.330050846e-05
4.295690073e-05
4.261765832e-05
4.223169936e-05
4.187410329e-05
4.150912e-05
4.118442781e-05
4.085123766e-05
4.052564536e-05
4.023258975e-05
3.987746252e-05
3.958197874e-05
3.92656913e-05
3.895279685e-05
3.86489651e-05
3.836084302e-05
3.804600059e-05
3.776895715e-05
3.750277298e-05
3.720857885e-05
3.694745488e-05
3.66500561e-05
3.639626238e-05
3.613046848e-05
3.587621006e-05
3.561863531e-05
3.53439338e-05
3.509544517e-05
3.486070211e-05
3.461671136e-05
3.438033823e-05
3.414669339e-05
3.391750653e-05
3.369764024e-05
3.346578277e-05
3.324543957e-05
3.303986276e-05
3.280991896e-05
3.260343179e-05
3.238336353e-05
3.216977083e-05
3.196383998e-05
3.176384872e-05
3.156673513e-05
3.135215279e-05
3.116923792e-05
3.098866807e-05
3.078268968e-05
3.060136705e-05
3.04125174e-05
3.023168981e-05
3.006036384e-05
2.988334529e-05
2.970535914e-05
2.951585505e-05
2.933694018e-05
2.916246629e-05
2.900886069e-05
2.882596813e-05
2.867024152e-05
2.85110415e-05
2.835448641e-05
2.819437937e-05
2.803797463e-05
2.788560342e-05
2.772079473e-05
2.756876336e-05
2.742971268e-05
2.728391461e-05
2.713081079e-05
2.698824542e-05
2.683188938e-05
2.669753407e-05
2.655878299e-05
2.64048969e-05
2.626679102e-05
2.61381255e-05
2.599952542e-05
2.587008302e-05
2.573914054e-05
2.560812536e-05
2.54756478e-05
2.533059482e-05
2.51965277e-05
2.506551449e-05
2.493401902e-05
2.480461059e-05
2.465361156e-05
0.001718004998
0.001203147649
0.0009511597923
0.0007903695485
0.0006781960103
0.0005964189561
0.0005325174381
0.0004794852636
0.0004378053449
0.0004022066949
0.0003723377938
0.0003466788582
0.0003239589819
0.0003042639587
0.0002871553477
0.0002716105144
0.0002574596839
0.0002449189065
0.0002334203994
0.000223251942
0.0002134705692
0.0002049644104
0.000196923636
0.0001895553392
0.0001826056401
0.0001761325217
0.0001700936204
0.0001644831327
0.000159277626
0.0001543758945
0.0001496589776
0.000145222953
0.0001410189376
0.0001372380511
0.0001336246857
0.0001300597446
0.0001268070263
0.0001236090609
0.0001206371406
0.0001178340612
0.0001152231665
0.000112530936
0.0001101010823
0.0001076499069
0.0001054656153
0.0001032435635
0.0001010296093
9.910051639e-05
9.721039505e-05
9.536409345e-05
9.360564996e-05
9.18447399e-05
9.018232362e-05
8.860069858e-05
8.701659918e-05
8.556856203e-05
8.416418335e-05
8.270033815e-05
8.136236672e-05
8.006810645e-05
7.883887138e-05
7.759850247e-05
7.635166239e-05
7.524298452e-05
7.411926729e-05
7.307807957e-05
7.199095137e-05
7.100708645e-05
6.997763834e-05
6.900447475e-05
6.80556151e-05
6.715997297e-05
6.623743935e-05
6.539188709e-05
6.454118269e-05
6.375167163e-05
6.295243229e-05
6.218499727e-05
6.139332804e-05
6.065037832e-05
5.996176846e-05
5.921161561e-05
5.851523419e-05
5.783136842e-05
5.718294457e-05
5.655129136e-05
5.59120356e-05
5.531290258e-05
5.468059413e-05
5.40793226e-05
5.350865522e-05
5.297290118e-05
5.242247724e-05
5.1894461e-05
5.134060703e-05
5.083626148e-05
5.030917326e-05
4.981173934e-05
4.931036384e-05
4.883054768e-05
4.834048158e-05
4.79098814e-05
4.744754641e-05
4.698400693e-05
4.65316329e-05
4.613285568e-05
4.572268635e-05
4.529968249e-05
4.486385856e-05
4.444740237e-05
4.410704282e-05
4.37051833e-05
4.333760979e-05
4.296642966e-05
4.25867993e-05
4.223751307e-05
4.187944118e-05
4.151172791e-05
4.119900483e-05
4.087946818e-05
4.052543332e-05
4.018566906e-05
3.988147081e-05
3.95807752e-05
3.927799562e-05
3.894197407e-05
3.863170106e-05
3.835355311e-05
3.805610272e-05
3.77829499e-05
3.748962872e-05
3.72085657e-05
3.692135278e-05
3.666221118e-05
3.639096874e-05
3.611668891e-05
3.588054056e-05
3.560893597e-05
3.534351259e-05
3.50994441e-05
3.485274094e-05
3.462153389e-05
3.439790061e-05
3.414840935e-05
3.391825347e-05
3.369540538e-05
3.346666665e-05
3.32491864e-05
3.302891949e-05
3.280346502e-05
3.258623293e-05
3.23791616e-05
3.217163235e-05
3.197769566e-05
3.178045136e-05
3.156163314e-05
3.136377453e-05
3.117025899e-05
3.097521763e-05
3.078489452e-05
3.059064014e-05
3.040883358e-05
3.023548642e-05
3.004789019e-05
2.986554798e-05
2.96954618e-05
2.951305987e-05
2.93374713e-05
2.917315784e-05
2.89877991e-05
2.882277686e-05
2.865533619e-05
2.851562122e-05
2.834222924e-05
2.819269689e-05
2.803548853e-05
2.788710015e-05
2.773252748e-05
2.757223727e-05
2.741898227e-05
2.726871916e-05
2.713019397e-05
2.698499684e-05
2.68376135e-05
2.669470237e-05
2.655237211e-05
2.640780007e-05
2.626791075e-05
2.612737021e-05
2.599904727e-05
2.586087898e-05
2.573000031e-05
2.559389282e-05
2.545431326e-05
2.533294503e-05
2.519631499e-05
2.507488773e-05
2.493701396e-05
2.479448095e-05
2.465238696e-05
0.001718525405
0.001203806809
0.0009501013871
0.0007918297397
0.0006798735756
0.0005969084688
0.0005329976175
0.0004814022824
0.0004382568289
0.0004024376484
0.0003724505081
0.000346863111
0.0003243846664
0.0003043840421
0.0002872251031
0.0002720291282
0.0002575244731
0.0002451312174
0.0002335438187
0.0002233090276
0.0002137107957
0.0002049395151
0.0001969277867
0.0001894432162
0.0001823687967
0.0001760414411
0.0001701182238
0.000164444627
0.000159230509
0.0001542891918
0.0001497296216
0.0001453897836
0.0001411298674
0.0001373177802
0.000133674643
0.0001300068947
0.0001267708918
0.0001237067134
0.0001207327185
0.0001179214013
0.0001151610093
0.0001124595748
0.0001100322843
0.0001076482532
0.0001054222156
0.0001031835148
0.0001010970719
9.917807871e-05
9.724174007e-05
9.539818814e-05
9.356315361e-05
9.183086126e-05
9.015666572e-05
8.865554083e-05
8.703203523e-05
8.549738016e-05
8.415746994e-05
8.276976282e-05
8.140069822e-05
8.010021578e-05
7.887280052e-05
7.758518324e-05
7.643065281e-05
7.526149791e-05
7.414441245e-05
7.30734369e-05
7.201431049e-05
7.098271133e-05
7.000221327e-05
6.901940418e-05
6.801728296e-05
6.713782251e-05
6.629623817e-05
6.541400158e-05
6.456735222e-05
6.371342938e-05
6.292852651e-05
6.217108516e-05
6.1403291e-05
6.065121546e-05
5.994089593e-05
5.92670664e-05
5.850992452e-05
5.783652505e-05
5.717525748e-05
5.649075841e-05
5.590483177e-05
5.527822207e-05
5.467060748e-05
5.409035571e-05
5.3503547e-05
5.298170534e-05
5.241349344e-05
5.188347718e-05
5.132538631e-05
5.080294303e-05
5.030181989e-05
4.979418923e-05
4.929793621e-05
4.883382406e-05
4.835132631e-05
4.7902378e-05
4.746516722e-05
4.699972576e-05
4.656832984e-05
4.611628774e-05
4.571876248e-05
4.529898778e-05
4.487141881e-05
4.444332311e-05
4.408586811e-05
4.370892075e-05
4.334456012e-05
4.295758535e-05
4.258215279e-05
4.220474669e-05
4.188480247e-05
4.15351194e-05
4.120008766e-05
4.087616737e-05
4.053290235e-05
4.019622584e-05
3.987515858e-05
3.955857872e-05
3.925999951e-05
3.894843037e-05
3.865038733e-05
3.834006828e-05
3.805323831e-05
3.778446593e-05
3.749287361e-05
3.720472459e-05
3.693528078e-05
3.665547968e-05
3.638217254e-05
3.612591318e-05
3.58708344e-05
3.561126986e-05
3.535010459e-05
3.508750173e-05
3.487176925e-05
3.461656131e-05
3.437952259e-05
3.413869013e-05
3.393174759e-05
3.369215684e-05
3.346279632e-05
3.323737884e-05
3.303083501e-05
3.280217675e-05
3.257835603e-05
3.237490054e-05
3.217759895e-05
3.196188561e-05
3.177502032e-05
3.156117443e-05
3.13626888e-05
3.114990397e-05
3.097836036e-05
3.078659708e-05
3.059680916e-05
3.041292025e-05
3.022072843e-05
3.005190886e-05
2.987804541e-05
2.969162091e-05
2.952428559e-05
2.933951195e-05
2.917897109e-05
2.899460878e-05
2.883560129e-05
2.866291595e-05
2.851180861e-05
2.835658897e-05
2.818644583e-05
2.802680501e-05
2.788585785e-05
2.772316566e-05
2.758675419e-05
2.741525685e-05
2.727902348e-05
2.712653845e-05
2.697781044e-05
2.683211537e-05
2.668620809e-05
2.654955063e-05
2.641396797e-05
2.626954622e-05
2.613820599e-05
2.599764997e-05
2.585539628e-05
2.572764846e-05
2.559861938e-05
2.546540134e-05
2.533699754e-05
2.520778759e-05
2.508155555e-05
2.493962533e-05
2.480406373e-05
2.465109388e-05
0.001729688825
0.001205443814
0.0009518409383
0.0007910581721
0.0006796251848
0.0005973964729
0.0005322993732
0.0004800360985
0.0004377501896
0.000402286271
0.0003729704008
0.0003466649353
0.0003243207421
0.0003046917182
0.0002872015728
0.0002718730783
0.0002577106387
0.0002452310343
0.0002338152946
0.0002232589794
0.0002136078821
0.0002049287455
0.000196963142
0.0001893428588
0.0001824008305
0.0001759405058
0.0001701473599
0.0001644468942
0.0001591827604
0.000154328864
0.00014957418
0.0001452740931
0.0001411906596
0.0001373124659
0.0001336168381
0.000130203442
0.0001267502293
0.0001236372236
0.0001206755278
0.0001178665933
0.0001151009898
0.0001125578682
0.0001100016959
0.0001077041629
0.0001053914509
0.000103251134
0.0001011453652
9.920619449e-05
9.728254033e-05
9.540194192e-05
9.357583447e-05
9.191399499e-05
9.019063904e-05
8.857727598e-05
8.702571371e-05
8.553068982e-05
8.41465881e-05
8.273354084e-05
8.135919066e-05
8.001889622e-05
7.879817945e-05
7.762306667e-05
7.641745857e-05
7.525019127e-05
7.41251545e-05
7.30810106e-05
7.200716992e-05
7.099932375e-05
6.998906246e-05
6.900693253e-05
6.807535357e-05
6.716120777e-05
6.628116603e-05
6.540972564e-05
6.459135482e-05
6.370636556e-05
6.294766639e-05
6.21681027e-05
6.141411164e-05
6.065157946e-05
5.991175221e-05
5.920426092e-05
5.851888286e-05
5.785548349e-05
5.717455859e-05
5.652335872e-05
5.588343798e-05
5.530357653e-05
5.470034453e-05
5.411104482e-05
5.353406713e-05
5.298555609e-05
5.242151511e-05
5.18683568e-05
5.133411719e-05
5.085588714e-05
5.029885316e-05
4.979904777e-05
4.930742723e-05
4.884430581e-05
4.835114811e-05
4.790019863e-05
4.745519263e-05
4.701913202e-05
4.657818846e-05
4.612992411e-05
4.571534579e-05
4.531031271e-05
4.486458523e-05
4.448924354e-05
4.409629388e-05
4.37200863e-05
4.332482049e-05
4.294931675e-05
4.257912531e-05
4.222279623e-05
4.187165438e-05
4.155732953e-05
4.120778681e-05
4.086470258e-05
4.054493505e-05
4.021353263e-05
3.989338741e-05
3.957802428e-05
3.92547941e-05
3.895717663e-05
3.865637645e-05
3.835243411e-05
3.804633634e-05
3.776115432e-05
3.74819307e-05
3.719376114e-05
3.693550064e-05
3.666054946e-05
3.639831168e-05
3.613119501e-05
3.585626312e-05
3.559664282e-05
3.532871365e-05
3.510985181e-05
3.485918701e-05
3.462469751e-05
3.438044151e-05
3.413960021e-05
3.392378898e-05
3.369749811e-05
3.346341525e-05
3.324053222e-05
3.303169061e-05
3.280398493e-05
3.257372724e-05
3.237096579e-05
3.216865134e-05
3.19640873e-05
3.175246489e-05
3.154590098e-05
3.135380623e-05
3.11705816e-05
3.098230047e-05
3.078248208e-05
3.060350613e-05
3.040964215e-05
3.022819147e-05
3.004539105e-05
2.986011634e-05
2.96981107e-05
2.952357569e-05
2.934467693e-05
2.91858072e-05
2.900603259e-05
2.883283509e-05
2.866449618e-05
2.850633342e-05
2.83479489e-05
2.819026122e-05
2.803818891e-05
2.789517821e-05
2.77217353e-05
2.758226664e-05
2.742584598e-05
2.727586137e-05
2.713358121e-05
2.698405621e-05
2.683499155e-05
2.669973548e-05
2.654633992e-05
2.640650219e-05
2.626964751e-05
2.613308882e-05
2.59951819e-05
2.586265901e-05
2.572696817e-05
2.559825678e-05
2.546781006e-05
2.534181978e-05
2.520285846e-05
2.507241103e-05
2.494777264e-05
2.480760738e-05
2.464742382e-05
0.001725380469
0.001205690917
0.0009502687018
0.0007904797391
0.0006793214419
0.0005968287394
0.0005315974005
0.0004800626166
0.000437354161
0.0004022738153
0.0003733506201
0.0003470708486
0.0003245758217
0.0003047580923
0.0002869112061
0.0002714509202
0.000257718522
0.0002450664128
0.0002337194124
0.0002233699763
0.0002136077773
0.000205193591
0.0001969716667
0.0001895519274
0.0001824937554
0.0001759792314
0.0001700444105
0.0001643940204
0.0001590612696
0.0001542436651
0.0001497493489
0.0001453089762
0.0001410698149
0.0001372104462
0.0001335814434
0.0001303568287
0.0001268449398
0.0001236062607
0.000120590262
0.0001177548122
0.0001152054505
0.0001126646813
0.0001101113785
0.0001076199239
0.0001053614121
0.0001032407401
0.0001010787187
9.920291692e-05
9.732166341e-05
9.547592354e-05
9.369225926e-05
9.19474443e-05
9.020477122e-05
8.860780201e-05
8.708664692e-05
8.550467427e-05
8.414341437e-05
8.27500792e-05
8.140212485e-05
8.008020177e-05
7.884593033e-05
7.761502321e-05
7.642248792e-05
7.52941392e-05
7.412903389e-05
7.306559314e-05
7.203699764e-05
7.098848342e-05
7.001835561e-05
6.907181369e-05
6.806653537e-05
6.717306109e-05
6.627440479e-05
6.544733148e-05
6.458243634e-05
6.376166777e-05
6.293355708e-05
6.213527082e-05
6.138200104e-05
6.064546116e-05
5.991052667e-05
5.921705271e-05
5.853305841e-05
5.787178888e-05
5.721214722e-05
5.653187637e-05
5.59017302e-05
5.528433002e-05
5.467612094e-05
5.410070506e-05
5.352593054e-05
5.293955453e-05
5.241781038e-05
5.188712071e-05
5.133241128e-05
5.083754123e-05
5.03105043e-05
4.980391487e-05
4.931988846e-05
4.882031096e-05
4.835885957e-05
4.790253825e-05
4.743933966e-05
4.700463248e-05
4.65563392e-05
4.611540025e-05
4.573667343e-05
4.529902459e-05
4.48724796e-05
4.448849188e-05
4.409410934e-05
4.369158773e-05
4.33081372e-05
4.295119299e-05
4.257232499e-05
4.222391351e-05
4.185904716e-05
4.153956617e-05
4.11995119e-05
4.087497184e-05
4.054106363e-05
4.02212291e-05
3.989104458e-05
3.956195875e-05
3.92639784e-05
3.895529365e-05
3.86487731e-05
3.83537722e-05
3.803949184e-05
3.776340882e-05
3.749519007e-05
3.720143127e-05
3.69194646e-05
3.665133293e-05
3.638793985e-05
3.610554158e-05
3.58526762e-05
3.55898766e-05
3.534024178e-05
3.50965021e-05
3.485005211e-05
3.461364942e-05
3.437440326e-05
3.413681636e-05
3.391399249e-05
3.369082097e-05
3.346798996e-05
3.325459207e-05
3.303549446e-05
3.279892781e-05
3.258324484e-05
3.237934371e-05
3.217465643e-05
3.196601916e-05
3.175481984e-05
3.154869848e-05
3.135529723e-05
3.116008538e-05
3.097325968e-05
3.079854545e-05
3.060387534e-05
3.041449882e-05
3.021765611e-05
3.00352258e-05
2.986423066e-05
2.969348232e-05
2.951590169e-05
2.93533462e-05
2.917656699e-05
2.900812614e-05
2.88518662e-05
2.867965659e-05
2.85095325e-05
2.835010214e-05
2.82011634e-05
2.804555657e-05
2.788820903e-05
2.773570317e-05
2.757260317e-05
2.741945228e-05
2.728295132e-05
2.71335122e-05
2.699616177e-05
2.683448884e-05
2.670223437e-05
2.654948942e-05
2.641011204e-05
2.626954167e-05
2.613405689e-05
2.599549205e-05
2.585568932e-05
2.573084229e-05
2.560791451e-05
2.547707416e-05
2.534086692e-05
2.52096463e-05
2.507139303e-05
2.494154517e-05
2.481024881e-05
2.465163506e-05
)
;

boundaryField
{
    bottom
    {
        type            calculated;
        value           nonuniform List<scalar> 
200
(
0.001717776767
0.001203932517
0.0009501765069
0.000790937252
0.0006793154175
0.0005969881471
0.0005317977677
0.0004807394796
0.0004379408239
0.000402612722
0.0003729897682
0.0003463996833
0.0003241878837
0.0003043185836
0.0002871021359
0.0002713706942
0.0002579775045
0.0002452543648
0.0002336447766
0.0002231920993
0.0002136980264
0.0002048863202
0.0001968373733
0.0001895247868
0.0001825318074
0.0001761845225
0.0001700661054
0.0001644791443
0.0001592823833
0.0001544017706
0.0001497570964
0.0001452104536
0.0001411254993
0.0001372237161
0.0001335358156
0.0001300306981
0.0001267296161
0.0001235854131
0.0001206173134
0.0001178044113
0.0001151205886
0.0001125410147
0.0001100812088
0.000107669759
0.0001055382484
0.0001032066233
0.0001011887291
9.917619929e-05
9.721091449e-05
9.540861996e-05
9.368677749e-05
9.193006264e-05
9.022907166e-05
8.868644244e-05
8.702293475e-05
8.556400194e-05
8.415731326e-05
8.272299018e-05
8.134044708e-05
8.005730325e-05
7.877572199e-05
7.754865317e-05
7.640828023e-05
7.524786233e-05
7.413717983e-05
7.305115215e-05
7.19906972e-05
7.099201926e-05
7.001888364e-05
6.902606448e-05
6.811252785e-05
6.717308552e-05
6.629520567e-05
6.543982917e-05
6.457312323e-05
6.377302255e-05
6.290979717e-05
6.215017978e-05
6.136244688e-05
6.062686007e-05
5.992792287e-05
5.918712284e-05
5.852678286e-05
5.783851891e-05
5.717312111e-05
5.653801698e-05
5.58979121e-05
5.530380533e-05
5.471253288e-05
5.41011042e-05
5.350679987e-05
5.296146642e-05
5.243544554e-05
5.18822198e-05
5.135284924e-05
5.082109745e-05
5.031484415e-05
4.982162759e-05
4.932752058e-05
4.8841779e-05
4.836713548e-05
4.792843969e-05
4.745866687e-05
4.697293118e-05
4.65672308e-05
4.614019024e-05
4.567869229e-05
4.530387517e-05
4.487150569e-05
4.4476431e-05
4.408314291e-05
4.370590091e-05
4.330050846e-05
4.295690073e-05
4.261765832e-05
4.223169936e-05
4.187410329e-05
4.150912e-05
4.118442781e-05
4.085123766e-05
4.052564536e-05
4.023258975e-05
3.987746252e-05
3.958197874e-05
3.92656913e-05
3.895279685e-05
3.86489651e-05
3.836084302e-05
3.804600059e-05
3.776895715e-05
3.750277298e-05
3.720857885e-05
3.694745488e-05
3.66500561e-05
3.639626238e-05
3.613046848e-05
3.587621006e-05
3.561863531e-05
3.53439338e-05
3.509544517e-05
3.486070211e-05
3.461671136e-05
3.438033823e-05
3.414669339e-05
3.391750653e-05
3.369764024e-05
3.346578277e-05
3.324543957e-05
3.303986276e-05
3.280991896e-05
3.260343179e-05
3.238336353e-05
3.216977083e-05
3.196383998e-05
3.176384872e-05
3.156673513e-05
3.135215279e-05
3.116923792e-05
3.098866807e-05
3.078268968e-05
3.060136705e-05
3.04125174e-05
3.023168981e-05
3.006036384e-05
2.988334529e-05
2.970535914e-05
2.951585505e-05
2.933694018e-05
2.916246629e-05
2.900886069e-05
2.882596813e-05
2.867024152e-05
2.85110415e-05
2.835448641e-05
2.819437937e-05
2.803797463e-05
2.788560342e-05
2.772079473e-05
2.756876336e-05
2.742971268e-05
2.728391461e-05
2.713081079e-05
2.698824542e-05
2.683188938e-05
2.669753407e-05
2.655878299e-05
2.64048969e-05
2.626679102e-05
2.61381255e-05
2.599952542e-05
2.587008302e-05
2.573914054e-05
2.560812536e-05
2.54756478e-05
2.533059482e-05
2.51965277e-05
2.506551449e-05
2.493401902e-05
2.480461059e-05
2.465361156e-05
)
;
    }
    top
    {
        type            calculated;
        value           nonuniform List<scalar> 
200
(
0.001725380469
0.001205690917
0.0009502687018
0.0007904797391
0.0006793214419
0.0005968287394
0.0005315974005
0.0004800626166
0.000437354161
0.0004022738153
0.0003733506201
0.0003470708486
0.0003245758217
0.0003047580923
0.0002869112061
0.0002714509202
0.000257718522
0.0002450664128
0.0002337194124
0.0002233699763
0.0002136077773
0.000205193591
0.0001969716667
0.0001895519274
0.0001824937554
0.0001759792314
0.0001700444105
0.0001643940204
0.0001590612696
0.0001542436651
0.0001497493489
0.0001453089762
0.0001410698149
0.0001372104462
0.0001335814434
0.0001303568287
0.0001268449398
0.0001236062607
0.000120590262
0.0001177548122
0.0001152054505
0.0001126646813
0.0001101113785
0.0001076199239
0.0001053614121
0.0001032407401
0.0001010787187
9.920291692e-05
9.732166341e-05
9.547592354e-05
9.369225926e-05
9.19474443e-05
9.020477122e-05
8.860780201e-05
8.708664692e-05
8.550467427e-05
8.414341437e-05
8.27500792e-05
8.140212485e-05
8.008020177e-05
7.884593033e-05
7.761502321e-05
7.642248792e-05
7.52941392e-05
7.412903389e-05
7.306559314e-05
7.203699764e-05
7.098848342e-05
7.001835561e-05
6.907181369e-05
6.806653537e-05
6.717306109e-05
6.627440479e-05
6.544733148e-05
6.458243634e-05
6.376166777e-05
6.293355708e-05
6.213527082e-05
6.138200104e-05
6.064546116e-05
5.991052667e-05
5.921705271e-05
5.853305841e-05
5.787178888e-05
5.721214722e-05
5.653187637e-05
5.59017302e-05
5.528433002e-05
5.467612094e-05
5.410070506e-05
5.352593054e-05
5.293955453e-05
5.241781038e-05
5.188712071e-05
5.133241128e-05
5.083754123e-05
5.03105043e-05
4.980391487e-05
4.931988846e-05
4.882031096e-05
4.835885957e-05
4.790253825e-05
4.743933966e-05
4.700463248e-05
4.65563392e-05
4.611540025e-05
4.573667343e-05
4.529902459e-05
4.48724796e-05
4.448849188e-05
4.409410934e-05
4.369158773e-05
4.33081372e-05
4.295119299e-05
4.257232499e-05
4.222391351e-05
4.185904716e-05
4.153956617e-05
4.11995119e-05
4.087497184e-05
4.054106363e-05
4.02212291e-05
3.989104458e-05
3.956195875e-05
3.92639784e-05
3.895529365e-05
3.86487731e-05
3.83537722e-05
3.803949184e-05
3.776340882e-05
3.749519007e-05
3.720143127e-05
3.69194646e-05
3.665133293e-05
3.638793985e-05
3.610554158e-05
3.58526762e-05
3.55898766e-05
3.534024178e-05
3.50965021e-05
3.485005211e-05
3.461364942e-05
3.437440326e-05
3.413681636e-05
3.391399249e-05
3.369082097e-05
3.346798996e-05
3.325459207e-05
3.303549446e-05
3.279892781e-05
3.258324484e-05
3.237934371e-05
3.217465643e-05
3.196601916e-05
3.175481984e-05
3.154869848e-05
3.135529723e-05
3.116008538e-05
3.097325968e-05
3.079854545e-05
3.060387534e-05
3.041449882e-05
3.021765611e-05
3.00352258e-05
2.986423066e-05
2.969348232e-05
2.951590169e-05
2.93533462e-05
2.917656699e-05
2.900812614e-05
2.88518662e-05
2.867965659e-05
2.85095325e-05
2.835010214e-05
2.82011634e-05
2.804555657e-05
2.788820903e-05
2.773570317e-05
2.757260317e-05
2.741945228e-05
2.728295132e-05
2.71335122e-05
2.699616177e-05
2.683448884e-05
2.670223437e-05
2.654948942e-05
2.641011204e-05
2.626954167e-05
2.613405689e-05
2.599549205e-05
2.585568932e-05
2.573084229e-05
2.560791451e-05
2.547707416e-05
2.534086692e-05
2.52096463e-05
2.507139303e-05
2.494154517e-05
2.481024881e-05
2.465163506e-05
)
;
    }
    inlet
    {
        type            calculated;
        value           nonuniform List<scalar> 5(0.001717776767 0.001718004998 0.001718525405 0.001729688825 0.001725380469);
    }
    outlet
    {
        type            calculated;
        value           nonuniform List<scalar> 5(2.465361156e-05 2.465238696e-05 2.465109388e-05 2.464742382e-05 2.465163506e-05);
    }
    back
    {
        type            symmetry;
    }
    front
    {
        type            symmetry;
    }
}


// ************************************************************************* //
