/*--------------------------------*- C++ -*----------------------------------*\
| =========                 |                                                 |
| \\      /  F ield         | OpenFOAM: The Open Source CFD Toolbox           |
|  \\    /   O peration     | Version:  v1612+                                |
|   \\  /    A nd           | Web:      www.OpenFOAM.com                      |
|    \\/     M anipulation  |                                                 |
\*---------------------------------------------------------------------------*/
FoamFile
{
    version     2.0;
    format      ascii;
    class       volScalarField;
    location    "4.78";
    object      mfpCellRatio_Ar2;
}
// * * * * * * * * * * * * * * * * * * * * * * * * * * * * * * * * * * * * * //

dimensions      [0 0 0 0 0 0 0];

internalField   nonuniform List<scalar> 
1000
(
125.9732695
89.79781017
71.29793785
59.5452799
51.2465529
45.12629688
40.23025852
36.38098612
33.17947564
30.52784544
28.29446121
26.27767781
24.59884377
23.10653141
21.80492184
20.61931014
19.59946195
18.64323194
17.75232186
16.95337939
16.23935998
15.57113187
14.96119534
14.4078403
13.8796624
13.39818383
12.93107165
12.50695501
12.1117568
11.74408892
11.38865501
11.0444969
10.73100509
10.43389952
10.15439541
9.888275349
9.637994475
9.397756276
9.173929362
8.958460021
8.754321206
8.558960298
8.373606074
8.189934606
8.028909373
7.851566468
7.697203978
7.544628734
7.396546104
7.259991327
7.129380285
6.992758866
6.863126232
6.746196655
6.620444388
6.509639595
6.399680523
6.293212893
6.187908979
6.089519064
5.990355987
5.897376675
5.811179022
5.72372204
5.639397032
5.557419536
5.474960731
5.40031383
5.327331935
5.251233737
5.181797784
5.111246176
5.044678108
4.978719977
4.913128616
4.852703229
4.786129198
4.728938468
4.66940415
4.61300153
4.559748728
4.503297646
4.452594985
4.399412408
4.349987084
4.302415931
4.252760265
4.207864607
4.164070637
4.117183175
4.071546574
4.029797391
3.990236455
3.948225757
3.907765891
3.867683783
3.828596287
3.791586845
3.754286364
3.716572683
3.681051238
3.647156636
3.611270912
3.574733119
3.543888816
3.5109942
3.476135228
3.447877446
3.415364024
3.384253001
3.354566213
3.326264987
3.294855574
3.26941175
3.242943952
3.2138049
3.186703093
3.158759211
3.134299894
3.108878858
3.084166868
3.061592441
3.034676802
3.012259432
2.988307097
2.964169117
2.941369155
2.919590145
2.895506404
2.874628201
2.854044365
2.831592197
2.811833927
2.788495974
2.770012805
2.750092144
2.730617672
2.710515845
2.68939603
2.670950124
2.652877618
2.634203955
2.616521338
2.598243196
2.580972249
2.563866486
2.54634888
2.529274403
2.514449949
2.496768402
2.481070559
2.464367769
2.448026364
2.432290743
2.416796433
2.401919612
2.385549817
2.371633395
2.358231301
2.342317605
2.328892663
2.313887463
2.300585684
2.287472917
2.274369751
2.260543117
2.245917467
2.23220461
2.218828923
2.207331076
2.193477469
2.181066213
2.169536981
2.157713496
2.145621785
2.133384922
2.12208704
2.109665172
2.097899973
2.087287385
2.076204733
2.06465088
2.053641904
2.041910086
2.031911876
2.021088848
2.009410303
1.998709833
1.989102834
1.978466466
1.968553957
1.958635299
1.948479837
1.938383885
1.927411932
1.916996567
1.907251405
1.896917609
1.886939291
1.875340787
126.1603316
89.6650239
71.36296072
59.49115164
51.19128006
45.07025195
40.2921861
36.30410983
33.17105581
30.48055899
28.22991315
26.29857646
24.57520736
23.1072455
21.80087368
20.62811737
19.55988263
18.60499506
17.72799482
16.95864437
16.21948771
15.57643597
14.96626105
14.409406
13.88103378
13.3917183
12.93418388
12.50979198
12.11049497
11.74164148
11.38166344
11.04476367
10.72354634
10.4377794
10.1638366
9.889189436
9.642378531
9.403243219
9.175333255
8.962679218
8.762995649
8.560190188
8.376522561
8.189328182
8.021201797
7.852921427
7.686726239
7.540540507
7.394619084
7.255007238
7.122050396
6.986320239
6.858356389
6.740208079
6.618910064
6.509015958
6.402573299
6.291402682
6.188359016
6.089363401
5.995996198
5.902475384
5.807158019
5.724039294
5.639075082
5.558834044
5.475358864
5.401146699
5.325467491
5.249940288
5.177770904
5.109016184
5.038860499
4.975284842
4.911578622
4.850697376
4.788731081
4.731501172
4.670990288
4.614299075
4.562682427
4.504543874
4.451567988
4.399874929
4.350727063
4.302576688
4.253637195
4.208195046
4.160390467
4.114812905
4.071917169
4.030888214
3.990043568
3.94967929
3.906619877
3.869174857
3.829017115
3.791244883
3.752920206
3.716439952
3.678020069
3.645544101
3.610624524
3.574944947
3.540700028
3.510662346
3.479558864
3.447128568
3.414149936
3.381943742
3.356569408
3.326379641
3.298296187
3.269578225
3.240809719
3.21419555
3.187110958
3.158969739
3.135144772
3.111423964
3.083905606
3.057634492
3.034470434
3.011970386
2.989235492
2.963938299
2.94006391
2.918813015
2.895859506
2.875476112
2.852997287
2.831854796
2.809835909
2.789977066
2.769214661
2.748814453
2.730319767
2.709782164
2.689541212
2.671159408
2.652470031
2.634345372
2.617624056
2.598557004
2.581227821
2.563892537
2.546422308
2.52971343
2.513047435
2.495931056
2.479466204
2.464365349
2.448258345
2.433172576
2.418343949
2.401386405
2.386570728
2.371863736
2.357301644
2.342715035
2.327598645
2.314256408
2.300897005
2.286585053
2.27285029
2.259568391
2.245722865
2.232489706
2.219586299
2.205428416
2.192889075
2.180218356
2.169714077
2.156608754
2.145324607
2.133394709
2.122194629
2.110291444
2.097950364
2.086563824
2.075058169
2.064555163
2.053332703
2.04247408
2.031510332
2.020506772
2.009566213
1.998951695
1.988408504
1.978217324
1.967593553
1.957659311
1.947565514
1.936521496
1.927493861
1.917018322
1.907802168
1.897457479
1.886501686
1.875339234
125.985417
89.71993735
71.26789539
59.60710357
51.30014574
45.07840703
40.32161583
36.43093951
33.20785248
30.51681395
28.25482387
26.3080941
24.61958994
23.12100733
21.81470424
20.66503156
19.57073178
18.62488959
17.74954743
16.96742976
16.24077402
15.57473845
14.9639811
14.40021431
13.85753915
13.38042131
12.93834318
12.50560045
12.11236839
11.73106415
11.39022589
11.06277728
10.73281016
10.44237465
10.16621904
9.885660835
9.641761069
9.41323554
9.183450553
8.970769403
8.757792051
8.551954174
8.367595159
8.188608463
8.016653598
7.847740162
7.692323093
7.545863228
7.397808508
7.256993051
7.118712031
6.984971854
6.858559638
6.744815495
6.620160669
6.502177113
6.40061242
6.297265887
6.192467883
6.092637858
5.99874856
5.90216996
5.813483091
5.725400168
5.640319755
5.55894004
5.478457637
5.399743957
5.326975195
5.251660096
5.174440853
5.108033261
5.043702429
4.975706227
4.912847896
4.847741792
4.787592457
4.729674415
4.670639172
4.614005907
4.56049578
4.509404891
4.451719299
4.400565709
4.349841601
4.297297251
4.254051242
4.206079299
4.159859806
4.115095738
4.070875633
4.031489349
3.988290207
3.948289539
3.905159954
3.866323727
3.827533647
3.78900513
3.75165216
3.716762209
3.679878775
3.645379871
3.612219834
3.576462569
3.543319835
3.508573693
3.47940815
3.446801041
3.414723794
3.382009537
3.354307253
3.326414576
3.298353959
3.268970124
3.239393713
3.21067221
3.187950698
3.160706535
3.13497707
3.111141993
3.084051095
3.058568572
3.034625294
3.010242458
2.987993275
2.964126306
2.941824157
2.917507596
2.895828688
2.875814057
2.853889076
2.831276075
2.810831053
2.789754623
2.768718636
2.749591289
2.729912397
2.71002335
2.690157142
2.669884557
2.653539515
2.633730793
2.616267103
2.59764075
2.581832792
2.563831773
2.546362992
2.529406576
2.513340475
2.495959947
2.47854709
2.46358659
2.448704134
2.432484378
2.41821571
2.40131092
2.386020845
2.370149626
2.357566869
2.34270675
2.328484081
2.314444558
2.299836107
2.287235338
2.273949474
2.259770575
2.24674629
2.232372874
2.220284275
2.206135547
2.194340816
2.181161792
2.169541343
2.157408886
2.144993253
2.132561572
2.121964583
2.109630645
2.099059021
2.086154577
2.076019011
2.064392053
2.053104105
2.042013771
2.031045305
2.020395226
2.009878043
1.998946055
1.98900412
1.978516834
1.967689988
1.957765561
1.948012105
1.937957042
1.928181686
1.918303336
1.908644459
1.897500021
1.887110916
1.875375676
126.9398917
89.82017508
71.40885499
59.51745216
51.2746015
45.16921175
40.2618875
36.34885242
33.16105751
30.49830622
28.28526615
26.30948625
24.61752191
23.13543084
21.81258716
20.66200533
19.58571134
18.63550172
17.76944815
16.96970693
16.23753441
15.57851622
14.97302947
14.3986409
13.86556075
13.37815463
12.94070861
12.50345378
12.10590228
11.73900478
11.37679375
11.04974672
10.73834016
10.44318588
10.16076181
9.899158648
9.639516929
9.403731756
9.17773166
8.964732985
8.755649821
8.559502484
8.365281815
8.192504416
8.018041246
7.855326758
7.694740874
7.547907769
7.400761644
7.255937449
7.120355687
6.990863053
6.858970841
6.735919539
6.616969808
6.503406017
6.399235932
6.294483415
6.189054904
6.085756284
5.99517944
5.904195497
5.812904248
5.724228035
5.637447298
5.558961053
5.475963831
5.40091314
5.323893264
5.24898837
5.178695193
5.11124098
5.043267338
4.975701948
4.915005196
4.846288705
4.787733992
4.729015749
4.672369046
4.613590335
4.557327854
4.502968691
4.453409531
4.402177413
4.349455524
4.300482486
4.251131007
4.207304415
4.162098678
4.117026694
4.073764239
4.031724884
3.988603618
3.94638408
3.906265226
3.870796409
3.827515048
3.789150355
3.752192782
3.717141611
3.679769852
3.645954827
3.61123532
3.578156601
3.544511981
3.510042159
3.478479121
3.448044463
3.413708397
3.385361031
3.356115206
3.326660718
3.297187694
3.268110473
3.240185567
3.212611808
3.186254058
3.162694529
3.135743502
3.109714381
3.08481412
3.059990139
3.035539031
3.011964755
2.987231767
2.965186145
2.94180003
2.918836366
2.895672342
2.873475972
2.852216551
2.830250516
2.811147376
2.790483561
2.770159736
2.749639611
2.728238802
2.70864349
2.688144487
2.671286452
2.652841143
2.634834308
2.616730898
2.597864803
2.581522653
2.564391979
2.546592976
2.529834882
2.513809577
2.496064759
2.478431469
2.463583527
2.447852617
2.432308691
2.416180875
2.400100664
2.385730877
2.371726709
2.357529636
2.342632525
2.328752634
2.314237316
2.30023904
2.286589263
2.272241122
2.260195284
2.24681304
2.233185004
2.220712755
2.206943607
2.193850108
2.181148129
2.169328839
2.156952045
2.144939404
2.133404389
2.123034664
2.109653677
2.099218994
2.087251996
2.075571964
2.064976393
2.053347064
2.041963559
2.032048418
2.020214623
2.009379442
1.99899301
1.988679612
1.978232798
1.968297284
1.957657272
1.948002394
1.937965996
1.928413611
1.917755558
1.907686077
1.898449893
1.887438664
1.87499647
126.6373377
89.81883553
71.21275792
59.51696436
51.26477373
45.10548316
40.19034758
36.33304693
33.15085941
30.5076632
28.31516196
26.33509728
24.64384744
23.15247975
21.79309957
20.62305688
19.58699249
18.62486383
17.76503089
16.97985379
16.2367797
15.60245498
14.97835252
14.41682384
13.87638088
13.37825582
12.92610827
12.50085798
12.09488216
11.73085141
11.39155797
11.05181237
10.72791426
10.43784801
10.15909792
9.916604245
9.647967861
9.40109878
9.174160745
8.95626979
8.760476453
8.56694811
8.375590854
8.186620934
8.012760619
7.853952825
7.686590836
7.547393771
7.404238251
7.263127502
7.129008369
6.994186831
6.861133218
6.74004074
6.624825459
6.504241102
6.400135145
6.294332087
6.192797909
6.091791699
5.998141154
5.905341657
5.81404843
5.727437476
5.638234063
5.558314433
5.479516633
5.401034138
5.326291598
5.255166369
5.17951919
5.111217807
5.042098928
4.98091591
4.914940452
4.852094716
4.787606849
4.725991889
4.669579741
4.614077013
4.557052216
4.505130483
4.453345265
4.403090765
4.353685626
4.301164688
4.253444429
4.205636704
4.159783504
4.115378255
4.072556676
4.02761797
3.988228234
3.949100061
3.90641139
3.868554379
3.828735921
3.789390478
3.753328411
3.714048656
3.680728721
3.645611747
3.610453615
3.576841461
3.542151121
3.509079158
3.480237972
3.446466922
3.414232547
3.385077368
3.355537692
3.325238888
3.295691332
3.268109636
3.239753945
3.213311274
3.184646369
3.161072136
3.135263067
3.109647159
3.08494706
3.061167048
3.035777446
3.010497554
2.987454653
2.964398854
2.941262751
2.918942368
2.895393033
2.87368551
2.85361635
2.83131028
2.809928287
2.789212029
2.769254077
2.747226038
2.727862256
2.708422921
2.689352036
2.6711851
2.651609688
2.633843018
2.615648813
2.597684278
2.581026152
2.564226368
2.546780487
2.530959263
2.514586879
2.495568282
2.479710209
2.463952113
2.448040627
2.432238762
2.416530059
2.400451022
2.385155903
2.370852468
2.357062533
2.344114333
2.329285637
2.314448992
2.299551841
2.285404949
2.272168178
2.259946771
2.246172721
2.233411452
2.21967026
2.207074458
2.195690641
2.18259531
2.169743699
2.157205155
2.145938289
2.13439596
2.122148972
2.111023322
2.098429192
2.086747842
2.076097057
2.065041742
2.054443868
2.042134655
2.03228471
2.020639374
2.009915213
1.998955341
1.988732044
1.978167554
1.967587968
1.957980472
1.948790423
1.938573495
1.928457932
1.918405801
1.907589711
1.89804943
1.88803638
1.8754991
)
;

boundaryField
{
    bottom
    {
        type            calculated;
        value           nonuniform List<scalar> 
200
(
125.9732695
89.79781017
71.29793785
59.5452799
51.2465529
45.12629688
40.23025852
36.38098612
33.17947564
30.52784544
28.29446121
26.27767781
24.59884377
23.10653141
21.80492184
20.61931014
19.59946195
18.64323194
17.75232186
16.95337939
16.23935998
15.57113187
14.96119534
14.4078403
13.8796624
13.39818383
12.93107165
12.50695501
12.1117568
11.74408892
11.38865501
11.0444969
10.73100509
10.43389952
10.15439541
9.888275349
9.637994475
9.397756276
9.173929362
8.958460021
8.754321206
8.558960298
8.373606074
8.189934606
8.028909373
7.851566468
7.697203978
7.544628734
7.396546104
7.259991327
7.129380285
6.992758866
6.863126232
6.746196655
6.620444388
6.509639595
6.399680523
6.293212893
6.187908979
6.089519064
5.990355987
5.897376675
5.811179022
5.72372204
5.639397032
5.557419536
5.474960731
5.40031383
5.327331935
5.251233737
5.181797784
5.111246176
5.044678108
4.978719977
4.913128616
4.852703229
4.786129198
4.728938468
4.66940415
4.61300153
4.559748728
4.503297646
4.452594985
4.399412408
4.349987084
4.302415931
4.252760265
4.207864607
4.164070637
4.117183175
4.071546574
4.029797391
3.990236455
3.948225757
3.907765891
3.867683783
3.828596287
3.791586845
3.754286364
3.716572683
3.681051238
3.647156636
3.611270912
3.574733119
3.543888816
3.5109942
3.476135228
3.447877446
3.415364024
3.384253001
3.354566213
3.326264987
3.294855574
3.26941175
3.242943952
3.2138049
3.186703093
3.158759211
3.134299894
3.108878858
3.084166868
3.061592441
3.034676802
3.012259432
2.988307097
2.964169117
2.941369155
2.919590145
2.895506404
2.874628201
2.854044365
2.831592197
2.811833927
2.788495974
2.770012805
2.750092144
2.730617672
2.710515845
2.68939603
2.670950124
2.652877618
2.634203955
2.616521338
2.598243196
2.580972249
2.563866486
2.54634888
2.529274403
2.514449949
2.496768402
2.481070559
2.464367769
2.448026364
2.432290743
2.416796433
2.401919612
2.385549817
2.371633395
2.358231301
2.342317605
2.328892663
2.313887463
2.300585684
2.287472917
2.274369751
2.260543117
2.245917467
2.23220461
2.218828923
2.207331076
2.193477469
2.181066213
2.169536981
2.157713496
2.145621785
2.133384922
2.12208704
2.109665172
2.097899973
2.087287385
2.076204733
2.06465088
2.053641904
2.041910086
2.031911876
2.021088848
2.009410303
1.998709833
1.989102834
1.978466466
1.968553957
1.958635299
1.948479837
1.938383885
1.927411932
1.916996567
1.907251405
1.896917609
1.886939291
1.875340787
)
;
    }
    top
    {
        type            calculated;
        value           nonuniform List<scalar> 
200
(
126.6373377
89.81883553
71.21275792
59.51696436
51.26477373
45.10548316
40.19034758
36.33304693
33.15085941
30.5076632
28.31516196
26.33509728
24.64384744
23.15247975
21.79309957
20.62305688
19.58699249
18.62486383
17.76503089
16.97985379
16.2367797
15.60245498
14.97835252
14.41682384
13.87638088
13.37825582
12.92610827
12.50085798
12.09488216
11.73085141
11.39155797
11.05181237
10.72791426
10.43784801
10.15909792
9.916604245
9.647967861
9.40109878
9.174160745
8.95626979
8.760476453
8.56694811
8.375590854
8.186620934
8.012760619
7.853952825
7.686590836
7.547393771
7.404238251
7.263127502
7.129008369
6.994186831
6.861133218
6.74004074
6.624825459
6.504241102
6.400135145
6.294332087
6.192797909
6.091791699
5.998141154
5.905341657
5.81404843
5.727437476
5.638234063
5.558314433
5.479516633
5.401034138
5.326291598
5.255166369
5.17951919
5.111217807
5.042098928
4.98091591
4.914940452
4.852094716
4.787606849
4.725991889
4.669579741
4.614077013
4.557052216
4.505130483
4.453345265
4.403090765
4.353685626
4.301164688
4.253444429
4.205636704
4.159783504
4.115378255
4.072556676
4.02761797
3.988228234
3.949100061
3.90641139
3.868554379
3.828735921
3.789390478
3.753328411
3.714048656
3.680728721
3.645611747
3.610453615
3.576841461
3.542151121
3.509079158
3.480237972
3.446466922
3.414232547
3.385077368
3.355537692
3.325238888
3.295691332
3.268109636
3.239753945
3.213311274
3.184646369
3.161072136
3.135263067
3.109647159
3.08494706
3.061167048
3.035777446
3.010497554
2.987454653
2.964398854
2.941262751
2.918942368
2.895393033
2.87368551
2.85361635
2.83131028
2.809928287
2.789212029
2.769254077
2.747226038
2.727862256
2.708422921
2.689352036
2.6711851
2.651609688
2.633843018
2.615648813
2.597684278
2.581026152
2.564226368
2.546780487
2.530959263
2.514586879
2.495568282
2.479710209
2.463952113
2.448040627
2.432238762
2.416530059
2.400451022
2.385155903
2.370852468
2.357062533
2.344114333
2.329285637
2.314448992
2.299551841
2.285404949
2.272168178
2.259946771
2.246172721
2.233411452
2.21967026
2.207074458
2.195690641
2.18259531
2.169743699
2.157205155
2.145938289
2.13439596
2.122148972
2.111023322
2.098429192
2.086747842
2.076097057
2.065041742
2.054443868
2.042134655
2.03228471
2.020639374
2.009915213
1.998955341
1.988732044
1.978167554
1.967587968
1.957980472
1.948790423
1.938573495
1.928457932
1.918405801
1.907589711
1.89804943
1.88803638
1.8754991
)
;
    }
    inlet
    {
        type            calculated;
        value           nonuniform List<scalar> 5(125.9732695 126.1603316 125.985417 126.9398917 126.6373377);
    }
    outlet
    {
        type            calculated;
        value           nonuniform List<scalar> 5(1.875340787 1.875339234 1.875375676 1.87499647 1.8754991);
    }
    back
    {
        type            symmetry;
    }
    front
    {
        type            symmetry;
    }
}


// ************************************************************************* //
