/*--------------------------------*- C++ -*----------------------------------*\
| =========                 |                                                 |
| \\      /  F ield         | OpenFOAM: The Open Source CFD Toolbox           |
|  \\    /   O peration     | Version:  v1612+                                |
|   \\  /    A nd           | Web:      www.OpenFOAM.com                      |
|    \\/     M anipulation  |                                                 |
\*---------------------------------------------------------------------------*/
FoamFile
{
    version     2.0;
    format      ascii;
    class       volScalarField;
    location    "4.78";
    object      p_mix;
}
// * * * * * * * * * * * * * * * * * * * * * * * * * * * * * * * * * * * * * //

dimensions      [1 -1 -2 0 0 0 0];

internalField   nonuniform List<scalar> 
1000
(
0.5279250971
0.527759571
0.5278280017
0.5276538919
0.5275638142
0.5278397334
0.5278492522
0.5278783471
0.5275639013
0.5277263616
0.5278678924
0.5279056621
0.5278559885
0.527554924
0.5277037142
0.5278992078
0.527795511
0.527672638
0.5277771747
0.5274672894
0.5276224941
0.5276078469
0.5276062601
0.5277601988
0.5276966114
0.5277868778
0.5276544663
0.5276343308
0.5277010476
0.5276115494
0.5275521995
0.5278412358
0.5277082712
0.5277361975
0.5276925634
0.527910573
0.527656688
0.5277094993
0.5276493118
0.5276635158
0.5276179038
0.5276285224
0.5278184018
0.5277599198
0.5275704716
0.5277808855
0.5273741723
0.5275540926
0.5278051489
0.5277354393
0.5275648617
0.5275609404
0.5276362871
0.5275755441
0.528004527
0.5279442646
0.5277145883
0.5276984033
0.5278616351
0.5276849533
0.5276802166
0.5276559706
0.5277329728
0.5278347651
0.527608703
0.5276254221
0.5276599129
0.5276583994
0.5275336653
0.5276641259
0.5274908396
0.5276654135
0.5277241483
0.5275277811
0.527637908
0.5276046909
0.5277948471
0.5277338802
0.5277927508
0.5278133972
0.5276668718
0.5278241767
0.527594954
0.5276170142
0.5276179812
0.5277736466
0.5276416519
0.5275892571
0.5276182394
0.5277068123
0.5277663052
0.5277505877
0.5276098814
0.527657798
0.5275908001
0.527662943
0.5276680197
0.5278097094
0.5276876502
0.5274633398
0.5274700772
0.5275970628
0.5275114157
0.5279857046
0.5275781098
0.5274782901
0.5278418061
0.5276283253
0.5278456112
0.5276420872
0.5278887689
0.5277536724
0.5278406047
0.5276941432
0.5274861681
0.5276718227
0.5276792893
0.5278977645
0.5278041362
0.5278572477
0.5277679493
0.5274870465
0.5277165803
0.5275668461
0.5277015935
0.527694033
0.5275754751
0.5275672359
0.5278733788
0.5278300176
0.5275234534
0.5277312392
0.5275856342
0.5276874158
0.5277819213
0.528002055
0.5277478958
0.5275594508
0.5277372305
0.5279313356
0.5276252106
0.5277563372
0.5278659595
0.5276102058
0.5276307717
0.5274820335
0.5275957952
0.5275555099
0.5275673033
0.527700159
0.5277003491
0.527767943
0.5278229074
0.5277827652
0.5275710199
0.5275934177
0.5278215083
0.5276541577
0.5276768154
0.5276856611
0.5277565127
0.5276183846
0.5276357973
0.5275053582
0.5277245733
0.5276788148
0.5277744031
0.5277911748
0.527827098
0.5276520421
0.5279521882
0.5276574659
0.5277559268
0.5276657236
0.5276665809
0.5276145489
0.5276749279
0.5278263574
0.5277857328
0.5275504474
0.5275295638
0.5276559125
0.5274718558
0.5277926066
0.5277228059
0.527569344
0.5277644847
0.5277079686
0.5276111318
0.5276623062
0.5275369207
0.5275165082
0.5273980263
0.5274937536
0.5278152265
0.5278005639
0.5279261412
0.5278089301
0.5277323393
0.5278104858
0.5278191042
0.5279212714
0.5280019373
0.527871742
0.5278349536
0.5275831403
0.5275894431
0.5276612161
0.5277777356
0.5278454107
0.5277186273
0.5278884716
0.5276194312
0.5276796739
0.5276072685
0.5276677185
0.5276363783
0.5274749427
0.5275606935
0.5275054258
0.5276671537
0.5278191546
0.5278977342
0.5276773945
0.5275812975
0.5276592782
0.5277098626
0.5278261834
0.5276936559
0.5276740791
0.5276422689
0.5274887446
0.5277034945
0.5275737528
0.5276671962
0.5276111773
0.5276951494
0.5276937361
0.5276603999
0.52766627
0.5276805567
0.5276302276
0.5278168561
0.5278506126
0.5276037337
0.5277229074
0.5277798062
0.5277871006
0.5277741551
0.5277935746
0.527824993
0.5276824539
0.5276773866
0.5276914913
0.5279432184
0.5278315789
0.5278417976
0.5275570737
0.5276580403
0.5276071859
0.5276585664
0.5277294263
0.527967054
0.527765072
0.5277702068
0.5276859957
0.5276025244
0.5274967357
0.5277591243
0.5276348061
0.5276666305
0.527572614
0.527596861
0.5277791756
0.527796268
0.5275773729
0.527563166
0.5274420848
0.5277671369
0.5278280973
0.527537786
0.5277834163
0.5277837444
0.5277762306
0.5276090327
0.5276376493
0.5276393189
0.5275932534
0.5277286933
0.5277857036
0.5277209711
0.5275996231
0.5277386817
0.5277657255
0.5277027772
0.527715457
0.5276878033
0.5278069516
0.5278677231
0.5277126614
0.527715415
0.5276879897
0.5276495373
0.5276744127
0.5277859976
0.527581285
0.5275500622
0.5276651772
0.5277697438
0.5279372185
0.527580448
0.5279052111
0.5277144327
0.5275596674
0.5277866479
0.5276024955
0.5275818582
0.5277643774
0.5276313101
0.527681021
0.5278058425
0.527703661
0.5275741816
0.5276574636
0.5277606936
0.5279260464
0.5278861779
0.5277255831
0.5276505722
0.5275749788
0.5274716889
0.5277395606
0.5277923911
0.5276391738
0.5277639925
0.5279991295
0.5275519016
0.5277624925
0.5277439895
0.5278770282
0.5278847669
0.5277256982
0.5275913736
0.5276945366
0.5276366022
0.5275171998
0.5276125689
0.527442182
0.5274918168
0.5276888839
0.5277483854
0.5279676349
0.5277312093
0.5275950206
0.5274683764
0.5276380817
0.5277849087
0.5276991572
0.5278513631
0.5277098937
0.5277777867
0.5278316903
0.5276394119
0.5277703868
0.5279267295
0.5276603286
0.5277175183
0.5279256842
0.5276600094
0.5279371239
0.5279615366
0.5279988977
0.5277175363
0.5278418796
0.5277043405
0.5277086681
0.5276266107
0.5275894051
0.5275859284
0.5277918747
0.5278022104
0.5275878414
0.5274835324
0.5277454686
0.5277357219
0.5276340814
0.5276938212
0.5277901986
0.5278742876
0.5275952448
0.5276128917
0.5275890569
0.5278080223
0.5278212907
0.5277243749
0.5277904888
0.5276363015
0.5279108868
0.5280610105
0.5278718148
0.5278678771
0.5275798316
0.5278279761
0.5276562627
0.5277018433
0.5277446414
0.5277742559
0.5276051396
0.5275734786
0.5278351034
0.5278497885
0.5278160033
0.527574839
0.5276712515
0.5277337369
0.5275806025
0.5277881961
0.5276950676
0.5277624057
0.5276331739
0.5277029016
0.5276471962
0.5275077249
0.527671891
0.5276771128
0.5276990649
0.5277580095
0.5277423071
0.5278044712
0.5278457332
0.5276790052
0.5275419849
0.527671601
0.5276478632
0.5276187216
0.5278403928
0.5277701758
0.5275951846
0.5276441441
0.5275743819
0.5276784042
0.5277758166
0.5277421074
0.5279306263
0.5276083691
0.5277395099
0.5279238289
0.527670452
0.5278017655
0.5275665858
0.5278070377
0.5278940331
0.5277047172
0.5277962645
0.527769851
0.5278307645
0.5277516878
0.5274933611
0.5277433752
0.5275133514
0.527563299
0.5277733032
0.5276928973
0.527732583
0.5277100423
0.5275479283
0.5275767425
0.5276927813
0.5277357608
0.5275900449
0.5277871181
0.5276948304
0.5274801704
0.5275560156
0.5276996509
0.5278793832
0.5277464295
0.5276482846
0.5274837085
0.5277153672
0.5276959058
0.5274540246
0.5277412649
0.5276198676
0.5275882004
0.5277624033
0.5278235019
0.5277326474
0.5278977898
0.5275385908
0.5277211907
0.5274881717
0.5277941782
0.5276914244
0.5277925581
0.5277074317
0.527765195
0.5277339859
0.5278431918
0.5276679337
0.5277433057
0.5277308554
0.5275693459
0.5275844044
0.5276176163
0.5277973453
0.5277710061
0.5277566842
0.5278097131
0.5279896522
0.5276041355
0.5277615267
0.5277140235
0.5277099405
0.5274127031
0.5275930689
0.527740034
0.5276676389
0.5275412051
0.5277116633
0.5275552188
0.5276755874
0.527747017
0.5277524704
0.5276988049
0.5278421107
0.5277074141
0.5276035404
0.5277480185
0.5276910146
0.5276902181
0.5277529903
0.5276822464
0.5278665348
0.5278065565
0.5278177971
0.527702292
0.5277058542
0.5277288824
0.5278871996
0.5276031059
0.5276671919
0.527687767
0.5277111182
0.5274141331
0.5274591777
0.5276170801
0.5277088722
0.5275481267
0.5276299478
0.5277259082
0.5278344362
0.5277560328
0.5279050396
0.5276139006
0.5276670683
0.527469252
0.527977661
0.5277593363
0.5276624356
0.5277942733
0.5278706926
0.5278368092
0.5277961305
0.5277395903
0.5278191152
0.5275720575
0.5278039915
0.5276581199
0.5278610902
0.5278674587
0.5280234876
0.5277469555
0.5274956592
0.5278367322
0.5278111533
0.5276399992
0.5277604055
0.5274072614
0.5278087809
0.5276631705
0.5277009572
0.5277563731
0.5277737525
0.5279031337
0.527731335
0.5276198121
0.5277806567
0.5275925342
0.527817197
0.5279196132
0.5277718798
0.5277512431
0.5278240431
0.5277803833
0.5277451979
0.5276998296
0.5277526875
0.5277920728
0.5279590271
0.5276735881
0.5278589445
0.5276693753
0.5278414336
0.5276876918
0.527753488
0.5277297561
0.5278825488
0.527798663
0.5279497485
0.5275960504
0.5277898858
0.5277283202
0.5276298359
0.5276063109
0.5277069971
0.5279305353
0.5278010095
0.5276194308
0.5277455803
0.5277691222
0.5278072743
0.5277608942
0.5277624801
0.5278243397
0.5277932189
0.527848168
0.5277374686
0.5277255118
0.5278758881
0.5277414939
0.5277041827
0.5276764624
0.5274942451
0.5275852679
0.5275012704
0.5277678678
0.5276583515
0.5277079563
0.5276636568
0.5278673858
0.5276504628
0.5276900191
0.5278369095
0.5277621071
0.5278711777
0.5277554243
0.5277249809
0.5275991338
0.527713226
0.5278905941
0.5276179298
0.5276412808
0.5278305698
0.527709066
0.5278306165
0.5274329553
0.5277244527
0.5278332359
0.5278980954
0.528050507
0.5276738743
0.5277260875
0.5276958204
0.5275071642
0.5277450479
0.5276020144
0.5275558163
0.52775934
0.527613659
0.527758236
0.5277472995
0.527735084
0.527730559
0.5274870976
0.5276679812
0.5275142697
0.5277087912
0.5276770642
0.5276089036
0.5275920659
0.5275766664
0.5277496998
0.5276582879
0.5276203196
0.5275910329
0.5275887154
0.5276785185
0.5277417656
0.5275566943
0.5276052909
0.5275205471
0.5274671639
0.5275830901
0.5275247464
0.5276727073
0.5278583984
0.5277429421
0.5278344871
0.5277157068
0.527725666
0.5279300366
0.5277285448
0.5275979084
0.5276666704
0.5278167493
0.5277484774
0.527654542
0.5278054346
0.5277678448
0.5277621273
0.5277690993
0.527853466
0.5278158611
0.5278551331
0.5274926155
0.5276803849
0.5275528266
0.5275216516
0.5277493228
0.5275639108
0.5276101945
0.5277493284
0.5276824394
0.5277853236
0.5277923297
0.5275586065
0.5275681023
0.5278061733
0.5278107151
0.5277500994
0.5277551417
0.5277556594
0.5278897158
0.5275535165
0.5276518533
0.5276840994
0.5277047201
0.5278584911
0.527566115
0.5277181384
0.5276687413
0.5278390459
0.5277383601
0.5276658578
0.5276474693
0.5277650928
0.527725432
0.5276909506
0.5277223032
0.5277569327
0.5279448002
0.5276805374
0.5277431849
0.527881601
0.5277863111
0.5277221384
0.5275711065
0.5276585198
0.5277585282
0.5276711365
0.5278228855
0.5278507426
0.5277160553
0.5278651584
0.527593761
0.5276870578
0.5277778446
0.5274645384
0.5275927037
0.5277816748
0.5277913652
0.5277892184
0.5277419086
0.5276816073
0.527587397
0.5275532888
0.5278674725
0.5277030387
0.5277738083
0.5276381661
0.5276144785
0.5275361554
0.5276867033
0.5276585716
0.5278267559
0.527760174
0.5277553679
0.5277092847
0.5278202015
0.5278516117
0.5277491421
0.5277636384
0.5277107047
0.5276463814
0.5278270298
0.5276834137
0.5277109184
0.5277451048
0.5279972316
0.5280266938
0.5280999627
0.5279231069
0.5278594444
0.5278749321
0.5276637517
0.5278922621
0.5279144249
0.527929995
0.5276795299
0.5276069714
0.5277365624
0.5276714299
0.5276143351
0.5277224298
0.5277785604
0.5278272455
0.527691491
0.5276077624
0.5275347248
0.5278050699
0.5277758547
0.5278484825
0.5277520662
0.527614928
0.527672269
0.5276816343
0.5276463972
0.5277327532
0.5277342883
0.5277204102
0.5275965379
0.527756067
0.5277911407
0.5275256297
0.5273620067
0.5276807699
0.5278304859
0.5278821251
0.5278591767
0.5278445253
0.5274609418
0.5276892459
0.5277725053
0.5277126455
0.5276590488
0.5277900994
0.5278091842
0.527596528
0.5275796666
0.5276360876
0.5275710871
0.5275696537
0.5277044203
0.5277477625
0.5277204271
0.5276352115
0.5276514573
0.5276509634
0.5281299271
0.5277663334
0.5279282859
0.527810131
0.527711462
0.5275376551
0.5277010335
0.5275240887
0.5278427536
0.5277000459
0.5276984758
0.5278077926
0.5277744128
0.5278248468
0.5276628324
0.5277778557
0.5275865286
0.5277625296
0.5275853977
0.5277586881
0.5275808021
0.5274586516
0.5276636406
0.5275860308
0.5275322849
0.5275666295
0.5275849999
0.5277452788
0.5275714459
0.5276452218
0.5275473926
0.5275942463
0.5276643087
0.527373548
0.527541393
0.527737623
0.5275426714
0.5277967977
0.5274707977
0.527759468
0.5275772073
0.5277297058
0.5278115507
0.5278741946
0.5276761205
0.5276219221
0.5278363084
0.5275314377
0.5276048789
0.5276875783
0.5275247839
0.5275710345
0.5278801253
0.5277321548
0.5277302175
0.5278579545
0.5276970982
0.5275525095
0.527599075
0.5277935026
0.527568316
0.5276465055
0.5276002818
0.5275827805
0.527654392
0.527570885
0.5277431416
0.5278455094
0.527736164
0.5279560187
0.5278435303
0.5277438426
0.5277974418
0.5277866307
0.5277894434
0.5277250899
0.5277695672
0.5276896348
0.5278166325
0.5277147988
0.5278344718
0.5277473029
0.5276959405
0.5277621432
0.5279370347
0.5277314178
0.5279192582
0.5275942689
0.5275539625
0.5277888793
0.5277569496
0.5278630445
0.5276807083
0.5276144449
0.5276844101
0.5278937281
0.5278211777
0.5274724094
0.5276414871
0.5279027549
0.5277285586
0.5277597085
0.5277773163
0.5279387182
0.5278810573
0.5276532144
0.5278202883
0.5277832126
0.5275714052
0.5275561134
0.5275655123
0.527547185
0.5277477649
0.5278204664
0.5276257943
0.5276071636
0.5276962628
0.5274914097
0.5276842265
0.5277746875
0.5278499852
0.5275453521
0.5275639313
0.5273728442
0.5277048822
0.5276406661
0.5278372151
0.5277700427
0.5277470235
0.5276932788
0.5277418075
0.5279310473
0.5276579938
0.5275796408
0.5274945157
0.527695232
0.527686521
0.5277734102
0.527913842
0.5278586473
0.5279400814
)
;

boundaryField
{
    bottom
    {
        type            calculated;
        value           nonuniform List<scalar> 
200
(
0.5279250971
0.527759571
0.5278280017
0.5276538919
0.5275638142
0.5278397334
0.5278492522
0.5278783471
0.5275639013
0.5277263616
0.5278678924
0.5279056621
0.5278559885
0.527554924
0.5277037142
0.5278992078
0.527795511
0.527672638
0.5277771747
0.5274672894
0.5276224941
0.5276078469
0.5276062601
0.5277601988
0.5276966114
0.5277868778
0.5276544663
0.5276343308
0.5277010476
0.5276115494
0.5275521995
0.5278412358
0.5277082712
0.5277361975
0.5276925634
0.527910573
0.527656688
0.5277094993
0.5276493118
0.5276635158
0.5276179038
0.5276285224
0.5278184018
0.5277599198
0.5275704716
0.5277808855
0.5273741723
0.5275540926
0.5278051489
0.5277354393
0.5275648617
0.5275609404
0.5276362871
0.5275755441
0.528004527
0.5279442646
0.5277145883
0.5276984033
0.5278616351
0.5276849533
0.5276802166
0.5276559706
0.5277329728
0.5278347651
0.527608703
0.5276254221
0.5276599129
0.5276583994
0.5275336653
0.5276641259
0.5274908396
0.5276654135
0.5277241483
0.5275277811
0.527637908
0.5276046909
0.5277948471
0.5277338802
0.5277927508
0.5278133972
0.5276668718
0.5278241767
0.527594954
0.5276170142
0.5276179812
0.5277736466
0.5276416519
0.5275892571
0.5276182394
0.5277068123
0.5277663052
0.5277505877
0.5276098814
0.527657798
0.5275908001
0.527662943
0.5276680197
0.5278097094
0.5276876502
0.5274633398
0.5274700772
0.5275970628
0.5275114157
0.5279857046
0.5275781098
0.5274782901
0.5278418061
0.5276283253
0.5278456112
0.5276420872
0.5278887689
0.5277536724
0.5278406047
0.5276941432
0.5274861681
0.5276718227
0.5276792893
0.5278977645
0.5278041362
0.5278572477
0.5277679493
0.5274870465
0.5277165803
0.5275668461
0.5277015935
0.527694033
0.5275754751
0.5275672359
0.5278733788
0.5278300176
0.5275234534
0.5277312392
0.5275856342
0.5276874158
0.5277819213
0.528002055
0.5277478958
0.5275594508
0.5277372305
0.5279313356
0.5276252106
0.5277563372
0.5278659595
0.5276102058
0.5276307717
0.5274820335
0.5275957952
0.5275555099
0.5275673033
0.527700159
0.5277003491
0.527767943
0.5278229074
0.5277827652
0.5275710199
0.5275934177
0.5278215083
0.5276541577
0.5276768154
0.5276856611
0.5277565127
0.5276183846
0.5276357973
0.5275053582
0.5277245733
0.5276788148
0.5277744031
0.5277911748
0.527827098
0.5276520421
0.5279521882
0.5276574659
0.5277559268
0.5276657236
0.5276665809
0.5276145489
0.5276749279
0.5278263574
0.5277857328
0.5275504474
0.5275295638
0.5276559125
0.5274718558
0.5277926066
0.5277228059
0.527569344
0.5277644847
0.5277079686
0.5276111318
0.5276623062
0.5275369207
0.5275165082
0.5273980263
0.5274937536
0.5278152265
0.5278005639
0.5279261412
0.5278089301
0.5277323393
0.5278104858
)
;
    }
    top
    {
        type            calculated;
        value           nonuniform List<scalar> 
200
(
0.5280266938
0.5280999627
0.5279231069
0.5278594444
0.5278749321
0.5276637517
0.5278922621
0.5279144249
0.527929995
0.5276795299
0.5276069714
0.5277365624
0.5276714299
0.5276143351
0.5277224298
0.5277785604
0.5278272455
0.527691491
0.5276077624
0.5275347248
0.5278050699
0.5277758547
0.5278484825
0.5277520662
0.527614928
0.527672269
0.5276816343
0.5276463972
0.5277327532
0.5277342883
0.5277204102
0.5275965379
0.527756067
0.5277911407
0.5275256297
0.5273620067
0.5276807699
0.5278304859
0.5278821251
0.5278591767
0.5278445253
0.5274609418
0.5276892459
0.5277725053
0.5277126455
0.5276590488
0.5277900994
0.5278091842
0.527596528
0.5275796666
0.5276360876
0.5275710871
0.5275696537
0.5277044203
0.5277477625
0.5277204271
0.5276352115
0.5276514573
0.5276509634
0.5281299271
0.5277663334
0.5279282859
0.527810131
0.527711462
0.5275376551
0.5277010335
0.5275240887
0.5278427536
0.5277000459
0.5276984758
0.5278077926
0.5277744128
0.5278248468
0.5276628324
0.5277778557
0.5275865286
0.5277625296
0.5275853977
0.5277586881
0.5275808021
0.5274586516
0.5276636406
0.5275860308
0.5275322849
0.5275666295
0.5275849999
0.5277452788
0.5275714459
0.5276452218
0.5275473926
0.5275942463
0.5276643087
0.527373548
0.527541393
0.527737623
0.5275426714
0.5277967977
0.5274707977
0.527759468
0.5275772073
0.5277297058
0.5278115507
0.5278741946
0.5276761205
0.5276219221
0.5278363084
0.5275314377
0.5276048789
0.5276875783
0.5275247839
0.5275710345
0.5278801253
0.5277321548
0.5277302175
0.5278579545
0.5276970982
0.5275525095
0.527599075
0.5277935026
0.527568316
0.5276465055
0.5276002818
0.5275827805
0.527654392
0.527570885
0.5277431416
0.5278455094
0.527736164
0.5279560187
0.5278435303
0.5277438426
0.5277974418
0.5277866307
0.5277894434
0.5277250899
0.5277695672
0.5276896348
0.5278166325
0.5277147988
0.5278344718
0.5277473029
0.5276959405
0.5277621432
0.5279370347
0.5277314178
0.5279192582
0.5275942689
0.5275539625
0.5277888793
0.5277569496
0.5278630445
0.5276807083
0.5276144449
0.5276844101
0.5278937281
0.5278211777
0.5274724094
0.5276414871
0.5279027549
0.5277285586
0.5277597085
0.5277773163
0.5279387182
0.5278810573
0.5276532144
0.5278202883
0.5277832126
0.5275714052
0.5275561134
0.5275655123
0.527547185
0.5277477649
0.5278204664
0.5276257943
0.5276071636
0.5276962628
0.5274914097
0.5276842265
0.5277746875
0.5278499852
0.5275453521
0.5275639313
0.5273728442
0.5277048822
0.5276406661
0.5278372151
0.5277700427
0.5277470235
0.5276932788
0.5277418075
0.5279310473
0.5276579938
0.5275796408
0.5274945157
0.527695232
0.527686521
0.5277734102
0.527913842
0.5278586473
0.5279400814
)
;
    }
    inlet
    {
        type            calculated;
        value           nonuniform List<scalar> 5(0.5279250971 0.5278191042 0.5278678771 0.5276735881 0.5280266938);
    }
    outlet
    {
        type            calculated;
        value           nonuniform List<scalar> 5(0.5278104858 0.5278718148 0.5279590271 0.5279972316 0.5279400814);
    }
    back
    {
        type            symmetry;
    }
    front
    {
        type            symmetry;
    }
}


// ************************************************************************* //
