/*--------------------------------*- C++ -*----------------------------------*\
| =========                 |                                                 |
| \\      /  F ield         | OpenFOAM: The Open Source CFD Toolbox           |
|  \\    /   O peration     | Version:  v1612+                                |
|   \\  /    A nd           | Web:      www.OpenFOAM.com                      |
|    \\/     M anipulation  |                                                 |
\*---------------------------------------------------------------------------*/
FoamFile
{
    version     2.0;
    format      ascii;
    class       volScalarField;
    location    "4.78";
    object      rhoN_mix;
}
// * * * * * * * * * * * * * * * * * * * * * * * * * * * * * * * * * * * * * //

dimensions      [0 -3 0 0 0 0 0];

internalField   nonuniform List<scalar> 
1000
(
1.400259423e+20
1.400075564e+20
1.400234624e+20
1.400242714e+20
1.400262596e+20
1.400192245e+20
1.400184716e+20
1.401024384e+20
1.400311105e+20
1.400412975e+20
1.400740958e+20
1.401214341e+20
1.401016232e+20
1.400186551e+20
1.400744411e+20
1.400784736e+20
1.400195108e+20
1.399986171e+20
1.400165082e+20
1.400247786e+20
1.400651876e+20
1.400548325e+20
1.400288857e+20
1.400466119e+20
1.400695654e+20
1.400849362e+20
1.400316954e+20
1.40040336e+20
1.400635509e+20
1.400128335e+20
1.40030818e+20
1.401022143e+20
1.40103126e+20
1.400786199e+20
1.400583578e+20
1.401212785e+20
1.400660152e+20
1.400587499e+20
1.400510209e+20
1.400256498e+20
1.400055402e+20
1.400073511e+20
1.400563198e+20
1.400231264e+20
1.399888688e+20
1.400294489e+20
1.399820702e+20
1.400076436e+20
1.400228743e+20
1.400028456e+20
1.399766157e+20
1.400076187e+20
1.400555419e+20
1.400158984e+20
1.401206904e+20
1.401197632e+20
1.400810188e+20
1.400495056e+20
1.400611364e+20
1.400784643e+20
1.401077901e+20
1.40072957e+20
1.400825341e+20
1.401289452e+20
1.400285653e+20
1.400479872e+20
1.400699139e+20
1.400260761e+20
1.400346451e+20
1.400064768e+20
1.40006399e+20
1.400429341e+20
1.400308584e+20
1.400099927e+20
1.400015886e+20
1.400079983e+20
1.400966852e+20
1.400335125e+20
1.400811589e+20
1.40073878e+20
1.400403952e+20
1.400547298e+20
1.400102323e+20
1.400265459e+20
1.400027492e+20
1.399961777e+20
1.400171523e+20
1.400082223e+20
1.399734545e+20
1.399552678e+20
1.400043236e+20
1.40028447e+20
1.399578534e+20
1.399915882e+20
1.399636128e+20
1.399844225e+20
1.400073044e+20
1.40017759e+20
1.399641697e+20
1.399300304e+20
1.399113615e+20
1.39921785e+20
1.399551775e+20
1.400394213e+20
1.399445487e+20
1.399254472e+20
1.400024349e+20
1.399544837e+20
1.399640577e+20
1.399973134e+20
1.40032912e+20
1.399743257e+20
1.400738717e+20
1.399937258e+20
1.399756667e+20
1.399835979e+20
1.399861991e+20
1.400395675e+20
1.399952785e+20
1.400159388e+20
1.400038942e+20
1.399254254e+20
1.399845096e+20
1.399448007e+20
1.399544619e+20
1.399888812e+20
1.399370686e+20
1.399347226e+20
1.400220716e+20
1.399452239e+20
1.399219841e+20
1.399828605e+20
1.399303851e+20
1.400035675e+20
1.400008076e+20
1.400305784e+20
1.399693473e+20
1.399670323e+20
1.400202171e+20
1.400343651e+20
1.399652868e+20
1.400062341e+20
1.40010808e+20
1.40018036e+20
1.399879976e+20
1.399625393e+20
1.399929946e+20
1.400041774e+20
1.399503018e+20
1.400069497e+20
1.399984584e+20
1.400138105e+20
1.400215146e+20
1.400155717e+20
1.399861867e+20
1.399734047e+20
1.400407063e+20
1.399994541e+20
1.399797397e+20
1.400031257e+20
1.399905117e+20
1.400092335e+20
1.399944633e+20
1.399608933e+20
1.399671194e+20
1.399820204e+20
1.400327658e+20
1.400530496e+20
1.400544373e+20
1.400116885e+20
1.40077618e+20
1.40054344e+20
1.400301179e+20
1.399887226e+20
1.399629998e+20
1.4000386e+20
1.399886261e+20
1.400120339e+20
1.400190472e+20
1.399680249e+20
1.399648294e+20
1.399819302e+20
1.399553175e+20
1.399970831e+20
1.399666465e+20
1.399546143e+20
1.399940681e+20
1.400157366e+20
1.399666216e+20
1.399935952e+20
1.399651561e+20
1.399559461e+20
1.399426724e+20
1.399682583e+20
1.400375544e+20
1.400547205e+20
1.400480028e+20
1.400572532e+20
1.400350247e+20
1.4002027e+20
1.400117041e+20
1.400495678e+20
1.400867471e+20
1.400513756e+20
1.400544156e+20
1.400022451e+20
1.399954434e+20
1.400431831e+20
1.400657974e+20
1.400553708e+20
1.400899551e+20
1.400974133e+20
1.400639461e+20
1.400663668e+20
1.40075636e+20
1.400625957e+20
1.400584418e+20
1.400347851e+20
1.400362849e+20
1.400206589e+20
1.40067571e+20
1.400745905e+20
1.400958949e+20
1.400705549e+20
1.400418482e+20
1.400423492e+20
1.400615502e+20
1.40093804e+20
1.400601532e+20
1.400012992e+20
1.400318728e+20
1.400186178e+20
1.40070642e+20
1.400149929e+20
1.400237922e+20
1.400486468e+20
1.400859568e+20
1.40029897e+20
1.400151049e+20
1.399986482e+20
1.399994914e+20
1.39991442e+20
1.400566652e+20
1.400360422e+20
1.400115796e+20
1.400400404e+20
1.400443468e+20
1.400263934e+20
1.400421469e+20
1.40037209e+20
1.400593411e+20
1.400618178e+20
1.400642759e+20
1.400611582e+20
1.401252892e+20
1.400839685e+20
1.400837476e+20
1.400411699e+20
1.400332481e+20
1.400942178e+20
1.400755333e+20
1.400707354e+20
1.401283571e+20
1.400836667e+20
1.400954997e+20
1.400523029e+20
1.400591606e+20
1.400069933e+20
1.400574679e+20
1.400343526e+20
1.400333321e+20
1.400152325e+20
1.4002747e+20
1.400228806e+20
1.400333787e+20
1.400377566e+20
1.400366147e+20
1.399741514e+20
1.400363502e+20
1.400686102e+20
1.399857666e+20
1.40052029e+20
1.400504204e+20
1.400586534e+20
1.399981691e+20
1.400165922e+20
1.400023136e+20
1.399998399e+20
1.400328e+20
1.400374766e+20
1.400111689e+20
1.399740705e+20
1.39982036e+20
1.399810496e+20
1.399931533e+20
1.399638337e+20
1.399489234e+20
1.400009694e+20
1.3998988e+20
1.399405131e+20
1.399714475e+20
1.399557532e+20
1.399761677e+20
1.399968716e+20
1.399934334e+20
1.399519727e+20
1.399648014e+20
1.399970271e+20
1.400126157e+20
1.40058809e+20
1.39963619e+20
1.400314589e+20
1.399972387e+20
1.399681867e+20
1.400179208e+20
1.399840149e+20
1.39963703e+20
1.400162282e+20
1.39952679e+20
1.399394707e+20
1.400234624e+20
1.400221618e+20
1.400115454e+20
1.399638928e+20
1.399518669e+20
1.399906081e+20
1.399962928e+20
1.399801566e+20
1.399968342e+20
1.399453981e+20
1.399306683e+20
1.399606289e+20
1.399759063e+20
1.399621566e+20
1.399959599e+20
1.400294894e+20
1.399817933e+20
1.399929853e+20
1.400235091e+20
1.400195108e+20
1.400141092e+20
1.400351025e+20
1.399612449e+20
1.399947869e+20
1.399806918e+20
1.399753245e+20
1.399985704e+20
1.399604484e+20
1.399686379e+20
1.40028699e+20
1.400453331e+20
1.400238762e+20
1.399973818e+20
1.399768989e+20
1.399324574e+20
1.400316985e+20
1.399946624e+20
1.400003035e+20
1.400052726e+20
1.399927768e+20
1.400431582e+20
1.399919181e+20
1.399791392e+20
1.400095073e+20
1.400205905e+20
1.400119654e+20
1.400271806e+20
1.400476325e+20
1.400211443e+20
1.401025908e+20
1.40118531e+20
1.401083564e+20
1.400211412e+20
1.400426261e+20
1.399999893e+20
1.39997917e+20
1.399738963e+20
1.39973554e+20
1.400066541e+20
1.400141839e+20
1.400294303e+20
1.399762175e+20
1.399675333e+20
1.39983878e+20
1.399920612e+20
1.399921514e+20
1.399984211e+20
1.400256311e+20
1.400250306e+20
1.40009778e+20
1.400270842e+20
1.400172487e+20
1.40027915e+20
1.400882313e+20
1.400305815e+20
1.400510707e+20
1.399967969e+20
1.400337583e+20
1.400708162e+20
1.400199402e+20
1.399981846e+20
1.399859938e+20
1.400501341e+20
1.400265428e+20
1.400251208e+20
1.400463879e+20
1.400108142e+20
1.400128086e+20
1.400081352e+20
1.401046693e+20
1.400797245e+20
1.401257808e+20
1.400164958e+20
1.400408463e+20
1.400380927e+20
1.400051419e+20
1.400895163e+20
1.401017694e+20
1.400926963e+20
1.400269597e+20
1.400539737e+20
1.400346482e+20
1.399952691e+20
1.400373303e+20
1.400713359e+20
1.40057191e+20
1.400389981e+20
1.400856643e+20
1.400475392e+20
1.400418607e+20
1.400175288e+20
1.400059042e+20
1.40057804e+20
1.40050187e+20
1.40046808e+20
1.401223986e+20
1.400629442e+20
1.400290071e+20
1.400147876e+20
1.399648232e+20
1.400230735e+20
1.400492878e+20
1.40058865e+20
1.400883806e+20
1.400598887e+20
1.400185587e+20
1.400298783e+20
1.399714911e+20
1.400138354e+20
1.399837442e+20
1.400603118e+20
1.400453984e+20
1.400495959e+20
1.400724933e+20
1.400783896e+20
1.401294648e+20
1.400935239e+20
1.39984018e+20
1.40056771e+20
1.400603647e+20
1.400452958e+20
1.401102296e+20
1.400862275e+20
1.400898057e+20
1.400506849e+20
1.400227685e+20
1.400118036e+20
1.400442379e+20
1.400281545e+20
1.400173328e+20
1.400807388e+20
1.40023257e+20
1.39995014e+20
1.400350154e+20
1.40024038e+20
1.400548387e+20
1.400719644e+20
1.400117725e+20
1.400079858e+20
1.400393341e+20
1.400083592e+20
1.39987898e+20
1.40058336e+20
1.400338921e+20
1.400259734e+20
1.400802627e+20
1.400409272e+20
1.400129144e+20
1.400683519e+20
1.400051388e+20
1.400175755e+20
1.399580277e+20
1.400039938e+20
1.399788249e+20
1.400360204e+20
1.399762672e+20
1.399808878e+20
1.399786133e+20
1.400104066e+20
1.399233096e+20
1.39967051e+20
1.39965934e+20
1.399217352e+20
1.399734545e+20
1.399822506e+20
1.400453767e+20
1.399901787e+20
1.400173048e+20
1.400270562e+20
1.400502897e+20
1.399894693e+20
1.39998362e+20
1.39969422e+20
1.399656197e+20
1.399569853e+20
1.400017971e+20
1.399673092e+20
1.399805269e+20
1.399627105e+20
1.399361383e+20
1.399550157e+20
1.399845532e+20
1.399993328e+20
1.400086455e+20
1.399667865e+20
1.400037542e+20
1.399507405e+20
1.399653303e+20
1.399962026e+20
1.399532764e+20
1.399515993e+20
1.399887568e+20
1.399502489e+20
1.399941739e+20
1.400204287e+20
1.400038258e+20
1.399910717e+20
1.400015606e+20
1.399955243e+20
1.400503395e+20
1.399629905e+20
1.400310918e+20
1.400016166e+20
1.400177373e+20
1.399418759e+20
1.399645898e+20
1.399670385e+20
1.399867405e+20
1.399628256e+20
1.399830347e+20
1.400456131e+20
1.400122579e+20
1.399797646e+20
1.40000708e+20
1.399569915e+20
1.400221525e+20
1.399728913e+20
1.400694347e+20
1.400000235e+20
1.399820422e+20
1.400001822e+20
1.400175568e+20
1.400428066e+20
1.399938099e+20
1.399624989e+20
1.399877082e+20
1.399529653e+20
1.400338517e+20
1.399963862e+20
1.400686755e+20
1.400420505e+20
1.400777549e+20
1.400037013e+20
1.400046441e+20
1.400341162e+20
1.400542569e+20
1.399805673e+20
1.400248097e+20
1.399439015e+20
1.400328436e+20
1.399733393e+20
1.399780501e+20
1.399851101e+20
1.399928982e+20
1.400230548e+20
1.400026123e+20
1.39995907e+20
1.400372277e+20
1.399801722e+20
1.400019744e+20
1.400376757e+20
1.400209141e+20
1.400025532e+20
1.400066292e+20
1.399913953e+20
1.399858631e+20
1.399682738e+20
1.40012958e+20
1.40019906e+20
1.400238949e+20
1.3993906e+20
1.399999426e+20
1.400289169e+20
1.400549072e+20
1.400261258e+20
1.400317888e+20
1.40097099e+20
1.400929514e+20
1.400931412e+20
1.401274548e+20
1.40042511e+20
1.400677016e+20
1.400499723e+20
1.40033164e+20
1.400350807e+20
1.400533794e+20
1.400671105e+20
1.401093583e+20
1.400536066e+20
1.40038074e+20
1.40057023e+20
1.400629877e+20
1.400811962e+20
1.400381051e+20
1.400681621e+20
1.400659281e+20
1.400623592e+20
1.400837943e+20
1.400841863e+20
1.400640674e+20
1.40040501e+20
1.400777424e+20
1.400552806e+20
1.40062409e+20
1.400781314e+20
1.40045106e+20
1.400841583e+20
1.400289915e+20
1.400545307e+20
1.400386341e+20
1.400724996e+20
1.400237487e+20
1.400654925e+20
1.400585725e+20
1.400241096e+20
1.400342997e+20
1.400094109e+20
1.399886292e+20
1.3996239e+20
1.400318759e+20
1.40028559e+20
1.400127962e+20
1.40072344e+20
1.401217763e+20
1.400837507e+20
1.401344588e+20
1.400184124e+20
1.400541355e+20
1.400785265e+20
1.401342752e+20
1.401138358e+20
1.401048436e+20
1.400901169e+20
1.400636194e+20
1.400647302e+20
1.40040252e+20
1.400844166e+20
1.400295983e+20
1.400373428e+20
1.40020883e+20
1.400622223e+20
1.400060411e+20
1.400338735e+20
1.400544218e+20
1.399742759e+20
1.400524273e+20
1.40020102e+20
1.400519015e+20
1.400409272e+20
1.40023842e+20
1.400529625e+20
1.400778482e+20
1.400454576e+20
1.400406908e+20
1.400378095e+20
1.400173763e+20
1.400337459e+20
1.400091931e+20
1.400431302e+20
1.399952318e+20
1.399737252e+20
1.399916536e+20
1.399738838e+20
1.399671257e+20
1.399453016e+20
1.399570818e+20
1.400231637e+20
1.400192028e+20
1.399924968e+20
1.399478251e+20
1.39971908e+20
1.400056086e+20
1.399622593e+20
1.399628069e+20
1.399781248e+20
1.400127153e+20
1.400252577e+20
1.399946437e+20
1.400449317e+20
1.400017535e+20
1.399790614e+20
1.400132474e+20
1.400223796e+20
1.400380989e+20
1.400033621e+20
1.39969422e+20
1.39970679e+20
1.399190842e+20
1.399475232e+20
1.399893697e+20
1.399858755e+20
1.399810589e+20
1.400026932e+20
1.399807011e+20
1.400097438e+20
1.399523834e+20
1.399375136e+20
1.399349497e+20
1.399826365e+20
1.400006427e+20
1.400102572e+20
1.399931191e+20
1.399675582e+20
1.399854306e+20
1.399400463e+20
1.399528564e+20
1.400190067e+20
1.400049832e+20
1.400508498e+20
1.399948802e+20
1.399908166e+20
1.399839931e+20
1.399788653e+20
1.400164958e+20
1.399944322e+20
1.399723841e+20
1.399756201e+20
1.39974027e+20
1.399667398e+20
1.400008978e+20
1.400380118e+20
1.400369383e+20
1.40004809e+20
1.40013935e+20
1.400484259e+20
1.400503706e+20
1.400287768e+20
1.400221151e+20
1.399917532e+20
1.400105248e+20
1.399873131e+20
1.400122704e+20
1.400333943e+20
1.399719796e+20
1.400183564e+20
1.39949191e+20
1.399707786e+20
1.399982344e+20
1.399552895e+20
1.400083343e+20
1.400341442e+20
1.400417891e+20
1.400263374e+20
1.400368916e+20
1.400316425e+20
1.400164055e+20
1.399151077e+20
1.40024178e+20
1.399668923e+20
1.399821666e+20
1.399794472e+20
1.39946708e+20
1.399501587e+20
1.400031941e+20
1.399601746e+20
1.400234313e+20
1.400258271e+20
1.400067817e+20
1.399993514e+20
1.400187734e+20
1.400093798e+20
1.400257307e+20
1.400011561e+20
1.400034462e+20
1.399806513e+20
1.400277936e+20
1.400127775e+20
1.399622966e+20
1.399919492e+20
1.400477041e+20
1.400233753e+20
1.400815758e+20
1.400742825e+20
1.400368325e+20
1.400895848e+20
1.400259547e+20
1.400853314e+20
1.400723409e+20
1.400898119e+20
1.400393061e+20
1.400481615e+20
1.400585694e+20
1.400274918e+20
1.400319786e+20
1.400721293e+20
1.40102485e+20
1.401021583e+20
1.400579409e+20
1.400239105e+20
1.399630216e+20
1.400559495e+20
1.400260169e+20
1.400135959e+20
1.400564785e+20
1.400042707e+20
1.400282168e+20
1.400492536e+20
1.400557815e+20
1.400829946e+20
1.400236864e+20
1.400023758e+20
1.399975032e+20
1.400573186e+20
1.40101312e+20
1.400284066e+20
1.400110258e+20
1.400745003e+20
1.400897715e+20
1.400516432e+20
1.400817189e+20
1.400809753e+20
1.400013646e+20
1.400300743e+20
1.400452242e+20
1.400628477e+20
1.399934334e+20
1.400538493e+20
1.400624245e+20
1.39996688e+20
1.400115796e+20
1.399905863e+20
1.400384038e+20
1.400323177e+20
1.40057916e+20
1.400230735e+20
1.400444681e+20
1.400050206e+20
1.400368138e+20
1.400114956e+20
1.400685573e+20
1.400567461e+20
1.401010413e+20
1.40047004e+20
1.400429621e+20
1.400782932e+20
1.400527447e+20
1.400125317e+20
1.400368356e+20
1.400244581e+20
1.400175288e+20
1.400479717e+20
1.400399969e+20
1.400377286e+20
1.399658095e+20
1.400184436e+20
1.400383322e+20
1.400741331e+20
1.400638558e+20
1.400923291e+20
1.400101203e+20
1.400282354e+20
1.400722973e+20
1.400314123e+20
1.400315865e+20
1.400469262e+20
1.400822168e+20
1.400576048e+20
1.400012588e+20
1.40030149e+20
1.400092927e+20
1.399868961e+20
1.40025908e+20
1.39923907e+20
1.399807198e+20
1.399747519e+20
1.399628443e+20
1.400121397e+20
1.399458555e+20
1.399692259e+20
1.399588615e+20
1.399446856e+20
1.400000173e+20
1.400265086e+20
1.399782804e+20
1.400193895e+20
1.40009442e+20
1.399437303e+20
1.399707661e+20
1.400014112e+20
1.399603177e+20
1.399740176e+20
1.399954589e+20
1.400098683e+20
1.400064425e+20
1.400051886e+20
1.399770545e+20
1.4000601e+20
1.399558123e+20
1.399756916e+20
1.399871139e+20
1.399794161e+20
1.399350586e+20
1.399677511e+20
1.399869521e+20
1.399878825e+20
1.399870548e+20
1.400080356e+20
1.399779599e+20
1.400049895e+20
1.400124602e+20
1.399760681e+20
1.399879571e+20
1.399871793e+20
1.399797677e+20
1.399774807e+20
1.400388736e+20
1.400284968e+20
1.400127744e+20
1.399904494e+20
1.399889341e+20
1.400316363e+20
1.400000826e+20
1.400026247e+20
1.400457998e+20
1.399970583e+20
1.400059198e+20
1.399460328e+20
1.399308892e+20
1.399626918e+20
1.400388768e+20
1.400216826e+20
1.39995823e+20
1.399936356e+20
1.400206807e+20
1.400400498e+20
1.400372868e+20
1.400184653e+20
1.400423678e+20
1.400416584e+20
1.399541445e+20
1.399668176e+20
1.399935049e+20
1.400473494e+20
1.400677452e+20
1.400355848e+20
1.399889124e+20
1.400370596e+20
1.400013148e+20
1.40020743e+20
1.399887412e+20
1.399477784e+20
1.399865507e+20
1.399936138e+20
1.399989003e+20
1.399996439e+20
1.399792761e+20
1.399527506e+20
1.399470565e+20
1.399953998e+20
1.400050455e+20
1.399620477e+20
1.399285898e+20
1.398989746e+20
1.399953065e+20
1.399463782e+20
1.399945815e+20
1.399884114e+20
1.40013991e+20
1.399895689e+20
1.400067972e+20
1.400468577e+20
1.399923817e+20
1.39941823e+20
1.399533511e+20
1.399731806e+20
1.399776612e+20
1.400332667e+20
1.400005307e+20
1.399674804e+20
1.400086859e+20
)
;

boundaryField
{
    bottom
    {
        type            calculated;
        value           nonuniform List<scalar> 
200
(
1.400259423e+20
1.400075564e+20
1.400234624e+20
1.400242714e+20
1.400262596e+20
1.400192245e+20
1.400184716e+20
1.401024384e+20
1.400311105e+20
1.400412975e+20
1.400740958e+20
1.401214341e+20
1.401016232e+20
1.400186551e+20
1.400744411e+20
1.400784736e+20
1.400195108e+20
1.399986171e+20
1.400165082e+20
1.400247786e+20
1.400651876e+20
1.400548325e+20
1.400288857e+20
1.400466119e+20
1.400695654e+20
1.400849362e+20
1.400316954e+20
1.40040336e+20
1.400635509e+20
1.400128335e+20
1.40030818e+20
1.401022143e+20
1.40103126e+20
1.400786199e+20
1.400583578e+20
1.401212785e+20
1.400660152e+20
1.400587499e+20
1.400510209e+20
1.400256498e+20
1.400055402e+20
1.400073511e+20
1.400563198e+20
1.400231264e+20
1.399888688e+20
1.400294489e+20
1.399820702e+20
1.400076436e+20
1.400228743e+20
1.400028456e+20
1.399766157e+20
1.400076187e+20
1.400555419e+20
1.400158984e+20
1.401206904e+20
1.401197632e+20
1.400810188e+20
1.400495056e+20
1.400611364e+20
1.400784643e+20
1.401077901e+20
1.40072957e+20
1.400825341e+20
1.401289452e+20
1.400285653e+20
1.400479872e+20
1.400699139e+20
1.400260761e+20
1.400346451e+20
1.400064768e+20
1.40006399e+20
1.400429341e+20
1.400308584e+20
1.400099927e+20
1.400015886e+20
1.400079983e+20
1.400966852e+20
1.400335125e+20
1.400811589e+20
1.40073878e+20
1.400403952e+20
1.400547298e+20
1.400102323e+20
1.400265459e+20
1.400027492e+20
1.399961777e+20
1.400171523e+20
1.400082223e+20
1.399734545e+20
1.399552678e+20
1.400043236e+20
1.40028447e+20
1.399578534e+20
1.399915882e+20
1.399636128e+20
1.399844225e+20
1.400073044e+20
1.40017759e+20
1.399641697e+20
1.399300304e+20
1.399113615e+20
1.39921785e+20
1.399551775e+20
1.400394213e+20
1.399445487e+20
1.399254472e+20
1.400024349e+20
1.399544837e+20
1.399640577e+20
1.399973134e+20
1.40032912e+20
1.399743257e+20
1.400738717e+20
1.399937258e+20
1.399756667e+20
1.399835979e+20
1.399861991e+20
1.400395675e+20
1.399952785e+20
1.400159388e+20
1.400038942e+20
1.399254254e+20
1.399845096e+20
1.399448007e+20
1.399544619e+20
1.399888812e+20
1.399370686e+20
1.399347226e+20
1.400220716e+20
1.399452239e+20
1.399219841e+20
1.399828605e+20
1.399303851e+20
1.400035675e+20
1.400008076e+20
1.400305784e+20
1.399693473e+20
1.399670323e+20
1.400202171e+20
1.400343651e+20
1.399652868e+20
1.400062341e+20
1.40010808e+20
1.40018036e+20
1.399879976e+20
1.399625393e+20
1.399929946e+20
1.400041774e+20
1.399503018e+20
1.400069497e+20
1.399984584e+20
1.400138105e+20
1.400215146e+20
1.400155717e+20
1.399861867e+20
1.399734047e+20
1.400407063e+20
1.399994541e+20
1.399797397e+20
1.400031257e+20
1.399905117e+20
1.400092335e+20
1.399944633e+20
1.399608933e+20
1.399671194e+20
1.399820204e+20
1.400327658e+20
1.400530496e+20
1.400544373e+20
1.400116885e+20
1.40077618e+20
1.40054344e+20
1.400301179e+20
1.399887226e+20
1.399629998e+20
1.4000386e+20
1.399886261e+20
1.400120339e+20
1.400190472e+20
1.399680249e+20
1.399648294e+20
1.399819302e+20
1.399553175e+20
1.399970831e+20
1.399666465e+20
1.399546143e+20
1.399940681e+20
1.400157366e+20
1.399666216e+20
1.399935952e+20
1.399651561e+20
1.399559461e+20
1.399426724e+20
1.399682583e+20
1.400375544e+20
1.400547205e+20
1.400480028e+20
1.400572532e+20
1.400350247e+20
1.4002027e+20
)
;
    }
    top
    {
        type            calculated;
        value           nonuniform List<scalar> 
200
(
1.400233753e+20
1.400815758e+20
1.400742825e+20
1.400368325e+20
1.400895848e+20
1.400259547e+20
1.400853314e+20
1.400723409e+20
1.400898119e+20
1.400393061e+20
1.400481615e+20
1.400585694e+20
1.400274918e+20
1.400319786e+20
1.400721293e+20
1.40102485e+20
1.401021583e+20
1.400579409e+20
1.400239105e+20
1.399630216e+20
1.400559495e+20
1.400260169e+20
1.400135959e+20
1.400564785e+20
1.400042707e+20
1.400282168e+20
1.400492536e+20
1.400557815e+20
1.400829946e+20
1.400236864e+20
1.400023758e+20
1.399975032e+20
1.400573186e+20
1.40101312e+20
1.400284066e+20
1.400110258e+20
1.400745003e+20
1.400897715e+20
1.400516432e+20
1.400817189e+20
1.400809753e+20
1.400013646e+20
1.400300743e+20
1.400452242e+20
1.400628477e+20
1.399934334e+20
1.400538493e+20
1.400624245e+20
1.39996688e+20
1.400115796e+20
1.399905863e+20
1.400384038e+20
1.400323177e+20
1.40057916e+20
1.400230735e+20
1.400444681e+20
1.400050206e+20
1.400368138e+20
1.400114956e+20
1.400685573e+20
1.400567461e+20
1.401010413e+20
1.40047004e+20
1.400429621e+20
1.400782932e+20
1.400527447e+20
1.400125317e+20
1.400368356e+20
1.400244581e+20
1.400175288e+20
1.400479717e+20
1.400399969e+20
1.400377286e+20
1.399658095e+20
1.400184436e+20
1.400383322e+20
1.400741331e+20
1.400638558e+20
1.400923291e+20
1.400101203e+20
1.400282354e+20
1.400722973e+20
1.400314123e+20
1.400315865e+20
1.400469262e+20
1.400822168e+20
1.400576048e+20
1.400012588e+20
1.40030149e+20
1.400092927e+20
1.399868961e+20
1.40025908e+20
1.39923907e+20
1.399807198e+20
1.399747519e+20
1.399628443e+20
1.400121397e+20
1.399458555e+20
1.399692259e+20
1.399588615e+20
1.399446856e+20
1.400000173e+20
1.400265086e+20
1.399782804e+20
1.400193895e+20
1.40009442e+20
1.399437303e+20
1.399707661e+20
1.400014112e+20
1.399603177e+20
1.399740176e+20
1.399954589e+20
1.400098683e+20
1.400064425e+20
1.400051886e+20
1.399770545e+20
1.4000601e+20
1.399558123e+20
1.399756916e+20
1.399871139e+20
1.399794161e+20
1.399350586e+20
1.399677511e+20
1.399869521e+20
1.399878825e+20
1.399870548e+20
1.400080356e+20
1.399779599e+20
1.400049895e+20
1.400124602e+20
1.399760681e+20
1.399879571e+20
1.399871793e+20
1.399797677e+20
1.399774807e+20
1.400388736e+20
1.400284968e+20
1.400127744e+20
1.399904494e+20
1.399889341e+20
1.400316363e+20
1.400000826e+20
1.400026247e+20
1.400457998e+20
1.399970583e+20
1.400059198e+20
1.399460328e+20
1.399308892e+20
1.399626918e+20
1.400388768e+20
1.400216826e+20
1.39995823e+20
1.399936356e+20
1.400206807e+20
1.400400498e+20
1.400372868e+20
1.400184653e+20
1.400423678e+20
1.400416584e+20
1.399541445e+20
1.399668176e+20
1.399935049e+20
1.400473494e+20
1.400677452e+20
1.400355848e+20
1.399889124e+20
1.400370596e+20
1.400013148e+20
1.40020743e+20
1.399887412e+20
1.399477784e+20
1.399865507e+20
1.399936138e+20
1.399989003e+20
1.399996439e+20
1.399792761e+20
1.399527506e+20
1.399470565e+20
1.399953998e+20
1.400050455e+20
1.399620477e+20
1.399285898e+20
1.398989746e+20
1.399953065e+20
1.399463782e+20
1.399945815e+20
1.399884114e+20
1.40013991e+20
1.399895689e+20
1.400067972e+20
1.400468577e+20
1.399923817e+20
1.39941823e+20
1.399533511e+20
1.399731806e+20
1.399776612e+20
1.400332667e+20
1.400005307e+20
1.399674804e+20
1.400086859e+20
)
;
    }
    inlet
    {
        type            calculated;
        value           nonuniform List<scalar> 5(1.400259423e+20 1.400117041e+20 1.399981846e+20 1.3993906e+20 1.400233753e+20);
    }
    outlet
    {
        type            calculated;
        value           nonuniform List<scalar> 5(1.4002027e+20 1.400199402e+20 1.400238949e+20 1.400477041e+20 1.400086859e+20);
    }
    back
    {
        type            symmetry;
    }
    front
    {
        type            symmetry;
    }
}


// ************************************************************************* //
