/*--------------------------------*- C++ -*----------------------------------*\
| =========                 |                                                 |
| \\      /  F ield         | OpenFOAM: The Open Source CFD Toolbox           |
|  \\    /   O peration     | Version:  v1612+                                |
|   \\  /    A nd           | Web:      www.OpenFOAM.com                      |
|    \\/     M anipulation  |                                                 |
\*---------------------------------------------------------------------------*/
FoamFile
{
    version     2.0;
    format      ascii;
    class       volScalarField;
    location    "4.78";
    object      translationalT_Ar2;
}
// * * * * * * * * * * * * * * * * * * * * * * * * * * * * * * * * * * * * * //

dimensions      [0 0 0 1 0 0 0];

internalField   nonuniform List<scalar> 
1000
(
253.5439073
262.2750802
265.4453897
267.2024564
268.2972361
269.3753185
269.800315
269.9971506
270.6063603
271.048586
271.2931609
271.2993915
271.4348803
271.7955815
271.9355881
272.1774847
272.1162322
272.4198444
272.1623206
272.0099267
272.2492055
272.2978836
272.3624866
272.4554905
272.5903786
272.6378718
272.5607588
272.5908819
272.5891835
272.749482
272.6464694
272.7256193
272.5835506
272.5616648
272.6104128
272.6334502
272.6760117
272.6112371
272.7227124
272.6298714
272.6269454
272.6780606
272.790033
272.7741503
272.8495071
272.8521062
272.7919397
272.8290749
272.9340411
272.977468
273.0088875
272.7795563
272.7600875
272.7930813
272.8579793
272.8736103
272.6231238
272.8489107
272.8378062
272.7683025
272.6153494
272.6459444
272.6951948
272.7712299
272.7866079
272.8488027
272.6710833
272.8027631
272.9097027
272.8514707
272.858037
272.9561147
272.9810506
272.8857847
272.9244896
272.9752601
272.8739587
272.9432593
272.9904265
272.9398009
272.9312078
272.9208236
272.8644181
272.7626177
272.9115764
273.006802
272.8854976
272.9249943
273.0815507
273.0347634
272.979909
272.9456927
273.009126
273.0213953
272.9969604
273.0509338
272.971125
273.0461259
273.0901554
272.9808226
273.0692616
272.9933544
272.9724992
273.0371552
273.041824
272.9802883
273.0208579
273.0629405
273.1256821
272.9578638
272.9967411
273.0633165
272.9710553
273.0883563
272.9791925
273.018281
273.0373054
273.0082778
273.0516771
273.0404473
273.0522007
273.0037433
273.0232827
273.0357838
273.057294
272.9973868
273.0568996
273.0846682
273.0617471
273.1009444
273.038886
273.0266709
273.0486942
272.9107114
273.0736558
273.134859
273.1105659
273.0103895
272.9666402
273.0611224
273.0184504
272.9964544
273.0600071
272.9556655
272.9912085
272.9113877
272.9377858
272.8711141
273.0482181
273.0084121
273.0118039
273.0215673
273.0021533
272.9875896
272.9252584
272.9527221
272.94307
272.9433838
273.0214723
272.9658157
273.0531021
272.9037798
273.0120435
272.994113
273.0822931
273.014555
272.964817
272.9406344
272.9159781
272.9627822
272.9784584
272.8379783
272.9843662
273.0070178
273.0304515
272.9449047
273.021041
273.0521109
273.001359
272.9931849
272.9963345
273.0219296
272.9794528
273.0238236
273.0846343
273.013609
273.0223012
272.9702304
273.020602
272.996055
272.9787414
272.9913571
272.9393061
272.9348134
272.9531659
272.8921889
272.9558874
272.8614539
272.8229209
272.7904274
254.2298979
261.8412764
265.3802375
267.1001791
268.6032995
269.2197525
269.9005813
270.2656688
270.6364557
270.7553767
271.0033549
271.2936272
271.2964784
271.9099872
271.7338895
271.9292076
272.1095919
272.0472375
271.9389662
272.033006
272.1623682
272.2758351
272.3082292
272.4268687
272.4238167
272.5356563
272.6037569
272.7013351
272.5486688
272.727218
272.668994
272.6918469
272.6162968
272.7074292
272.7544099
272.5620735
272.5910183
272.8252431
272.7165222
272.7494222
272.6813313
272.8052921
272.8815507
272.8343576
272.7011244
272.751004
272.9073969
272.9499035
272.7947601
272.8574124
272.9202648
272.783581
272.663548
272.8362937
272.7712372
272.7922517
272.8250957
272.8413697
272.730483
272.6807596
272.6915787
272.7668035
272.7219657
272.8368402
272.8873129
272.7865736
272.7088158
272.7711192
273.0402912
272.8877523
272.8899613
272.8244931
272.8270492
272.9090791
273.0223419
272.9323619
272.8008346
272.9332775
272.9011723
272.8816151
272.9741004
272.8460343
272.8462266
272.8874422
272.9106437
272.8990426
272.8601462
272.8780791
272.9176112
272.940213
273.0106712
272.9755921
273.1178101
273.0935733
272.9669944
273.0985094
273.0926926
273.1052734
273.0813698
273.0869048
272.9204441
272.9633546
273.0027126
272.9407862
272.9678556
273.0154788
273.0327379
272.9948617
273.0245873
272.9416508
273.0267548
273.0911092
273.0732889
272.9950397
273.0152389
273.0094865
273.0375866
273.0103644
273.0056117
273.1100839
273.0087987
272.9345759
272.9312807
272.9999888
273.0558284
273.1066129
273.0585026
273.0430751
272.9833633
273.0597127
273.0299341
273.0775068
273.0464487
273.0195729
272.9957188
273.0893855
272.9850712
273.0112804
273.0026191
273.041689
273.0592674
272.9497112
273.0112211
272.9941651
273.0332493
272.9531375
272.9391096
272.904334
272.9244634
272.9326891
272.9467305
273.0918969
273.0222983
272.9488832
272.9894356
272.9197633
272.9743237
272.9785195
273.0432288
273.0193416
272.941068
273.0569605
273.0173604
273.008758
273.0426627
272.9610251
272.9692143
273.0004733
272.902185
272.8885238
272.8924462
272.9095875
272.9412426
272.9634762
272.9874048
272.9958195
273.0194172
272.9831231
272.9456825
273.017516
272.9989009
273.0090293
272.9629673
273.0581508
273.0346278
272.9881495
273.0046342
273.0130207
273.0546967
272.9373433
272.906603
272.9131559
272.986571
272.86743
272.9257241
272.9029905
272.9094078
272.9512159
272.9192559
272.8170778
253.3719114
261.8750711
265.2636792
267.1543473
268.4174211
268.8756452
269.8082003
269.9941027
270.6786636
271.0884412
271.3175534
271.2016759
271.56314
272.0192059
271.9466393
272.0640457
272.2744823
272.1573047
272.3125389
272.1757228
272.2640811
272.2826328
272.2137937
272.4015787
272.2080654
272.357646
272.700214
272.6462616
272.7943689
272.5421245
272.8217844
272.9545785
272.6583825
272.6307376
272.6783674
272.589089
272.7115081
272.9739093
272.7668889
272.8374295
272.6516676
272.626257
272.6408249
272.7947849
272.6162772
272.7083407
272.9403256
272.9080223
272.8541434
272.811697
272.9122139
272.7607221
272.8349364
272.8715178
272.7775384
272.6727897
272.7015108
272.8917873
272.8356338
272.7552904
272.7072098
272.832227
272.7517305
272.8323117
272.8226481
272.8316418
272.8404941
272.8167252
273.0031334
272.9484502
272.8463326
272.8995096
272.8669681
272.7707849
272.942087
272.9272012
272.8783298
272.8446365
272.7716077
272.8394093
272.9024798
272.9238108
272.9143013
272.9244619
272.8729289
272.8134677
272.983608
272.9459193
272.947685
272.8663853
272.9231319
272.966275
272.9713802
273.0169829
272.924816
273.05398
272.9609143
272.9750041
273.03447
273.097617
273.0738206
273.024274
273.0411729
272.989879
272.9412723
272.886688
273.0559508
272.9513591
273.0243509
273.0023796
272.9208493
273.0501437
272.9952841
273.0058826
272.8362475
272.8344256
273.111555
273.0028921
272.9620573
273.1046872
272.9339434
272.9579286
273.0455644
272.9929428
273.079109
273.0507141
273.1212833
272.9908259
273.0186509
273.1019831
273.1533605
273.0222715
273.0338552
273.0763083
273.0299032
273.104241
273.0513254
273.0240913
273.0258189
272.9668436
272.9813515
272.9007566
273.0199
272.9570371
272.9440272
272.9928352
272.9895314
273.0320173
272.956456
272.9604467
272.8763167
272.9911719
273.0204546
273.0644474
273.0538021
272.9105383
272.867439
272.9404659
273.0492638
272.9872147
273.0386302
273.0279718
273.0321225
273.0910104
273.078231
273.0805131
273.0103405
272.93393
272.9650499
272.935297
273.0108859
273.0013835
272.9707747
272.8894686
273.0241429
272.9516975
272.9845506
272.9964731
272.9467426
272.9846061
273.0453838
273.0394663
273.0476046
273.0469525
273.0834062
273.0160276
272.961844
272.9774873
272.991823
273.0493463
273.0491195
272.9926844
273.0109349
273.0342109
273.0331841
273.0202931
273.0052267
272.9062959
272.8845842
272.8563037
253.9160267
261.7481826
265.3415153
266.8711615
268.3462218
269.5190956
269.7156694
270.3108258
270.5414936
270.9635316
271.1450186
271.5405727
271.6245636
271.8089224
271.938412
272.2966854
272.2976103
272.2457727
272.290114
272.3708583
272.4177781
272.4433702
272.4452606
272.6308308
272.4275838
272.5778592
272.7065142
272.5451513
272.6666927
272.7709181
272.7447087
272.745834
272.7044382
272.6942049
272.6214268
272.5093853
272.6734536
272.7293029
272.6855486
272.7238254
272.8025821
272.6309468
272.6416598
272.7710116
272.8698993
272.8780952
272.8511887
272.9011801
272.843024
272.7108745
272.964259
272.7269961
272.6621221
272.6333416
272.5542411
272.5634471
272.6547372
272.8894772
272.8131229
272.6928966
272.8989288
272.7530973
272.791594
272.8025728
272.6864714
272.7771575
272.6462212
272.807174
272.7898164
272.7693703
272.8291151
273.052115
272.9439837
272.8059798
272.97885
272.8241004
272.7285368
272.7948199
272.8775163
272.7869893
272.7886701
272.7229917
273.0379663
272.9454464
272.8311624
272.9029757
272.8177172
272.8545881
272.9445626
272.9137091
272.9990464
272.9584922
272.9307354
272.912575
272.9864464
273.1165483
272.9904617
272.9426637
273.0080343
273.0361525
273.0596678
273.1352572
273.0070882
273.0230399
273.0093592
272.9537158
272.9509492
273.011802
272.9451315
272.9793304
273.0859559
272.9510847
273.0509061
272.9673881
273.0084697
272.9306725
272.9922938
273.0543225
272.9935005
273.0072276
272.9069574
272.9766042
272.9603959
273.0369195
273.0123266
273.1233314
273.0321807
273.0633774
273.0882257
272.9948423
272.9926222
272.9853787
273.0920605
273.1434704
273.0718744
273.033996
272.9383338
272.9703259
272.9476708
272.9057937
273.0346754
273.0011452
273.1021074
272.9895706
273.006508
273.0255746
273.0287459
273.0726727
273.0442116
272.9532788
272.9284094
273.056862
272.9824014
272.9873939
272.9818806
272.8995804
272.9557129
272.9413296
272.9711972
273.0429026
272.9821024
273.037935
272.9929532
273.0551825
272.995611
273.0637881
273.039693
273.0364107
272.9425099
272.920172
272.9411599
272.9678642
273.0221511
272.9402108
272.9365391
272.9457141
273.0773724
273.0306069
273.0771835
273.0609079
272.9910872
273.0522581
272.9858163
272.9749999
273.0763011
273.0332532
272.980722
272.9882069
273.0096381
273.0227897
273.0642619
272.976921
273.0159473
272.9850893
272.9949452
272.9711347
272.9301085
273.0011953
272.9013979
272.8272016
253.9706988
261.6331003
264.7601298
267.257489
268.4832954
269.2706685
269.4682815
270.0459631
270.8649951
271.1466123
271.1653362
271.4334735
271.7781375
272.0911141
272.002446
272.1154924
272.3165743
272.3005075
272.3781012
272.4257292
272.3927221
272.5763162
272.6154099
272.7172441
272.5751332
272.4620279
272.4210627
272.6072709
272.586422
272.6931451
272.8137085
272.7168337
272.6416616
272.8207566
272.6765901
272.8275455
272.7440145
272.7131757
272.8588466
272.7261814
272.6083949
272.5878619
272.7698306
272.8059436
272.6660063
272.8375766
272.63267
272.8820439
272.879901
272.8283056
272.9484621
272.7878098
272.7485876
272.7790054
272.8196002
272.7993774
272.751943
272.7672933
272.8551518
272.8158496
272.8378542
272.9155619
272.8630767
272.7898419
272.7340411
272.8288041
272.7740906
272.9027261
272.8072385
272.8984348
272.9866618
272.9532832
272.8731965
273.0639437
273.0470553
273.004012
272.836347
272.7340604
272.8370425
272.8995992
272.7668324
272.866988
272.8978572
272.9048711
273.003027
272.9073094
272.9360186
272.828184
272.8826295
272.7994513
272.9201787
272.876289
272.9179385
273.0907296
273.0250217
272.9971808
273.0381358
272.9239074
273.0352918
272.8499765
273.1148689
273.0571813
273.0713233
272.9907206
272.9017683
272.9758276
272.9722882
272.8980005
272.9328964
272.9428088
273.0190298
273.0736989
273.0133458
272.9434008
273.0229423
273.0350831
272.8811757
273.0075929
273.0194937
272.8582695
272.9826087
273.0820845
273.0353431
272.9925602
272.925343
273.0047064
273.039857
273.064157
273.1338097
273.0020582
273.067413
273.0772113
273.0923343
273.031866
273.0489413
272.9423247
272.9175987
273.0296561
273.0147448
273.0927203
272.9242692
272.9699357
272.9721608
272.9961522
273.059189
273.0985292
272.9943085
273.0843965
273.150181
272.9288507
273.0505287
272.9972472
272.9224312
272.9387043
273.0202894
272.9308509
272.7982151
272.9239243
273.0223542
273.1033291
273.100487
273.0006774
273.0201408
272.9570715
272.9028739
273.0888575
273.0260037
272.9304991
272.8590557
272.9131391
273.038763
273.0413152
273.065294
272.9628026
272.9796253
273.0559721
272.9859596
273.1099523
273.0630413
273.0563126
272.9872949
273.0709297
273.0324973
273.0309765
273.0886924
273.0832741
273.0516548
272.9801182
273.0038076
272.9982667
273.0146177
272.9848415
273.0308219
272.9576462
273.0280253
273.0091978
272.9246975
273.0223194
273.016128
272.8802386
)
;

boundaryField
{
    bottom
    {
        type            calculated;
        value           nonuniform List<scalar> 
200
(
253.5439073
262.2750802
265.4453897
267.2024564
268.2972361
269.3753185
269.800315
269.9971506
270.6063603
271.048586
271.2931609
271.2993915
271.4348803
271.7955815
271.9355881
272.1774847
272.1162322
272.4198444
272.1623206
272.0099267
272.2492055
272.2978836
272.3624866
272.4554905
272.5903786
272.6378718
272.5607588
272.5908819
272.5891835
272.749482
272.6464694
272.7256193
272.5835506
272.5616648
272.6104128
272.6334502
272.6760117
272.6112371
272.7227124
272.6298714
272.6269454
272.6780606
272.790033
272.7741503
272.8495071
272.8521062
272.7919397
272.8290749
272.9340411
272.977468
273.0088875
272.7795563
272.7600875
272.7930813
272.8579793
272.8736103
272.6231238
272.8489107
272.8378062
272.7683025
272.6153494
272.6459444
272.6951948
272.7712299
272.7866079
272.8488027
272.6710833
272.8027631
272.9097027
272.8514707
272.858037
272.9561147
272.9810506
272.8857847
272.9244896
272.9752601
272.8739587
272.9432593
272.9904265
272.9398009
272.9312078
272.9208236
272.8644181
272.7626177
272.9115764
273.006802
272.8854976
272.9249943
273.0815507
273.0347634
272.979909
272.9456927
273.009126
273.0213953
272.9969604
273.0509338
272.971125
273.0461259
273.0901554
272.9808226
273.0692616
272.9933544
272.9724992
273.0371552
273.041824
272.9802883
273.0208579
273.0629405
273.1256821
272.9578638
272.9967411
273.0633165
272.9710553
273.0883563
272.9791925
273.018281
273.0373054
273.0082778
273.0516771
273.0404473
273.0522007
273.0037433
273.0232827
273.0357838
273.057294
272.9973868
273.0568996
273.0846682
273.0617471
273.1009444
273.038886
273.0266709
273.0486942
272.9107114
273.0736558
273.134859
273.1105659
273.0103895
272.9666402
273.0611224
273.0184504
272.9964544
273.0600071
272.9556655
272.9912085
272.9113877
272.9377858
272.8711141
273.0482181
273.0084121
273.0118039
273.0215673
273.0021533
272.9875896
272.9252584
272.9527221
272.94307
272.9433838
273.0214723
272.9658157
273.0531021
272.9037798
273.0120435
272.994113
273.0822931
273.014555
272.964817
272.9406344
272.9159781
272.9627822
272.9784584
272.8379783
272.9843662
273.0070178
273.0304515
272.9449047
273.021041
273.0521109
273.001359
272.9931849
272.9963345
273.0219296
272.9794528
273.0238236
273.0846343
273.013609
273.0223012
272.9702304
273.020602
272.996055
272.9787414
272.9913571
272.9393061
272.9348134
272.9531659
272.8921889
272.9558874
272.8614539
272.8229209
272.7904274
)
;
    }
    top
    {
        type            calculated;
        value           nonuniform List<scalar> 
200
(
253.9706988
261.6331003
264.7601298
267.257489
268.4832954
269.2706685
269.4682815
270.0459631
270.8649951
271.1466123
271.1653362
271.4334735
271.7781375
272.0911141
272.002446
272.1154924
272.3165743
272.3005075
272.3781012
272.4257292
272.3927221
272.5763162
272.6154099
272.7172441
272.5751332
272.4620279
272.4210627
272.6072709
272.586422
272.6931451
272.8137085
272.7168337
272.6416616
272.8207566
272.6765901
272.8275455
272.7440145
272.7131757
272.8588466
272.7261814
272.6083949
272.5878619
272.7698306
272.8059436
272.6660063
272.8375766
272.63267
272.8820439
272.879901
272.8283056
272.9484621
272.7878098
272.7485876
272.7790054
272.8196002
272.7993774
272.751943
272.7672933
272.8551518
272.8158496
272.8378542
272.9155619
272.8630767
272.7898419
272.7340411
272.8288041
272.7740906
272.9027261
272.8072385
272.8984348
272.9866618
272.9532832
272.8731965
273.0639437
273.0470553
273.004012
272.836347
272.7340604
272.8370425
272.8995992
272.7668324
272.866988
272.8978572
272.9048711
273.003027
272.9073094
272.9360186
272.828184
272.8826295
272.7994513
272.9201787
272.876289
272.9179385
273.0907296
273.0250217
272.9971808
273.0381358
272.9239074
273.0352918
272.8499765
273.1148689
273.0571813
273.0713233
272.9907206
272.9017683
272.9758276
272.9722882
272.8980005
272.9328964
272.9428088
273.0190298
273.0736989
273.0133458
272.9434008
273.0229423
273.0350831
272.8811757
273.0075929
273.0194937
272.8582695
272.9826087
273.0820845
273.0353431
272.9925602
272.925343
273.0047064
273.039857
273.064157
273.1338097
273.0020582
273.067413
273.0772113
273.0923343
273.031866
273.0489413
272.9423247
272.9175987
273.0296561
273.0147448
273.0927203
272.9242692
272.9699357
272.9721608
272.9961522
273.059189
273.0985292
272.9943085
273.0843965
273.150181
272.9288507
273.0505287
272.9972472
272.9224312
272.9387043
273.0202894
272.9308509
272.7982151
272.9239243
273.0223542
273.1033291
273.100487
273.0006774
273.0201408
272.9570715
272.9028739
273.0888575
273.0260037
272.9304991
272.8590557
272.9131391
273.038763
273.0413152
273.065294
272.9628026
272.9796253
273.0559721
272.9859596
273.1099523
273.0630413
273.0563126
272.9872949
273.0709297
273.0324973
273.0309765
273.0886924
273.0832741
273.0516548
272.9801182
273.0038076
272.9982667
273.0146177
272.9848415
273.0308219
272.9576462
273.0280253
273.0091978
272.9246975
273.0223194
273.016128
272.8802386
)
;
    }
    inlet
    {
        type            calculated;
        value           nonuniform List<scalar> 5(253.5439073 254.2298979 253.3719114 253.9160267 253.9706988);
    }
    outlet
    {
        type            calculated;
        value           nonuniform List<scalar> 5(272.7904274 272.8170778 272.8563037 272.8272016 272.8802386);
    }
    back
    {
        type            symmetry;
    }
    front
    {
        type            symmetry;
    }
}


// ************************************************************************* //
