/*--------------------------------*- C++ -*----------------------------------*\
| =========                 |                                                 |
| \\      /  F ield         | OpenFOAM: The Open Source CFD Toolbox           |
|  \\    /   O peration     | Version:  v1612+                                |
|   \\  /    A nd           | Web:      www.OpenFOAM.com                      |
|    \\/     M anipulation  |                                                 |
\*---------------------------------------------------------------------------*/
FoamFile
{
    version     2.0;
    format      ascii;
    class       volVectorField;
    location    "4.78";
    object      UMean_mix;
}
// * * * * * * * * * * * * * * * * * * * * * * * * * * * * * * * * * * * * * //

dimensions      [0 1 -1 0 0 0 0];

internalField   nonuniform List<vector> 
1000
(
(0.01220901034 0.03811249592 0.008666689157)
(-0.04609993367 -0.01686366111 0.05239284158)
(0.0007575241108 -0.02227941394 0.03174767975)
(-0.03275079632 -0.004898801471 -0.03699745469)
(-0.005998263342 -0.02281794123 -0.05070034684)
(-0.006026137562 0.01014045183 0.03225976829)
(0.01261681437 0.01857579788 -0.02972048006)
(0.01951906658 -0.005219618065 0.05864631245)
(0.02876529559 0.02060526515 0.02941583084)
(-0.02106045864 -0.03042240052 0.004216682577)
(0.02531271792 0.001837566135 -0.04424177148)
(0.02727916408 0.01395233019 -0.01817871242)
(0.01963929371 0.01038669677 0.0292000608)
(-0.05260255298 0.06722923228 -0.04480029024)
(-0.002588632806 -0.02338784945 0.0438733153)
(-0.01639118349 0.01688150097 -0.01763476796)
(0.04767304147 -0.0148038641 -0.009710555913)
(0.05896792307 -0.04587834585 0.03071443613)
(0.0685471022 -0.0064814084 -0.03682450898)
(0.07111590919 0.03032539859 -0.03496694518)
(0.02168023908 -0.02020968789 0.03005864809)
(0.06410292445 0.04739794125 0.01037554309)
(-0.01454531732 0.02512912635 -0.005259788554)
(-0.02067394521 -0.05247200337 0.08801682428)
(0.01250324421 8.684269949e-05 -0.0204059244)
(0.06642390299 -0.05951460443 -0.008530633201)
(0.06064732292 0.01537374585 0.02845717983)
(0.04001970865 -0.03538395845 -0.05362074289)
(0.02282328791 0.05753369773 0.006831916876)
(-0.01928776964 -0.00302446715 0.01138778731)
(-0.00452895419 0.004166181079 0.03307989359)
(-0.03710745165 -0.0366923404 0.01162146244)
(0.03582146555 -0.06771540213 -0.0206678223)
(0.06464868127 0.03561584776 -0.002374552929)
(0.03410464966 0.02530707627 -0.009857006165)
(0.009970789152 0.003660042759 0.01538824416)
(-0.04687357521 -0.04894546793 0.01424685195)
(-0.004008782417 0.03740970232 0.01641358401)
(-0.03977460382 -0.01979496561 -0.001584603554)
(0.03496795614 -0.008498762097 -0.02057984138)
(0.06832294755 -0.01742188963 -0.001030217402)
(0.09426220688 -0.0324932306 -0.01743338335)
(0.02831413354 -0.003425583274 0.0210201205)
(0.05253014005 0.03240271828 0.03873629036)
(0.02763263367 -0.004834603727 0.002611198798)
(0.01169062077 -0.01961623495 -0.005505208228)
(-0.01345268588 0.04238185409 -0.0147565453)
(-0.08993886971 0.07598847641 0.03305799067)
(-0.094910909 -0.07022523283 0.05518055961)
(-0.0112171679 -0.02943501453 -0.01379261726)
(-0.04615776217 -0.02603987821 0.0257450319)
(-0.02344593148 -0.00194335839 -0.01384943074)
(0.01495798567 0.006554031019 -0.028662859)
(-0.04344871405 0.0203595971 0.002707859463)
(-0.05505447432 -0.03504036797 0.02827550303)
(-0.008480330155 -0.0031195661 0.01795754759)
(0.06519371496 -0.05246127111 -0.007068077135)
(0.02727519357 0.02713999981 0.0004077811612)
(0.04546830678 0.01551841109 0.01809745589)
(0.04124818114 0.01427212328 0.06606756045)
(0.01169129998 -0.01343308403 -0.07324482859)
(0.02584511121 -0.03695081307 0.001308791905)
(0.008540138052 -0.03112436362 -0.0007386943016)
(0.01510832068 -0.01096157229 0.02467472438)
(0.03722661923 -0.002915787059 0.005460913952)
(0.02939103192 -0.004149374029 0.01245975846)
(0.02637157728 -0.005828493561 -0.01321563607)
(0.009173631902 0.05601732573 0.019185042)
(0.04000632283 -0.01426485281 -0.03028403687)
(-0.007478247284 -0.007894036243 0.003178812187)
(0.05135468826 -0.03955625066 0.03832654148)
(0.05789756743 -0.01410858271 0.03188533655)
(0.02521251537 -0.006915863036 -0.02070452547)
(0.02180930778 0.01867276171 -0.001788977944)
(0.04356625632 -0.06534998717 0.01029303656)
(0.03487205833 0.01210976198 -0.01899681149)
(0.0510846973 0.01065328993 -0.003813751677)
(0.02215964755 0.00747632509 -0.02581647135)
(0.02391853083 0.02892846234 -0.01655865798)
(0.01933451136 -0.0196083812 0.006440423418)
(-0.01847820463 0.03828851027 0.003718355855)
(-0.03149490179 0.02063229501 -0.02622712475)
(-0.0279365519 0.0501029036 0.007539355362)
(-0.03560996326 -0.06162134411 -0.04880154296)
(-0.03205809459 -0.0008926121131 0.03007111083)
(0.01246097717 -0.02166992535 0.008718879881)
(0.009536593719 0.008400553883 0.04817099275)
(0.04458129377 -0.07301091235 -0.06479236072)
(0.06899662147 0.01898102935 0.02557863369)
(0.08372261335 -0.02724090088 0.01016901724)
(0.01554570131 0.0217177247 0.05056151596)
(0.02893214171 0.01904406744 -0.01248723189)
(0.04422396679 -0.04542773165 0.005941736289)
(-0.01322712389 0.06788156295 -0.04829905322)
(-0.001426837082 -0.00877126321 -0.01110095585)
(-0.01497958949 0.07749108372 -0.02541963867)
(-0.08652017675 -0.03976289196 0.01818759272)
(-0.05378851149 0.01941127932 -0.01761156016)
(-0.04901774219 0.006593566771 -0.002070499675)
(-0.02162223361 -0.0793333839 -0.03304485244)
(0.0208791113 0.003938009811 0.004896680373)
(0.03853404317 0.06196069334 -0.01801587265)
(-0.02574665865 0.01679353326 -0.006343744126)
(-0.01853177007 -0.02564937173 0.01764384967)
(0.02997348244 0.02295443153 -0.003957151457)
(-0.03586279224 -0.01152844177 0.03720091088)
(-0.06887469417 0.02396989779 0.02090494586)
(-0.009983856825 -0.04788475123 0.001648109072)
(0.01474365881 -0.01563968381 0.01037800017)
(0.01472637173 0.01448021405 -0.001798474051)
(0.03290662058 0.008330549079 0.00447989335)
(-0.01448651398 -0.01826240907 -0.01324511908)
(0.02733541555 -0.02206242739 0.02405209013)
(-0.07238949331 0.01436191109 -0.07578684866)
(-0.06192027523 -0.02574804002 0.01764373008)
(-0.001433166763 -0.003510643271 0.08801750342)
(-0.03758610925 0.04952183933 -0.09155516538)
(0.01108913578 -0.05091419929 0.03186044988)
(0.07843606685 0.005733545524 -0.009222848968)
(-0.003921195742 0.05722470206 0.0306095656)
(0.05591527421 -0.03596374396 -0.01599580234)
(0.03467234944 0.05158513098 0.008934953465)
(0.00982129155 0.0457063235 -0.03100743111)
(0.006474181833 -0.03327763194 -0.01104945633)
(-0.01385735297 0.07892111402 -0.0265602624)
(-0.09967546864 0.00922092354 0.04132738603)
(-0.09661518377 0.01579169385 -0.01025095945)
(-0.1246334723 -0.01647128615 -0.03621588693)
(-0.04524816184 -0.02878336246 0.0003437335321)
(-0.004697406436 -0.02402136242 0.01629271456)
(0.01506980275 0.01307624645 -0.01963382419)
(0.01089728059 -0.04503757778 -0.01406006955)
(0.002319786894 0.01216498313 0.008446300622)
(0.004337099902 0.008574186254 0.05006620815)
(0.03299822401 0.003698690652 0.02634974197)
(0.002576393742 0.0243416266 -0.03732741513)
(-0.05241008009 0.004596075176 -0.02188883498)
(-0.04283003251 0.004974618794 0.01762689621)
(-0.001777945372 -0.04326547235 -0.01562480754)
(0.0318906476 -0.03031040932 -0.01492521599)
(0.01249223661 0.04930689373 -0.03445999965)
(-0.003490486361 0.0003477986466 0.0267955744)
(0.04373654528 -0.005152867611 -0.005593659656)
(0.000925970577 -0.01696072216 -0.01405709188)
(0.01187512897 0.01431887062 0.004656751204)
(0.01649580318 -0.01544533521 0.04236737514)
(0.03480349205 -0.02238036916 -0.03644460052)
(0.1013331754 -0.02066497876 0.0007345827606)
(0.1284606844 -0.01278051007 0.06679598121)
(0.07298154121 0.0458329881 -0.01797251122)
(0.02703802695 0.0412790808 0.009223917657)
(0.009118591865 -0.02537192309 0.03702922412)
(0.05079464036 0.04340207248 0.03644376608)
(-0.01287660604 0.0605976001 0.008420000457)
(-0.02586525934 0.0192500905 -0.0150087545)
(-0.120240707 0.04347516962 -0.01474273745)
(-0.09103638002 -0.04781767125 -0.03711528932)
(0.009879895419 -0.01173125773 -0.007573039627)
(0.0494126674 6.075614444e-05 -0.02916857381)
(-0.0659286859 0.02505881183 -0.01139912206)
(0.01291350544 0.03478124697 0.005094623516)
(-0.01609705458 -0.01549853565 -0.01189459991)
(0.01158504284 -0.008408807264 0.01291136384)
(0.003703585269 -0.009043177029 0.006410726112)
(0.001127284736 0.0005052209491 -0.01011454877)
(0.03188666607 -0.0237243453 -0.02261445801)
(0.0214755097 0.009958688953 0.03353955119)
(0.02624172921 0.01890373774 -0.01397888938)
(-0.01008613972 0.01982729395 -0.03586966871)
(0.03440132535 -0.03583210197 -0.006561817371)
(0.07068651204 0.02420778888 0.06127040181)
(0.08048434673 -0.01171722661 -0.02828018672)
(0.04297557522 0.0003891225654 0.02521484618)
(0.09666193945 0.02643835807 0.01450916536)
(0.02516831414 0.01170960034 -0.02760678999)
(-0.03842017829 0.01127017062 0.03055320164)
(-0.01191843997 0.03836842817 -0.03298849554)
(-0.02960586061 -0.04793851127 0.0409522867)
(0.02021012655 0.03052497554 0.005602113789)
(-0.01363685418 0.04791766965 -0.03692299741)
(-0.05414124087 -0.02186168075 -0.007096628732)
(-0.007203653891 -0.02634477595 -1.347535823e-05)
(-0.04414571971 -0.0198989961 0.01574184405)
(0.02286445942 -0.004911672224 0.07032195889)
(0.0331569613 0.0371156642 0.005885725137)
(0.002411694091 0.02626911416 0.01461340813)
(-0.03708200055 -0.04006703296 -0.01362204781)
(0.03294845991 -0.05642695614 -0.01341136601)
(0.03138692079 -0.03497603944 -0.03646607395)
(0.02365709696 0.07335333695 0.004834397138)
(0.001332797429 -0.003419759583 -0.01387579312)
(0.03479417488 -0.0006607396354 0.008571753518)
(0.04170728802 0.02377806089 -0.003316278569)
(0.03772371803 -0.04590193891 0.001284094387)
(0.1013799504 -0.05953747634 0.03357246963)
(0.07369364849 0.002652039242 0.006066835893)
(0.009727195685 0.03279928184 0.01018634908)
(0.03778760231 -0.034475241 -0.01630862249)
(0.05884931356 -0.02688094247 0.007817631044)
(0.02514321464 0.07709979595 0.01411681412)
(0.02358702546 -0.009131416426 -0.01696544669)
(0.02610512825 0.03210932275 -0.02500893883)
(0.01377801193 -0.01171676013 0.02320321775)
(0.01263435394 0.03896239039 0.04344081991)
(-0.05222570769 -0.07260929155 0.002812222202)
(-0.02109268207 0.01891083856 0.02287593527)
(-0.02791091945 -0.02404401665 -0.006163703894)
(-0.003659597111 -0.02605917066 -0.01275055648)
(0.05870636743 0.004228495635 0.01834365295)
(0.02957358293 0.05566194647 -0.02744605844)
(0.01486464283 -0.04533275541 -0.007187007087)
(0.01002191955 0.01630280577 -0.008607101884)
(-0.01658526753 0.0647165982 0.04980849392)
(-0.01255155249 0.03197731794 -0.03770328536)
(-0.04270226324 -0.02049568148 -0.009987474978)
(-0.01828819942 -0.09066419308 0.02516988582)
(0.005533645642 -0.02564122532 0.01957500536)
(0.005452255357 -0.03965324804 0.02245092733)
(0.002524773667 0.0653003812 0.006552722636)
(-0.02033213839 0.02801130871 -0.003743035003)
(-0.02553648051 -0.04613245938 0.006876948862)
(-0.0247363894 0.01032590401 0.01330625616)
(0.07787036613 0.03814030183 -0.04119112522)
(0.06514391962 -0.05192106049 -0.05385869075)
(0.08945704971 0.016308274 -0.03243103208)
(-0.02302057537 0.0008760638144 0.03596202338)
(-0.09896604233 0.04284430171 -0.04916386766)
(-0.02129501778 -0.03063669947 0.01646790546)
(0.0017770112 -0.01127909448 0.02557371045)
(0.03568678477 0.02367943706 0.01236410429)
(0.04855774677 0.02374049607 -0.00955141491)
(0.05062031453 -0.001051810789 0.007968463159)
(-0.02777400346 -0.05166105813 0.01071432596)
(-0.006425552196 0.04226341552 -0.02073389062)
(-0.0010772833 0.02600880601 0.01290753733)
(0.00249758076 -0.01091059192 -0.0273321335)
(0.01174698169 0.03162974867 -0.02504264308)
(0.03278535342 -0.01694645147 0.01941472461)
(0.06844993418 -0.06392766153 -0.05143077517)
(-0.01722313351 -0.01513925006 -0.007128386748)
(0.02503031264 -0.05815238759 0.001538432326)
(-0.006507336521 0.0443915792 0.001004272873)
(-0.005895649887 0.01691246714 -0.01645629622)
(-0.01149847931 0.03828951378 0.0132162627)
(0.05108363437 -0.01400220738 0.02842371795)
(0.0266726828 -0.02273219884 0.020280047)
(-0.03353985162 0.06938286332 0.02975831567)
(-0.0009465782032 -0.004515756192 -0.07001079544)
(0.01605300366 0.03135210993 -0.0001602926013)
(-0.06828311401 -0.03251956844 0.01839569849)
(-0.02482417518 -0.01513356043 -0.03762777915)
(-0.01093391353 -0.01877841895 -0.008716658015)
(-0.01993570337 -0.003082416025 -0.01648854965)
(0.0186589667 0.005528633575 -0.02264152791)
(0.1114959555 -0.06893374441 -0.02058030211)
(0.08290162901 -0.02549857161 -0.007311300872)
(0.00571797413 -0.007577158011 -0.08140105484)
(0.02478727918 0.0666948186 0.04287493931)
(0.04368767408 -0.04689630266 0.01702751094)
(-0.04247016889 -0.01690570808 0.01370313029)
(0.08631906875 0.02099116064 -0.01470221474)
(-0.008152028787 0.06646028407 0.02205834074)
(-0.01027918698 -0.05362760492 -0.02132991065)
(-0.0291843866 0.02512098407 0.02230709053)
(-0.05508914954 -0.03598213201 -0.02827044069)
(-0.005575607304 0.01184227165 -0.02048332125)
(-0.00407378848 0.00647051379 0.04710564079)
(-0.02245179828 0.01100886114 -0.03353342373)
(-0.06248372428 -0.03461462163 -0.00227725151)
(0.006172411038 0.008257856483 -0.06199931443)
(0.02906418608 -0.03382544778 0.02852124181)
(-0.003627009808 0.05695824886 0.03102460587)
(-0.009339373504 0.02008260304 0.02675948492)
(-0.04685797938 -0.003162546402 -0.02842130713)
(-0.003664762782 -0.006807499013 0.002414489478)
(-0.02312977499 -0.001926497481 -0.006183618454)
(-0.02509680539 0.04016854801 0.001022874427)
(-0.0280215189 0.04538932228 -0.02133113715)
(-0.05343251288 -0.02471914125 0.01192474047)
(-0.0666491916 0.02166470879 0.01476866285)
(-0.03140533413 -0.01291923787 0.03692572829)
(0.01566890566 0.04130629064 -0.000574291043)
(-0.005985356472 0.0389160737 0.02837514997)
(0.03495832417 -0.04178214094 0.02259693484)
(0.02407710661 0.0265020322 -0.01960894832)
(0.0316765109 -0.03693119162 0.01854985502)
(-0.014506753 -0.035233306 0.04037100174)
(-0.02700566864 -0.01769808118 0.003447932559)
(0.01133444025 -0.02343790494 -0.006146601109)
(0.0008576389395 0.01714048605 0.002104006802)
(0.0679898697 0.01594592585 -0.02455638505)
(0.04403694222 0.003832033444 0.02322870258)
(-1.168720023e-06 0.03727257125 0.03380473773)
(-0.008415346486 0.02427055268 -0.01356420312)
(-0.007158986628 -0.02372581377 0.01036202814)
(-0.01325667375 0.04224003353 -0.02524020436)
(0.003512645739 0.002123763131 0.02385931498)
(-0.03784365543 0.02567652061 -0.006155228497)
(-0.01133339245 0.0001512672838 0.06845791363)
(0.02045662695 -0.02335119372 -0.05993318473)
(0.04359729101 -0.00999760495 -0.05427518159)
(-0.05996903872 0.04041087295 0.02483824293)
(0.01928531781 0.01205179376 0.01371278082)
(-0.07139725773 -0.06859003101 -0.02714872835)
(-0.09211469562 0.05123420205 0.0161434332)
(0.02901445082 0.02233704901 -0.05541488349)
(0.07266161147 -0.02390013904 0.02033762609)
(-0.003045440364 -0.06734160359 0.01898351117)
(0.0253850389 -0.004275218986 0.02407121371)
(0.00793867757 0.07399161269 -0.02259328423)
(0.01593450987 -0.07187144363 0.02296141455)
(0.04458425597 0.009981964147 -0.004722139354)
(0.08207972052 0.01622801849 0.02944300419)
(0.08601669358 0.1088654697 0.03670209953)
(0.03114695117 -0.02520255874 -0.009541435307)
(-0.0347390632 0.02724688581 -0.006618044709)
(-0.02920715334 -0.05613732738 0.02006844497)
(0.05054931864 -0.04223472522 0.03750991315)
(0.04745747274 -0.03264963024 -0.004911717797)
(0.01627484401 0.02081598809 0.02859647523)
(-0.03636354676 0.002818730871 0.006739582358)
(-0.04221613383 0.01530453081 0.02064473428)
(-0.02422555435 0.01165781433 -0.004081130579)
(-0.002163420404 -0.00583405096 0.01785255514)
(-0.05721004531 0.05527725778 -0.02513090224)
(-0.01707504602 -0.003151462173 -0.01390579658)
(0.06164831135 0.004511975698 -0.03808904343)
(0.04625196772 -0.02785458056 -0.04838636799)
(-0.01195995901 -0.04160483773 0.005199342621)
(-0.01730984848 -0.08856510816 -0.05750933745)
(-0.01779505462 0.04464912907 0.02392231154)
(0.01782027504 -0.0225137519 0.00803887685)
(-0.01616062454 -0.0331293732 -0.06929360023)
(0.05370382375 -0.02937987092 0.008824084023)
(0.0253039568 0.04006179178 -0.007587655935)
(0.008520948513 0.04819354145 0.02024113612)
(-0.02152294118 0.008344966497 0.008816518808)
(0.000120485279 -0.0248628215 0.02231428457)
(-0.0113258404 -0.02140226766 -0.08647063865)
(-0.002490292342 0.01504998263 0.06328665657)
(0.003804957033 -0.007306590712 -0.007471898323)
(0.03229268724 -0.02651109369 -0.02197346095)
(0.004123182249 0.01469650847 0.02013868637)
(0.04849492733 -0.02072001614 0.03883395078)
(0.009870677697 0.01687066637 -0.0002165576431)
(0.01713028929 0.005673910943 -0.03037536747)
(0.0548299902 -0.06159437084 0.006778731269)
(0.07173979193 -0.08320784307 -0.03703926944)
(0.06042535797 0.05519691784 -0.02400141958)
(0.03250541373 0.07503791021 -0.03103954902)
(0.007391693523 0.05168706549 -0.0229460976)
(0.02802167406 -0.02428351643 -0.000224768681)
(-0.04990210548 -0.01214876382 0.01938761624)
(-0.03006343185 0.001801184622 0.02800976804)
(0.02246787187 0.09079929273 -0.02852221612)
(0.02314806393 0.009289956293 0.02084190354)
(0.02500027182 -0.03226518441 -0.001461564976)
(-0.05306175655 -0.06414965451 0.02545122578)
(-0.04747526458 -0.03319199341 -0.0529635168)
(0.003015613773 0.07573939084 0.04265126571)
(-0.07759860567 -0.04933275068 -0.01344776858)
(-0.0236637596 -0.02693297161 -0.008984407932)
(-0.007816479642 -0.05734271192 -0.006999583489)
(0.05469470084 0.04222306466 0.07529094557)
(-0.03798581191 0.01479585588 -0.08135076365)
(-0.05145532428 -0.009591286808 0.01975196014)
(-0.01137282094 -0.05318321661 -0.03097128583)
(0.02002878165 -0.02202127989 0.03162997372)
(0.09747668617 -0.004312983859 0.0243692159)
(0.0708414143 -0.03787109659 -0.03213509587)
(0.02679815974 -0.01849190973 -0.002439869943)
(-0.02389779887 0.03869280503 0.007326339571)
(0.04862638805 -0.0004980322528 0.02918780767)
(-0.1080289785 -0.01174087209 -0.05982113636)
(0.006373193873 0.101184665 0.05550800827)
(0.01158849671 0.02405496858 0.003713383554)
(-0.04871853468 0.0373919442 -0.007153462864)
(0.01455892054 -0.09155877323 0.02972054559)
(0.00647384674 -0.03147001833 0.0005681980809)
(0.01474786937 0.06265471152 -0.0002731646819)
(0.03194578495 0.05711550863 0.009193338034)
(-0.0480028518 -0.01633001148 -0.01225876984)
(0.06638248966 -0.02232957793 -0.03406626692)
(-0.007986590396 -0.04792163597 0.007180553551)
(0.01274628312 -0.02006375974 -0.02378868483)
(0.009208588651 0.09597997193 0.02927810695)
(0.002433153359 -0.04879458905 -0.02775015146)
(-0.006765103866 -0.01765345334 0.06974562861)
(0.0004245726853 0.03561473839 -0.03527833739)
(0.03214916269 0.05697903199 0.008746253416)
(0.04959745624 -0.02328487941 0.01526247051)
(-0.02333704949 -0.007068907151 0.02167647916)
(0.03593276988 -0.01922940254 0.01870972377)
(0.03420384479 0.002563501642 -0.003238214357)
(0.0111346017 0.02378920785 0.0006532029002)
(0.01273930158 0.03943653475 -0.002948112614)
(0.07281625649 0.004047670423 -0.02312056008)
(0.03798510815 -0.01902604209 0.007648249839)
(-0.01766486178 -0.03410519868 -0.005504135661)
(-0.01637580919 0.07570772391 -0.02958532944)
(-0.03120523681 -0.02739057003 -0.02934839057)
(0.08169651258 0.02856682558 0.00814537353)
(-0.003577374027 -0.02163064024 -0.02531033887)
(0.01765804188 0.03741940806 0.03580130467)
(0.02298469094 -0.02415163151 0.00284384994)
(0.03169277175 0.01977059998 -0.07984185124)
(0.06092820239 -0.02920132942 0.07103726818)
(0.009858580884 -0.03187660415 -0.07029053421)
(-0.03430097224 -0.007160501319 -0.001810118685)
(-0.03165973406 0.02827799016 -0.005112200102)
(0.04525874848 -0.04489618152 0.04905434215)
(0.01207805533 -0.02460136498 -0.004525433216)
(0.02785465379 0.07270444375 -0.02452120997)
(0.001152629414 0.01440400852 -0.00892808712)
(0.03447991884 0.007753322537 0.03455441816)
(0.03874829479 -0.01892371913 -0.03553793384)
(0.00188126407 -0.044298775 -0.005255905158)
(-0.00609006727 -0.004979381433 0.02285497626)
(0.01171323567 0.01990939258 -0.01708926032)
(0.01838958132 0.002957998748 -0.01883507671)
(-0.01097761393 0.003879724533 0.05722861844)
(0.01220379368 -0.008615062035 -0.000950083885)
(0.0135764943 0.0007782797421 0.06325450466)
(0.05687930955 -0.05814926676 0.01248319785)
(-0.007737342818 0.06372177545 0.003187517398)
(-0.01042461367 0.07888796856 0.05859450217)
(-0.02155768116 0.02360027964 -0.0003645028593)
(-0.07077567368 -0.007562194874 0.01836305445)
(-0.1175381996 0.002540413949 0.04185925414)
(-0.06425472382 -0.05809214429 -0.08222460291)
(-0.04950646559 0.0125998677 0.03121412731)
(-0.02496829566 -0.03750599962 -0.0189868664)
(-0.02485278978 -0.0294394505 0.02554135426)
(-0.04929410006 0.01178598124 -0.02696667729)
(0.01103833523 -0.004078446943 0.04052194609)
(0.008161653671 0.03746861937 0.00351550284)
(0.006340605796 -0.02555771936 0.01766407373)
(0.006607337042 -0.02518462383 0.0007215179085)
(0.04810895088 -0.01246554208 -0.03566067156)
(0.004342508447 -0.0340215403 -0.0163235352)
(0.02885276375 0.02278832032 -0.02255854018)
(-0.03515900011 0.04843364148 0.05292381575)
(-0.07533861173 -0.005336517946 -0.03695155992)
(-0.04972867191 -0.007255630338 0.04006177402)
(-0.03247603142 -5.929373101e-05 0.01613961466)
(-0.04109312323 0.04350011595 -0.05802361356)
(0.0264160344 0.09746841847 0.03448348575)
(0.06616235698 0.02444284497 -0.02654207467)
(0.001012333283 -0.04196604011 -0.01889371314)
(0.02649956105 0.01025818462 0.03039803814)
(0.04292327566 -0.00818720684 4.545359744e-05)
(0.003896776968 0.005980446953 0.01750240268)
(0.0009361958957 -0.05855019696 -0.02910439506)
(0.06735407455 -0.02935391658 0.02558280587)
(0.008152584335 0.01196753659 -0.1019069022)
(-0.032567129 -0.03522870686 -0.01041654162)
(0.03510222261 0.007509324618 0.02673701948)
(-0.02920386436 0.0292433421 0.02439782587)
(0.02533163938 -0.006523952158 -0.0163099833)
(0.04063222896 0.02049040739 0.02238784162)
(-0.01230643038 -0.01798650322 -0.04218545399)
(0.07109127582 0.008354709734 -0.02053728819)
(0.02503702081 0.02928843904 0.06351914923)
(0.02791621565 0.05415301375 -0.04265959446)
(0.05505320159 -0.03293801999 -0.01000843984)
(-0.03528922439 0.02198681812 0.05780647688)
(-0.07667236266 0.05594163173 0.002375941193)
(-0.101518259 -0.01584600845 -0.003514328674)
(-0.03667815323 0.006760917459 -0.03618890805)
(-0.004040118353 -0.08477871735 -0.0388416036)
(-0.01671511626 -0.05002773015 -0.04415342142)
(-0.008471949407 0.01330024586 -0.02172097508)
(-0.02398981814 0.02867310425 -0.0114944822)
(0.03398478186 -0.01959416951 -0.002525298788)
(-0.01655179149 -0.01583399842 -0.02806141395)
(-0.02598007559 -0.01542473319 -0.002425995489)
(-0.01405198666 0.05980677097 -0.007468878702)
(0.02504856708 -0.01016195828 0.06567368013)
(-0.001884325151 0.0292370551 0.0002764582843)
(-0.01291850063 0.04048863559 -0.03762593883)
(-0.02957218379 -0.01998627058 -0.01605300499)
(-0.04524590925 -0.03095928221 -0.02352116952)
(0.06859909253 -0.004378126888 -0.02791586707)
(0.03601321751 -0.04292006922 -0.0428234543)
(-0.05305507799 6.012883704e-05 0.06746797915)
(-0.003661388386 -0.03132375324 0.03744672544)
(0.008020235012 0.03179645903 -0.009548492538)
(-0.03131138742 -0.005977103206 -0.006698345359)
(-0.05208685475 -0.04757050118 0.04466129411)
(-0.01998593066 -0.01086624108 0.006909158819)
(-0.02694336427 0.005445342749 0.03643156745)
(0.04204095917 -0.01148437368 -0.02291275711)
(-0.00338253328 0.05757211177 0.02380192229)
(-0.001364660861 0.04537435547 -0.06331879784)
(0.003123426492 -0.006572524012 0.003611204667)
(-0.01573153432 0.05786783574 0.02454399862)
(0.01578973166 0.02410888317 0.02563275938)
(-0.003082273708 0.004072515937 -0.05628988332)
(-0.01472579292 -0.0870821534 -0.012213368)
(-0.02602024423 -0.07382766097 0.03734598409)
(-0.1005928371 0.04669818642 0.06676645381)
(-0.04212955793 0.01816432106 0.006598878812)
(-0.006510356314 -0.03201751083 0.003769883272)
(0.07739352604 0.01230650226 0.03088365169)
(0.06981891412 -0.0252910801 -0.01633962961)
(0.003558996899 -0.02861436534 0.0004881717219)
(0.01187678813 -0.01421590921 0.001552098546)
(0.01657620518 -0.009895693397 0.02188611857)
(0.03033052266 -0.005113520251 -0.05259069156)
(-0.03572512704 0.02709486389 0.01439185756)
(-0.02468007056 -0.01120350842 0.01874536311)
(-0.0009506088617 -0.05814091748 -0.01325271665)
(0.01731246264 -0.01135254837 -0.01514084397)
(0.07103135678 0.08216147339 0.01604621862)
(0.01728275901 0.05845411196 0.02607386216)
(-0.0319885853 -0.05607205914 -0.0110148839)
(0.05687997209 -0.008085691203 -0.02784964746)
(-0.06538360578 -0.04785358635 0.01694860484)
(-0.065857416 -0.03124199913 0.01341349043)
(-0.01395895181 0.04948188246 -0.0101702914)
(-0.07463722932 0.03982024128 -0.04727325642)
(-0.08785400676 -0.01316321811 0.04931430275)
(-0.03338648542 0.0226434262 -0.005939109675)
(-0.08097672661 0.0142395279 0.02438017464)
(-0.06204604164 0.004968956689 0.01514570168)
(0.03458334987 -0.0104016925 0.01196014047)
(0.0697009661 -0.04710339385 -0.03294419603)
(0.07863746742 0.04940719799 0.05777795789)
(-0.02239513558 0.01372361778 0.01206122179)
(-0.01622885349 -0.04879744003 -0.04604517128)
(0.00116664462 0.003485412213 -0.02436794633)
(0.05911525512 -0.007289015196 0.04081222117)
(-0.005602769509 -0.01571762182 0.02538347151)
(-0.008377305863 -0.02326697918 0.06494012949)
(-0.02033615929 0.06145050766 -0.0002939575247)
(0.005835630784 0.03735754425 -0.0290128496)
(-0.001556585081 0.1016740251 0.0707510975)
(-0.0586038785 -0.06660036027 0.04048968952)
(-0.05198280817 -0.0645352859 -0.02584613678)
(-0.0005894051713 -0.01316109093 0.02339346384)
(0.03093300964 0.01942283437 0.01589175995)
(0.004088698051 0.02841708504 -0.009430855817)
(-0.09086210252 0.03129317363 -0.00497335174)
(-0.1017811301 -0.02441792214 -0.002752731414)
(-0.01432491216 -0.008451815877 -0.00859195531)
(0.07069765924 -0.09128364408 -0.008261844337)
(0.01869114451 -0.04621157123 -0.02359226155)
(-0.05250861197 -0.0437387941 0.02183660099)
(-0.01492869805 0.03620609312 0.02483520946)
(-0.05474230206 0.07999144819 0.04778144775)
(0.007528244752 0.01832445492 0.02529082463)
(0.00440240191 -0.0007919589033 0.009144893518)
(0.008129983945 0.04034266249 -0.0430240663)
(-0.001108909845 0.0005269587234 -0.001856835442)
(0.007027678643 0.05438676725 -0.002670807704)
(-0.01335196162 0.008638978332 -0.01148628809)
(0.0269022193 -0.04621308614 0.03319718929)
(0.06026138842 0.02085172736 -0.02283192147)
(-0.01238047182 0.000958274087 -0.009337660149)
(-0.02714452535 0.03373971476 0.004807840725)
(0.05637548139 -0.01945818087 -0.03020660112)
(0.008775449957 -0.06575449342 0.01632450886)
(-0.008751716175 0.006312529568 -0.0505195479)
(-0.0310261816 0.05827739707 0.002383053459)
(-0.01586052218 -0.04508872185 -0.04587711582)
(-0.01525721856 0.01072672631 -0.0318272213)
(-0.01963722476 -0.03390518133 0.04803351887)
(-0.05146583676 -0.03406667288 0.004406847734)
(-0.05936087272 -0.03658912892 -0.01052064878)
(-0.009049728735 0.03658822274 0.01443446959)
(-0.02166720029 -0.05422816133 -0.01564100415)
(0.01894699689 0.07182980653 0.008971508163)
(-0.01957817067 -0.01277414971 0.0325032399)
(0.02790046085 -0.003182946442 -0.03456078123)
(0.004202061266 0.01041020145 -0.0003636708729)
(-0.0236626514 0.06634218249 -0.003517288817)
(0.06247346015 -0.008064077701 -0.003001944893)
(0.02590512099 -0.001327285808 0.01012071628)
(-0.02263303578 0.04096875291 0.01271232017)
(-0.02496670045 0.0303941732 -0.002957829741)
(0.006099383083 -0.0198391756 -0.03598151814)
(0.04496345608 -0.006614221386 0.04533408717)
(-0.003736245237 -0.01894771519 -0.02561052943)
(-0.04222685607 0.01831774562 -0.04968414697)
(-0.03804500928 -0.06082579267 -0.04318366696)
(0.02294667925 0.07573779227 0.04399274742)
(0.04132915938 -0.02016415282 0.01859519767)
(0.06797945242 -0.04508789564 0.02388177079)
(0.0443532468 -0.00874620951 0.03143407514)
(-0.03738727045 0.08506356265 -0.01940447016)
(0.01977145666 -0.05041624871 0.05013065566)
(-0.03268068646 0.01612981013 -0.03783307081)
(-0.03626773644 -0.05301074145 -0.02773506523)
(-0.005251942548 0.002759375036 0.0279058149)
(-0.03234254496 -0.005983612422 -0.008530749522)
(-0.0008226407638 -0.01355555288 0.01078864077)
(-0.05290105478 0.04292946297 0.01050769647)
(0.01687021091 0.04630975703 0.02926985957)
(-0.03612446314 -0.00344822871 -0.07090949402)
(-0.01738208182 0.06342808549 0.009053860501)
(0.007939443587 -0.0128747476 -0.02447401191)
(-0.01126521894 0.05114687818 -0.009645966702)
(-0.03146455894 0.06501472578 -0.02905161353)
(-0.05701145543 -0.03401201769 -0.01884267259)
(0.02326344841 -0.02831835719 -0.0543918244)
(0.01597250572 0.0370265473 0.02829338073)
(-0.02684051242 -0.07361428892 -0.03920393349)
(0.02650031084 0.01421758147 -0.03569968933)
(0.02507344202 0.01817227989 0.01418403296)
(0.05369019871 -0.03495924803 0.03139639147)
(-0.0189435165 0.01396775926 -0.05550452794)
(-0.0649139379 -0.04430685267 -0.02032414937)
(0.01564816658 0.05789058386 0.01758511505)
(0.04883200694 0.03689864821 0.05475996723)
(-0.009315664323 -0.05141622463 -0.01505349433)
(0.0623351556 0.02014077045 -0.01853159374)
(0.02130564306 -0.0675855766 0.01494592438)
(0.01675490564 -0.01699705643 0.04551920146)
(0.0161316714 0.07275962472 0.01629998704)
(-0.001311771282 -0.0205531826 -0.01974899168)
(-0.009143554935 0.007511966066 -0.0205053124)
(0.03531421446 -0.009962328571 0.009408664774)
(-0.00666125111 -0.03881387186 -0.04488473358)
(-0.06298640254 0.04005146939 -0.03771351714)
(-0.05615160931 -0.008812404343 -0.00502882899)
(0.02398767632 0.04354389936 0.0423061497)
(0.03843037853 0.05945661692 0.01032671845)
(-0.01811299643 0.02855850997 -0.01288442664)
(0.04199721331 -0.02295921688 0.02631412753)
(0.01896728107 -0.03751266793 0.004052790797)
(0.02614958121 -0.04123379238 -0.02683678808)
(0.02619907944 -0.03815394064 -0.004714103071)
(0.06106088016 0.02283368001 0.01406799566)
(0.01642173921 0.001474840978 0.02914210318)
(0.01288466771 -0.02315276408 -0.03176481443)
(-0.06650172631 0.05617054139 -0.04685997496)
(0.0007295992557 -0.03967116174 -0.01697761934)
(0.01317836667 -0.03237703718 -0.005000095135)
(-0.01376901756 0.01108558169 0.002756698926)
(-0.08024084589 -0.04429080984 -0.02055280162)
(-0.04934448223 0.05918600277 0.04837653575)
(-0.09894742852 0.06516047433 0.01047032455)
(-0.05076688056 0.003368623815 -0.009699093011)
(-0.02690744475 -0.01055444063 -0.02005223711)
(-0.06492474735 -0.004185310456 -0.02919045054)
(-0.04390144703 -0.00574128425 0.03950427433)
(-0.00259000936 0.008771002267 -0.06998832296)
(0.03918637261 -0.008202884271 0.05047470178)
(0.04675519372 0.02212230168 -0.02352600249)
(0.02601325492 -0.02888235695 -0.01287696133)
(0.0593323855 -0.01262237673 -0.011712892)
(-0.04147605373 0.02191251518 0.009393677464)
(-0.03372127546 -0.04543524396 0.005408095485)
(-0.04597126745 -0.02109013953 0.09936690073)
(-0.02507096012 -0.01585635786 -0.02941092783)
(-0.008512185082 0.02170115393 0.008762502091)
(-0.0439698201 -0.02907362842 0.03108546337)
(-0.001292748017 0.02931579895 0.09260155497)
(-0.03793452284 -0.04892678871 -0.05182725273)
(-0.01303046442 0.04220454326 0.03142481999)
(0.0111933508 -0.04292349037 -0.04205056211)
(0.02976154104 0.01570751161 0.0458576161)
(-0.03235739729 0.02246422715 -0.01511822034)
(-0.04782216455 0.02879903609 0.01763425483)
(-0.03684030426 -0.003939611855 -0.02504182041)
(-0.004136208344 0.0404384289 -0.04280797838)
(0.07585947858 0.006381886952 0.04288277644)
(0.04001664455 0.01533623727 0.04353254616)
(0.01338555547 -0.02444341544 0.001576427667)
(-0.02501278567 -0.02040105449 0.001659294122)
(-0.06461946434 0.007147326742 0.04952985137)
(-0.06245189533 0.01731105282 -0.02683105068)
(-0.02498897626 0.03374591589 -0.0040378751)
(-0.07546352278 -0.03373309669 0.001712155917)
(-0.02001785374 0.02401787021 0.01936549103)
(0.03622303492 -0.05740482028 -0.01930606677)
(0.02606216116 -0.0002679698863 0.02639002922)
(-0.02684784418 -0.02702345642 -0.0558116092)
(-0.007157235903 0.03340039082 -0.01906417531)
(0.01659904835 0.0276141664 0.002030515805)
(0.08895040965 -0.003275999239 0.01534651575)
(-0.02016701653 0.003519854791 0.05017039485)
(-0.04088888848 -0.05801060807 -0.01635850241)
(-0.02351047594 0.0263193883 -0.01602477812)
(-0.01925481586 0.06817363067 -0.02763906029)
(-0.08282329186 -0.07311649884 0.004269361269)
(-0.03441158491 0.005905519844 0.0719574493)
(-0.0235813354 -0.01127737145 0.004078133399)
(-0.05640293739 -0.02092060295 -0.04695609306)
(-0.09681961094 -0.009092070788 -0.02422618681)
(0.005833557839 -0.07832864827 0.04622588396)
(0.004619407387 -0.00639165096 0.01901696875)
(0.01127014435 0.05964418644 -0.01308309267)
(-0.0147819339 0.03118156791 0.005528813374)
(-0.001625940217 0.0001430458797 0.005749264752)
(0.001121152354 0.0357046481 -0.006413084357)
(0.009863460491 0.03165266058 -0.00857611911)
(0.02831780679 -0.03394294976 0.006655354326)
(0.04994383197 -0.03621451206 -0.01256296544)
(-0.01828348365 -0.02393053274 -0.02443580826)
(-0.01119080381 0.07105118083 0.02831840921)
(0.001927964835 0.006299423947 -0.04164135466)
(-0.04181442023 -0.07133605201 0.001350490117)
(-0.0007070990357 -0.07115599825 -0.02335937705)
(-0.01907183624 0.03812352578 0.01563286126)
(0.004872319366 -0.0182986844 -0.0179444329)
(0.04792942487 -0.02646999356 -0.008225016388)
(0.01324208148 -0.01284487625 -0.01218617597)
(-0.004842413766 0.03956027106 -0.02230100953)
(0.003959189342 -0.001844749489 -0.009877373009)
(0.05179420788 -0.01748860505 -0.01374650392)
(-0.007553589346 -0.0211195195 0.01938946312)
(-0.0346790392 -0.01201188373 0.01098919439)
(-0.03853541053 0.04025030976 -0.01788571143)
(0.01630360991 0.1138015995 -0.03848615792)
(0.06435889282 -0.0435298224 0.005405345754)
(0.02495828686 -0.0212165443 -0.01053920654)
(0.01284327736 -0.004418185616 -0.02325717817)
(-0.05022365916 0.009770925721 -0.02608534064)
(-0.06952532492 0.03043076128 0.04622215501)
(-0.01205847507 0.07463360587 -0.004547649693)
(-0.008365389703 -0.01083912221 -0.0331598108)
(0.00268813626 -0.008253769659 0.01767286729)
(0.1058682026 0.02741266795 -0.04932812542)
(0.02193465971 0.002376813209 0.0117668218)
(0.03474678306 -0.05709413882 0.01381215423)
(0.03064112248 -0.05337016164 0.0003283639862)
(0.006894234244 0.05082030539 -0.01884368127)
(0.05302925222 0.0107134522 -0.001603785619)
(0.003194675268 -0.0245280089 -0.005966723997)
(0.001035505387 -0.08796870399 0.03406449466)
(-0.01914347409 0.01984900112 0.02193555846)
(0.0291102985 -0.02626509563 0.01052711541)
(-0.002338363322 0.001779986422 -0.06121979618)
(-0.01687441127 0.04127053782 0.05357468058)
(-0.07822679772 0.05991535194 -0.04279796971)
(-0.004314907781 0.03694960844 -0.005434757534)
(0.02686714584 -0.06437962948 -0.0340922095)
(0.06159080891 -0.04870674667 0.005070765946)
(0.03669406484 0.009508853712 -0.01178233945)
(0.004425327537 -0.06675169704 -0.05383806629)
(0.002845226503 0.05493220324 -0.009302631772)
(-0.006752822756 0.04139328135 0.02269067465)
(0.01315305553 -0.03428263464 -6.498418112e-05)
(-0.009828505628 -0.08360601638 0.02864116652)
(-0.02096551757 -0.03278621393 0.007237848676)
(0.01210978796 -0.0150734352 0.066055591)
(-0.02797273675 0.01230464016 0.001962857627)
(-0.08839075353 0.04967769715 -0.03947983868)
(-0.01543674792 -0.006326825311 -0.02153899977)
(0.01847247692 0.01318773601 0.02124226362)
(-0.01167320666 0.03774156627 -0.05775640951)
(0.005696925738 0.02561343306 -0.001175209615)
(0.06358773465 0.02557319019 0.03358313779)
(-0.0337133945 0.08008525502 0.05891775567)
(0.01899365504 0.06136782621 0.01773245278)
(-0.01859146916 -0.07320567828 -0.03640451305)
(-0.0535168016 0.05837843969 -0.04371673265)
(-0.0265182505 -0.009516176005 0.03991298074)
(0.02182376821 -0.0477876094 0.0250051322)
(-0.02394889848 -0.02165356539 0.03018855818)
(-0.03427787685 -0.01303390648 0.006583483882)
(-0.03755229603 0.02999026456 0.04569285661)
(-0.04076502246 0.04828706866 0.001017452999)
(-0.004339884959 -0.01673363787 0.03088955638)
(0.006391420678 -0.04301848798 -0.04886278818)
(0.01436630927 -0.03362671612 -0.04252652058)
(0.02122846302 0.006998817444 0.01024329681)
(-0.01423818333 -0.01531703586 0.008813670509)
(-0.01488864024 -0.02731167688 -0.03076857002)
(-0.09914243643 0.01964185439 -0.008424502658)
(-0.07425110973 -0.005407364266 -0.002697136755)
(0.02341573595 0.0216192787 0.01802945395)
(-0.01712444528 0.02899506336 -0.02674965806)
(-0.0121764659 0.03407529575 -0.02114726919)
(-0.04527014576 -0.03102925956 0.02126653551)
(0.03221385865 -0.01672060343 0.02512413778)
(-0.02636769058 -0.006407888536 -0.03979760941)
(-0.01224519649 0.007258284191 0.01333359262)
(0.02845069617 0.01006897608 0.01024082528)
(-0.04143061946 -0.007829723078 0.008250768628)
(0.03500188657 -0.004516960009 0.0381063995)
(0.002065988581 0.004257201731 -0.03645649531)
(-0.002566703143 0.006634935616 0.02808549672)
(-0.04414435117 0.00140136758 0.03467831183)
(-0.03953903691 0.001806702254 -0.06188489827)
(-0.01861055104 -0.04451821092 -0.001064374193)
(-0.02660688988 -0.03992297658 0.02622551545)
(-0.0632084327 0.01521237392 -0.01489522464)
(0.000715270091 0.04197506989 0.008913085125)
(-0.03715545671 0.02856932887 0.003607391816)
(-0.03207450705 0.003340714419 0.03586068471)
(-0.04243220206 -0.01427887123 0.01254881797)
(-0.01560821249 -0.05507953758 0.01295966192)
(-0.01529473038 0.04584513237 -0.02849775338)
(-0.05796371973 0.02986155502 -0.005129860785)
(-0.05412179429 -0.008904869691 -0.008196696489)
(-0.00295713624 0.03352638717 0.02115207451)
(0.00861410086 0.04141156075 0.03417023885)
(0.003321176815 -0.04513330656 -0.0333116036)
(-0.05936385738 0.02294357573 0.02173280448)
(-0.02883189548 0.01649775748 0.02600985711)
(0.0384141935 0.01786933708 -0.01734484219)
(0.05082333962 -0.04105742203 0.01419912176)
(0.006448196385 -0.03978046812 0.02756661567)
(-0.04714943836 0.04089022829 0.001328204325)
(0.001449307704 -0.04632116661 -0.003299995051)
(-0.06758434364 0.002016725735 0.02486247194)
(-0.06988807225 -0.03811833847 -0.001218469924)
(-0.05251379577 0.04098848127 0.009986291115)
(-0.05370953702 -0.02001928849 -0.01836965194)
(-0.000959648277 -0.01764057478 0.01832814467)
(-0.01427725225 -0.02022299414 0.04640061669)
(0.009254339191 0.002434911289 -0.01463772161)
(-0.02200385656 0.01918777477 -0.02333059954)
(-0.04876290714 -0.04019263333 0.003458249724)
(-0.06224541036 -0.03223878701 0.02202358018)
(-0.07237512219 0.05037696699 -0.02612820038)
(-0.09275499407 -0.01425194041 0.01369325209)
(-0.03762217366 0.0433140175 -0.00439793999)
(-0.02949076868 0.004242954778 -0.01064230279)
(-0.05357285424 -0.02094553987 -0.01844236918)
(-0.07743484508 0.02533362636 0.006761645086)
(-0.04626750085 -0.02766826834 0.004408741191)
(-0.005199458262 0.003616706931 -0.02946148619)
(-0.07727504068 0.02227755277 -0.02087597405)
(0.01342534261 -0.0002656954554 -0.02287757051)
(0.05868805993 0.0300690701 -0.01353276358)
(0.07175576717 -0.03952884502 0.03122299271)
(0.01768953158 0.00426005158 -0.01644525732)
(0.003806304777 -0.04354979839 0.02293786413)
(-0.03154217974 -0.01915854962 -0.03839481692)
(-0.05291656959 -0.02294715925 0.006230695977)
(-0.05327280718 0.01260376232 -0.02396930183)
(-0.009947140229 0.03068283784 0.003419509382)
(0.03650285449 0.04157010262 0.06207243151)
(0.014866891 -0.01228653179 -0.005213630209)
(-0.03867654581 -0.0165482637 -0.03403092712)
(-0.0433736659 0.0175870173 0.04381330041)
(-0.002209385397 -0.0062602009 -0.02178685276)
(-0.01772520955 0.04684241636 -0.00244324595)
(0.06727849594 0.03588341049 -0.004449226365)
(0.04428437416 -0.03148735187 0.006385232495)
(0.04382543967 -0.02874501261 0.03262986113)
(0.0466701284 0.01829179862 0.04519411407)
(-0.006050609919 0.03191346333 -0.03351769843)
(0.04152472846 -0.003344967817 -0.0141524468)
(0.0003176499111 -0.05240099383 -0.01567483675)
(0.01805436257 0.02650602785 0.01845626487)
(0.02312505705 -0.02808300232 -0.002128682109)
(-0.007074006003 -0.01483950486 0.003830153706)
(0.04771213565 0.02346197086 0.01568994034)
(0.03524738293 -0.03640895492 0.02335516104)
(-0.02833207258 0.01808077903 -0.05088913672)
(-0.04000667524 -0.002075461043 -0.01031337371)
(-0.03853942323 -0.0329850635 0.05188762402)
(-0.01946001063 -0.02070751381 -0.01727596169)
(-0.06793836075 0.00987842988 -0.05628198567)
(-0.06060078328 0.01072552053 -0.02828137514)
(-0.05764494146 -0.02625804603 0.02709524198)
(-0.06825303553 -0.00202564687 0.03884202318)
(-0.07793025519 0.07926470309 -0.02086142191)
(0.0004522843484 0.03154223666 0.007304069825)
(0.00936295169 0.03514367212 -0.02266004666)
(-0.00354490851 -0.01949982049 0.02363314964)
(-0.00137306483 -0.02974688616 0.02609850006)
(-0.007513212803 0.04226435451 0.00142468094)
(0.08476082931 -0.04859163468 -0.05896287659)
(0.0121684431 0.04967184881 -0.02215732403)
(0.03807469804 -0.01663089871 0.04785840534)
(0.01938989802 -0.03989390729 -0.03411344889)
(0.0257074285 0.04836933443 0.003323995728)
(0.01308677308 -0.01424975537 0.04927594488)
(0.07343225006 -0.00760743107 0.007661488729)
(-0.01195191602 -0.0399256948 0.008246608091)
(-0.0244923577 0.006640179214 -0.02799408699)
(-0.008061759904 -0.008526113483 0.00793591079)
(-0.001467482367 0.04153418562 -0.01205643361)
(0.01681473368 0.01154097234 -0.05005086293)
(0.02014597413 0.03987789545 0.05957815191)
(0.006975690056 -0.02799503732 0.02048116497)
(0.06769964484 0.0583323056 0.00793658832)
(0.02921220692 -0.02008801365 -0.005208319768)
(0.01126046511 -0.02823366985 -0.02916473562)
(0.03025005129 0.03560804536 0.02301891163)
(0.09140324432 -0.0138797638 -0.002543022116)
(0.01972730676 -0.07540154232 -0.01334195389)
(-0.0075463333 0.04753392913 0.01218714007)
(0.0584541997 0.02573270823 0.009873606738)
(0.03202578402 -0.01796750197 -0.03142426595)
(-0.04793861795 -0.08799431733 0.01562855015)
(-0.1025209094 0.002865511819 -0.08281891698)
(-0.06417857982 0.04295603036 0.04288043155)
(-0.004248977762 0.001295686669 -0.02027521894)
(-0.001442629717 0.006325711537 0.01892232349)
(0.04975296623 -0.02893379681 -0.01050250455)
(0.08453835631 0.02260755082 0.02190014658)
(0.0349065752 0.007829558088 -0.008910844092)
(0.04690396862 0.02227505606 0.03176336297)
(-0.002382763222 -0.03399719057 -0.07193328594)
(0.04901766048 -0.0005352938331 0.03316326471)
(0.06877788853 0.03019126344 -0.01247941879)
(0.09849814201 -0.004596332898 -0.02004551914)
(0.004357040955 -0.07294189614 0.01061724088)
(-0.02543490395 0.01928811812 0.02565542316)
(0.002944758527 0.006579707622 0.001749915634)
(-0.03775821568 0.01040505079 -0.01710804049)
(-0.06436051564 -0.0071130482 -0.0113366281)
(-0.0426504535 0.02600438656 0.040964679)
(0.003812927562 -0.02318488326 -0.02219895815)
(-0.05384064796 -0.02700329741 0.008249656217)
(-0.1020381717 -0.0538124049 0.01285839487)
(-0.07378869006 0.0139096401 0.01721986925)
(-0.02601432087 0.03350993687 -0.0114830993)
(-0.01916953909 0.02070837007 0.01045985807)
(0.02171313712 0.01823086782 0.02707696337)
(-0.010670335 -0.04147488192 0.01176911362)
(-0.01158961668 0.06190305261 0.004743267963)
(0.008071741549 0.001845842511 -0.02609895624)
(0.02526914921 0.02029282981 -0.0009396145959)
(0.07648993295 -0.0008933433342 0.0006532738612)
(0.08999398746 0.00491379255 0.04516069362)
(0.05165000987 -0.0006156104111 -0.01626984216)
(0.03351434221 -0.01293173778 0.001294594465)
(0.04855735489 0.02579810815 0.03240919568)
(0.01438542808 -0.03789053731 0.01960785866)
(-0.006048866656 -0.005199563419 -0.02775688277)
(-0.01812356311 0.001201278119 -0.002288857865)
(0.01076500484 0.03193940307 -0.00907818661)
(0.01585042803 -0.05031954425 0.01395991248)
(0.004773727608 -0.01040233104 -0.0212518422)
(-0.03570201747 0.06150912565 -0.03907294117)
(-0.02360593853 -0.03580918018 -0.02446428852)
(-0.0583569839 0.00439413928 0.01753412733)
(-0.005554215633 0.05640935487 0.02573313524)
(0.07643108879 0.03769313579 -0.002125295498)
(0.09518939179 0.01480355677 0.026885767)
(0.06253877554 -0.05833840005 -0.01255380096)
(-0.03524958042 -0.02494707567 0.0172255004)
(-0.04379404294 -0.01813013444 0.004899421332)
(-0.04494524662 0.05176390119 0.0001784218252)
(-0.02909441395 0.03219821518 0.02305122348)
(0.01723816302 0.01962508193 -0.04221629986)
(0.05320129643 -0.05766536958 -0.005951501487)
(-0.0008521509151 -0.004382292386 -0.0319059991)
(-0.07654449965 -0.0327139398 -0.01447608508)
(-0.132481742 -0.03595594762 0.008245273207)
(-0.112678444 0.04103236714 -0.04577705872)
(-0.0643544102 0.04189588515 0.05025979288)
(-0.03861850615 -0.0526502685 -0.03158045021)
(-0.04762166765 0.06042596791 0.01845317393)
(-0.06698175895 -0.003519227061 0.006241083934)
(0.0009612521867 -0.04240580341 0.01345846562)
(-0.01921493402 0.07172831151 -0.01902825624)
(0.04189242657 -0.02990749889 0.02663702931)
(0.04429659669 -0.001270374866 -0.03596275114)
(0.07598463119 0.01884511342 0.04292685145)
(0.01997031563 -0.04161772159 0.01262052738)
(0.07350663716 0.01606154294 -0.001548881298)
(0.05342817088 0.003449494969 -0.03835364034)
(0.05522128949 -0.01030349864 -0.03597343775)
(0.03110581141 0.007634984277 1.327300095e-05)
(0.004598449248 -0.03254049275 -0.0395273913)
(0.07361653293 0.004968870834 0.04353583873)
(0.05549270882 -0.0344127098 -0.00892073625)
(0.03147395463 -0.01460011583 0.007125977761)
(-0.02168372401 -0.01716894994 -0.006008537734)
(-0.03380295191 0.01268035895 0.03480244047)
(-0.004351652382 -0.03444767894 -0.02072837704)
(-0.06564408971 0.05865458269 -0.01683761841)
(-0.006787883369 -0.0008862748843 0.01816874425)
(-0.008847911891 -0.02549459253 0.01809988718)
(-0.05488430553 -0.008975181763 -0.01890835957)
(-0.01698588295 0.04427312295 0.02744510685)
(0.01357660676 0.009225351208 -0.02897689458)
(0.02148828312 -0.03364539423 0.02250470634)
(-0.002303357116 -0.002658082603 0.003125323062)
(0.008443419972 0.01155529572 0.0216303077)
(-0.01717338164 -0.02938263996 0.009277966493)
(-0.0003185323492 0.01271685662 -0.006804192144)
(0.03033389814 -0.007981235154 -0.01930920436)
(0.0006873255828 -0.02157302638 0.01712107666)
(-0.002315506432 0.02401850952 -0.004990897789)
(-0.008700584043 0.04981717686 -0.01461201386)
(0.04627752926 -0.007436229518 0.04446694333)
(0.0009333546377 -0.006589123458 -0.01928864713)
(-0.01168605343 -0.06426450751 0.002793263803)
(-0.0416656791 -0.001750139041 0.04375793353)
(-0.05949322122 -0.05694672276 -0.01729236834)
(-0.01218549609 -0.01163972298 -0.005258262799)
(0.01162358247 -0.009578354536 0.01790735128)
(0.01834153766 0.02276170824 -0.02966440904)
(-0.02201092046 -0.05044785687 -0.005171944431)
(-0.06553315801 -0.04489420036 -0.004949849378)
(-0.03394179559 -0.01873957318 -0.008074677421)
(-0.02141596763 0.06353802078 0.002896378227)
(-0.001939666548 -0.09140924778 -0.005908143865)
(-0.08858182797 0.07134671193 -0.01532205694)
(-0.005553915896 -0.02300126878 0.005773112709)
(-0.01118685424 -0.0192506523 0.01985594223)
)
;

boundaryField
{
    bottom
    {
        type            calculated;
        value           nonuniform List<vector> 
200
(
(0.01220901034 0.03811249592 0.008666689157)
(-0.04609993367 -0.01686366111 0.05239284158)
(0.0007575241108 -0.02227941394 0.03174767975)
(-0.03275079632 -0.004898801471 -0.03699745469)
(-0.005998263342 -0.02281794123 -0.05070034684)
(-0.006026137562 0.01014045183 0.03225976829)
(0.01261681437 0.01857579788 -0.02972048006)
(0.01951906658 -0.005219618065 0.05864631245)
(0.02876529559 0.02060526515 0.02941583084)
(-0.02106045864 -0.03042240052 0.004216682577)
(0.02531271792 0.001837566135 -0.04424177148)
(0.02727916408 0.01395233019 -0.01817871242)
(0.01963929371 0.01038669677 0.0292000608)
(-0.05260255298 0.06722923228 -0.04480029024)
(-0.002588632806 -0.02338784945 0.0438733153)
(-0.01639118349 0.01688150097 -0.01763476796)
(0.04767304147 -0.0148038641 -0.009710555913)
(0.05896792307 -0.04587834585 0.03071443613)
(0.0685471022 -0.0064814084 -0.03682450898)
(0.07111590919 0.03032539859 -0.03496694518)
(0.02168023908 -0.02020968789 0.03005864809)
(0.06410292445 0.04739794125 0.01037554309)
(-0.01454531732 0.02512912635 -0.005259788554)
(-0.02067394521 -0.05247200337 0.08801682428)
(0.01250324421 8.684269949e-05 -0.0204059244)
(0.06642390299 -0.05951460443 -0.008530633201)
(0.06064732292 0.01537374585 0.02845717983)
(0.04001970865 -0.03538395845 -0.05362074289)
(0.02282328791 0.05753369773 0.006831916876)
(-0.01928776964 -0.00302446715 0.01138778731)
(-0.00452895419 0.004166181079 0.03307989359)
(-0.03710745165 -0.0366923404 0.01162146244)
(0.03582146555 -0.06771540213 -0.0206678223)
(0.06464868127 0.03561584776 -0.002374552929)
(0.03410464966 0.02530707627 -0.009857006165)
(0.009970789152 0.003660042759 0.01538824416)
(-0.04687357521 -0.04894546793 0.01424685195)
(-0.004008782417 0.03740970232 0.01641358401)
(-0.03977460382 -0.01979496561 -0.001584603554)
(0.03496795614 -0.008498762097 -0.02057984138)
(0.06832294755 -0.01742188963 -0.001030217402)
(0.09426220688 -0.0324932306 -0.01743338335)
(0.02831413354 -0.003425583274 0.0210201205)
(0.05253014005 0.03240271828 0.03873629036)
(0.02763263367 -0.004834603727 0.002611198798)
(0.01169062077 -0.01961623495 -0.005505208228)
(-0.01345268588 0.04238185409 -0.0147565453)
(-0.08993886971 0.07598847641 0.03305799067)
(-0.094910909 -0.07022523283 0.05518055961)
(-0.0112171679 -0.02943501453 -0.01379261726)
(-0.04615776217 -0.02603987821 0.0257450319)
(-0.02344593148 -0.00194335839 -0.01384943074)
(0.01495798567 0.006554031019 -0.028662859)
(-0.04344871405 0.0203595971 0.002707859463)
(-0.05505447432 -0.03504036797 0.02827550303)
(-0.008480330155 -0.0031195661 0.01795754759)
(0.06519371496 -0.05246127111 -0.007068077135)
(0.02727519357 0.02713999981 0.0004077811612)
(0.04546830678 0.01551841109 0.01809745589)
(0.04124818114 0.01427212328 0.06606756045)
(0.01169129998 -0.01343308403 -0.07324482859)
(0.02584511121 -0.03695081307 0.001308791905)
(0.008540138052 -0.03112436362 -0.0007386943016)
(0.01510832068 -0.01096157229 0.02467472438)
(0.03722661923 -0.002915787059 0.005460913952)
(0.02939103192 -0.004149374029 0.01245975846)
(0.02637157728 -0.005828493561 -0.01321563607)
(0.009173631902 0.05601732573 0.019185042)
(0.04000632283 -0.01426485281 -0.03028403687)
(-0.007478247284 -0.007894036243 0.003178812187)
(0.05135468826 -0.03955625066 0.03832654148)
(0.05789756743 -0.01410858271 0.03188533655)
(0.02521251537 -0.006915863036 -0.02070452547)
(0.02180930778 0.01867276171 -0.001788977944)
(0.04356625632 -0.06534998717 0.01029303656)
(0.03487205833 0.01210976198 -0.01899681149)
(0.0510846973 0.01065328993 -0.003813751677)
(0.02215964755 0.00747632509 -0.02581647135)
(0.02391853083 0.02892846234 -0.01655865798)
(0.01933451136 -0.0196083812 0.006440423418)
(-0.01847820463 0.03828851027 0.003718355855)
(-0.03149490179 0.02063229501 -0.02622712475)
(-0.0279365519 0.0501029036 0.007539355362)
(-0.03560996326 -0.06162134411 -0.04880154296)
(-0.03205809459 -0.0008926121131 0.03007111083)
(0.01246097717 -0.02166992535 0.008718879881)
(0.009536593719 0.008400553883 0.04817099275)
(0.04458129377 -0.07301091235 -0.06479236072)
(0.06899662147 0.01898102935 0.02557863369)
(0.08372261335 -0.02724090088 0.01016901724)
(0.01554570131 0.0217177247 0.05056151596)
(0.02893214171 0.01904406744 -0.01248723189)
(0.04422396679 -0.04542773165 0.005941736289)
(-0.01322712389 0.06788156295 -0.04829905322)
(-0.001426837082 -0.00877126321 -0.01110095585)
(-0.01497958949 0.07749108372 -0.02541963867)
(-0.08652017675 -0.03976289196 0.01818759272)
(-0.05378851149 0.01941127932 -0.01761156016)
(-0.04901774219 0.006593566771 -0.002070499675)
(-0.02162223361 -0.0793333839 -0.03304485244)
(0.0208791113 0.003938009811 0.004896680373)
(0.03853404317 0.06196069334 -0.01801587265)
(-0.02574665865 0.01679353326 -0.006343744126)
(-0.01853177007 -0.02564937173 0.01764384967)
(0.02997348244 0.02295443153 -0.003957151457)
(-0.03586279224 -0.01152844177 0.03720091088)
(-0.06887469417 0.02396989779 0.02090494586)
(-0.009983856825 -0.04788475123 0.001648109072)
(0.01474365881 -0.01563968381 0.01037800017)
(0.01472637173 0.01448021405 -0.001798474051)
(0.03290662058 0.008330549079 0.00447989335)
(-0.01448651398 -0.01826240907 -0.01324511908)
(0.02733541555 -0.02206242739 0.02405209013)
(-0.07238949331 0.01436191109 -0.07578684866)
(-0.06192027523 -0.02574804002 0.01764373008)
(-0.001433166763 -0.003510643271 0.08801750342)
(-0.03758610925 0.04952183933 -0.09155516538)
(0.01108913578 -0.05091419929 0.03186044988)
(0.07843606685 0.005733545524 -0.009222848968)
(-0.003921195742 0.05722470206 0.0306095656)
(0.05591527421 -0.03596374396 -0.01599580234)
(0.03467234944 0.05158513098 0.008934953465)
(0.00982129155 0.0457063235 -0.03100743111)
(0.006474181833 -0.03327763194 -0.01104945633)
(-0.01385735297 0.07892111402 -0.0265602624)
(-0.09967546864 0.00922092354 0.04132738603)
(-0.09661518377 0.01579169385 -0.01025095945)
(-0.1246334723 -0.01647128615 -0.03621588693)
(-0.04524816184 -0.02878336246 0.0003437335321)
(-0.004697406436 -0.02402136242 0.01629271456)
(0.01506980275 0.01307624645 -0.01963382419)
(0.01089728059 -0.04503757778 -0.01406006955)
(0.002319786894 0.01216498313 0.008446300622)
(0.004337099902 0.008574186254 0.05006620815)
(0.03299822401 0.003698690652 0.02634974197)
(0.002576393742 0.0243416266 -0.03732741513)
(-0.05241008009 0.004596075176 -0.02188883498)
(-0.04283003251 0.004974618794 0.01762689621)
(-0.001777945372 -0.04326547235 -0.01562480754)
(0.0318906476 -0.03031040932 -0.01492521599)
(0.01249223661 0.04930689373 -0.03445999965)
(-0.003490486361 0.0003477986466 0.0267955744)
(0.04373654528 -0.005152867611 -0.005593659656)
(0.000925970577 -0.01696072216 -0.01405709188)
(0.01187512897 0.01431887062 0.004656751204)
(0.01649580318 -0.01544533521 0.04236737514)
(0.03480349205 -0.02238036916 -0.03644460052)
(0.1013331754 -0.02066497876 0.0007345827606)
(0.1284606844 -0.01278051007 0.06679598121)
(0.07298154121 0.0458329881 -0.01797251122)
(0.02703802695 0.0412790808 0.009223917657)
(0.009118591865 -0.02537192309 0.03702922412)
(0.05079464036 0.04340207248 0.03644376608)
(-0.01287660604 0.0605976001 0.008420000457)
(-0.02586525934 0.0192500905 -0.0150087545)
(-0.120240707 0.04347516962 -0.01474273745)
(-0.09103638002 -0.04781767125 -0.03711528932)
(0.009879895419 -0.01173125773 -0.007573039627)
(0.0494126674 6.075614444e-05 -0.02916857381)
(-0.0659286859 0.02505881183 -0.01139912206)
(0.01291350544 0.03478124697 0.005094623516)
(-0.01609705458 -0.01549853565 -0.01189459991)
(0.01158504284 -0.008408807264 0.01291136384)
(0.003703585269 -0.009043177029 0.006410726112)
(0.001127284736 0.0005052209491 -0.01011454877)
(0.03188666607 -0.0237243453 -0.02261445801)
(0.0214755097 0.009958688953 0.03353955119)
(0.02624172921 0.01890373774 -0.01397888938)
(-0.01008613972 0.01982729395 -0.03586966871)
(0.03440132535 -0.03583210197 -0.006561817371)
(0.07068651204 0.02420778888 0.06127040181)
(0.08048434673 -0.01171722661 -0.02828018672)
(0.04297557522 0.0003891225654 0.02521484618)
(0.09666193945 0.02643835807 0.01450916536)
(0.02516831414 0.01170960034 -0.02760678999)
(-0.03842017829 0.01127017062 0.03055320164)
(-0.01191843997 0.03836842817 -0.03298849554)
(-0.02960586061 -0.04793851127 0.0409522867)
(0.02021012655 0.03052497554 0.005602113789)
(-0.01363685418 0.04791766965 -0.03692299741)
(-0.05414124087 -0.02186168075 -0.007096628732)
(-0.007203653891 -0.02634477595 -1.347535823e-05)
(-0.04414571971 -0.0198989961 0.01574184405)
(0.02286445942 -0.004911672224 0.07032195889)
(0.0331569613 0.0371156642 0.005885725137)
(0.002411694091 0.02626911416 0.01461340813)
(-0.03708200055 -0.04006703296 -0.01362204781)
(0.03294845991 -0.05642695614 -0.01341136601)
(0.03138692079 -0.03497603944 -0.03646607395)
(0.02365709696 0.07335333695 0.004834397138)
(0.001332797429 -0.003419759583 -0.01387579312)
(0.03479417488 -0.0006607396354 0.008571753518)
(0.04170728802 0.02377806089 -0.003316278569)
(0.03772371803 -0.04590193891 0.001284094387)
(0.1013799504 -0.05953747634 0.03357246963)
(0.07369364849 0.002652039242 0.006066835893)
(0.009727195685 0.03279928184 0.01018634908)
(0.03778760231 -0.034475241 -0.01630862249)
(0.05884931356 -0.02688094247 0.007817631044)
(0.02514321464 0.07709979595 0.01411681412)
)
;
    }
    top
    {
        type            calculated;
        value           nonuniform List<vector> 
200
(
(-0.05936385738 0.02294357573 0.02173280448)
(-0.02883189548 0.01649775748 0.02600985711)
(0.0384141935 0.01786933708 -0.01734484219)
(0.05082333962 -0.04105742203 0.01419912176)
(0.006448196385 -0.03978046812 0.02756661567)
(-0.04714943836 0.04089022829 0.001328204325)
(0.001449307704 -0.04632116661 -0.003299995051)
(-0.06758434364 0.002016725735 0.02486247194)
(-0.06988807225 -0.03811833847 -0.001218469924)
(-0.05251379577 0.04098848127 0.009986291115)
(-0.05370953702 -0.02001928849 -0.01836965194)
(-0.000959648277 -0.01764057478 0.01832814467)
(-0.01427725225 -0.02022299414 0.04640061669)
(0.009254339191 0.002434911289 -0.01463772161)
(-0.02200385656 0.01918777477 -0.02333059954)
(-0.04876290714 -0.04019263333 0.003458249724)
(-0.06224541036 -0.03223878701 0.02202358018)
(-0.07237512219 0.05037696699 -0.02612820038)
(-0.09275499407 -0.01425194041 0.01369325209)
(-0.03762217366 0.0433140175 -0.00439793999)
(-0.02949076868 0.004242954778 -0.01064230279)
(-0.05357285424 -0.02094553987 -0.01844236918)
(-0.07743484508 0.02533362636 0.006761645086)
(-0.04626750085 -0.02766826834 0.004408741191)
(-0.005199458262 0.003616706931 -0.02946148619)
(-0.07727504068 0.02227755277 -0.02087597405)
(0.01342534261 -0.0002656954554 -0.02287757051)
(0.05868805993 0.0300690701 -0.01353276358)
(0.07175576717 -0.03952884502 0.03122299271)
(0.01768953158 0.00426005158 -0.01644525732)
(0.003806304777 -0.04354979839 0.02293786413)
(-0.03154217974 -0.01915854962 -0.03839481692)
(-0.05291656959 -0.02294715925 0.006230695977)
(-0.05327280718 0.01260376232 -0.02396930183)
(-0.009947140229 0.03068283784 0.003419509382)
(0.03650285449 0.04157010262 0.06207243151)
(0.014866891 -0.01228653179 -0.005213630209)
(-0.03867654581 -0.0165482637 -0.03403092712)
(-0.0433736659 0.0175870173 0.04381330041)
(-0.002209385397 -0.0062602009 -0.02178685276)
(-0.01772520955 0.04684241636 -0.00244324595)
(0.06727849594 0.03588341049 -0.004449226365)
(0.04428437416 -0.03148735187 0.006385232495)
(0.04382543967 -0.02874501261 0.03262986113)
(0.0466701284 0.01829179862 0.04519411407)
(-0.006050609919 0.03191346333 -0.03351769843)
(0.04152472846 -0.003344967817 -0.0141524468)
(0.0003176499111 -0.05240099383 -0.01567483675)
(0.01805436257 0.02650602785 0.01845626487)
(0.02312505705 -0.02808300232 -0.002128682109)
(-0.007074006003 -0.01483950486 0.003830153706)
(0.04771213565 0.02346197086 0.01568994034)
(0.03524738293 -0.03640895492 0.02335516104)
(-0.02833207258 0.01808077903 -0.05088913672)
(-0.04000667524 -0.002075461043 -0.01031337371)
(-0.03853942323 -0.0329850635 0.05188762402)
(-0.01946001063 -0.02070751381 -0.01727596169)
(-0.06793836075 0.00987842988 -0.05628198567)
(-0.06060078328 0.01072552053 -0.02828137514)
(-0.05764494146 -0.02625804603 0.02709524198)
(-0.06825303553 -0.00202564687 0.03884202318)
(-0.07793025519 0.07926470309 -0.02086142191)
(0.0004522843484 0.03154223666 0.007304069825)
(0.00936295169 0.03514367212 -0.02266004666)
(-0.00354490851 -0.01949982049 0.02363314964)
(-0.00137306483 -0.02974688616 0.02609850006)
(-0.007513212803 0.04226435451 0.00142468094)
(0.08476082931 -0.04859163468 -0.05896287659)
(0.0121684431 0.04967184881 -0.02215732403)
(0.03807469804 -0.01663089871 0.04785840534)
(0.01938989802 -0.03989390729 -0.03411344889)
(0.0257074285 0.04836933443 0.003323995728)
(0.01308677308 -0.01424975537 0.04927594488)
(0.07343225006 -0.00760743107 0.007661488729)
(-0.01195191602 -0.0399256948 0.008246608091)
(-0.0244923577 0.006640179214 -0.02799408699)
(-0.008061759904 -0.008526113483 0.00793591079)
(-0.001467482367 0.04153418562 -0.01205643361)
(0.01681473368 0.01154097234 -0.05005086293)
(0.02014597413 0.03987789545 0.05957815191)
(0.006975690056 -0.02799503732 0.02048116497)
(0.06769964484 0.0583323056 0.00793658832)
(0.02921220692 -0.02008801365 -0.005208319768)
(0.01126046511 -0.02823366985 -0.02916473562)
(0.03025005129 0.03560804536 0.02301891163)
(0.09140324432 -0.0138797638 -0.002543022116)
(0.01972730676 -0.07540154232 -0.01334195389)
(-0.0075463333 0.04753392913 0.01218714007)
(0.0584541997 0.02573270823 0.009873606738)
(0.03202578402 -0.01796750197 -0.03142426595)
(-0.04793861795 -0.08799431733 0.01562855015)
(-0.1025209094 0.002865511819 -0.08281891698)
(-0.06417857982 0.04295603036 0.04288043155)
(-0.004248977762 0.001295686669 -0.02027521894)
(-0.001442629717 0.006325711537 0.01892232349)
(0.04975296623 -0.02893379681 -0.01050250455)
(0.08453835631 0.02260755082 0.02190014658)
(0.0349065752 0.007829558088 -0.008910844092)
(0.04690396862 0.02227505606 0.03176336297)
(-0.002382763222 -0.03399719057 -0.07193328594)
(0.04901766048 -0.0005352938331 0.03316326471)
(0.06877788853 0.03019126344 -0.01247941879)
(0.09849814201 -0.004596332898 -0.02004551914)
(0.004357040955 -0.07294189614 0.01061724088)
(-0.02543490395 0.01928811812 0.02565542316)
(0.002944758527 0.006579707622 0.001749915634)
(-0.03775821568 0.01040505079 -0.01710804049)
(-0.06436051564 -0.0071130482 -0.0113366281)
(-0.0426504535 0.02600438656 0.040964679)
(0.003812927562 -0.02318488326 -0.02219895815)
(-0.05384064796 -0.02700329741 0.008249656217)
(-0.1020381717 -0.0538124049 0.01285839487)
(-0.07378869006 0.0139096401 0.01721986925)
(-0.02601432087 0.03350993687 -0.0114830993)
(-0.01916953909 0.02070837007 0.01045985807)
(0.02171313712 0.01823086782 0.02707696337)
(-0.010670335 -0.04147488192 0.01176911362)
(-0.01158961668 0.06190305261 0.004743267963)
(0.008071741549 0.001845842511 -0.02609895624)
(0.02526914921 0.02029282981 -0.0009396145959)
(0.07648993295 -0.0008933433342 0.0006532738612)
(0.08999398746 0.00491379255 0.04516069362)
(0.05165000987 -0.0006156104111 -0.01626984216)
(0.03351434221 -0.01293173778 0.001294594465)
(0.04855735489 0.02579810815 0.03240919568)
(0.01438542808 -0.03789053731 0.01960785866)
(-0.006048866656 -0.005199563419 -0.02775688277)
(-0.01812356311 0.001201278119 -0.002288857865)
(0.01076500484 0.03193940307 -0.00907818661)
(0.01585042803 -0.05031954425 0.01395991248)
(0.004773727608 -0.01040233104 -0.0212518422)
(-0.03570201747 0.06150912565 -0.03907294117)
(-0.02360593853 -0.03580918018 -0.02446428852)
(-0.0583569839 0.00439413928 0.01753412733)
(-0.005554215633 0.05640935487 0.02573313524)
(0.07643108879 0.03769313579 -0.002125295498)
(0.09518939179 0.01480355677 0.026885767)
(0.06253877554 -0.05833840005 -0.01255380096)
(-0.03524958042 -0.02494707567 0.0172255004)
(-0.04379404294 -0.01813013444 0.004899421332)
(-0.04494524662 0.05176390119 0.0001784218252)
(-0.02909441395 0.03219821518 0.02305122348)
(0.01723816302 0.01962508193 -0.04221629986)
(0.05320129643 -0.05766536958 -0.005951501487)
(-0.0008521509151 -0.004382292386 -0.0319059991)
(-0.07654449965 -0.0327139398 -0.01447608508)
(-0.132481742 -0.03595594762 0.008245273207)
(-0.112678444 0.04103236714 -0.04577705872)
(-0.0643544102 0.04189588515 0.05025979288)
(-0.03861850615 -0.0526502685 -0.03158045021)
(-0.04762166765 0.06042596791 0.01845317393)
(-0.06698175895 -0.003519227061 0.006241083934)
(0.0009612521867 -0.04240580341 0.01345846562)
(-0.01921493402 0.07172831151 -0.01902825624)
(0.04189242657 -0.02990749889 0.02663702931)
(0.04429659669 -0.001270374866 -0.03596275114)
(0.07598463119 0.01884511342 0.04292685145)
(0.01997031563 -0.04161772159 0.01262052738)
(0.07350663716 0.01606154294 -0.001548881298)
(0.05342817088 0.003449494969 -0.03835364034)
(0.05522128949 -0.01030349864 -0.03597343775)
(0.03110581141 0.007634984277 1.327300095e-05)
(0.004598449248 -0.03254049275 -0.0395273913)
(0.07361653293 0.004968870834 0.04353583873)
(0.05549270882 -0.0344127098 -0.00892073625)
(0.03147395463 -0.01460011583 0.007125977761)
(-0.02168372401 -0.01716894994 -0.006008537734)
(-0.03380295191 0.01268035895 0.03480244047)
(-0.004351652382 -0.03444767894 -0.02072837704)
(-0.06564408971 0.05865458269 -0.01683761841)
(-0.006787883369 -0.0008862748843 0.01816874425)
(-0.008847911891 -0.02549459253 0.01809988718)
(-0.05488430553 -0.008975181763 -0.01890835957)
(-0.01698588295 0.04427312295 0.02744510685)
(0.01357660676 0.009225351208 -0.02897689458)
(0.02148828312 -0.03364539423 0.02250470634)
(-0.002303357116 -0.002658082603 0.003125323062)
(0.008443419972 0.01155529572 0.0216303077)
(-0.01717338164 -0.02938263996 0.009277966493)
(-0.0003185323492 0.01271685662 -0.006804192144)
(0.03033389814 -0.007981235154 -0.01930920436)
(0.0006873255828 -0.02157302638 0.01712107666)
(-0.002315506432 0.02401850952 -0.004990897789)
(-0.008700584043 0.04981717686 -0.01461201386)
(0.04627752926 -0.007436229518 0.04446694333)
(0.0009333546377 -0.006589123458 -0.01928864713)
(-0.01168605343 -0.06426450751 0.002793263803)
(-0.0416656791 -0.001750139041 0.04375793353)
(-0.05949322122 -0.05694672276 -0.01729236834)
(-0.01218549609 -0.01163972298 -0.005258262799)
(0.01162358247 -0.009578354536 0.01790735128)
(0.01834153766 0.02276170824 -0.02966440904)
(-0.02201092046 -0.05044785687 -0.005171944431)
(-0.06553315801 -0.04489420036 -0.004949849378)
(-0.03394179559 -0.01873957318 -0.008074677421)
(-0.02141596763 0.06353802078 0.002896378227)
(-0.001939666548 -0.09140924778 -0.005908143865)
(-0.08858182797 0.07134671193 -0.01532205694)
(-0.005553915896 -0.02300126878 0.005773112709)
(-0.01118685424 -0.0192506523 0.01985594223)
)
;
    }
    inlet
    {
        type            calculated;
        value           nonuniform List<vector> 5((0.01220901034 0.03811249592 0.008666689157) (0.02358702546 -0.009131416426 -0.01696544669) (-0.03120523681 -0.02739057003 -0.02934839057) (0.007939443587 -0.0128747476 -0.02447401191) (-0.05936385738 0.02294357573 0.02173280448));
    }
    outlet
    {
        type            calculated;
        value           nonuniform List<vector> 5((0.02514321464 0.07709979595 0.01411681412) (-0.01637580919 0.07570772391 -0.02958532944) (-0.01738208182 0.06342808549 0.009053860501) (0.003321176815 -0.04513330656 -0.0333116036) (-0.01118685424 -0.0192506523 0.01985594223));
    }
    back
    {
        type            symmetry;
    }
    front
    {
        type            symmetry;
    }
}


// ************************************************************************* //
