/*--------------------------------*- C++ -*----------------------------------*\
| =========                 |                                                 |
| \\      /  F ield         | OpenFOAM: The Open Source CFD Toolbox           |
|  \\    /   O peration     | Version:  v1706                                 |
|   \\  /    A nd           | Web:      www.OpenFOAM.com                      |
|    \\/     M anipulation  |                                                 |
\*---------------------------------------------------------------------------*/
FoamFile
{
    version     2.0;
    format      ascii;
    class       volScalarField;
    location    "7";
    object      dsmcRhoN_mixture;
}
// * * * * * * * * * * * * * * * * * * * * * * * * * * * * * * * * * * * * * //

dimensions      [0 -3 0 0 0 0 0];


internalField   nonuniform List<scalar> 
500
(
104
115
106
131
112
121
98
112
121
101
116
100
119
117
116
98
109
101
118
102
115
103
124
102
123
125
124
111
106
128
123
101
108
111
103
120
107
107
99
107
102
92
119
120
113
101
126
117
102
90
113
96
102
115
92
118
113
102
99
118
101
112
100
111
101
112
96
113
117
104
100
113
107
94
105
115
95
112
95
116
98
105
114
94
99
102
106
112
102
122
95
109
100
109
106
114
99
112
111
108
108
133
106
103
94
118
117
115
108
87
116
115
101
105
131
106
91
108
99
108
95
89
103
107
109
103
110
103
85
110
109
98
110
109
92
106
98
100
104
94
91
114
102
108
103
86
94
104
86
91
105
114
109
101
91
81
100
106
88
101
111
106
104
104
106
100
100
92
101
106
101
113
90
95
92
84
106
97
94
86
85
92
102
98
95
93
102
111
95
106
116
107
94
87
72
115
92
112
113
97
101
116
105
90
105
90
98
101
103
88
104
97
93
85
90
100
110
91
93
97
110
89
96
94
94
87
89
97
106
93
104
94
104
91
98
97
99
101
92
95
97
91
82
89
77
119
95
90
101
105
94
96
90
106
85
92
101
91
100
103
90
77
93
113
81
87
112
104
84
91
88
83
105
102
98
84
101
99
89
99
102
106
91
91
87
104
96
90
97
102
87
102
105
97
88
103
99
106
96
87
89
98
74
94
94
88
104
99
97
85
71
81
91
83
97
69
107
104
92
68
96
90
88
91
86
91
91
91
96
90
74
111
91
78
101
78
97
112
85
86
101
88
85
94
81
98
99
79
103
109
88
89
69
80
86
96
103
65
73
88
76
94
87
100
78
75
91
100
87
97
109
96
88
73
75
99
97
85
96
88
90
78
94
87
83
100
79
97
95
83
75
84
96
83
80
93
80
90
78
91
91
78
87
74
78
71
98
93
94
60
86
78
85
73
95
80
80
81
75
77
79
78
86
91
82
90
87
64
75
89
77
76
78
81
74
71
83
95
90
97
71
84
104
76
98
68
78
86
85
98
91
88
83
82
67
82
85
86
74
65
66
76
79
90
84
76
91
84
85
86
95
76
71
77
82
74
88
88
67
85
76
65
91
76
83
81
84
65
74
78
86
71
70
77
71
69
73
84
72
71
)
;

boundaryField
{
    upperWall
    {
        type            calculated;
        value           uniform 0;
    }
    lowerWall
    {
        type            calculated;
        value           uniform 0;
    }
    periodicX_half0
    {
        type            cyclic;
    }
    periodicX_half1
    {
        type            cyclic;
    }
    frontAndBack
    {
        type            empty;
    }
}


// ************************************************************************* //
