/*--------------------------------*- C++ -*----------------------------------*\
| =========                 |                                                 |
| \\      /  F ield         | OpenFOAM: The Open Source CFD Toolbox           |
|  \\    /   O peration     | Version:  v1706                                 |
|   \\  /    A nd           | Web:      www.OpenFOAM.com                      |
|    \\/     M anipulation  |                                                 |
\*---------------------------------------------------------------------------*/
FoamFile
{
    version     2.0;
    format      ascii;
    class       volScalarField;
    location    "7";
    object      dsmcRhoN_N2;
}
// * * * * * * * * * * * * * * * * * * * * * * * * * * * * * * * * * * * * * //

dimensions      [0 -3 0 0 0 0 0];


internalField   nonuniform List<scalar> 
500
(
79
90
88
105
90
99
73
89
90
83
89
78
93
94
91
77
82
80
100
84
93
85
101
84
102
93
105
89
81
101
99
86
84
87
85
87
82
82
76
83
68
65
99
98
87
81
104
95
73
66
93
77
81
92
79
95
93
87
82
94
81
89
73
85
81
81
77
94
100
80
78
90
91
72
86
93
75
89
78
88
80
83
88
73
84
86
82
90
78
97
78
89
66
86
83
87
74
86
86
90
79
111
85
87
78
99
99
100
87
69
92
89
74
85
113
77
74
84
79
79
76
68
81
84
89
81
84
70
68
89
90
82
87
88
72
91
77
79
80
77
69
96
87
85
76
65
77
84
64
76
84
87
92
74
70
64
82
80
65
83
86
88
81
86
80
73
79
69
81
82
84
91
70
79
74
66
89
78
72
69
66
73
76
72
75
77
80
83
69
80
89
82
76
68
59
93
72
88
94
74
80
88
79
64
79
67
73
83
84
66
83
70
73
61
74
78
88
67
68
83
81
68
79
82
72
75
73
75
90
68
84
76
75
71
77
76
80
64
72
73
76
72
70
69
57
94
65
74
73
82
74
73
71
86
67
75
81
73
80
80
73
59
69
90
67
69
82
87
74
70
73
73
88
78
74
63
85
81
70
82
85
85
70
70
69
84
76
72
80
77
69
90
76
76
73
83
77
91
83
69
74
81
59
72
80
69
83
82
81
69
53
64
70
66
81
54
91
89
67
59
72
68
62
69
73
68
76
70
69
75
58
93
69
63
80
65
80
92
72
66
80
73
71
76
61
66
82
67
77
76
71
69
57
62
71
74
80
51
60
74
62
78
72
89
59
57
74
75
67
69
85
78
77
62
60
82
76
65
69
72
67
61
73
65
70
81
63
79
81
69
57
65
76
61
60
73
67
74
63
77
76
61
64
60
59
53
77
72
81
48
69
65
70
65
78
66
63
67
56
65
67
58
63
73
60
69
67
47
57
64
67
60
64
65
53
57
64
82
65
73
58
62
84
64
75
52
61
71
63
78
78
61
72
63
57
62
77
65
63
51
53
60
63
67
59
61
70
64
71
67
72
61
54
60
65
57
68
67
56
67
57
54
79
62
68
62
65
52
56
63
64
49
50
55
58
54
60
65
55
55
)
;

boundaryField
{
    upperWall
    {
        type            calculated;
        value           uniform 0;
    }
    lowerWall
    {
        type            calculated;
        value           uniform 0;
    }
    periodicX_half0
    {
        type            cyclic;
    }
    periodicX_half1
    {
        type            cyclic;
    }
    frontAndBack
    {
        type            empty;
    }
}


// ************************************************************************* //
