/*--------------------------------*- C++ -*----------------------------------*\
| =========                 |                                                 |
| \\      /  F ield         | OpenFOAM: The Open Source CFD Toolbox           |
|  \\    /   O peration     | Version:  v1706                                 |
|   \\  /    A nd           | Web:      www.OpenFOAM.com                      |
|    \\/     M anipulation  |                                                 |
\*---------------------------------------------------------------------------*/
FoamFile
{
    version     2.0;
    format      ascii;
    class       volScalarField;
    location    "7";
    object      overallT_mixture;
}
// * * * * * * * * * * * * * * * * * * * * * * * * * * * * * * * * * * * * * //

dimensions      [0 0 0 1 0 0 0];


internalField   nonuniform List<scalar> 
500
(
2070.601341
2071.146066
2071.314442
2071.978784
2071.241271
2087.050847
2087.058196
2086.372048
2086.797308
2086.936016
2099.986558
2100.037841
2100.295039
2099.881037
2100.194484
2111.813539
2111.464739
2112.026433
2111.511939
2111.66291
2123.036969
2122.417219
2122.990963
2122.66264
2122.972546
2133.686287
2133.422842
2133.301873
2133.517374
2133.462311
2143.995021
2143.977211
2143.978919
2144.193837
2143.803059
2153.398017
2153.783683
2153.815639
2154.043912
2153.754157
2163.116317
2163.847858
2163.376486
2163.29773
2163.123278
2173.227662
2173.341377
2173.16255
2173.048797
2172.71631
2183.237485
2182.520479
2183.21185
2182.973852
2182.837529
2192.141329
2193.269495
2192.582402
2192.592512
2192.515297
2201.961105
2201.954458
2202.045903
2202.065531
2202.46794
2211.254029
2211.192224
2211.564233
2211.41511
2211.251845
2220.593802
2220.600091
2220.694133
2220.385425
2220.920883
2230.250862
2230.260247
2230.204727
2230.09803
2229.870888
2238.944742
2238.645059
2239.172046
2238.483502
2238.448873
2247.436609
2247.80947
2247.701624
2247.965026
2247.729097
2257.443385
2256.78693
2256.8169
2257.325736
2257.035074
2266.36976
2265.97393
2265.730761
2266.122504
2266.33534
2275.499439
2274.881869
2274.940157
2275.36542
2274.793949
2283.814163
2283.967274
2283.781668
2283.520183
2283.67023
2292.360059
2292.533326
2292.425839
2292.543187
2292.441592
2301.396685
2301.094655
2300.912266
2300.753789
2300.743335
2309.506556
2309.765075
2309.474528
2309.873941
2309.59094
2317.799955
2318.825127
2318.436198
2318.541756
2318.030039
2326.850426
2326.916823
2326.831143
2326.996362
2327.118077
2335.482226
2336.784121
2335.201918
2335.579547
2335.608962
2344.383387
2344.570292
2343.847491
2343.349653
2344.275594
2352.915228
2352.216575
2352.566935
2353.06928
2352.816607
2361.497164
2360.897893
2361.340415
2361.735019
2360.844987
2369.823311
2370.383038
2369.38319
2369.747893
2369.947026
2378.316499
2378.700037
2378.181973
2378.415328
2378.098999
2387.07982
2386.945643
2386.767842
2386.401449
2386.624215
2394.839396
2395.014942
2395.454089
2395.573614
2395.085364
2403.350044
2404.041694
2403.833221
2403.061699
2403.846524
2411.639457
2411.41553
2411.295553
2411.877537
2411.419925
2420.107829
2419.445598
2419.313864
2419.988263
2420.053349
2428.412644
2428.219959
2427.999299
2428.322287
2427.941055
2436.319806
2436.026374
2436.537428
2436.247153
2436.155429
2444.709309
2444.648593
2444.992207
2444.705527
2444.641742
2452.632473
2452.989477
2453.539831
2453.180942
2453.148115
2461.291747
2461.840011
2461.235002
2461.140879
2461.305023
2469.350884
2469.274994
2469.337521
2469.254557
2469.250154
2476.896231
2476.632449
2477.297661
2477.743076
2477.363762
2485.355167
2485.454981
2485.027892
2485.211565
2485.422055
2493.918162
2493.191208
2493.669231
2493.436616
2493.290149
2501.610292
2501.780327
2501.846753
2501.377809
2501.534582
2510.230334
2510.071961
2509.849218
2509.444749
2509.254604
2518.64136
2518.111883
2517.635442
2517.417521
2517.704762
2526.382502
2526.048719
2526.621791
2526.187268
2525.44008
2533.945655
2533.762964
2533.806782
2533.991797
2533.922931
2541.4976
2541.455823
2541.241943
2541.214946
2541.803458
2549.592038
2549.225315
2549.727789
2549.841776
2549.165894
2557.353771
2558.194809
2558.190026
2558.105126
2557.667609
2565.157032
2565.676066
2566.247499
2566.098097
2565.232454
2573.726718
2573.233433
2572.87688
2573.741919
2573.218079
2580.999947
2581.015048
2581.846986
2581.203537
2581.372502
2589.618893
2589.088346
2589.307453
2588.855827
2589.027305
2596.914802
2596.724377
2597.278294
2597.281508
2597.491437
2605.003167
2605.679102
2605.27542
2605.675719
2604.786783
2613.153816
2613.012423
2613.412439
2613.411451
2613.377179
2621.230158
2620.800992
2620.455376
2620.738999
2620.645175
2628.571915
2628.536377
2628.077648
2628.497754
2628.768782
2636.75612
2636.198479
2635.693215
2635.840597
2635.833024
2643.7873
2643.408221
2643.842187
2643.219174
2643.580047
2651.814615
2652.138552
2651.715055
2651.345573
2651.289217
2658.507672
2658.940361
2658.837398
2659.272797
2658.971409
2665.896861
2666.122607
2666.214924
2666.918211
2666.160273
2673.777103
2674.251792
2674.00493
2674.802204
2673.827512
2681.113071
2681.425871
2682.291676
2681.731186
2681.815689
2689.449355
2689.793122
2689.228713
2689.128633
2689.618004
2696.842623
2696.741131
2696.977123
2697.258068
2696.931701
2704.607422
2704.546008
2704.425651
2704.010403
2704.410189
2711.751259
2712.338403
2712.404736
2711.973842
2712.236708
2719.62006
2719.688727
2719.977906
2720.285885
2720.045823
2727.378157
2727.553576
2727.043739
2727.386725
2727.850871
2735.032073
2735.324741
2735.178738
2734.756048
2735.340898
2742.243062
2743.458086
2742.9593
2742.877108
2743.427349
2749.468302
2749.754988
2750.38948
2750.084222
2751.114971
2758.79489
2758.569481
2757.860135
2757.748997
2758.353567
2765.572073
2766.052499
2765.739622
2766.205978
2766.411495
2773.136101
2772.990403
2773.396839
2773.550498
2773.827229
2781.146963
2780.433731
2780.977139
2781.114997
2781.525083
2788.626315
2788.821231
2788.717276
2788.8787
2788.376814
2796.260781
2796.259792
2796.543236
2795.505671
2796.15281
2804.087908
2804.173465
2803.912485
2804.241303
2804.173198
2812.264203
2812.207497
2812.159427
2812.229353
2812.063291
2819.855999
2820.127524
2820.6115
2820.040161
2819.534345
2827.668877
2828.375623
2828.326804
2828.899044
2827.810063
2836.360091
2836.002651
2836.492349
2835.874939
2836.052804
2843.436638
2843.914717
2844.367104
2843.84905
2843.478889
2851.334953
2852.125837
2852.309427
2851.528533
2851.769641
2860.178948
2860.319426
2860.225622
2859.700986
2860.260571
2869.672739
2869.016674
2869.385966
2869.238141
2868.874038
2877.838447
2877.325028
2877.988265
2877.684891
2878.239079
2887.237075
2887.224121
2886.511561
2886.467204
2886.385705
2896.449313
2896.646824
2897.018188
2897.295631
2896.328193
2907.53242
2907.089355
2906.775731
2907.337798
2907.48348
2920.173416
2919.874712
2919.880772
2919.888777
2919.397
)
;

boundaryField
{
    upperWall
    {
        type            calculated;
        value           nonuniform List<scalar> 5(2929.843573 2926.996774 2929.898336 2929.517391 2928.267932);
    }
    lowerWall
    {
        type            calculated;
        value           nonuniform List<scalar> 5(2058.851743 2059.684924 2061.079735 2060.859775 2060.818107);
    }
    periodicX_half0
    {
        type            cyclic;
    }
    periodicX_half1
    {
        type            cyclic;
    }
    frontAndBack
    {
        type            empty;
    }
}


// ************************************************************************* //
