/*--------------------------------*- C++ -*----------------------------------*\
| =========                 |                                                 |
| \\      /  F ield         | OpenFOAM: The Open Source CFD Toolbox           |
|  \\    /   O peration     | Version:  v1706                                 |
|   \\  /    A nd           | Web:      www.OpenFOAM.com                      |
|    \\/     M anipulation  |                                                 |
\*---------------------------------------------------------------------------*/
FoamFile
{
    version     2.0;
    format      ascii;
    class       volScalarField;
    location    "7";
    object      p_N2;
}
// * * * * * * * * * * * * * * * * * * * * * * * * * * * * * * * * * * * * * //

dimensions      [1 -1 -2 0 0 0 0];


internalField   nonuniform List<scalar> 
500
(
1.107003866
1.106064303
1.106458054
1.106895974
1.107116984
1.107723734
1.107558308
1.107269168
1.107678214
1.107481938
1.108586099
1.10850553
1.1084538
1.108696242
1.108351677
1.109279197
1.108938055
1.109080446
1.108932798
1.108929913
1.109313931
1.109227983
1.11004033
1.109787771
1.109500732
1.109936681
1.109760229
1.109635072
1.109946831
1.109673269
1.109712447
1.110172392
1.109915616
1.109958289
1.109678163
1.109887199
1.109902086
1.109822903
1.110435529
1.109748824
1.11026135
1.110139715
1.109626471
1.110180915
1.110070855
1.110593698
1.110269266
1.110490202
1.110351222
1.110214982
1.110870914
1.110146054
1.111117752
1.110785652
1.110213961
1.11057242
1.111144225
1.110902781
1.110590074
1.110552231
1.111077063
1.110898706
1.110518033
1.111025661
1.111011318
1.110808165
1.110584152
1.111014423
1.110488084
1.110732275
1.110908005
1.110558045
1.110721996
1.110733761
1.110885486
1.111091997
1.111280164
1.110769462
1.111347566
1.110621935
1.11085508
1.110953043
1.110663885
1.111512893
1.110996291
1.11119981
1.111070816
1.111209933
1.110959204
1.11097388
1.111764517
1.111307931
1.111487321
1.111397471
1.111717528
1.111793445
1.11139115
1.11145703
1.111608549
1.111894488
1.111639474
1.111050584
1.11129145
1.112101826
1.112020846
1.111815791
1.112227758
1.111938016
1.111833668
1.111950142
1.111965691
1.11176289
1.112405685
1.111857575
1.112326031
1.111774913
1.112001889
1.112064624
1.11192311
1.111768324
1.111949519
1.111942847
1.111757486
1.112151868
1.111707761
1.111179062
1.11168408
1.111885782
1.112152779
1.111438924
1.111857126
1.111726884
1.111318801
1.112366606
1.111967925
1.1118544
1.112342851
1.111563048
1.111880341
1.111651465
1.111598787
1.111598148
1.111850511
1.1111043
1.111938566
1.111638396
1.111646398
1.111582282
1.111792923
1.111671936
1.111938352
1.111669828
1.11158661
1.111893297
1.11107503
1.111551698
1.111578039
1.111668509
1.111765758
1.112071652
1.11140699
1.111323725
1.11211524
1.112416387
1.111784392
1.111971161
1.111282219
1.111835637
1.112024778
1.111457061
1.111656001
1.111780111
1.112175039
1.11213824
1.112109901
1.111643113
1.112047327
1.112620784
1.111975814
1.112208251
1.112258882
1.111867771
1.111832422
1.112570109
1.112448491
1.112237704
1.112275795
1.111445037
1.112348763
1.112139718
1.112128697
1.112105919
1.111924983
1.112739857
1.112196724
1.112614643
1.112771615
1.112671752
1.112022777
1.112316028
1.112671364
1.112199122
1.112355338
1.111888653
1.112253634
1.112214242
1.112127991
1.112250828
1.112443165
1.112948864
1.112825181
1.112240673
1.112603005
1.111825682
1.112077141
1.11246471
1.112440964
1.11237817
1.112269679
1.112617837
1.11233367
1.112096236
1.111945242
1.112312307
1.111723509
1.112960593
1.112048222
1.111894984
1.112576412
1.112055505
1.112038861
1.112151223
1.112333527
1.111989456
1.111961397
1.112191306
1.11216128
1.112214275
1.112134679
1.112546559
1.113130298
1.112625723
1.112417188
1.112697969
1.112271679
1.11263899
1.112331637
1.112653488
1.112469784
1.112521404
1.112486478
1.112257136
1.112610116
1.112666608
1.112471682
1.112565178
1.112380474
1.112640627
1.112919445
1.112480687
1.11238282
1.112429051
1.112227237
1.11272118
1.112925994
1.112512307
1.11272634
1.113081643
1.112900649
1.112564168
1.112234535
1.112684605
1.112449444
1.113099539
1.112674441
1.11244687
1.112113535
1.11276695
1.112943305
1.112746526
1.112447191
1.112656192
1.112498756
1.113102184
1.112516952
1.112758188
1.112704132
1.113125916
1.113063165
1.112893724
1.112724976
1.112303261
1.112572868
1.112402572
1.112100328
1.112935734
1.11263372
1.112696097
1.113298478
1.112988019
1.11277904
1.112888169
1.113103745
1.113312912
1.112527777
1.112616681
1.113266748
1.112979586
1.112972653
1.112813095
1.112989117
1.1128416
1.112524637
1.112332046
1.112478044
1.113453293
1.112918706
1.112438502
1.112758264
1.112979047
1.112999477
1.112657377
1.112656326
1.112459462
1.112955269
1.11298887
1.112879266
1.113224563
1.112911288
1.113217968
1.112779533
1.11276776
1.113119747
1.113078738
1.113219842
1.112363734
1.112199265
1.113287789
1.113240968
1.113234709
1.112591441
1.112565972
1.1128384
1.112841313
1.113634479
1.112690069
1.112963622
1.112668935
1.113391358
1.113313816
1.112974
1.113294752
1.11330888
1.113126162
1.113515823
1.113284271
1.113220859
1.113291867
1.113118282
1.113220313
1.113611491
1.1132876
1.11284067
1.114141096
1.113392021
1.113593936
1.113246044
1.113648069
1.112724085
1.113315263
1.113360488
1.113812829
1.113152838
1.11338737
1.113643633
1.113351896
1.113513091
1.113433536
1.113965677
1.1135686
1.113302253
1.11406454
1.113072394
1.113659619
1.113693059
1.113951408
1.113211905
1.113328893
1.113146736
1.113769259
1.113332139
1.113659573
1.113454121
1.113203263
1.113648186
1.112769167
1.113715594
1.113547655
1.113041477
1.113909155
1.113802591
1.113604486
1.112968223
1.112810057
1.113211882
1.113227925
1.113446892
1.113468699
1.113024285
1.113088725
1.113365761
1.113086702
1.113871921
1.113620043
1.113863367
1.113891668
1.113260279
1.113823526
1.11398699
1.113981774
1.113537879
1.114223294
1.114016016
1.114184861
1.113564744
1.113741822
1.114019583
1.113701348
1.113339796
1.113991001
1.113355317
1.113733439
1.113687447
1.114553311
1.113524641
1.113957779
1.114316452
1.113927659
1.114247431
1.113963193
1.114312841
1.1142206
1.114449388
1.114737326
1.114195745
1.114373061
1.114443638
1.114717588
1.114344838
1.114035463
1.114508246
1.113963755
1.114307811
1.114580716
1.114802192
1.114077305
1.114144285
1.114147684
1.114694506
1.114089568
1.114221882
1.113847296
1.114219634
1.114334705
1.114191713
1.114171253
1.114008373
1.114775655
1.114292307
1.114311809
1.114788788
1.114652997
1.114493512
1.11493186
1.114966961
1.11512983
1.115290183
1.114594144
1.114698197
1.115410525
1.114919809
1.115096066
1.115064416
1.115204271
1.114636389
1.115582544
1.115268574
1.115674292
1.115815748
1.115525273
1.115330802
1.115739197
1.116178527
1.11599544
1.115327453
1.11664339
1.116536507
1.116142367
1.115793182
1.116074086
)
;

boundaryField
{
    upperWall
    {
        type            calculated;
        value           nonuniform List<scalar> 5(1.112646655 1.113512075 1.113104434 1.112352143 1.112961214);
    }
    lowerWall
    {
        type            calculated;
        value           nonuniform List<scalar> 5(1.110971622 1.109715868 1.110656136 1.110901391 1.111155048);
    }
    periodicX_half0
    {
        type            cyclic;
    }
    periodicX_half1
    {
        type            cyclic;
    }
    frontAndBack
    {
        type            empty;
    }
}


// ************************************************************************* //
