/*--------------------------------*- C++ -*----------------------------------*\
| =========                 |                                                 |
| \\      /  F ield         | OpenFOAM: The Open Source CFD Toolbox           |
|  \\    /   O peration     | Version:  v1706                                 |
|   \\  /    A nd           | Web:      www.OpenFOAM.com                      |
|    \\/     M anipulation  |                                                 |
\*---------------------------------------------------------------------------*/
FoamFile
{
    version     2.0;
    format      ascii;
    class       volScalarField;
    location    "7";
    object      rotationalT_mixture;
}
// * * * * * * * * * * * * * * * * * * * * * * * * * * * * * * * * * * * * * //

dimensions      [0 0 0 1 0 0 0];


internalField   nonuniform List<scalar> 
500
(
2064.363108
2065.507224
2065.461475
2066.30978
2065.293172
2081.749561
2081.830386
2080.970197
2081.712831
2081.76536
2094.760459
2095.050595
2095.614512
2094.091857
2095.610168
2106.606986
2106.303916
2107.717186
2106.631883
2106.783286
2118.762906
2117.67713
2117.992378
2117.99448
2118.679532
2130.282799
2129.932893
2128.515314
2129.034661
2128.983732
2139.979037
2140.240168
2139.984216
2139.836986
2140.070045
2150.102437
2150.405052
2150.34539
2150.074022
2150.053314
2160.021858
2160.804657
2160.067646
2159.679822
2159.56722
2169.647368
2170.405925
2169.764652
2169.77221
2169.346667
2180.262596
2179.177716
2180.693292
2180.399689
2180.454175
2189.803325
2190.672762
2190.254101
2189.640506
2190.495976
2199.962753
2199.765326
2200.076082
2200.065742
2199.805866
2208.913458
2209.019782
2209.178747
2209.24262
2208.590244
2219.012333
2218.76586
2218.999972
2218.256259
2219.341803
2228.518071
2228.218333
2228.282577
2227.705535
2228.180847
2237.753505
2236.565508
2237.404363
2235.610201
2236.985198
2245.232403
2245.366911
2245.790944
2246.078958
2246.078014
2256.110049
2254.967773
2255.062834
2255.460445
2255.372326
2264.198513
2264.513538
2264.127836
2264.364606
2265.086802
2274.60928
2274.295735
2273.561575
2273.586684
2272.739055
2282.635855
2282.612972
2282.136025
2281.882396
2282.040383
2291.068844
2291.408355
2290.549075
2291.348013
2291.233267
2300.194362
2300.03853
2299.939823
2299.484886
2299.671886
2308.001955
2308.485827
2308.667735
2308.326825
2308.942172
2316.565286
2317.79186
2317.98279
2317.042861
2316.673112
2325.290916
2326.208662
2326.517726
2325.89527
2326.461773
2335.173117
2335.686411
2333.579854
2333.975544
2334.988022
2344.034588
2344.208803
2342.95681
2342.244896
2343.395812
2351.888308
2350.882964
2351.652887
2352.001266
2351.669273
2360.320548
2360.384387
2360.904992
2361.274314
2360.279914
2369.433044
2369.825631
2368.59088
2368.936306
2369.973511
2378.166534
2378.796942
2377.660068
2377.55535
2377.997258
2385.407317
2386.139714
2386.374595
2385.099842
2385.90572
2393.320488
2394.78864
2394.712754
2395.132983
2393.545641
2402.826115
2403.475864
2403.692726
2402.254781
2402.638409
2411.371224
2410.960393
2410.68618
2410.663208
2411.105359
2419.637191
2419.625028
2419.006139
2418.008823
2419.433156
2428.37734
2428.195216
2427.166159
2428.270321
2427.520316
2435.612653
2435.326643
2435.317718
2435.734054
2435.512853
2444.115797
2444.099931
2445.027802
2444.764025
2444.507655
2452.402451
2452.586674
2453.849357
2452.86896
2452.274183
2460.92932
2461.440156
2460.932983
2461.12376
2460.977886
2469.345979
2468.048329
2469.225413
2468.78067
2468.771349
2476.962722
2476.112735
2477.469667
2477.351527
2477.424746
2485.02675
2485.308265
2484.892611
2484.496331
2485.618445
2493.765813
2492.555518
2492.878732
2493.502283
2493.926897
2501.241281
2501.620284
2501.673153
2501.809558
2501.147339
2509.899238
2509.43646
2509.608014
2509.490701
2509.811858
2518.58484
2517.84233
2516.788789
2516.718537
2517.986515
2525.822506
2525.74822
2526.970455
2525.80928
2526.183231
2534.157575
2533.748693
2534.094689
2533.941837
2534.028325
2541.231623
2542.163316
2542.310976
2541.554521
2541.802844
2549.076204
2549.120767
2549.703156
2550.197219
2548.692367
2557.578709
2558.679017
2558.665633
2558.515507
2557.755028
2564.890051
2566.333524
2566.251183
2566.237246
2565.56692
2574.332279
2573.562488
2572.771838
2573.50652
2573.491449
2580.899705
2582.048146
2581.625399
2581.035689
2581.021053
2589.604502
2589.491736
2589.106192
2588.995585
2589.15176
2596.894398
2596.523661
2596.808013
2596.746905
2597.309723
2605.612388
2605.537573
2604.987754
2605.515895
2605.172526
2613.203683
2613.864183
2613.249733
2614.184098
2613.349527
2621.660313
2621.470355
2620.977609
2621.414193
2621.322813
2628.494197
2628.033372
2628.35101
2627.770082
2628.332354
2636.464425
2636.218405
2635.848013
2635.366432
2635.201886
2644.0601
2643.219632
2644.013516
2643.150247
2643.409236
2651.646899
2652.698724
2651.46795
2651.513456
2650.445212
2659.191445
2660.650275
2658.9383
2659.379878
2658.512784
2666.204685
2666.316527
2666.630532
2667.188956
2665.98973
2674.649211
2674.840055
2674.643137
2675.171869
2673.893477
2681.011384
2681.988088
2683.249357
2682.960244
2682.06575
2690.152854
2690.501212
2689.495363
2689.997684
2689.930094
2697.073426
2697.394102
2697.695454
2697.690344
2697.802196
2705.319147
2705.73099
2705.236672
2704.745112
2704.844003
2712.411554
2713.559579
2714.540083
2713.492407
2712.89581
2720.639372
2720.579646
2720.514644
2721.877663
2720.707871
2728.288223
2727.866424
2727.575438
2728.941944
2728.759032
2735.967102
2736.71664
2737.065481
2736.43642
2737.372739
2743.80927
2745.209049
2744.052814
2743.663701
2745.274012
2750.921671
2750.789996
2752.023841
2751.972359
2753.002997
2759.874145
2760.643931
2759.483159
2760.071582
2759.974004
2767.804702
2767.308763
2767.045262
2768.265627
2768.050799
2774.856231
2774.52138
2774.766949
2775.107454
2775.152126
2783.390991
2782.6739
2783.045916
2783.665608
2783.549136
2791.792696
2791.484525
2790.610224
2791.357998
2790.495745
2799.174192
2798.762895
2799.13189
2798.268999
2799.382185
2806.566978
2806.105687
2807.224287
2806.193383
2807.263464
2815.171707
2815.14735
2815.67437
2814.913345
2814.871151
2823.119774
2823.076386
2824.04103
2821.779656
2822.26076
2830.732169
2832.20413
2831.803683
2831.91873
2831.440161
2839.747581
2838.440313
2840.142185
2839.207666
2839.229747
2847.256834
2847.687985
2847.528011
2848.022225
2846.767354
2855.34562
2856.60292
2856.300095
2855.570978
2855.642279
2864.321441
2864.621265
2864.722845
2864.383197
2864.507236
2873.84974
2872.730194
2874.363888
2874.330845
2872.992392
2882.224901
2881.178247
2882.291192
2882.614596
2882.681854
2892.650943
2892.473185
2891.55641
2891.978421
2891.461118
2901.217866
2902.465746
2902.120042
2902.126572
2902.131503
2914.831482
2913.257968
2911.98784
2912.180027
2913.409755
2926.339509
2926.086646
2926.140451
2926.106987
2925.222254
)
;

boundaryField
{
    upperWall
    {
        type            calculated;
        value           nonuniform List<scalar> 5(2937.696287 2936.224988 2936.960065 2936.36841 2933.993272);
    }
    lowerWall
    {
        type            calculated;
        value           nonuniform List<scalar> 5(2052.41751 2053.387009 2054.413955 2054.82241 2055.964196);
    }
    periodicX_half0
    {
        type            cyclic;
    }
    periodicX_half1
    {
        type            cyclic;
    }
    frontAndBack
    {
        type            empty;
    }
}


// ************************************************************************* //
