/*--------------------------------*- C++ -*----------------------------------*\
| =========                 |                                                 |
| \\      /  F ield         | OpenFOAM: The Open Source CFD Toolbox           |
|  \\    /   O peration     | Version:  v1706                                 |
|   \\  /    A nd           | Web:      www.OpenFOAM.com                      |
|    \\/     M anipulation  |                                                 |
\*---------------------------------------------------------------------------*/
FoamFile
{
    version     2.0;
    format      ascii;
    class       volVectorField;
    location    "7";
    object      UMean_N2;
}
// * * * * * * * * * * * * * * * * * * * * * * * * * * * * * * * * * * * * * //

dimensions      [0 1 -1 0 0 0 0];


internalField   nonuniform List<vector> 
500
(
(15.21602064 0.03010452779 0.0897693041)
(15.17146109 0.1243388359 -0.4081910215)
(15.13569871 -0.07770745363 -0.314592668)
(15.43150159 0.2419200533 0.02939988572)
(15.05847882 -0.06052083947 -0.1833524562)
(19.48561843 -0.1313318615 -0.1467005729)
(19.70550124 -0.1855303353 -0.1004174483)
(19.50852491 0.00110641652 -0.0530480262)
(19.63606242 0.08345513061 0.04324759888)
(19.64972328 0.0379781118 -0.3402222578)
(23.26080212 -0.1205225641 -0.3109405333)
(22.92674844 -0.08212717653 -0.2708160272)
(23.21146956 -0.09689235769 -0.014364136)
(23.15860985 0.2296359085 0.1235035771)
(23.12694297 0.1137666256 -0.2855713096)
(26.41808951 0.06967383628 -0.01055473903)
(26.70141607 0.1821253139 -0.5739905542)
(26.0689469 -0.02875237185 -0.2369105389)
(26.24247136 -0.06885714757 -0.02186065515)
(26.22834331 -0.1864755813 -0.02143395614)
(29.80211415 0.1216536791 -0.1861102441)
(29.41100458 0.08736073454 -0.5445970167)
(30.00452189 -0.03832648219 -0.3646199474)
(29.58851512 0.1373571537 -0.2666692206)
(29.69505612 -0.1080862911 0.1960494565)
(32.58634171 0.0434307988 -0.4466889436)
(32.84643859 -0.06451385658 -0.295523175)
(32.82703457 0.02230780505 -0.9149552283)
(32.69989034 -0.001647740628 -0.02681131276)
(32.81635157 -0.01364066255 -0.03211705315)
(36.14037168 0.1089528096 -0.2917795903)
(35.96067195 0.1423099062 -0.01811012888)
(35.88149931 0.07913346275 -0.3050612414)
(35.92727836 -0.1887765051 -0.6293681241)
(35.89323767 0.02306364573 -0.3560804494)
(39.06999092 0.1529995877 -0.377122937)
(39.10802431 -0.1727126521 -0.2660332615)
(39.00754956 0.1748743305 -0.459053532)
(39.03262983 0.07292588945 -0.1711136048)
(39.11125563 -0.1338195507 -0.326499217)
(41.55912774 0.06382930042 -0.1898781672)
(41.7096069 -0.06558203422 -0.240634874)
(41.89264048 0.1214236488 -0.4292002277)
(41.85112749 -0.1472426978 -0.5401884543)
(41.65145048 0.111999433 -0.3124047186)
(44.60042197 -0.03276858862 -0.5136974212)
(44.69284755 0.1270329877 -0.3749086102)
(44.50259444 -0.05942101235 -0.1914766286)
(44.70902005 0.07712032635 -0.5852197521)
(44.5869615 0.08136028868 -0.4586110171)
(47.93111536 -0.06957059701 -0.2428758634)
(47.92357857 -0.2105285006 -0.2944964851)
(47.89735673 0.03358699034 -0.3046955483)
(47.55934846 0.06962069941 -0.4457130118)
(47.73869151 -0.05447719489 0.04292117986)
(50.44471913 0.0813567275 -0.05136802124)
(50.6553957 -0.004200625496 -0.3047482612)
(50.58121976 0.04436824668 -0.2324206802)
(50.60881898 0.03431458862 -0.4147594602)
(50.72587386 -0.1663324251 -0.5455525215)
(53.65680647 -0.2339362242 -0.2749819889)
(53.46780164 0.1467569876 -0.2364686582)
(53.6406606 0.3226700161 -0.7449720638)
(53.7950029 0.2432366312 -0.6126635378)
(53.81551096 -0.01272123746 -0.2559854025)
(56.50952959 0.03536661698 -0.5373802974)
(56.45870434 -0.123097352 -0.2675477918)
(56.34777881 -0.2712171429 -0.1995846801)
(56.49806775 0.01952368705 -0.1650505334)
(56.32144604 0.1056178115 -0.02253261302)
(59.31955799 -0.09195527963 -0.1808091782)
(59.02237573 0.02238081549 -0.2049938197)
(59.16648171 0.2991787291 -0.2608374435)
(59.109214 0.08015421226 -0.487506118)
(58.93806878 -0.08994195489 -0.4395708087)
(62.04115991 -0.119203662 0.04096839241)
(62.08153378 -0.1589843788 -0.04317793559)
(61.91417349 0.1709097091 0.1697736587)
(62.04464655 0.1657206076 -0.1454739174)
(61.85282926 -0.03565280082 -0.09055123102)
(64.93186865 -0.1348167747 -0.02636216653)
(64.81832206 -0.1479825734 0.05169192799)
(64.98608589 0.2197865182 -0.2109569386)
(64.87611746 0.07280354546 -0.116537667)
(65.03293052 -0.1023973699 0.029690218)
(67.91822594 -0.1445755203 0.1588356411)
(67.87590663 -0.2353749378 0.3271084938)
(67.98847923 0.5160364699 -0.169837752)
(67.68742252 0.03477851308 0.05040593823)
(67.66533056 -0.1535280839 0.1736670638)
(70.28678222 -0.05278973062 0.2644539347)
(70.06294562 -0.1897128785 0.3026345689)
(70.41000054 0.1173507192 -0.0003006504199)
(70.49429838 -0.02019496126 0.3444048971)
(70.70585907 0.1783543497 -0.003948096022)
(73.32179987 0.06508078366 -0.1369710878)
(73.17197623 0.1233102777 0.1637516499)
(73.07002028 -0.1279413318 0.2365957118)
(73.24452558 0.08238847229 -0.1336980275)
(73.08440461 0.1414581598 0.192436773)
(75.82697569 0.1593078331 -0.1484299462)
(75.70839006 -0.03818527867 -0.01525595564)
(76.16640702 -0.1432474862 0.1994342141)
(75.91820247 0.203880084 0.1354369609)
(75.69667685 -0.1946536356 0.392732621)
(78.53289163 0.144779476 0.2393837623)
(78.70901773 -0.1845813012 0.02003365429)
(78.39973219 0.06956152478 0.3257124811)
(78.49652436 0.05730135657 0.03532991613)
(78.58141173 0.1528474413 0.007680609199)
(81.63118353 0.03864069336 0.4768684022)
(81.59460433 -0.1365897877 0.4780389608)
(81.24438356 0.0994979858 0.07052433037)
(81.24658787 -0.2370552442 -0.009877938242)
(81.23788828 0.08864493956 -0.134431174)
(84.57743975 0.05286234643 0.1319545939)
(84.3450207 -0.003302364709 0.2419490092)
(84.41268377 0.323657549 0.3835915585)
(84.25109095 -0.09154148745 0.4080687299)
(84.46484883 -0.3356110991 -0.01640214825)
(87.18255239 -0.001741754381 0.3805565403)
(87.16709909 0.03514360981 0.2674570879)
(86.89910887 0.2131941526 0.06329929291)
(87.26624943 -0.08743302601 0.3318351425)
(87.26856717 -0.2079627773 0.3741430398)
(89.73792364 -0.03068364976 0.01558605909)
(89.66416962 0.06584410448 0.05172731269)
(89.88437584 0.03313470541 -0.08547268184)
(89.92106356 0.02884099138 0.3407241123)
(89.7358019 0.08403856781 0.1222322648)
(92.40068008 0.02201264401 0.2241474294)
(92.49900403 -0.1063249649 -0.1135559228)
(92.65617494 0.1371291271 0.1988010909)
(92.44933221 -0.01466192432 0.08970062309)
(92.58772152 0.0770647289 0.1622411347)
(95.40684849 0.08750979353 0.01336326835)
(95.22299761 0.01014734739 0.1408270567)
(94.95496704 -0.1080373213 -0.08974664874)
(95.21662362 0.2279606498 0.2450334938)
(95.30971893 -0.1779981236 0.3352296662)
(97.99144997 -0.04990227859 0.1151586086)
(97.90620766 0.1644008457 -0.005996918296)
(97.86428193 -0.0192983466 0.2344178326)
(98.01984395 -0.1262294637 0.3015268846)
(97.97197773 -0.07143899961 0.1342035727)
(100.5603611 0.1672556437 0.4911887457)
(100.6279963 0.3359654239 0.3229290685)
(100.8165798 -0.4251052955 0.1329856111)
(100.8417711 -0.02196084794 0.09669475842)
(100.3508164 0.02384932579 0.1533778632)
(103.3627772 -0.04164930556 0.3488091454)
(103.2655346 0.1066943636 -0.0002341786568)
(103.4871008 -0.006482354834 0.1718100422)
(103.5330496 -0.3029053218 0.1698053685)
(103.7300902 0.1235454176 -0.05426670966)
(106.0165378 0.136253791 0.2185658756)
(106.3449002 -0.1413420118 0.08725435777)
(106.245133 -0.1881783102 0.1448613212)
(106.0935991 0.2119733417 -0.08127639085)
(106.1245008 0.2579394272 -0.1991672749)
(108.6659704 0.1975814817 -0.02177682625)
(108.7420322 -0.1434150616 -0.3574447031)
(108.7676365 -0.03201423455 -0.1433460545)
(108.9367968 -0.09887943817 0.05220117942)
(108.8833398 0.07266578807 -0.4077980197)
(111.769593 -0.09545426521 0.02773982981)
(111.5338193 0.05466718337 -0.06593947635)
(111.3163312 -0.09793741567 -0.3503701326)
(111.4010225 0.0775482117 0.01248815004)
(111.4250866 0.05246082161 -0.08628789154)
(114.2372502 0.08784202358 -0.2731515161)
(113.9621546 0.1375858249 -0.1033407332)
(114.4008532 0.03023351661 -0.1990047805)
(114.3403751 -0.08240091041 -0.0110255483)
(114.2763679 -0.1921496982 -0.3750940499)
(116.7962705 0.03026157487 0.100225032)
(117.0472208 -0.07198477647 0.08856042607)
(116.9360661 -0.2292253501 0.03962408436)
(116.5608535 0.4773674293 0.044059328)
(116.8092428 -0.05613567929 -0.2344456642)
(119.5827299 -0.1892114507 -0.1561221597)
(119.5274677 0.0979050797 0.2038987287)
(119.7442435 -0.1024768997 -0.2038128343)
(119.7658556 -0.09011333739 -0.2575047224)
(119.6529997 0.04417655688 -0.1511077967)
(122.1899118 0.0269358593 -0.1614460276)
(122.0994216 0.1305856918 0.4809282905)
(122.2048448 0.2336918643 0.2151424525)
(122.2320436 -0.1104126413 -0.3798174856)
(122.3867582 0.1319334995 -0.04642021093)
(124.6917208 0.1120745098 0.2659281589)
(124.8251193 -0.1382594951 0.00932494245)
(125.0066019 -0.00649480906 0.1756716347)
(124.8106893 0.04086436085 0.372456375)
(124.9807911 -0.01382258573 0.1413412252)
(127.4060388 -0.03108872835 -0.05670626694)
(127.4598908 -0.07329112256 -0.0999367547)
(127.2542472 -0.1543806265 0.3778772072)
(127.4663478 0.03959414102 0.3329763185)
(127.5262261 -0.02015795209 0.4555164471)
(130.2012365 0.2129142399 0.07607073703)
(129.7065687 -0.09299094403 -0.04171272454)
(130.4497078 0.03810721933 0.2846755933)
(130.4379894 -0.1534806977 0.751577966)
(129.8882322 -0.02530314012 0.5471243822)
(132.7491009 0.06681253042 0.1246851681)
(132.8659228 0.03547247032 -0.1489475968)
(132.693665 0.101234708 0.1352050116)
(132.6550446 0.005651110943 -0.07940523455)
(132.5915365 0.1460274897 0.193436191)
(135.0030417 0.04685756572 0.1036016668)
(135.576654 -0.01179999334 -0.1821592037)
(135.2360501 -0.1450384963 -0.3214458456)
(135.2206466 0.1425988569 -0.2304220567)
(135.5381293 0.07158176837 -0.308493803)
(138.1879343 0.06247692282 -0.1026898566)
(137.9203 -0.3077156071 0.02025130618)
(137.8788981 0.1119776395 -0.4056266999)
(137.9727537 0.1558464199 -0.4492272523)
(137.9116864 0.0004603804121 -0.2993158854)
(140.5927634 0.07588719403 -0.06417170383)
(140.6446887 -0.08382880326 -0.2926419142)
(140.3993652 0.06760371912 0.1809704487)
(140.7217799 -0.1164037869 -0.3485412621)
(140.584035 -0.1368331015 -0.1441068753)
(142.9917099 0.1395498671 -0.2951924667)
(142.9537633 0.003796302427 0.1554059246)
(143.1157966 0.1743927904 -0.2262551527)
(143.1894086 0.05968620756 -0.2183819569)
(142.8631703 0.1412440948 0.1210245154)
(145.5596487 0.05093585591 -0.4988988392)
(145.8174591 0.01084209452 0.09184457197)
(145.3196866 -0.2737777818 0.02179280453)
(145.6499364 0.06720821535 0.0369415701)
(145.5621369 -0.03576381058 -0.03813190112)
(148.4570631 -0.05672835454 -0.138726325)
(148.4535094 -0.06078280571 0.005509899527)
(148.3798503 0.1536794068 0.05676511251)
(148.2695298 0.007452537169 -0.2997170437)
(148.0140452 0.1913009012 0.2789477134)
(151.0731483 -0.09331782534 -0.5280700184)
(151.204079 -0.2526341272 -0.1926991813)
(150.9848249 0.1841631941 -0.3744222024)
(150.7054258 0.2853611865 0.07368423547)
(150.8236811 -0.154533942 0.07606239737)
(153.3270038 -0.2885715397 0.08377380941)
(153.5754023 0.1217306716 -0.1900436509)
(153.6767028 0.319952265 0.04579801552)
(153.8218226 0.0474149805 0.1269911738)
(153.6245947 -0.02246648599 0.07394705727)
(156.3281757 -0.1043615514 -0.05172963491)
(156.0083491 -0.3375010573 -0.2182570051)
(156.380202 0.1131330714 0.1557726292)
(156.4575816 0.03169956615 0.08863294688)
(156.4352983 0.1384451417 -0.2275035796)
(158.9292756 0.1785674423 -0.697636138)
(158.9987231 0.01289179673 -0.1401452538)
(158.5212593 -0.2205286691 -0.3462806685)
(158.4852708 -0.08018132914 0.2546997039)
(158.8767403 -0.03832672041 -0.2611497223)
(161.2036516 0.1379692604 -0.1185903204)
(161.3981279 -0.0766985722 -0.404964182)
(161.2005988 -0.1105926837 -0.05829813343)
(161.3795945 0.1967979523 0.03551576389)
(161.4711819 -0.03797218614 -0.1743863765)
(164.0066271 -0.1902747191 -0.1448065299)
(164.1880815 0.1556008768 -0.05160275176)
(164.2407897 -0.1720002579 -0.3171310464)
(163.7714904 0.1484755787 0.1414158733)
(163.8499165 0.09666409367 0.02471685311)
(166.5143675 -0.001752907549 -0.1992715113)
(166.4988704 -0.240092365 -0.7315848356)
(166.5051926 0.1928955796 -0.3932499916)
(166.6308105 -0.07596324619 -0.2000543907)
(166.4194007 0.05777610176 -0.4685495002)
(169.031435 -0.06455705549 -0.1130449659)
(168.9416059 -0.1078963171 -0.1382979749)
(169.1979465 0.08851937158 0.08596765344)
(168.8222543 -0.01069684638 -0.2056894502)
(169.0126089 0.08716685962 -0.3929340994)
(171.7238355 0.1208880972 -0.2578383633)
(171.3154392 -0.30160642 -0.3948637301)
(171.3417792 0.008447295231 -0.4680663553)
(171.4214343 -0.01146392243 -0.03380064498)
(171.3862611 -0.1604214996 -0.5756879566)
(174.092443 -0.01343742277 -0.3340650241)
(174.0545535 0.0007177937561 -0.4509545933)
(174.0366527 0.321126114 -0.347808663)
(174.0807174 0.3907512144 0.1754898525)
(174.0224867 -0.1560800058 0.0003442821645)
(176.7467434 0.05418473632 -0.3184859813)
(176.6351155 -0.009339551076 -0.1816943965)
(176.75174 -0.1407084899 0.00991989207)
(176.638434 0.1551406089 0.1326764526)
(176.6789873 -0.2387767983 -0.6339833878)
(179.1736708 -0.1401622691 0.07181199431)
(179.5174136 0.2579068052 0.07488112938)
(179.2379854 0.129351769 0.06858319423)
(178.9771536 0.1050665648 0.05403356901)
(178.9299591 -0.3357796255 -0.6128613883)
(181.3001969 -0.05172477012 -0.2658311524)
(181.3194137 -0.1328388121 0.1554943417)
(181.4833141 0.2097280913 -0.5014383828)
(181.6269756 -0.1654610561 0.1960685079)
(181.3450523 0.2355645173 -0.1760759746)
(184.2426896 0.05396926107 -0.2598706896)
(184.3010294 -0.01700746228 -0.04692543618)
(184.1761731 0.0729322305 0.1480717064)
(183.8871655 0.02480586623 -0.09197819471)
(184.446869 -0.3810670555 -0.4058471663)
(186.5553505 -0.07240514076 -0.1153046988)
(186.8822024 -0.27714595 -0.004664919216)
(186.8924451 0.1981859849 0.3407186236)
(186.8802199 0.007830042918 -0.2421968375)
(186.7331868 0.1085521026 -0.131825835)
(189.3583057 0.1948694826 -0.1279939309)
(189.0609807 0.1449528898 0.2092423158)
(189.7267346 0.2112863485 -0.03307854478)
(189.3668504 -0.06459197699 -0.02937128343)
(189.4716978 0.04022486463 0.01877179195)
(192.088143 -0.04301318165 -0.1320367633)
(191.6914706 -0.2233044841 0.2816349956)
(191.7478974 -0.01788764322 0.012474106)
(192.1572851 -0.1455776164 0.1383942479)
(191.4820932 0.09274492342 -0.03838462344)
(194.5792508 0.05878920937 0.5031374449)
(194.2489734 -0.05396334531 -0.06214871275)
(194.740412 -0.05366237717 -0.01963689812)
(194.4194546 0.1901224322 0.2565921576)
(194.3068939 0.01695861725 0.1726453629)
(197.1999325 -0.1553856584 -0.1187195525)
(197.1574319 -0.1324227416 0.1688326975)
(197.1880884 -0.09693027726 0.06606487282)
(196.9027312 0.05402846417 0.001793299617)
(197.2591231 0.2093189376 0.1471319168)
(199.3992655 0.1358447585 -0.2758121517)
(199.6289146 -0.0004574199055 0.2252920314)
(199.4830066 0.06171650844 0.3261647324)
(199.2083976 0.2621017167 0.5440899705)
(199.5200542 0.07093536527 -0.04913938398)
(202.1401793 0.177565683 0.002526953099)
(201.6727668 -0.3699227214 0.4038611547)
(202.0135532 0.07762903915 0.2960084377)
(201.8662119 -0.1312108829 0.1945256999)
(202.199205 -0.2963618482 -0.1077030547)
(204.0915964 0.1270050267 0.5596449014)
(204.549172 0.1072890981 -0.2200828511)
(204.6392627 -0.09543250845 0.1330386934)
(204.3088837 0.08507468822 -0.2964244158)
(203.977538 0.002026132716 0.07075607793)
(207.1217229 0.1170757861 -0.09615686166)
(206.8563776 -0.1174709124 0.2108395543)
(206.8520132 -0.5937551217 0.339775448)
(206.9143995 0.5757710159 -0.3741931853)
(207.2847776 0.2457466965 -0.04433435798)
(209.5014281 -0.04814155153 0.3043870175)
(209.7064058 -0.2007861319 0.5603246484)
(209.3451048 0.06582994997 0.5121605358)
(209.3056226 0.01385452533 0.3451467606)
(209.4286995 0.2618850155 0.00249666899)
(211.8442948 0.1172556614 0.2128772582)
(211.8334934 -0.2558203387 0.6283744179)
(212.0888125 0.07991705376 0.2315504748)
(211.7950584 -0.1390987492 0.1298710993)
(212.1328298 -0.02110995832 -0.01119574311)
(214.156549 0.204596974 0.2023558482)
(214.2516521 0.0798902999 0.02579106782)
(214.4905311 -0.1294881074 -0.3335884975)
(214.2825843 -0.1391831501 0.4551645743)
(214.414148 -0.05608212235 -0.01929559131)
(217.1901844 0.1113337589 0.2284345164)
(216.8029008 0.1722947707 -0.1393950601)
(216.5731244 -0.1373075168 0.2882494464)
(216.7120909 -0.1244261582 0.01792287622)
(216.7933621 -0.1016883837 -0.002372942874)
(219.345645 -0.07412925011 0.2568459259)
(219.4569528 -0.1165686247 -0.04495883491)
(219.5200722 0.04738963491 -0.25976541)
(219.6011612 0.1138683565 -0.01795363426)
(219.4484949 0.1238584442 0.4587229425)
(222.0161316 0.005852830033 0.156785905)
(222.0660373 -0.2034805236 0.08512661134)
(221.7658203 -0.3042638125 -0.1992037934)
(221.6920542 0.3359481369 0.3806600717)
(221.8209536 0.02110656427 0.3407463547)
(224.2727985 0.1488750368 0.3996855445)
(224.2751771 -0.02694639192 0.1682925723)
(224.2583856 -0.0788686636 0.1460240878)
(224.5428248 0.05835112133 0.3645020197)
(224.5008187 -0.1591406566 0.2598640987)
(226.6899961 0.2605296454 0.7833312709)
(226.9875658 0.1370749156 0.3742211818)
(226.969297 0.06350453238 0.1073865353)
(226.6957513 -0.134982595 0.2534810476)
(226.8777558 -0.1768507963 0.09138035277)
(229.3756739 -0.04181699372 0.2811778677)
(229.441281 -0.0494319271 0.3012160244)
(229.3737897 0.02494466887 0.08672618672)
(229.4530875 0.3672793066 0.1808047914)
(229.171564 -0.09324630766 0.3653475221)
(231.4799258 -0.2895554676 0.1851775641)
(231.7540086 0.2848511451 0.04007382063)
(231.9177917 -0.07727372155 0.3497972435)
(231.6455 0.05771500247 0.1726658129)
(231.8404008 -0.02600360401 0.1125089035)
(234.2380297 -0.00222891471 0.1201682502)
(234.4640891 0.1006928315 -0.09380868401)
(234.0438087 0.07717695886 0.4477818494)
(234.4654826 0.008887688608 0.2856938258)
(234.3196873 0.007976872742 -0.2254269981)
(237.1785211 0.1202985329 0.5042534549)
(236.6665295 -0.1956720906 0.1634455273)
(237.0594805 -0.1346787787 0.5180130776)
(236.8475693 0.2371213274 0.2510431485)
(237.0346154 -0.1181634893 0.5083613549)
(239.466646 -0.2853674971 0.2014236912)
(239.3587856 0.1016419188 0.2844416072)
(239.1527602 0.1538367644 0.9061536881)
(239.3924273 -0.222569897 0.3531893138)
(239.2036995 -0.07111781839 0.5098480562)
(241.730565 0.1466947984 0.07791938756)
(241.9105798 -0.1824697022 0.1195231074)
(241.7278258 0.3056988158 0.3887412229)
(241.8109133 -0.1526001819 -0.04851025223)
(241.7874119 -0.2709764996 -0.01927461539)
(243.9550042 0.08764668151 0.3030109469)
(244.1347456 0.1799830566 0.2168470802)
(244.1572003 0.2533704984 0.05940412841)
(244.3451573 -0.0912377201 -0.04967795092)
(243.8082099 -0.05943820205 0.09131054032)
(246.4629099 -0.325614759 -0.1605069365)
(246.3023426 0.06421714682 -0.09016384606)
(246.1575755 -0.1492225311 -0.1128685117)
(246.5988012 0.1870712839 0.1279093237)
(246.4716214 0.08716991758 -0.1673327289)
(248.9470441 -0.1759063919 -0.02459344264)
(249.1003539 -0.003420020303 -0.03427358071)
(248.8650655 -0.05464025514 0.3307600977)
(248.6586585 -0.289670446 0.4754998559)
(248.6271873 0.4996153244 -0.079345565)
(251.2448549 -0.2794279335 -0.4153233229)
(251.425441 0.3674039655 -0.0801147321)
(251.2143045 -0.07258406255 -0.09930192893)
(251.379944 0.009242199676 -0.4940043192)
(251.5371195 0.08923905585 0.01316704416)
(253.9794979 0.2164460797 -0.1482335135)
(253.5663893 -0.06234947319 -0.4793327713)
(254.0393386 -0.2382858726 0.0646440511)
(253.8623712 -0.0294921611 0.03329976394)
(253.855975 -0.1435488499 0.04553769419)
(256.2051587 -0.1271026008 -0.1105340601)
(256.6684234 0.1919579637 0.1910588484)
(256.4568557 0.05902140795 -0.1462572169)
(256.2116113 -0.006908834536 0.1135105487)
(256.1872391 0.09169955299 0.6165667187)
(259.1195265 0.2554172256 -0.1115037191)
(258.5572445 -0.252044247 -0.07860921448)
(258.9257772 -0.1427563551 -0.5104253903)
(258.7122976 -0.1608458496 -0.06855432443)
(258.6820614 0.01478059167 0.475743067)
(261.6845094 -0.1975318902 -0.02377906726)
(261.7608156 0.003490708019 0.01799931478)
(261.4006129 0.1609102728 0.05674769433)
(261.4441278 0.1322212024 -0.3194580369)
(261.1487727 0.09203156267 0.3935929047)
(264.2916103 0.2252451242 -0.2264374915)
(263.9673367 -0.1393132343 0.08087161792)
(264.2456047 -0.2059659526 -0.1482065591)
(264.1123798 -0.08886041819 0.07792727064)
(264.3492704 0.0650784903 -0.3004008154)
(267.147309 -0.03992759649 -0.6587891494)
(266.866219 0.01954691166 -0.1954905957)
(266.8237709 -0.0799328688 0.07993139262)
(266.7360247 0.02550319675 0.1402548684)
(266.6651885 0.1851857459 -0.1741815193)
(269.5512398 0.2093984453 -0.4064433883)
(269.5694446 0.354743755 -0.2109880006)
(269.4647072 0.05821791315 -0.1296033832)
(269.3377902 -0.01498044575 -0.1239489676)
(269.5114273 -0.2074989584 -0.3551911917)
(272.1898171 -0.01701709763 0.03387520776)
(272.135848 0.1070644039 0.07567984714)
(272.215061 0.05589361229 0.07709111939)
(272.0816049 -0.1572740379 -0.004652622923)
(272.0197501 -0.09897045724 -0.5915948119)
(274.9090846 -0.0879980476 -0.2723038808)
(275.200226 -0.03182346421 0.49589726)
(274.993405 0.2621608048 0.1060268335)
(275.089266 -0.03211302725 0.1961083009)
(274.7528079 0.126403729 -0.04172025386)
(277.8890294 -0.03681184954 -0.1609603412)
(277.9610088 -0.1544066919 0.1773407269)
(278.145457 -0.02442214389 0.04050874369)
(278.3438279 -0.3115742023 -0.132404913)
(278.1678553 0.1766474552 -0.07742878146)
(281.9873649 0.07310149175 0.1185126185)
(281.6413636 0.0088236634 -0.05891433567)
(281.8228038 -0.01022757033 0.07348942703)
(281.7274439 0.2796127481 -0.1894848422)
(281.8515561 0.3046824566 0.009321330931)
)
;

boundaryField
{
    upperWall
    {
        type            calculated;
        value           nonuniform List<vector> 5((284.7292679 0 -0.1621168021) (285.1467544 0 0.003099008888) (284.7554375 0 0.1805483093) (283.7931678 0 0.4634829587) (284.2439414 0 0.5165381613));
    }
    lowerWall
    {
        type            calculated;
        value           nonuniform List<vector> 5((12.56127527 0 0.4143110429) (12.53498339 0 0.5151185501) (13.62757091 0 0.06146744673) (11.57905878 0 -0.08388519007) (11.06359256 0 -0.3668383818));
    }
    periodicX_half0
    {
        type            cyclic;
    }
    periodicX_half1
    {
        type            cyclic;
    }
    frontAndBack
    {
        type            empty;
    }
}


// ************************************************************************* //
