/*--------------------------------*- C++ -*----------------------------------*\
| =========                 |                                                 |
| \\      /  F ield         | OpenFOAM: The Open Source CFD Toolbox           |
|  \\    /   O peration     | Version:  v1706                                 |
|   \\  /    A nd           | Web:      www.OpenFOAM.com                      |
|    \\/     M anipulation  |                                                 |
\*---------------------------------------------------------------------------*/
FoamFile
{
    version     2.0;
    format      ascii;
    class       volScalarField;
    location    "7";
    object      variableHardSphereMeanFreePath_mixture;
}
// * * * * * * * * * * * * * * * * * * * * * * * * * * * * * * * * * * * * * //

dimensions      [0 1 0 0 0 0 0];


internalField   nonuniform List<scalar> 
500
(
0.04403457096
0.04406290462
0.04405764129
0.04405474039
0.04403984722
0.04442069078
0.04442452596
0.0444164732
0.04440749373
0.04442109783
0.04473516978
0.0447275732
0.0447249378
0.04472769715
0.04472851022
0.04501318094
0.04500723798
0.04500562636
0.04501184447
0.04501391393
0.04528561137
0.04528726097
0.04527771764
0.04527291206
0.04528180587
0.0455366159
0.04553500526
0.04555848898
0.04556094913
0.0455666118
0.04582480872
0.04580076849
0.04581962788
0.04582813529
0.04582309765
0.04606533171
0.04607925091
0.04608045225
0.04607484759
0.04607153917
0.04630498527
0.04632661238
0.0463378306
0.04632425331
0.04632253693
0.04657852179
0.04657014779
0.04657585046
0.04657165485
0.04656972881
0.04682524527
0.04683130624
0.04679263162
0.04681279547
0.04681757252
0.04705782821
0.04706709555
0.04705937447
0.04706619914
0.04706406807
0.047302705
0.04730312665
0.04731320107
0.04729902116
0.04731118306
0.04755612977
0.04756731917
0.04754638827
0.04756139644
0.04756670514
0.04779043089
0.04779923056
0.04779440939
0.0478018085
0.04780625571
0.04804407845
0.04804933868
0.04805443915
0.04803773013
0.04805078649
0.04828502732
0.04827317688
0.04829442331
0.04827525384
0.04825824626
0.04852106336
0.04852867976
0.04852103075
0.04853059155
0.04851859784
0.04875151071
0.04875623673
0.04875380418
0.04875949832
0.04874510715
0.04899412166
0.04899626623
0.04897856724
0.04898571991
0.04897318369
0.04923184509
0.04922679277
0.04923578177
0.04922107336
0.04922554643
0.04946015075
0.04944607997
0.04945278089
0.04944807781
0.04945217821
0.0496862504
0.04970091496
0.04967838896
0.04969587361
0.04966678818
0.0499310603
0.0499129519
0.0499077277
0.04990479743
0.04990913989
0.05015316793
0.0501633025
0.05014619727
0.05016079207
0.05015742083
0.05039629302
0.05040340271
0.05038459618
0.05038514682
0.05040382905
0.05063026246
0.0506165752
0.05062623474
0.05060401612
0.05061373921
0.05084162419
0.0508680155
0.05087111902
0.05086474802
0.05086275436
0.05109757726
0.05109722968
0.05108093551
0.05109911628
0.05108639983
0.05133442981
0.0513320931
0.05132820561
0.05133765594
0.05133041982
0.05156766823
0.05155240599
0.05155559942
0.05156000222
0.0515696968
0.05178583138
0.05181490835
0.05178456733
0.05178287903
0.05176563539
0.05202160279
0.05202457885
0.05199717492
0.05199784972
0.05200547886
0.05226377463
0.05226976696
0.05224292607
0.05223782323
0.05226391261
0.05248987094
0.05245398108
0.05247120998
0.05246893376
0.05247469569
0.05269987967
0.05269899514
0.05267243292
0.05268783242
0.05270902096
0.05290626761
0.0529072034
0.05292880516
0.05291992484
0.05289441525
0.05314378409
0.05311298242
0.05315296572
0.05316434016
0.0531489741
0.05337213838
0.05336549742
0.05338141699
0.05334505754
0.05336124397
0.05357444915
0.05356185136
0.05358743538
0.05359624565
0.05358117367
0.05380148703
0.05381688961
0.05380841352
0.05381631678
0.05380637037
0.05403500216
0.05404545216
0.05404233564
0.05404213459
0.05402538537
0.05425793169
0.05429330233
0.05425622956
0.05427960529
0.05429075648
0.05448805565
0.05449662859
0.05448798775
0.05451016407
0.05448534849
0.05470009508
0.05471803208
0.05472319123
0.05473168697
0.05474282191
0.05492100032
0.05495566549
0.05494899975
0.05493383152
0.05494859161
0.05518271073
0.05518366541
0.05518938227
0.05516637061
0.05516095737
0.05539588022
0.05540424155
0.05539525122
0.05537562166
0.05539152426
0.0555998658
0.055612537
0.05560621502
0.05558514694
0.05559020519
0.05583125084
0.05584008267
0.05582353565
0.05582853922
0.05582589663
0.05607294715
0.05606968144
0.05605583648
0.05605531594
0.05603071284
0.0562694943
0.05627625309
0.05626487564
0.05625636332
0.05628809751
0.05649424496
0.05648060208
0.05646017066
0.05646136145
0.05647456497
0.05671120786
0.05668168601
0.05669385797
0.05668128925
0.05669667654
0.05691400964
0.05692863666
0.05692670976
0.05690778703
0.05691377538
0.05712994351
0.05715561546
0.05715331468
0.0571406954
0.05711991168
0.05736717451
0.05735471071
0.05736867995
0.05736698919
0.0573574065
0.05756620783
0.05755264512
0.05757531375
0.05756869244
0.05758049834
0.0578144324
0.057805999
0.05781792734
0.05779654156
0.05782161203
0.05800523353
0.05801628902
0.05804845406
0.05801770675
0.0580220073
0.05823463344
0.05825821943
0.05825076589
0.0582414858
0.0582234031
0.058470329
0.05842838149
0.05846146524
0.05846283804
0.05847170951
0.05867955782
0.05866697574
0.05866955426
0.05868913165
0.05867338728
0.05886488291
0.05888800341
0.05888928804
0.05891617238
0.05891100726
0.05912407824
0.05911132939
0.05909374861
0.05912089564
0.05909823434
0.05932658901
0.05930528477
0.05929172348
0.05930172803
0.05930780854
0.05954992889
0.05954699672
0.05953744266
0.05952243707
0.05952863338
0.05974753661
0.05973716369
0.05971962007
0.05974186453
0.05973635624
0.05995528935
0.05995033065
0.05993997767
0.05996827136
0.05992159317
0.06014712433
0.06017253798
0.06015730259
0.06015453596
0.06014633882
0.06036436199
0.06035825712
0.06036468561
0.06035208283
0.06035839363
0.06057634951
0.0605857479
0.06057468729
0.06056420017
0.06058839201
0.06077908996
0.06078363034
0.06080744953
0.0607452488
0.06078337486
0.06098300974
0.06098883915
0.0609756998
0.06099704761
0.06099451909
0.06119563315
0.06118353896
0.0612023241
0.0611954769
0.06120977466
0.06141593302
0.06140976934
0.06144047491
0.06140198133
0.06142525066
0.06163510137
0.06162221254
0.06163307519
0.06160478367
0.06163393502
0.06182257809
0.06184821322
0.0618318396
0.0618572106
0.06182241561
0.06204417344
0.06205837007
0.06206912604
0.06206839668
0.06205475101
0.06227565371
0.06225339158
0.06225388242
0.06226894828
0.06226963374
0.06248515779
0.06246718722
0.06249063988
0.06249096407
0.06250071774
0.06270262192
0.06271286768
0.06269539526
0.06271891458
0.0627286588
0.0629120997
0.06291053122
0.0628838089
0.0629086063
0.06291611539
0.06309897493
0.06310322065
0.06309754384
0.06309209111
0.06310390351
0.06330764284
0.06330217545
0.06330918602
0.06328946396
0.06332029896
0.06352112113
0.06350797679
0.06353290057
0.06353184948
0.06349208625
0.0637544671
0.06377631696
0.0637423931
0.06372748275
0.06374637921
0.06396058014
0.06393161296
0.06395140643
0.06394473255
0.06396232172
0.06415525539
0.06416626651
0.06417481306
0.06417375106
0.0641624927
0.06437256047
0.06437643867
0.06437117507
0.06440997853
0.0643774121
0.06462067436
0.06463309848
0.0646107089
0.06459123421
0.06458358018
0.06481864903
0.06482598445
0.06483640365
0.06480113573
0.0648322198
0.06503848464
0.06506371901
0.06504829962
0.06504754248
0.06505717749
0.06526972727
0.06529475437
0.0652499181
0.06525335033
0.06527713869
0.06550968636
0.06551111777
0.06550066229
0.065495498
0.06549502547
0.06572369836
0.06572025989
0.06574993192
0.06573432835
0.06572102072
0.0659861839
0.06598750582
0.0659813004
0.06595197414
0.06599158027
0.06624374965
0.06624303321
0.06623697193
0.06621911403
0.06621214238
0.06650392779
0.06649238304
0.06649177306
0.06650442092
0.06653512663
0.06680926125
0.06681445285
0.06684425675
0.06686505945
0.0668362569
)
;

boundaryField
{
    upperWall
    {
        type            calculated;
        value           nonuniform List<scalar> 5(0.06680926125 0.06681445285 0.06684425675 0.06686505945 0.0668362569);
    }
    lowerWall
    {
        type            calculated;
        value           nonuniform List<scalar> 5(0.04403457096 0.04406290462 0.04405764129 0.04405474039 0.04403984722);
    }
    periodicX_half0
    {
        type            cyclic;
    }
    periodicX_half1
    {
        type            cyclic;
    }
    frontAndBack
    {
        type            empty;
    }
}


// ************************************************************************* //
