/*--------------------------------*- C++ -*----------------------------------*\
| =========                 |                                                 |
| \\      /  F ield         | OpenFOAM: The Open Source CFD Toolbox           |
|  \\    /   O peration     | Version:  v1706                                 |
|   \\  /    A nd           | Web:      www.OpenFOAM.com                      |
|    \\/     M anipulation  |                                                 |
\*---------------------------------------------------------------------------*/
FoamFile
{
    version     2.0;
    format      ascii;
    class       volScalarField;
    location    "0.3";
    object      rhoM_Ar;
}
// * * * * * * * * * * * * * * * * * * * * * * * * * * * * * * * * * * * * * //

dimensions      [1 -3 0 0 0 0 0];


internalField   nonuniform List<scalar> 
1000
(
9.279567922e-06
9.272151378e-06
9.29145147e-06
9.28162872e-06
9.30123929e-06
9.297028432e-06
9.286247081e-06
9.301285862e-06
9.292569191e-06
9.303439803e-06
9.315397089e-06
9.308807193e-06
9.300649382e-06
9.284880978e-06
9.301184956e-06
9.331041302e-06
9.29893011e-06
9.298829204e-06
9.289732197e-06
9.295181087e-06
9.307378993e-06
9.30402195e-06
9.293663626e-06
9.290248367e-06
9.291781353e-06
9.296430761e-06
9.283600256e-06
9.293892603e-06
9.305989604e-06
9.305683007e-06
9.286386796e-06
9.303036182e-06
9.30247344e-06
9.306994777e-06
9.303315612e-06
9.29348122e-06
9.303331136e-06
9.279971544e-06
9.294470869e-06
9.287380326e-06
9.302240582e-06
9.298999967e-06
9.286984467e-06
9.296857669e-06
9.28826907e-06
9.286103485e-06
9.293391957e-06
9.283208277e-06
9.286553678e-06
9.299787805e-06
9.284741263e-06
9.292604119e-06
9.279051753e-06
9.295394541e-06
9.296050426e-06
9.297234123e-06
9.28202458e-06
9.276719286e-06
9.271150086e-06
9.267591232e-06
9.274173366e-06
9.28222251e-06
9.269504553e-06
9.293438529e-06
9.272457975e-06
9.280010353e-06
9.307879639e-06
9.300494143e-06
9.280056925e-06
9.278663655e-06
9.278473487e-06
9.269353194e-06
9.273416576e-06
9.273866769e-06
9.251776256e-06
9.265751649e-06
9.276338951e-06
9.298258701e-06
9.267882305e-06
9.272291093e-06
9.281520053e-06
9.279948258e-06
9.284240617e-06
9.265033669e-06
9.251108728e-06
9.266000032e-06
9.273323433e-06
9.27187971e-06
9.258401081e-06
9.262724488e-06
9.266686964e-06
9.266857727e-06
9.273249694e-06
9.273761983e-06
9.242492962e-06
9.248881048e-06
9.263690851e-06
9.255948305e-06
9.25226914e-06
9.267676613e-06
9.260481284e-06
9.264498094e-06
9.257100954e-06
9.255156586e-06
9.277945674e-06
9.263787875e-06
9.260194092e-06
9.26460288e-06
9.254197985e-06
9.26571672e-06
9.283677875e-06
9.283910734e-06
9.276571809e-06
9.272605452e-06
9.269946984e-06
9.254450248e-06
9.258944418e-06
9.280445023e-06
9.262813751e-06
9.252812476e-06
9.252583499e-06
9.262010389e-06
9.268511023e-06
9.280526523e-06
9.273044002e-06
9.269151384e-06
9.265150098e-06
9.261032383e-06
9.257811173e-06
9.27140235e-06
9.271941805e-06
9.269578291e-06
9.257031097e-06
9.260950882e-06
9.266442463e-06
9.256825405e-06
9.252890096e-06
9.288172045e-06
9.26758347e-06
9.263073776e-06
9.279055633e-06
9.28285899e-06
9.273109979e-06
9.269838316e-06
9.267564065e-06
9.271122919e-06
9.269578291e-06
9.270641678e-06
9.269551124e-06
9.276591214e-06
9.272093163e-06
9.273835721e-06
9.267323444e-06
9.276738691e-06
9.277844769e-06
9.291067253e-06
9.2655576e-06
9.263279468e-06
9.257345456e-06
9.282924966e-06
9.289122884e-06
9.303750281e-06
9.269197955e-06
9.268767167e-06
9.289173337e-06
9.286875799e-06
9.286379034e-06
9.284166878e-06
9.279858995e-06
9.260954763e-06
9.280320832e-06
9.26734673e-06
9.28250194e-06
9.286076318e-06
9.250650773e-06
9.281919793e-06
9.293849913e-06
9.281496767e-06
9.273645553e-06
9.262685678e-06
9.285082789e-06
9.293046551e-06
9.286018104e-06
9.291893901e-06
9.284263903e-06
9.293376433e-06
9.288067259e-06
9.289049146e-06
9.27617595e-06
9.274332486e-06
9.293504506e-06
9.301739936e-06
9.281027169e-06
9.291191444e-06
9.269985793e-06
9.296450166e-06
9.295580828e-06
9.302523893e-06
9.304130617e-06
9.277115146e-06
9.302240582e-06
9.288043973e-06
9.28755497e-06
9.293194028e-06
9.304208236e-06
9.292782644e-06
9.285199218e-06
9.298999967e-06
9.301856365e-06
9.301848603e-06
9.309695936e-06
9.309005122e-06
9.312265142e-06
9.276028473e-06
9.304161665e-06
9.299752876e-06
9.297214718e-06
9.299205659e-06
9.311228921e-06
9.314291011e-06
9.294548488e-06
9.273005193e-06
9.294152629e-06
9.283289778e-06
9.283650709e-06
9.272970264e-06
9.306661013e-06
9.304184951e-06
9.31154328e-06
9.31058856e-06
9.305745103e-06
9.323446233e-06
9.308640311e-06
9.314034867e-06
9.290791704e-06
9.295146158e-06
9.297001265e-06
9.287508398e-06
9.278182414e-06
9.292879669e-06
9.292689501e-06
9.300835669e-06
9.297839555e-06
9.295607994e-06
9.282389392e-06
9.282245795e-06
9.284415261e-06
9.288094426e-06
9.290741251e-06
9.278904275e-06
9.288179807e-06
9.300874478e-06
9.299399708e-06
9.29598833e-06
9.287644233e-06
9.29924835e-06
9.289899079e-06
9.282478654e-06
9.265472219e-06
9.268674024e-06
9.254624892e-06
9.266042722e-06
9.265448933e-06
9.280184997e-06
9.286992229e-06
9.267890067e-06
9.285094432e-06
9.28810995e-06
9.279924972e-06
9.267397183e-06
9.263787875e-06
9.273482553e-06
9.275089276e-06
9.274542059e-06
9.276226402e-06
9.279284611e-06
9.277231575e-06
9.279055633e-06
9.274282033e-06
9.278186295e-06
9.281450195e-06
9.276610619e-06
9.276249688e-06
9.266811155e-06
9.25684481e-06
9.26010483e-06
9.265289813e-06
9.264936644e-06
9.271146205e-06
9.268868073e-06
9.267009085e-06
9.270241938e-06
9.274499368e-06
9.249490361e-06
9.26117986e-06
9.265763292e-06
9.26102074e-06
9.258071198e-06
9.258059555e-06
9.257772363e-06
9.262903013e-06
9.253429552e-06
9.252664999e-06
9.263438588e-06
9.255106133e-06
9.260935358e-06
9.25048001e-06
9.25596771e-06
9.277064693e-06
9.283844757e-06
9.268161735e-06
9.276315665e-06
9.265130693e-06
9.266081532e-06
9.254531749e-06
9.25163266e-06
9.257062145e-06
9.278108675e-06
9.264913358e-06
9.261408837e-06
9.262879727e-06
9.259592541e-06
9.259802113e-06
9.260353212e-06
9.267055657e-06
9.259503278e-06
9.266974156e-06
9.269919817e-06
9.255987114e-06
9.272958621e-06
9.272322141e-06
9.27088618e-06
9.262774941e-06
9.265759411e-06
9.264963811e-06
9.258622297e-06
9.275477374e-06
9.273699887e-06
9.267094467e-06
9.267238063e-06
9.273661077e-06
9.289934008e-06
9.276245807e-06
9.257205741e-06
9.262840917e-06
9.26301168e-06
9.27565978e-06
9.264952168e-06
9.268169497e-06
9.262965109e-06
9.284733501e-06
9.275725756e-06
9.288715382e-06
9.277980603e-06
9.286712798e-06
9.281364814e-06
9.26579434e-06
9.263500683e-06
9.282897799e-06
9.273835721e-06
9.288117712e-06
9.280021996e-06
9.28051488e-06
9.267280753e-06
9.275799495e-06
9.274565345e-06
9.274115152e-06
9.280739977e-06
9.270855132e-06
9.291831805e-06
9.271949567e-06
9.283561446e-06
9.285412672e-06
9.282703751e-06
9.281434672e-06
9.285513577e-06
9.282331177e-06
9.287209563e-06
9.280623548e-06
9.273959913e-06
9.283724447e-06
9.285106074e-06
9.275065991e-06
9.290438535e-06
9.307080158e-06
9.284617072e-06
9.286212153e-06
9.278411392e-06
9.283487708e-06
9.269718006e-06
9.291878377e-06
9.286181105e-06
9.287337635e-06
9.287694685e-06
9.272050473e-06
9.274805965e-06
9.283413969e-06
9.277115146e-06
9.285342814e-06
9.290690798e-06
9.290469583e-06
9.295763233e-06
9.289573077e-06
9.280266498e-06
9.289534268e-06
9.273207003e-06
9.279886162e-06
9.284900383e-06
9.298359606e-06
9.301413934e-06
9.332290976e-06
9.319126707e-06
9.322961111e-06
9.309525173e-06
9.300420404e-06
9.300338904e-06
9.303715353e-06
9.307460494e-06
9.30983177e-06
9.301301386e-06
9.282956014e-06
9.279862876e-06
9.297870603e-06
9.291463113e-06
9.304367356e-06
9.303556233e-06
9.296248355e-06
9.306913276e-06
9.276214759e-06
9.30111898e-06
9.310790371e-06
9.299721829e-06
9.299985735e-06
9.294855085e-06
9.30251225e-06
9.307514828e-06
9.284108664e-06
9.28266106e-06
9.292413952e-06
9.312959836e-06
9.288241903e-06
9.284710215e-06
9.289879674e-06
9.296939169e-06
9.286025866e-06
9.289767126e-06
9.279113848e-06
9.289809817e-06
9.302558822e-06
9.285649411e-06
9.291001276e-06
9.293275528e-06
9.298212129e-06
9.311686876e-06
9.306241868e-06
9.292018092e-06
9.302104748e-06
9.281073741e-06
9.274953442e-06
9.26710611e-06
9.282765846e-06
9.273758102e-06
9.266609345e-06
9.278970252e-06
9.271511017e-06
9.281322123e-06
9.279086681e-06
9.292902954e-06
9.27681243e-06
9.292025854e-06
9.269100931e-06
9.269046597e-06
9.265018145e-06
9.262282057e-06
9.268751643e-06
9.274782679e-06
9.274344129e-06
9.263403659e-06
9.282587321e-06
9.265798221e-06
9.282517464e-06
9.285630006e-06
9.274674012e-06
9.267494207e-06
9.271755518e-06
9.275465731e-06
9.256937953e-06
9.251454135e-06
9.273917222e-06
9.264925001e-06
9.263485159e-06
9.251718041e-06
9.265181146e-06
9.261556314e-06
9.254364867e-06
9.278869347e-06
9.26698968e-06
9.267207015e-06
9.2551333e-06
9.253557624e-06
9.26217339e-06
9.264071187e-06
9.256464474e-06
9.246668892e-06
9.248640428e-06
9.273494195e-06
9.280425618e-06
9.261540791e-06
9.270059532e-06
9.278733513e-06
9.265227717e-06
9.273424338e-06
9.269007788e-06
9.267137157e-06
9.261734839e-06
9.260322164e-06
9.260392022e-06
9.273715411e-06
9.25346448e-06
9.268270402e-06
9.257578314e-06
9.25636745e-06
9.268359665e-06
9.268468332e-06
9.278908156e-06
9.273664958e-06
9.278108675e-06
9.268666262e-06
9.260853858e-06
9.282785251e-06
9.271646851e-06
9.272166902e-06
9.275314373e-06
9.273028478e-06
9.271782685e-06
9.259262658e-06
9.279245801e-06
9.282800775e-06
9.272054353e-06
9.273917222e-06
9.273540767e-06
9.285824055e-06
9.281411386e-06
9.280736096e-06
9.279257444e-06
9.293954699e-06
9.27187971e-06
9.259852566e-06
9.270009079e-06
9.254947013e-06
9.278314367e-06
9.280825358e-06
9.285688221e-06
9.284648119e-06
9.277720578e-06
9.274802084e-06
9.278248391e-06
9.275981901e-06
9.286274248e-06
9.283468303e-06
9.283355754e-06
9.283635185e-06
9.260046615e-06
9.286413963e-06
9.274192771e-06
9.274561464e-06
9.276532999e-06
9.264498094e-06
9.284166878e-06
9.288583429e-06
9.291168158e-06
9.279924972e-06
9.279800781e-06
9.286883561e-06
9.271608041e-06
9.270831846e-06
9.258940537e-06
9.27593921e-06
9.273420457e-06
9.288346689e-06
9.284461833e-06
9.279742566e-06
9.279707637e-06
9.278846061e-06
9.280510999e-06
9.293593768e-06
9.26301168e-06
9.273300147e-06
9.279311778e-06
9.278729632e-06
9.28958472e-06
9.278031056e-06
9.280736096e-06
9.266772346e-06
9.294808513e-06
9.298499321e-06
9.296019378e-06
9.26790171e-06
9.282346701e-06
9.304491548e-06
9.273579577e-06
9.279109967e-06
9.293977985e-06
9.289708912e-06
9.288121593e-06
9.292053021e-06
9.284357046e-06
9.29379946e-06
9.295010324e-06
9.310961134e-06
9.310522584e-06
9.304448857e-06
9.310910681e-06
9.301406172e-06
9.295406184e-06
9.295208254e-06
9.297835674e-06
9.287869329e-06
9.308853764e-06
9.303758043e-06
9.283371278e-06
9.304052997e-06
9.286922371e-06
9.287865448e-06
9.31174121e-06
9.305170718e-06
9.305717936e-06
9.29642688e-06
9.294890014e-06
9.308923622e-06
9.287970234e-06
9.295891306e-06
9.295580828e-06
9.309428149e-06
9.310798133e-06
9.298235415e-06
9.286825347e-06
9.282641655e-06
9.303529066e-06
9.290535559e-06
9.292588595e-06
9.285824055e-06
9.275135848e-06
9.272733524e-06
9.285633887e-06
9.287535565e-06
9.282649417e-06
9.29041913e-06
9.302768394e-06
9.306773561e-06
9.277813721e-06
9.279451493e-06
9.295347969e-06
9.322250892e-06
9.28660025e-06
9.264315688e-06
9.286468297e-06
9.289790412e-06
9.269667553e-06
9.269143622e-06
9.286495464e-06
9.284271665e-06
9.264319569e-06
9.267257468e-06
9.282137128e-06
9.282439844e-06
9.278826656e-06
9.293038789e-06
9.287512279e-06
9.285459243e-06
9.258544677e-06
9.283243206e-06
9.267055657e-06
9.271491612e-06
9.274146199e-06
9.281690816e-06
9.274639083e-06
9.278322129e-06
9.289126765e-06
9.285319528e-06
9.280126783e-06
9.263981924e-06
9.268134568e-06
9.267090586e-06
9.2782057e-06
9.252928906e-06
9.267238063e-06
9.262476106e-06
9.272523952e-06
9.267645565e-06
9.25294443e-06
9.25569216e-06
9.262088008e-06
9.254791774e-06
9.252684404e-06
9.253142359e-06
9.261195384e-06
9.257496814e-06
9.259848685e-06
9.270102223e-06
9.255459302e-06
9.264820215e-06
9.266733536e-06
9.247681827e-06
9.271219944e-06
9.262018151e-06
9.266190199e-06
9.253670172e-06
9.260842215e-06
9.264412713e-06
9.263353206e-06
9.277642958e-06
9.257512338e-06
9.264032377e-06
9.282187581e-06
9.267420469e-06
9.270571821e-06
9.263349325e-06
9.269388123e-06
9.269609339e-06
9.26217339e-06
9.255664993e-06
9.249063454e-06
9.269877126e-06
9.263151395e-06
9.262957347e-06
9.279203111e-06
9.261785292e-06
9.252525284e-06
9.272574404e-06
9.264684381e-06
9.286503226e-06
9.277961198e-06
9.266543368e-06
9.2766145e-06
9.283584732e-06
9.276602857e-06
9.279276849e-06
9.289087955e-06
9.276183712e-06
9.269935341e-06
9.282761965e-06
9.287217325e-06
9.276707643e-06
9.282715393e-06
9.285637768e-06
9.255529159e-06
9.272314379e-06
9.271926281e-06
9.269978032e-06
9.278500654e-06
9.280961193e-06
9.284298832e-06
9.285870627e-06
9.272970264e-06
9.253119073e-06
9.276886168e-06
9.279579565e-06
9.279862876e-06
9.295099587e-06
9.297296219e-06
9.274670131e-06
9.282641655e-06
9.272904287e-06
9.267723185e-06
9.274041413e-06
9.280798192e-06
9.27737129e-06
9.284325998e-06
9.295029729e-06
9.303001253e-06
9.289045265e-06
9.282152652e-06
9.281042693e-06
9.292464404e-06
9.270595107e-06
9.267571827e-06
9.270121628e-06
9.274774917e-06
9.269108693e-06
9.284485118e-06
9.284151354e-06
9.27824451e-06
9.284225093e-06
9.269349313e-06
9.282855109e-06
9.29813451e-06
9.292708906e-06
9.278993538e-06
9.286751608e-06
9.295216016e-06
9.271930162e-06
9.275368707e-06
9.285940484e-06
9.292479928e-06
9.304503191e-06
9.301231528e-06
9.294385487e-06
9.28317723e-06
9.288793001e-06
9.293671388e-06
9.277514886e-06
9.275326016e-06
9.297808508e-06
9.296989622e-06
9.30879555e-06
9.289518744e-06
9.281659768e-06
9.275399754e-06
9.2902212e-06
9.295526494e-06
9.302741228e-06
9.311613138e-06
9.317415196e-06
9.292809811e-06
9.304615739e-06
9.310041343e-06
9.290364796e-06
9.314108605e-06
9.307514828e-06
9.294890014e-06
9.285540744e-06
9.278426915e-06
9.291366088e-06
9.299197897e-06
9.305252219e-06
9.308644192e-06
9.300501905e-06
9.299197897e-06
9.311259969e-06
9.291827924e-06
9.300272927e-06
9.297564006e-06
9.295999973e-06
9.308566572e-06
9.292472166e-06
9.296329856e-06
9.286542035e-06
9.283254849e-06
9.275865472e-06
9.282179819e-06
9.286654584e-06
9.281815007e-06
9.30123929e-06
9.282769727e-06
9.288140997e-06
9.272391998e-06
9.276304022e-06
9.295545899e-06
9.285789126e-06
9.287900377e-06
9.272314379e-06
9.283421731e-06
9.289231552e-06
9.304759335e-06
9.27546185e-06
9.289937889e-06
9.289208266e-06
9.285467005e-06
9.276936621e-06
9.271495493e-06
9.269729649e-06
9.268425641e-06
9.257943126e-06
9.285160408e-06
9.270602869e-06
9.277115146e-06
9.285890032e-06
9.28592496e-06
9.283510993e-06
9.285032336e-06
9.26782409e-06
9.275217349e-06
9.271747756e-06
9.279544636e-06
9.269644268e-06
9.27963778e-06
9.270335081e-06
9.270113866e-06
9.294288463e-06
9.285451481e-06
9.271336373e-06
9.272609333e-06
9.293981866e-06
9.280576976e-06
9.257539505e-06
9.25533123e-06
9.262740012e-06
9.263632636e-06
9.252164353e-06
9.27383184e-06
9.265006502e-06
9.26062488e-06
9.259348039e-06
9.258909489e-06
9.266201842e-06
9.255618422e-06
9.259433421e-06
9.245795673e-06
9.258921132e-06
9.248621023e-06
9.262740012e-06
9.258521392e-06
9.258762012e-06
9.280293665e-06
9.258338986e-06
9.269306623e-06
9.259852566e-06
9.250254913e-06
9.268495499e-06
9.269531719e-06
9.267921114e-06
9.259173395e-06
9.269283337e-06
9.25266888e-06
9.26301168e-06
9.264715429e-06
9.288750311e-06
9.275011657e-06
9.277196646e-06
9.278399749e-06
9.262743893e-06
9.259088014e-06
9.270404939e-06
9.256103544e-06
9.252416617e-06
9.256153996e-06
9.248923739e-06
9.255210919e-06
9.259316992e-06
9.280045282e-06
9.2805925e-06
9.285583434e-06
9.266849965e-06
9.270921109e-06
9.269345433e-06
9.281213456e-06
9.282734798e-06
9.26495993e-06
9.282630012e-06
9.272826668e-06
9.267160443e-06
9.268720595e-06
9.269190193e-06
9.277390695e-06
9.278069866e-06
9.274165604e-06
9.266306629e-06
9.257931483e-06
9.278112556e-06
9.258207033e-06
9.246668892e-06
9.281485124e-06
9.282529107e-06
9.277988365e-06
9.289887436e-06
9.272232878e-06
9.270831846e-06
9.278776203e-06
9.297059479e-06
9.279214753e-06
9.28262225e-06
9.275081514e-06
9.275842186e-06
9.266516201e-06
9.274891347e-06
9.285020693e-06
9.267342849e-06
9.283402326e-06
9.265460576e-06
9.269031073e-06
9.274918513e-06
9.298510964e-06
9.29010089e-06
9.287977996e-06
9.278279438e-06
9.269566648e-06
9.289157813e-06
9.278593797e-06
9.268289807e-06
9.275197944e-06
9.285610601e-06
9.277720578e-06
9.281554982e-06
9.298631274e-06
9.292996098e-06
9.296749001e-06
9.284135831e-06
9.278993538e-06
9.276148783e-06
9.297210837e-06
9.275403635e-06
9.275535589e-06
9.283534279e-06
9.29216945e-06
9.283530398e-06
9.290721846e-06
9.299349255e-06
9.301371243e-06
9.291824043e-06
)
;

boundaryField
{
    bottom
    {
        type            calculated;
        value           nonuniform List<scalar> 
200
(
9.279567922e-06
9.272151378e-06
9.29145147e-06
9.28162872e-06
9.30123929e-06
9.297028432e-06
9.286247081e-06
9.301285862e-06
9.292569191e-06
9.303439803e-06
9.315397089e-06
9.308807193e-06
9.300649382e-06
9.284880978e-06
9.301184956e-06
9.331041302e-06
9.29893011e-06
9.298829204e-06
9.289732197e-06
9.295181087e-06
9.307378993e-06
9.30402195e-06
9.293663626e-06
9.290248367e-06
9.291781353e-06
9.296430761e-06
9.283600256e-06
9.293892603e-06
9.305989604e-06
9.305683007e-06
9.286386796e-06
9.303036182e-06
9.30247344e-06
9.306994777e-06
9.303315612e-06
9.29348122e-06
9.303331136e-06
9.279971544e-06
9.294470869e-06
9.287380326e-06
9.302240582e-06
9.298999967e-06
9.286984467e-06
9.296857669e-06
9.28826907e-06
9.286103485e-06
9.293391957e-06
9.283208277e-06
9.286553678e-06
9.299787805e-06
9.284741263e-06
9.292604119e-06
9.279051753e-06
9.295394541e-06
9.296050426e-06
9.297234123e-06
9.28202458e-06
9.276719286e-06
9.271150086e-06
9.267591232e-06
9.274173366e-06
9.28222251e-06
9.269504553e-06
9.293438529e-06
9.272457975e-06
9.280010353e-06
9.307879639e-06
9.300494143e-06
9.280056925e-06
9.278663655e-06
9.278473487e-06
9.269353194e-06
9.273416576e-06
9.273866769e-06
9.251776256e-06
9.265751649e-06
9.276338951e-06
9.298258701e-06
9.267882305e-06
9.272291093e-06
9.281520053e-06
9.279948258e-06
9.284240617e-06
9.265033669e-06
9.251108728e-06
9.266000032e-06
9.273323433e-06
9.27187971e-06
9.258401081e-06
9.262724488e-06
9.266686964e-06
9.266857727e-06
9.273249694e-06
9.273761983e-06
9.242492962e-06
9.248881048e-06
9.263690851e-06
9.255948305e-06
9.25226914e-06
9.267676613e-06
9.260481284e-06
9.264498094e-06
9.257100954e-06
9.255156586e-06
9.277945674e-06
9.263787875e-06
9.260194092e-06
9.26460288e-06
9.254197985e-06
9.26571672e-06
9.283677875e-06
9.283910734e-06
9.276571809e-06
9.272605452e-06
9.269946984e-06
9.254450248e-06
9.258944418e-06
9.280445023e-06
9.262813751e-06
9.252812476e-06
9.252583499e-06
9.262010389e-06
9.268511023e-06
9.280526523e-06
9.273044002e-06
9.269151384e-06
9.265150098e-06
9.261032383e-06
9.257811173e-06
9.27140235e-06
9.271941805e-06
9.269578291e-06
9.257031097e-06
9.260950882e-06
9.266442463e-06
9.256825405e-06
9.252890096e-06
9.288172045e-06
9.26758347e-06
9.263073776e-06
9.279055633e-06
9.28285899e-06
9.273109979e-06
9.269838316e-06
9.267564065e-06
9.271122919e-06
9.269578291e-06
9.270641678e-06
9.269551124e-06
9.276591214e-06
9.272093163e-06
9.273835721e-06
9.267323444e-06
9.276738691e-06
9.277844769e-06
9.291067253e-06
9.2655576e-06
9.263279468e-06
9.257345456e-06
9.282924966e-06
9.289122884e-06
9.303750281e-06
9.269197955e-06
9.268767167e-06
9.289173337e-06
9.286875799e-06
9.286379034e-06
9.284166878e-06
9.279858995e-06
9.260954763e-06
9.280320832e-06
9.26734673e-06
9.28250194e-06
9.286076318e-06
9.250650773e-06
9.281919793e-06
9.293849913e-06
9.281496767e-06
9.273645553e-06
9.262685678e-06
9.285082789e-06
9.293046551e-06
9.286018104e-06
9.291893901e-06
9.284263903e-06
9.293376433e-06
9.288067259e-06
9.289049146e-06
9.27617595e-06
9.274332486e-06
9.293504506e-06
9.301739936e-06
9.281027169e-06
9.291191444e-06
9.269985793e-06
9.296450166e-06
9.295580828e-06
9.302523893e-06
9.304130617e-06
9.277115146e-06
)
;
    }
    top
    {
        type            calculated;
        value           nonuniform List<scalar> 
200
(
9.293671388e-06
9.277514886e-06
9.275326016e-06
9.297808508e-06
9.296989622e-06
9.30879555e-06
9.289518744e-06
9.281659768e-06
9.275399754e-06
9.2902212e-06
9.295526494e-06
9.302741228e-06
9.311613138e-06
9.317415196e-06
9.292809811e-06
9.304615739e-06
9.310041343e-06
9.290364796e-06
9.314108605e-06
9.307514828e-06
9.294890014e-06
9.285540744e-06
9.278426915e-06
9.291366088e-06
9.299197897e-06
9.305252219e-06
9.308644192e-06
9.300501905e-06
9.299197897e-06
9.311259969e-06
9.291827924e-06
9.300272927e-06
9.297564006e-06
9.295999973e-06
9.308566572e-06
9.292472166e-06
9.296329856e-06
9.286542035e-06
9.283254849e-06
9.275865472e-06
9.282179819e-06
9.286654584e-06
9.281815007e-06
9.30123929e-06
9.282769727e-06
9.288140997e-06
9.272391998e-06
9.276304022e-06
9.295545899e-06
9.285789126e-06
9.287900377e-06
9.272314379e-06
9.283421731e-06
9.289231552e-06
9.304759335e-06
9.27546185e-06
9.289937889e-06
9.289208266e-06
9.285467005e-06
9.276936621e-06
9.271495493e-06
9.269729649e-06
9.268425641e-06
9.257943126e-06
9.285160408e-06
9.270602869e-06
9.277115146e-06
9.285890032e-06
9.28592496e-06
9.283510993e-06
9.285032336e-06
9.26782409e-06
9.275217349e-06
9.271747756e-06
9.279544636e-06
9.269644268e-06
9.27963778e-06
9.270335081e-06
9.270113866e-06
9.294288463e-06
9.285451481e-06
9.271336373e-06
9.272609333e-06
9.293981866e-06
9.280576976e-06
9.257539505e-06
9.25533123e-06
9.262740012e-06
9.263632636e-06
9.252164353e-06
9.27383184e-06
9.265006502e-06
9.26062488e-06
9.259348039e-06
9.258909489e-06
9.266201842e-06
9.255618422e-06
9.259433421e-06
9.245795673e-06
9.258921132e-06
9.248621023e-06
9.262740012e-06
9.258521392e-06
9.258762012e-06
9.280293665e-06
9.258338986e-06
9.269306623e-06
9.259852566e-06
9.250254913e-06
9.268495499e-06
9.269531719e-06
9.267921114e-06
9.259173395e-06
9.269283337e-06
9.25266888e-06
9.26301168e-06
9.264715429e-06
9.288750311e-06
9.275011657e-06
9.277196646e-06
9.278399749e-06
9.262743893e-06
9.259088014e-06
9.270404939e-06
9.256103544e-06
9.252416617e-06
9.256153996e-06
9.248923739e-06
9.255210919e-06
9.259316992e-06
9.280045282e-06
9.2805925e-06
9.285583434e-06
9.266849965e-06
9.270921109e-06
9.269345433e-06
9.281213456e-06
9.282734798e-06
9.26495993e-06
9.282630012e-06
9.272826668e-06
9.267160443e-06
9.268720595e-06
9.269190193e-06
9.277390695e-06
9.278069866e-06
9.274165604e-06
9.266306629e-06
9.257931483e-06
9.278112556e-06
9.258207033e-06
9.246668892e-06
9.281485124e-06
9.282529107e-06
9.277988365e-06
9.289887436e-06
9.272232878e-06
9.270831846e-06
9.278776203e-06
9.297059479e-06
9.279214753e-06
9.28262225e-06
9.275081514e-06
9.275842186e-06
9.266516201e-06
9.274891347e-06
9.285020693e-06
9.267342849e-06
9.283402326e-06
9.265460576e-06
9.269031073e-06
9.274918513e-06
9.298510964e-06
9.29010089e-06
9.287977996e-06
9.278279438e-06
9.269566648e-06
9.289157813e-06
9.278593797e-06
9.268289807e-06
9.275197944e-06
9.285610601e-06
9.277720578e-06
9.281554982e-06
9.298631274e-06
9.292996098e-06
9.296749001e-06
9.284135831e-06
9.278993538e-06
9.276148783e-06
9.297210837e-06
9.275403635e-06
9.275535589e-06
9.283534279e-06
9.29216945e-06
9.283530398e-06
9.290721846e-06
9.299349255e-06
9.301371243e-06
9.291824043e-06
)
;
    }
    inlet
    {
        type            cyclic;
    }
    outlet
    {
        type            cyclic;
    }
    back
    {
        type            symmetry;
    }
    front
    {
        type            symmetry;
    }
}


// ************************************************************************* //
