/*--------------------------------*- C++ -*----------------------------------*\
| =========                 |                                                 |
| \\      /  F ield         | OpenFOAM: The Open Source CFD Toolbox           |
|  \\    /   O peration     | Version:  v1706                                 |
|   \\  /    A nd           | Web:      www.OpenFOAM.com                      |
|    \\/     M anipulation  |                                                 |
\*---------------------------------------------------------------------------*/
FoamFile
{
    version     2.0;
    format      ascii;
    class       volScalarField;
    location    "0.27";
    object      p_Ar;
}
// * * * * * * * * * * * * * * * * * * * * * * * * * * * * * * * * * * * * * //

dimensions      [1 -1 -2 0 0 0 0];


internalField   nonuniform List<scalar> 
1000
(
0.5267209366
0.5266255379
0.5273525886
0.5271813316
0.5281502825
0.5281436703
0.5271706465
0.5279617412
0.5271623209
0.5273932439
0.5284206605
0.5283016336
0.5286486181
0.5278767271
0.527239943
0.5284686239
0.5284094237
0.5278668834
0.5273875125
0.5274676219
0.5283372661
0.5281399301
0.5273152636
0.5270701575
0.5273819835
0.5264584785
0.5269045132
0.5281118622
0.5284856173
0.5273892918
0.5270154726
0.5278696992
0.5276339103
0.5282532882
0.5272091709
0.5274343101
0.5284379252
0.5269193871
0.5276240604
0.5271821126
0.5275018281
0.5283253652
0.5274389142
0.5276972793
0.5269892903
0.5279742978
0.52838833
0.5277998182
0.5276956294
0.5277718519
0.5267540663
0.5270041444
0.5271124841
0.5273002893
0.5278253148
0.5273489648
0.527449519
0.527186607
0.5270390193
0.5269485331
0.5272672712
0.5272362607
0.526672165
0.5280670026
0.5276719045
0.5282393085
0.5283646675
0.5276688712
0.5269199658
0.5270215299
0.5274495346
0.5274004252
0.5275074941
0.527246547
0.5265222702
0.5267213284
0.5276862795
0.5283356486
0.5276555025
0.5274816402
0.5278534817
0.5280916897
0.5281445316
0.5273276802
0.5267564301
0.5273458914
0.5279084467
0.5287705266
0.5273604622
0.5274052744
0.5272029668
0.5273725264
0.52895279
0.5291214067
0.5273243477
0.5271529125
0.528615743
0.527601048
0.5263940509
0.5275391834
0.5277656708
0.5286156971
0.527773665
0.5268382454
0.528065467
0.5277882069
0.5270979813
0.5274243736
0.527127063
0.527212945
0.5284992964
0.5283128892
0.5280203246
0.5288766957
0.5278462798
0.5272226838
0.5276657497
0.5283438668
0.5281127197
0.5278763011
0.5274713308
0.5284220232
0.5284933488
0.5286028346
0.5283450504
0.5282719229
0.5274238578
0.5277335886
0.5275220986
0.5277932046
0.527294675
0.5269099217
0.5270964333
0.5274874286
0.5274956901
0.5270470122
0.5266214731
0.5283698904
0.5274827152
0.5271764475
0.5287665796
0.5280767022
0.5277922855
0.5286690291
0.527304964
0.52783947
0.5283899028
0.5289703822
0.5282513707
0.5273828729
0.5269023005
0.5278267343
0.5274312114
0.5280807972
0.5286100593
0.5281022687
0.527284594
0.5274826112
0.5272977411
0.528364202
0.5277199564
0.5287113144
0.5276973228
0.5275589764
0.5280262394
0.5285942052
0.5281178989
0.5284852798
0.5273240118
0.526799418
0.5269520442
0.52762989
0.5265638362
0.5269076303
0.5261336086
0.5273733335
0.5276344182
0.5274774794
0.5282570898
0.5268730524
0.5272259228
0.5278664826
0.5277758552
0.5278688641
0.5272269976
0.527717437
0.5274071261
0.5278524401
0.5281236993
0.5275187545
0.5284187978
0.5296976838
0.5288171266
0.5283366524
0.5262749602
0.5274653548
0.527270658
0.5274473653
0.5285485565
0.5274086395
0.5285119131
0.5278652281
0.5275561512
0.5278162905
0.5276701854
0.5281266246
0.5276819442
0.5276524279
0.5279203915
0.5273499277
0.5271415974
0.5279843973
0.5283931062
0.526876668
0.5274623009
0.5267054213
0.5273027304
0.5276117278
0.5284645761
0.5284562597
0.5267341053
0.5267967622
0.5276255546
0.5267000212
0.5273703899
0.5267451745
0.5282227399
0.5285094286
0.5284143626
0.52791548
0.5273073794
0.528466055
0.5272060215
0.5281859887
0.5270952326
0.527020718
0.5280346568
0.5273159103
0.5269901978
0.5272892491
0.5281250333
0.5278933633
0.5278018079
0.5275816256
0.5275255384
0.5273252967
0.5274514617
0.5274731158
0.5270278641
0.5267980267
0.5270523285
0.5273066796
0.5281034797
0.527505268
0.5267930225
0.5281091091
0.5283996018
0.5269618675
0.526747583
0.5268261835
0.5267485357
0.5270200982
0.5272752611
0.5279108097
0.528506769
0.5268535132
0.5277122914
0.5277396455
0.5268346663
0.5274359589
0.5270466747
0.5278108662
0.5277066661
0.5269034683
0.5275000371
0.5282629103
0.5286088077
0.5284532713
0.5281920723
0.5275346868
0.5279142431
0.5275280381
0.5281988383
0.5273896513
0.5266733108
0.5268039625
0.5272165492
0.5278944327
0.5281196294
0.5279138562
0.5279484517
0.5272201346
0.5277523516
0.52715487
0.5275773317
0.5279170066
0.5278358591
0.5283969
0.5267047188
0.5276526263
0.5282459227
0.527760192
0.527633608
0.5275490154
0.5275541827
0.527905395
0.5263520276
0.5269268809
0.5274736583
0.5278382882
0.5274883848
0.5280659895
0.5275110319
0.5278420238
0.5268408213
0.5274296851
0.5273274548
0.5289334373
0.5278009555
0.5285994427
0.527681797
0.5272025822
0.5276124919
0.5278440899
0.5282112358
0.5277173124
0.527703792
0.5283654213
0.5272255288
0.5277689167
0.527942989
0.5279767224
0.5270815115
0.5275564869
0.5279840209
0.528269612
0.5278095761
0.5285103102
0.5277401898
0.5279193403
0.5285411546
0.5277593816
0.5275834235
0.5273635418
0.5278537566
0.5274206879
0.5285556914
0.5281965868
0.5278927395
0.527220504
0.528171698
0.5277165548
0.5279844466
0.5279583204
0.5281216186
0.5281660467
0.5267453725
0.5270754324
0.5287292403
0.5280252148
0.5287070264
0.5274346978
0.5277080973
0.5273642221
0.5280114899
0.5275027617
0.527828222
0.5284089267
0.5272442182
0.527912695
0.5272145296
0.5277210088
0.5278111758
0.5273741174
0.5277820918
0.5279869954
0.5281289459
0.527978488
0.5277824237
0.5270579746
0.528263043
0.5278701944
0.5266206392
0.5285063393
0.5284754157
0.5271158732
0.5279458249
0.5274172448
0.5284820998
0.5278360227
0.5282989697
0.5278470396
0.5283661107
0.5283619331
0.5275169046
0.526754111
0.5267919593
0.5278864836
0.5276442797
0.5276974354
0.5273263649
0.5283745719
0.5279030751
0.5273641447
0.5281021301
0.5271912567
0.5276043244
0.5279544285
0.5277869589
0.5271675435
0.5281139279
0.5286292047
0.5282945766
0.5280962016
0.5272744078
0.5283181332
0.5275233261
0.5285989495
0.5281603348
0.5269271789
0.5277142151
0.5274723097
0.5278501677
0.5270687273
0.527298589
0.5280894954
0.527984417
0.5285943961
0.5266768357
0.5272417685
0.5274590185
0.5276733333
0.5276225135
0.5274908297
0.5270680169
0.5286203875
0.527714928
0.5271933573
0.5272436518
0.5288325864
0.5276242436
0.5272662389
0.5275242933
0.5286420235
0.527625611
0.5279954494
0.527383223
0.5278490032
0.5280199214
0.5272457626
0.5276642184
0.5278091226
0.527663625
0.5282744552
0.5282327743
0.5280229635
0.5285136527
0.5271751345
0.5271102091
0.5271242766
0.5289554725
0.5277359266
0.5277306259
0.5277072611
0.527886474
0.5278310311
0.5274022468
0.5273188375
0.5266555685
0.5276681886
0.526544443
0.5265016432
0.5267003427
0.5268352868
0.5275470619
0.5282220948
0.5277078134
0.5274948603
0.5283622934
0.5271451739
0.5280283559
0.5278526168
0.5273537169
0.5266626998
0.5269904638
0.5281072456
0.5269859666
0.5276303853
0.5281337055
0.5272797511
0.5276119933
0.526901756
0.5273437784
0.5278382005
0.5274874832
0.528270071
0.527508365
0.5283042897
0.5274802543
0.5273024065
0.5281996907
0.5281639151
0.5273338683
0.526977605
0.5272231843
0.5285830725
0.5285570914
0.5281555721
0.5279916074
0.5279269356
0.5268018213
0.5285345846
0.5270804314
0.5278286547
0.527551003
0.5279872397
0.5277779916
0.5277935892
0.527430548
0.5278182887
0.527191212
0.5269952526
0.5275094776
0.5279881674
0.5282002837
0.5283841228
0.5287418978
0.5280823475
0.5277132017
0.5288152917
0.5281133412
0.5281609765
0.5279561522
0.5281432388
0.5282013302
0.5276606567
0.5279918036
0.5281938264
0.5278462948
0.5282901933
0.5284230153
0.5283809161
0.5281414665
0.5286727587
0.5281545901
0.5283919276
0.5276435925
0.5274633765
0.52738421
0.5268928433
0.5282695738
0.5276882153
0.5287495305
0.5278120054
0.5281633817
0.5274956091
0.5273753702
0.5273731962
0.5279832247
0.5279364369
0.5277374031
0.5284321528
0.5272571765
0.5286618153
0.528112857
0.5280204007
0.5273827132
0.5272562196
0.527653214
0.5279662606
0.5272599136
0.5271349535
0.5283404354
0.5277073296
0.5269729028
0.5274503226
0.5266743569
0.5277048556
0.5271325839
0.5276394231
0.5274192959
0.5283439819
0.5277790016
0.5276424555
0.5270820814
0.5285495526
0.52675346
0.5276173031
0.5284555315
0.5276522169
0.5274576682
0.5274925574
0.5276837739
0.5273012594
0.527716248
0.528322716
0.5279214166
0.5277334757
0.5281077466
0.5284208019
0.5264310818
0.5269432884
0.5277018496
0.5278887154
0.5284094657
0.5279885348
0.5272814768
0.5282057766
0.5275820782
0.528495338
0.5288289179
0.527873777
0.5273007803
0.5277995886
0.527638804
0.5273864071
0.5282494087
0.5267840835
0.5285713083
0.5284868071
0.5276826009
0.5290155141
0.52739362
0.5274879633
0.5281380329
0.5278819366
0.527764125
0.5277746196
0.5278577851
0.5279322812
0.5269627043
0.5272784322
0.5269417297
0.5273206845
0.5275785687
0.5270781708
0.5274797706
0.5276483073
0.5280834655
0.5273659794
0.5278336999
0.52780496
0.5275282752
0.5268590101
0.5279075374
0.5279215204
0.5269769137
0.527978077
0.5279027037
0.5287722588
0.5272201202
0.5275403464
0.5280088687
0.5295384316
0.5269473751
0.5264968141
0.5277941677
0.5278867731
0.5270501055
0.5268480843
0.5275471546
0.5281945634
0.5275909474
0.5275859594
0.5286618291
0.527412364
0.5275364937
0.528030408
0.5270860298
0.5277632076
0.5259213194
0.5273587986
0.5272981002
0.527892108
0.5280999798
0.5278207616
0.5267498542
0.5278772552
0.5285714651
0.528244723
0.5276261842
0.5264718763
0.5267993996
0.5269855384
0.5282993159
0.526897095
0.5273192947
0.5270028897
0.527675987
0.5273268588
0.5275629968
0.5270094484
0.5277650719
0.5273559569
0.5274183818
0.5273837275
0.5277734122
0.5276728963
0.5270546431
0.5276578941
0.5269913157
0.5274738575
0.5282401985
0.5275050929
0.5283168494
0.5281472974
0.5279444299
0.527717563
0.5278820484
0.5276339854
0.5280194442
0.5277044833
0.5270717177
0.5274870708
0.5288241022
0.5281526554
0.5286552972
0.5275027286
0.5276274429
0.5274240898
0.5266920747
0.5271656147
0.5276772309
0.5282881526
0.528005609
0.5275263164
0.5285079874
0.5282494742
0.527688576
0.5281356615
0.5275588254
0.5283820166
0.5287985244
0.5282394259
0.5277242724
0.5287930849
0.5282589342
0.5284194958
0.5278655078
0.5279282808
0.5274364686
0.5281734556
0.5279006649
0.5279021228
0.5281406769
0.5282985129
0.5275068735
0.5272754999
0.5282136176
0.5268902853
0.5282771575
0.5282272404
0.528526723
0.5277352282
0.5282463237
0.5272829034
0.528120071
0.5278477215
0.5282373163
0.5280340891
0.528518052
0.5274271965
0.5282913926
0.5282849492
0.5280454239
0.5266235212
0.5278987359
0.5275045174
0.5271452443
0.5278542326
0.5289403041
0.5275958633
0.5269852838
0.527280297
0.5278281324
0.526840339
0.5275791173
0.527330609
0.5265239233
0.5267935893
0.5271438233
0.5277266193
0.5275815789
0.5275172694
0.5261602225
0.5286572248
0.5280454532
0.5281540321
0.5274066794
0.5283074044
0.5279504716
0.5267532835
0.5270850906
0.5276304634
0.5276540408
0.5281978639
0.5280547298
0.5281809847
0.52755718
0.52805825
0.5283209789
0.5268169643
0.5272705294
0.5281943275
0.5273741577
0.5279389488
0.5275283972
0.5268301618
0.5276286873
0.5283880479
0.5275241614
0.5273839219
0.5271515212
0.5282474197
0.5271671189
0.5274633158
0.5281390669
0.5280835724
0.5276224584
0.527229825
0.5281781911
0.527550792
0.5267729471
0.5267704703
0.5282368465
0.52791464
0.5279490035
0.5278530657
0.5282867976
0.5283060024
0.5275452565
0.5283568508
0.5272515523
0.5267998401
0.527490636
0.5273587438
0.5274823303
0.5270106225
0.526626741
0.5266070174
0.5265129324
0.5271389508
0.5271369209
0.5286730862
0.5278663612
0.5278026005
0.5270523599
0.5268640885
0.5285770022
0.5273812034
0.5276006026
0.52680831
0.5274519076
0.5276136559
0.5278993742
0.5270082252
0.5271042761
0.5277024672
0.5273479733
0.5271983281
0.5268833445
0.5273937392
0.5279523553
0.5271693021
0.5273937019
0.5270306617
0.5265217025
0.5274646906
0.5279579468
0.5277499365
0.5280261993
0.5277623645
0.527724901
0.527071995
0.5274954999
0.5272965185
0.528041019
0.5273566307
0.5275530963
0.5280124749
0.5270166856
0.5264730447
0.5269626056
0.5280658148
0.5279125027
0.527257723
0.526905841
0.5274469032
0.5280918883
0.527194259
0.5282692393
0.527328102
0.5277279547
0.5280147628
0.5274613244
0.527623329
0.5278321377
0.5276332509
0.52679207
0.527273689
0.5265974651
0.5273199503
0.5277405345
0.5275059464
0.5287908189
0.5272893064
0.5278638566
0.528151919
0.5273271512
0.5286575583
0.5278713802
0.5281494301
0.5271665924
0.5273744582
0.5274300563
0.528106856
0.5277948468
0.5289838576
0.5287699723
0.5290376654
0.5286761724
0.5276458807
0.5270873324
0.52732855
0.5274619539
0.527583251
0.5278377449
0.5266822367
0.5275402591
0.5277493993
0.5283599374
0.5288714687
0.5274344129
0.5268494772
0.5275432702
0.5280425708
0.5288144025
0.5282748141
0.527336331
0.5279147297
0.5273341855
0.528235751
0.5273938284
0.5276322796
0.5279892247
0.5278000465
0.5269442512
0.5273062592
0.5266611097
0.5269146658
0.5275058115
0.52747504
0.5288254285
0.5282541929
0.5280790044
0.5289403942
0.5281351436
0.5274501669
0.5281637156
0.5291607945
0.527754333
0.5278172796
0.5273923331
0.5279938772
0.5278650533
0.5276739266
0.5275495386
0.526978445
0.5269111366
0.5263058537
0.5269539766
0.5269462269
0.5277304271
0.5268365025
0.5275839983
0.5276325031
0.5284348462
0.5284723261
0.5276019962
0.5276027218
0.5275118662
0.5282243413
0.5271357664
0.5274125028
0.5283128152
0.5275863409
0.5281148044
0.5279541083
0.5283667795
0.5274666023
0.5276706646
0.5263086545
0.5271574764
0.527765015
0.5281042268
0.5276587283
0.527770899
0.5277212058
0.5275244222
0.5276910459
)
;

boundaryField
{
    bottom
    {
        type            calculated;
        value           nonuniform List<scalar> 
200
(
0.5267209366
0.5266255379
0.5273525886
0.5271813316
0.5281502825
0.5281436703
0.5271706465
0.5279617412
0.5271623209
0.5273932439
0.5284206605
0.5283016336
0.5286486181
0.5278767271
0.527239943
0.5284686239
0.5284094237
0.5278668834
0.5273875125
0.5274676219
0.5283372661
0.5281399301
0.5273152636
0.5270701575
0.5273819835
0.5264584785
0.5269045132
0.5281118622
0.5284856173
0.5273892918
0.5270154726
0.5278696992
0.5276339103
0.5282532882
0.5272091709
0.5274343101
0.5284379252
0.5269193871
0.5276240604
0.5271821126
0.5275018281
0.5283253652
0.5274389142
0.5276972793
0.5269892903
0.5279742978
0.52838833
0.5277998182
0.5276956294
0.5277718519
0.5267540663
0.5270041444
0.5271124841
0.5273002893
0.5278253148
0.5273489648
0.527449519
0.527186607
0.5270390193
0.5269485331
0.5272672712
0.5272362607
0.526672165
0.5280670026
0.5276719045
0.5282393085
0.5283646675
0.5276688712
0.5269199658
0.5270215299
0.5274495346
0.5274004252
0.5275074941
0.527246547
0.5265222702
0.5267213284
0.5276862795
0.5283356486
0.5276555025
0.5274816402
0.5278534817
0.5280916897
0.5281445316
0.5273276802
0.5267564301
0.5273458914
0.5279084467
0.5287705266
0.5273604622
0.5274052744
0.5272029668
0.5273725264
0.52895279
0.5291214067
0.5273243477
0.5271529125
0.528615743
0.527601048
0.5263940509
0.5275391834
0.5277656708
0.5286156971
0.527773665
0.5268382454
0.528065467
0.5277882069
0.5270979813
0.5274243736
0.527127063
0.527212945
0.5284992964
0.5283128892
0.5280203246
0.5288766957
0.5278462798
0.5272226838
0.5276657497
0.5283438668
0.5281127197
0.5278763011
0.5274713308
0.5284220232
0.5284933488
0.5286028346
0.5283450504
0.5282719229
0.5274238578
0.5277335886
0.5275220986
0.5277932046
0.527294675
0.5269099217
0.5270964333
0.5274874286
0.5274956901
0.5270470122
0.5266214731
0.5283698904
0.5274827152
0.5271764475
0.5287665796
0.5280767022
0.5277922855
0.5286690291
0.527304964
0.52783947
0.5283899028
0.5289703822
0.5282513707
0.5273828729
0.5269023005
0.5278267343
0.5274312114
0.5280807972
0.5286100593
0.5281022687
0.527284594
0.5274826112
0.5272977411
0.528364202
0.5277199564
0.5287113144
0.5276973228
0.5275589764
0.5280262394
0.5285942052
0.5281178989
0.5284852798
0.5273240118
0.526799418
0.5269520442
0.52762989
0.5265638362
0.5269076303
0.5261336086
0.5273733335
0.5276344182
0.5274774794
0.5282570898
0.5268730524
0.5272259228
0.5278664826
0.5277758552
0.5278688641
0.5272269976
0.527717437
0.5274071261
0.5278524401
0.5281236993
0.5275187545
0.5284187978
0.5296976838
0.5288171266
0.5283366524
0.5262749602
0.5274653548
0.527270658
0.5274473653
0.5285485565
0.5274086395
)
;
    }
    top
    {
        type            calculated;
        value           nonuniform List<scalar> 
200
(
0.5283209789
0.5268169643
0.5272705294
0.5281943275
0.5273741577
0.5279389488
0.5275283972
0.5268301618
0.5276286873
0.5283880479
0.5275241614
0.5273839219
0.5271515212
0.5282474197
0.5271671189
0.5274633158
0.5281390669
0.5280835724
0.5276224584
0.527229825
0.5281781911
0.527550792
0.5267729471
0.5267704703
0.5282368465
0.52791464
0.5279490035
0.5278530657
0.5282867976
0.5283060024
0.5275452565
0.5283568508
0.5272515523
0.5267998401
0.527490636
0.5273587438
0.5274823303
0.5270106225
0.526626741
0.5266070174
0.5265129324
0.5271389508
0.5271369209
0.5286730862
0.5278663612
0.5278026005
0.5270523599
0.5268640885
0.5285770022
0.5273812034
0.5276006026
0.52680831
0.5274519076
0.5276136559
0.5278993742
0.5270082252
0.5271042761
0.5277024672
0.5273479733
0.5271983281
0.5268833445
0.5273937392
0.5279523553
0.5271693021
0.5273937019
0.5270306617
0.5265217025
0.5274646906
0.5279579468
0.5277499365
0.5280261993
0.5277623645
0.527724901
0.527071995
0.5274954999
0.5272965185
0.528041019
0.5273566307
0.5275530963
0.5280124749
0.5270166856
0.5264730447
0.5269626056
0.5280658148
0.5279125027
0.527257723
0.526905841
0.5274469032
0.5280918883
0.527194259
0.5282692393
0.527328102
0.5277279547
0.5280147628
0.5274613244
0.527623329
0.5278321377
0.5276332509
0.52679207
0.527273689
0.5265974651
0.5273199503
0.5277405345
0.5275059464
0.5287908189
0.5272893064
0.5278638566
0.528151919
0.5273271512
0.5286575583
0.5278713802
0.5281494301
0.5271665924
0.5273744582
0.5274300563
0.528106856
0.5277948468
0.5289838576
0.5287699723
0.5290376654
0.5286761724
0.5276458807
0.5270873324
0.52732855
0.5274619539
0.527583251
0.5278377449
0.5266822367
0.5275402591
0.5277493993
0.5283599374
0.5288714687
0.5274344129
0.5268494772
0.5275432702
0.5280425708
0.5288144025
0.5282748141
0.527336331
0.5279147297
0.5273341855
0.528235751
0.5273938284
0.5276322796
0.5279892247
0.5278000465
0.5269442512
0.5273062592
0.5266611097
0.5269146658
0.5275058115
0.52747504
0.5288254285
0.5282541929
0.5280790044
0.5289403942
0.5281351436
0.5274501669
0.5281637156
0.5291607945
0.527754333
0.5278172796
0.5273923331
0.5279938772
0.5278650533
0.5276739266
0.5275495386
0.526978445
0.5269111366
0.5263058537
0.5269539766
0.5269462269
0.5277304271
0.5268365025
0.5275839983
0.5276325031
0.5284348462
0.5284723261
0.5276019962
0.5276027218
0.5275118662
0.5282243413
0.5271357664
0.5274125028
0.5283128152
0.5275863409
0.5281148044
0.5279541083
0.5283667795
0.5274666023
0.5276706646
0.5263086545
0.5271574764
0.527765015
0.5281042268
0.5276587283
0.527770899
0.5277212058
0.5275244222
0.5276910459
)
;
    }
    inlet
    {
        type            cyclic;
    }
    outlet
    {
        type            cyclic;
    }
    back
    {
        type            symmetry;
    }
    front
    {
        type            symmetry;
    }
}


// ************************************************************************* //
