/*--------------------------------*- C++ -*----------------------------------*\
| =========                 |                                                 |
| \\      /  F ield         | OpenFOAM: The Open Source CFD Toolbox           |
|  \\    /   O peration     | Version:  v1706                                 |
|   \\  /    A nd           | Web:      www.OpenFOAM.com                      |
|    \\/     M anipulation  |                                                 |
\*---------------------------------------------------------------------------*/
FoamFile
{
    version     2.0;
    format      ascii;
    class       scalarFieldField;
    location    "1e-06/lagrangian/dsmc";
    object      wallTemperature;
}
// * * * * * * * * * * * * * * * * * * * * * * * * * * * * * * * * * * * * * //


10000
(
0()
0()
0()
0()
0()
0()
0()
0()
0()
0()
0()
4(2000 0 0 1.7530204e-20)
0()
0()
0()
4(2000 0 0 2.474182774e-20)
4(2000 0 0 1.774933029e-20)
4(2000 0 0 3.506575744e-20)
0()
0()
0()
4(2000 0 0 1.317974162e-19)
0()
0()
0()
0()
0()
0()
4(2000 0 0 1.503109177e-20)
0()
4(2000 0 0 1.08032425e-19)
0()
4(2000 0 0 2.71092552e-20)
0()
4(2000 0 0 3.994648638e-20)
4(2000 0 0 5.900039844e-20)
0()
0()
0()
0()
0()
0()
0()
0()
4(2000 0 0 9.221200593e-20)
0()
0()
0()
4(2000 0 0 3.443426613e-20)
0()
0()
0()
0()
0()
0()
0()
0()
0()
0()
0()
0()
0()
0()
4(2000 0 0 7.949595607e-20)
0()
0()
0()
4(2000 0 0 1.018861167e-19)
0()
0()
4(2000 0 0 2.621765097e-20)
4(2000 0 0 2.486958569e-20)
0()
0()
4(2000 0 0 7.051485867e-20)
0()
0()
0()
0()
0()
0()
0()
4(2000 0 0 1.552050578e-20)
0()
0()
0()
0()
0()
0()
0()
0()
0()
0()
0()
0()
0()
4(2000 0 0 9.796213642e-20)
0()
0()
0()
0()
0()
0()
0()
0()
0()
0()
0()
0()
0()
0()
0()
0()
0()
0()
0()
0()
0()
0()
0()
0()
0()
0()
0()
0()
0()
0()
0()
0()
0()
0()
0()
0()
0()
0()
4(2000 0 0 6.673768691e-20)
0()
0()
0()
0()
4(2000 0 0 1.056861924e-20)
4(2000 0 0 3.482674557e-20)
4(2000 0 0 2.376423547e-20)
0()
0()
0()
0()
0()
0()
0()
0()
0()
0()
4(2000 0 0 3.129263234e-20)
0()
0()
0()
4(2000 0 0 2.747934053e-20)
0()
0()
0()
4(2000 0 0 7.691022645e-20)
0()
0()
0()
0()
0()
0()
0()
0()
0()
0()
0()
0()
0()
0()
0()
0()
0()
0()
0()
0()
0()
0()
4(2000 0 0 1.016813477e-19)
0()
4(2000 0 0 3.194051918e-20)
0()
0()
0()
0()
4(2000 0 0 5.713828475e-20)
0()
0()
0()
0()
0()
0()
0()
0()
0()
0()
0()
0()
0()
4(2000 0 0 8.61625333e-20)
0()
0()
0()
4(2000 0 0 8.722376656e-21)
0()
0()
0()
0()
4(2000 0 0 2.213619417e-20)
0()
4(2000 0 0 2.791742011e-20)
0()
0()
0()
4(2000 0 0 3.256892517e-20)
0()
0()
0()
0()
0()
4(2000 0 0 1.7921427e-20)
0()
0()
0()
0()
4(2000 0 0 2.893737677e-20)
0()
0()
0()
0()
0()
0()
0()
0()
0()
0()
4(2000 0 0 2.109426871e-20)
0()
0()
4(2000 0 0 1.679092913e-20)
0()
0()
0()
0()
0()
0()
0()
0()
4(2000 0 0 6.644549226e-20)
0()
0()
0()
0()
0()
0()
0()
0()
4(2000 0 0 7.296052786e-20)
0()
4(2000 0 0 1.060813368e-20)
0()
0()
0()
0()
0()
0()
0()
0()
4(2000 0 0 3.432006816e-20)
0()
0()
4(2000 0 0 4.432936526e-20)
0()
4(2000 0 0 8.142129361e-20)
0()
0()
0()
0()
4(2000 0 0 9.466082206e-20)
0()
0()
0()
0()
0()
0()
0()
4(2000 0 0 7.464989194e-20)
4(2000 0 0 1.747233516e-20)
0()
0()
0()
0()
0()
0()
0()
4(2000 0 0 5.497621198e-20)
4(2000 0 0 4.803828192e-20)
0()
4(2000 0 0 1.446843978e-19)
0()
0()
4(2000 0 0 4.288548773e-20)
0()
0()
0()
0()
0()
0()
0()
0()
0()
0()
4(2000 0 0 7.136302576e-20)
0()
4(2000 0 0 8.909061505e-20)
0()
4(2000 0 0 1.059820197e-19)
0()
0()
0()
0()
0()
0()
0()
0()
0()
4(2000 0 0 2.854739302e-20)
0()
0()
0()
0()
0()
0()
4(2000 0 0 2.012555222e-20)
0()
0()
0()
0()
0()
0()
0()
4(2000 0 0 4.367943286e-20)
0()
4(2000 0 0 9.28527523e-20)
0()
0()
0()
0()
0()
4(2000 0 0 1.06555256e-19)
0()
0()
0()
0()
4(2000 0 0 1.504285584e-19)
0()
0()
0()
0()
0()
0()
0()
0()
0()
0()
0()
0()
0()
0()
0()
0()
0()
0()
0()
0()
0()
0()
0()
0()
0()
0()
0()
0()
0()
0()
0()
0()
0()
0()
0()
0()
0()
0()
4(2000 0 0 2.681060875e-20)
0()
0()
4(2000 0 0 1.14809321e-20)
0()
0()
0()
0()
0()
4(2000 0 0 2.775900556e-20)
0()
0()
0()
0()
0()
0()
0()
4(2000 0 0 3.341668712e-20)
0()
0()
0()
4(2000 0 0 4.83996268e-20)
0()
0()
4(2000 0 0 4.188840712e-20)
4(2000 0 0 6.91220308e-20)
4(2000 0 0 1.649255636e-20)
0()
4(2000 0 0 6.859284252e-20)
4(2000 0 0 2.912771264e-20)
0()
0()
0()
4(2000 0 0 2.847569634e-20)
0()
0()
0()
0()
0()
0()
0()
0()
0()
4(2000 0 0 5.406926086e-20)
4(2000 0 0 5.575773992e-20)
4(2000 0 0 3.196471281e-20)
0()
0()
0()
0()
4(2000 0 0 8.906543536e-20)
4(2000 0 0 3.540679215e-20)
0()
0()
0()
0()
0()
0()
4(2000 0 0 4.063797471e-20)
0()
0()
0()
0()
0()
0()
0()
0()
0()
0()
0()
0()
0()
0()
4(2000 0 0 1.178458091e-19)
0()
0()
0()
0()
0()
0()
0()
0()
0()
0()
0()
0()
0()
0()
4(2000 0 0 4.540698442e-20)
0()
0()
0()
4(2000 0 0 2.981715447e-20)
0()
0()
4(2000 0 0 5.330862345e-20)
0()
0()
4(2000 0 0 4.358030776e-20)
4(2000 0 0 4.476241566e-20)
0()
4(2000 0 0 5.080870828e-20)
4(2000 0 0 3.507224262e-20)
0()
0()
0()
0()
0()
0()
0()
0()
0()
4(2000 0 0 6.074561542e-20)
0()
0()
0()
0()
0()
0()
4(2000 0 0 1.738810728e-19)
0()
0()
0()
0()
0()
0()
4(2000 0 0 3.270948438e-21)
4(2000 0 0 3.46684763e-20)
0()
0()
4(2000 0 0 1.191582828e-19)
0()
0()
0()
4(2000 0 0 4.295380267e-20)
0()
0()
4(2000 0 0 2.000045078e-20)
0()
0()
0()
0()
0()
4(2000 0 0 2.804094769e-20)
0()
4(2000 0 0 3.50499202e-20)
4(2000 0 0 1.199982672e-19)
0()
0()
0()
0()
0()
0()
0()
4(2000 0 0 4.072746424e-20)
4(2000 0 0 1.525022016e-20)
0()
0()
0()
0()
0()
0()
0()
0()
0()
4(2000 0 0 4.744915139e-20)
4(2000 0 0 4.185340346e-20)
4(2000 0 0 1.132892308e-19)
4(2000 0 0 4.304694688e-20)
4(2000 0 0 1.257832987e-20)
0()
0()
4(2000 0 0 6.494299087e-20)
0()
0()
0()
4(2000 0 0 1.082975606e-19)
4(2000 0 0 1.446424075e-20)
0()
0()
4(2000 0 0 8.476915073e-20)
0()
4(2000 0 0 1.029256679e-20)
0()
4(2000 0 0 6.150661119e-20)
0()
0()
0()
4(2000 0 0 9.997656792e-20)
0()
4(2000 0 0 2.611894854e-20)
0()
0()
0()
0()
0()
0()
4(2000 0 0 3.158262169e-20)
0()
0()
0()
0()
0()
0()
0()
4(2000 0 0 1.650663477e-20)
4(2000 0 0 1.140998326e-19)
0()
4(2000 0 0 3.524849198e-20)
0()
0()
0()
0()
0()
0()
0()
0()
0()
0()
0()
4(2000 0 0 2.856972652e-20)
4(2000 0 0 3.595263516e-20)
0()
0()
0()
0()
4(2000 0 0 3.935062811e-20)
4(2000 0 0 1.979501734e-20)
0()
0()
0()
0()
0()
0()
0()
0()
4(2000 0 0 3.98480115e-20)
4(2000 0 0 2.14752953e-20)
0()
4(2000 0 0 2.045753965e-19)
0()
0()
4(2000 0 0 4.515796921e-20)
0()
4(2000 0 0 6.257617047e-20)
0()
0()
0()
0()
0()
0()
0()
0()
0()
0()
4(2000 0 0 1.350457922e-19)
4(2000 0 0 3.144446753e-20)
0()
4(2000 0 0 4.04659357e-20)
0()
0()
0()
0()
0()
0()
0()
0()
4(2000 0 0 8.327009382e-20)
0()
0()
0()
0()
4(2000 0 0 4.056888918e-20)
4(2000 0 0 8.16754684e-20)
0()
0()
0()
0()
0()
4(2000 0 0 2.72758001e-20)
0()
0()
0()
0()
4(2000 0 0 1.720447842e-20)
0()
0()
0()
0()
0()
0()
0()
0()
0()
0()
4(2000 0 0 3.73497869e-20)
0()
0()
0()
0()
0()
0()
0()
0()
0()
0()
0()
0()
0()
4(2000 0 0 1.018851354e-19)
0()
0()
4(2000 0 0 2.703650682e-20)
4(2000 0 0 6.112314125e-20)
0()
0()
4(2000 0 0 3.048562482e-20)
4(2000 0 0 1.776091093e-20)
0()
0()
4(2000 0 0 3.322606025e-20)
4(2000 0 0 1.534273658e-20)
0()
4(2000 0 0 7.279031897e-20)
0()
0()
0()
0()
0()
0()
0()
0()
4(2000 0 0 2.664990513e-20)
4(2000 0 0 2.198381422e-20)
4(2000 0 0 1.858287464e-20)
0()
0()
0()
4(2000 0 0 6.306534827e-20)
0()
0()
0()
0()
0()
0()
0()
0()
0()
0()
0()
0()
0()
0()
0()
4(2000 0 0 6.526112977e-20)
0()
0()
0()
4(2000 0 0 9.803290128e-20)
0()
4(2000 0 0 5.404847069e-20)
0()
0()
0()
0()
0()
0()
0()
0()
0()
0()
4(2000 0 0 7.800781156e-20)
0()
0()
0()
0()
0()
0()
0()
0()
4(2000 0 0 3.732910857e-20)
0()
0()
4(2000 0 0 6.268539467e-20)
4(2000 0 0 8.634856411e-20)
0()
0()
0()
4(2000 0 0 1.897435884e-20)
0()
0()
0()
4(2000 0 0 4.434087183e-20)
0()
0()
0()
4(2000 0 0 7.557310723e-20)
4(2000 0 0 3.325376812e-20)
0()
0()
0()
0()
0()
0()
0()
0()
0()
0()
0()
0()
4(2000 0 0 1.140756453e-19)
4(2000 0 0 3.33516033e-20)
4(2000 0 0 5.090477388e-20)
4(2000 0 0 1.105016613e-20)
0()
4(2000 0 0 2.860028326e-20)
0()
4(2000 0 0 2.39039506e-20)
0()
0()
0()
0()
0()
0()
0()
0()
0()
0()
0()
0()
0()
0()
0()
0()
0()
0()
0()
0()
0()
0()
0()
0()
0()
0()
4(2000 0 0 4.451883534e-20)
0()
0()
0()
0()
0()
4(2000 0 0 8.761319941e-20)
4(2000 0 0 1.106794216e-19)
0()
0()
4(2000 0 0 6.836922097e-20)
0()
0()
0()
4(2000 0 0 1.010680701e-19)
0()
0()
0()
0()
0()
0()
0()
0()
4(2000 0 0 1.570783776e-19)
0()
4(2000 0 0 3.116381886e-20)
0()
0()
4(2000 0 0 7.44832784e-20)
4(2000 0 0 6.35805154e-20)
0()
4(2000 0 0 8.117231037e-20)
0()
0()
0()
4(2000 0 0 1.049005531e-20)
4(2000 0 0 3.766092441e-20)
0()
0()
4(2000 0 0 2.960426307e-20)
0()
4(2000 0 0 1.048374232e-19)
0()
0()
4(2000 0 0 1.909926091e-19)
0()
0()
4(2000 0 0 3.681150067e-20)
4(2000 0 0 3.140871335e-20)
0()
0()
0()
0()
0()
4(2000 0 0 8.712246428e-20)
4(2000 0 0 3.005885169e-20)
0()
4(2000 0 0 4.313459154e-20)
0()
4(2000 0 0 6.168117022e-21)
0()
4(2000 0 0 6.766781911e-20)
0()
0()
0()
0()
4(2000 0 0 6.862542277e-20)
0()
0()
0()
0()
0()
0()
0()
0()
0()
0()
0()
0()
0()
0()
0()
0()
4(2000 0 0 1.905156653e-20)
0()
4(2000 0 0 2.478088976e-20)
0()
0()
0()
0()
0()
0()
4(2000 0 0 4.946210751e-20)
0()
0()
0()
0()
4(2000 0 0 7.336395251e-20)
0()
0()
0()
0()
0()
0()
4(2000 0 0 7.270385613e-20)
0()
4(2000 0 0 1.209295444e-19)
0()
0()
0()
0()
4(2000 0 0 7.780096559e-20)
0()
0()
4(2000 0 0 7.930800254e-20)
0()
4(2000 0 0 4.702737735e-20)
0()
0()
4(2000 0 0 7.272398891e-20)
4(2000 0 0 4.718111707e-20)
0()
4(2000 0 0 7.955317062e-20)
0()
0()
4(2000 0 0 9.509163817e-21)
0()
0()
0()
0()
0()
4(2000 0 0 4.130328371e-20)
4(2000 0 0 1.634232934e-19)
0()
4(2000 0 0 1.1143698e-20)
0()
0()
0()
4(2000 0 0 4.710541896e-20)
4(2000 0 0 9.590227138e-20)
0()
0()
0()
4(2000 0 0 3.578898431e-21)
0()
0()
0()
0()
0()
0()
0()
0()
0()
0()
4(2000 0 0 3.84220963e-20)
0()
0()
0()
0()
4(2000 0 0 8.049717512e-20)
0()
0()
0()
0()
4(2000 0 0 5.433772373e-21)
0()
0()
0()
4(2000 0 0 4.361956431e-20)
0()
4(2000 0 0 1.426639662e-20)
4(2000 0 0 1.043288665e-19)
0()
0()
0()
0()
4(2000 0 0 1.671865196e-20)
0()
4(2000 0 0 7.000327624e-20)
4(2000 0 0 3.865803852e-20)
0()
0()
0()
4(2000 0 0 1.918832019e-20)
0()
4(2000 0 0 1.495510261e-19)
4(2000 0 0 4.184695408e-20)
0()
0()
0()
0()
4(2000 0 0 8.991352134e-20)
0()
0()
0()
4(2000 0 0 1.030911842e-19)
0()
4(2000 0 0 4.128472033e-20)
4(2000 0 0 4.519315898e-20)
0()
0()
0()
0()
0()
0()
0()
0()
0()
0()
0()
0()
4(2000 0 0 2.824982482e-20)
0()
4(2000 0 0 1.222250367e-19)
0()
4(2000 0 0 7.985788649e-20)
0()
0()
0()
4(2000 0 0 8.948802255e-20)
4(2000 0 0 3.121014812e-20)
0()
0()
0()
4(2000 0 0 5.852718476e-20)
0()
0()
4(2000 0 0 2.533856407e-20)
0()
0()
4(2000 0 0 9.112421528e-20)
0()
4(2000 0 0 2.474824274e-20)
0()
0()
4(2000 0 0 1.341571782e-20)
0()
0()
4(2000 0 0 3.437164001e-20)
4(2000 0 0 3.838925068e-20)
4(2000 0 0 3.082890909e-20)
0()
0()
0()
0()
0()
4(2000 0 0 7.790816022e-20)
0()
0()
0()
0()
0()
0()
0()
4(2000 0 0 7.310658892e-20)
0()
0()
0()
4(2000 0 0 1.689880092e-20)
0()
0()
4(2000 0 0 1.738280822e-20)
0()
0()
4(2000 0 0 3.137495212e-21)
4(2000 0 0 1.105770993e-19)
0()
0()
4(2000 0 0 3.705917756e-20)
0()
4(2000 0 0 2.789913327e-20)
0()
0()
0()
0()
0()
4(2000 0 0 1.089687245e-19)
0()
4(2000 0 0 3.739650072e-20)
0()
0()
0()
0()
0()
0()
0()
4(2000 0 0 6.20500522e-20)
4(2000 0 0 7.424224014e-20)
0()
0()
0()
0()
4(2000 0 0 1.244427e-19)
0()
0()
0()
4(2000 0 0 1.964376054e-20)
0()
0()
4(2000 0 0 3.619302027e-20)
0()
0()
0()
0()
0()
4(2000 0 0 9.19330896e-20)
4(2000 0 0 6.965923421e-20)
4(2000 0 0 7.085456579e-20)
0()
0()
4(2000 0 0 7.59379288e-20)
4(2000 0 0 7.316953132e-21)
4(2000 0 0 1.918677613e-20)
0()
0()
0()
4(2000 0 0 3.098844559e-20)
4(2000 0 0 6.125841171e-20)
0()
0()
0()
0()
0()
0()
0()
4(2000 0 0 9.047768771e-21)
4(2000 0 0 5.746262037e-20)
4(2000 0 0 3.101838305e-20)
0()
0()
0()
0()
0()
4(2000 0 0 4.511781573e-20)
0()
0()
4(2000 0 0 2.86299428e-20)
0()
4(2000 0 0 1.092945501e-19)
4(2000 0 0 5.680922207e-20)
4(2000 0 0 3.563546066e-20)
0()
4(2000 0 0 3.374249446e-20)
0()
0()
0()
0()
0()
0()
0()
0()
0()
0()
0()
0()
0()
4(2000 0 0 3.890904857e-20)
0()
0()
0()
4(2000 0 0 7.054995135e-20)
0()
0()
0()
0()
4(2000 0 0 1.871225409e-20)
0()
0()
4(2000 0 0 1.922353118e-20)
0()
0()
0()
0()
0()
4(2000 0 0 2.037522642e-20)
0()
0()
0()
0()
4(2000 0 0 1.455077553e-20)
0()
0()
0()
0()
4(2000 0 0 4.982811255e-20)
0()
0()
4(2000 0 0 8.443753635e-20)
0()
0()
4(2000 0 0 2.51421431e-20)
4(2000 0 0 2.34208925e-20)
0()
4(2000 0 0 6.786564493e-20)
0()
0()
0()
0()
4(2000 0 0 8.512621059e-20)
0()
4(2000 0 0 3.34297826e-20)
0()
0()
0()
0()
0()
0()
4(2000 0 0 3.612842573e-20)
0()
4(2000 0 0 8.544305492e-21)
0()
0()
0()
0()
0()
0()
0()
0()
0()
0()
0()
0()
0()
4(2000 0 0 6.016747853e-20)
0()
0()
4(2000 0 0 1.681418892e-20)
0()
0()
0()
0()
4(2000 0 0 1.334694204e-19)
0()
0()
0()
0()
0()
0()
0()
0()
4(2000 0 0 4.283860135e-20)
0()
0()
0()
0()
0()
4(2000 0 0 3.106287814e-20)
0()
0()
0()
0()
0()
0()
0()
0()
0()
0()
0()
0()
4(2000 0 0 6.647173436e-20)
0()
0()
4(2000 0 0 1.716243583e-20)
0()
0()
0()
0()
0()
0()
0()
0()
4(2000 0 0 5.02262195e-20)
4(2000 0 0 5.344025418e-20)
0()
0()
4(2000 0 0 8.015555543e-20)
4(2000 0 0 1.569634527e-20)
0()
0()
4(2000 0 0 1.070986585e-19)
0()
0()
0()
4(2000 0 0 1.002216313e-19)
0()
0()
0()
4(2000 0 0 1.813450993e-20)
0()
0()
0()
4(2000 0 0 1.969361999e-20)
0()
0()
0()
4(2000 0 0 1.276402905e-19)
0()
0()
0()
0()
4(2000 0 0 2.062601684e-20)
0()
4(2000 0 0 2.220582775e-20)
0()
0()
0()
4(2000 0 0 4.358679311e-21)
0()
0()
0()
4(2000 0 0 5.712121619e-20)
0()
4(2000 0 0 2.167502038e-20)
0()
0()
0()
0()
4(2000 0 0 5.66133124e-20)
0()
0()
0()
0()
0()
0()
0()
0()
0()
0()
0()
0()
0()
0()
0()
0()
4(2000 0 0 2.235514119e-20)
0()
0()
4(2000 0 0 5.21601674e-22)
4(2000 0 0 2.918007585e-20)
0()
0()
0()
0()
4(2000 0 0 3.351507233e-20)
0()
0()
4(2000 0 0 1.230282916e-19)
0()
0()
4(2000 0 0 8.454822559e-20)
0()
0()
0()
0()
0()
4(2000 0 0 1.313825256e-19)
0()
0()
0()
4(2000 0 0 8.772882889e-20)
0()
4(2000 0 0 4.968422044e-21)
4(2000 0 0 4.041100411e-20)
0()
0()
0()
0()
0()
0()
0()
0()
0()
0()
0()
0()
4(2000 0 0 9.613413425e-20)
0()
0()
0()
4(2000 0 0 6.625248325e-20)
0()
4(2000 0 0 2.843045898e-20)
0()
0()
4(2000 0 0 1.879483851e-19)
0()
0()
0()
0()
4(2000 0 0 3.32261299e-20)
0()
4(2000 0 0 1.824876905e-19)
0()
0()
0()
0()
4(2000 0 0 6.522730885e-20)
0()
0()
4(2000 0 0 1.026323058e-19)
0()
0()
0()
0()
0()
0()
0()
0()
0()
0()
0()
0()
0()
0()
0()
0()
4(2000 0 0 7.056146924e-20)
0()
0()
0()
0()
0()
0()
0()
0()
0()
0()
0()
0()
0()
0()
4(2000 0 0 2.379472499e-20)
0()
0()
0()
0()
0()
0()
4(2000 0 0 3.109045556e-20)
0()
0()
0()
0()
0()
0()
4(2000 0 0 1.993453973e-20)
0()
0()
4(2000 0 0 1.02277557e-19)
4(2000 0 0 1.514320568e-19)
0()
0()
4(2000 0 0 7.221033722e-20)
0()
0()
4(2000 0 0 6.77290379e-20)
0()
0()
0()
0()
0()
0()
0()
0()
0()
4(2000 0 0 1.035200604e-19)
0()
0()
0()
0()
0()
0()
0()
4(2000 0 0 2.389887558e-20)
4(2000 0 0 5.281757561e-20)
0()
0()
0()
0()
0()
0()
0()
0()
4(2000 0 0 1.229360657e-19)
4(2000 0 0 4.285652784e-20)
4(2000 0 0 2.802059464e-20)
0()
0()
0()
0()
0()
0()
0()
0()
0()
4(2000 0 0 4.027096313e-20)
4(2000 0 0 6.63418638e-20)
4(2000 0 0 2.100928821e-20)
0()
0()
0()
4(2000 0 0 3.679458496e-21)
0()
0()
0()
4(2000 0 0 7.067993732e-20)
0()
0()
0()
0()
0()
4(2000 0 0 5.672152687e-20)
0()
0()
0()
0()
0()
0()
0()
0()
0()
0()
0()
0()
0()
0()
0()
4(2000 0 0 2.537176605e-20)
0()
0()
0()
0()
0()
4(2000 0 0 2.588233773e-20)
0()
4(2000 0 0 3.691807093e-20)
0()
0()
0()
0()
0()
0()
0()
0()
4(2000 0 0 2.392048304e-20)
4(2000 0 0 1.063619249e-19)
0()
0()
0()
0()
0()
0()
0()
0()
4(2000 0 0 9.871065762e-21)
0()
0()
0()
0()
0()
0()
0()
0()
0()
0()
0()
0()
4(2000 0 0 1.18354345e-20)
0()
0()
0()
0()
0()
0()
0()
0()
4(2000 0 0 1.690858067e-20)
0()
0()
0()
0()
0()
0()
4(2000 0 0 1.929632847e-20)
0()
4(2000 0 0 4.983588746e-20)
4(2000 0 0 9.637797103e-21)
0()
0()
0()
4(2000 0 0 6.613263711e-20)
4(2000 0 0 5.62502286e-20)
4(2000 0 0 9.276325254e-20)
0()
0()
0()
0()
0()
0()
0()
0()
0()
4(2000 0 0 5.574690434e-20)
0()
0()
4(2000 0 0 7.335697702e-20)
4(2000 0 0 6.766168596e-20)
4(2000 0 0 4.311607669e-20)
4(2000 0 0 7.434878953e-20)
0()
4(2000 0 0 9.247229274e-20)
0()
0()
0()
0()
0()
0()
0()
0()
0()
4(2000 0 0 7.773460324e-21)
4(2000 0 0 1.456022263e-21)
0()
0()
0()
4(2000 0 0 8.807050761e-20)
0()
4(2000 0 0 3.53890572e-20)
0()
0()
0()
0()
0()
0()
0()
0()
0()
0()
0()
0()
0()
4(2000 0 0 6.279622381e-20)
0()
4(2000 0 0 3.397584187e-20)
0()
0()
0()
0()
4(2000 0 0 4.251490024e-21)
4(2000 0 0 3.29457543e-20)
0()
0()
0()
0()
4(2000 0 0 3.88303685e-20)
0()
0()
0()
0()
0()
0()
0()
0()
0()
0()
0()
0()
4(2000 0 0 5.240269799e-20)
0()
0()
4(2000 0 0 1.822333201e-19)
0()
0()
0()
0()
0()
0()
0()
4(2000 0 0 4.277504392e-20)
0()
0()
0()
0()
0()
4(2000 0 0 4.279344334e-21)
4(2000 0 0 1.534206585e-19)
4(2000 0 0 5.286484921e-20)
0()
0()
4(2000 0 0 6.49104408e-20)
4(2000 0 0 1.227980128e-19)
4(2000 0 0 1.333567656e-20)
4(2000 0 0 9.96845276e-20)
0()
0()
0()
0()
0()
0()
0()
4(2000 0 0 7.80598956e-20)
0()
0()
4(2000 0 0 4.402304932e-20)
0()
0()
0()
0()
4(2000 0 0 1.555870251e-19)
0()
4(2000 0 0 5.549057719e-20)
4(2000 0 0 1.156365291e-20)
0()
0()
0()
4(2000 0 0 9.026499399e-20)
0()
0()
0()
0()
0()
0()
0()
0()
4(2000 0 0 5.702455929e-20)
4(2000 0 0 3.309362712e-20)
4(2000 0 0 4.615502619e-20)
0()
0()
4(2000 0 0 2.658841607e-20)
0()
0()
0()
0()
4(2000 0 0 1.218709675e-20)
0()
0()
0()
0()
0()
4(2000 0 0 5.607714101e-20)
4(2000 0 0 4.346156958e-20)
0()
0()
0()
0()
0()
0()
4(2000 0 0 2.671656878e-20)
4(2000 0 0 3.992068213e-20)
4(2000 0 0 1.216764487e-19)
0()
0()
0()
0()
0()
0()
0()
0()
0()
4(2000 0 0 1.775679353e-20)
4(2000 0 0 6.991550908e-20)
0()
0()
0()
0()
0()
0()
0()
0()
0()
0()
0()
0()
0()
0()
0()
0()
0()
4(2000 0 0 9.522588438e-20)
0()
0()
0()
0()
0()
4(2000 0 0 2.513881525e-20)
4(2000 0 0 1.532320877e-19)
0()
0()
0()
0()
0()
0()
0()
0()
0()
0()
0()
0()
0()
0()
0()
0()
0()
0()
0()
0()
0()
4(2000 0 0 7.107290964e-20)
0()
0()
0()
0()
0()
0()
0()
0()
0()
4(2000 0 0 3.214185001e-20)
4(2000 0 0 5.31559164e-20)
0()
0()
4(2000 0 0 1.689335069e-20)
0()
0()
0()
0()
0()
0()
0()
4(2000 0 0 6.93936733e-21)
0()
0()
0()
0()
0()
0()
0()
0()
0()
0()
0()
0()
4(2000 0 0 2.809031597e-20)
0()
0()
0()
0()
0()
4(2000 0 0 4.499320616e-20)
4(2000 0 0 2.36390424e-19)
0()
0()
4(2000 0 0 8.11331099e-20)
0()
4(2000 0 0 3.17569997e-20)
0()
4(2000 0 0 3.896856129e-20)
0()
0()
0()
0()
0()
0()
4(2000 0 0 2.557513987e-20)
0()
4(2000 0 0 1.273393092e-20)
4(2000 0 0 1.808937751e-20)
4(2000 0 0 1.509757012e-19)
0()
0()
0()
0()
0()
4(2000 0 0 6.549567818e-20)
0()
0()
4(2000 0 0 7.170620912e-20)
0()
0()
0()
0()
0()
0()
0()
0()
0()
0()
0()
0()
0()
0()
0()
0()
0()
0()
4(2000 0 0 7.255906595e-20)
0()
0()
0()
4(2000 0 0 5.844048242e-20)
0()
0()
0()
0()
0()
0()
0()
0()
0()
4(2000 0 0 6.73125617e-20)
0()
4(2000 0 0 1.978856348e-20)
4(2000 0 0 9.218967783e-20)
0()
0()
0()
0()
0()
0()
4(2000 0 0 3.579699485e-20)
0()
0()
0()
0()
0()
0()
0()
0()
0()
4(2000 0 0 4.261760283e-20)
0()
0()
0()
0()
4(2000 0 0 2.25299239e-20)
0()
0()
4(2000 0 0 8.436884766e-20)
0()
0()
0()
0()
4(2000 0 0 5.263683827e-20)
4(2000 0 0 1.383471777e-19)
0()
0()
0()
0()
0()
0()
0()
0()
0()
4(2000 0 0 3.941524252e-21)
0()
4(2000 0 0 7.882554271e-20)
0()
4(2000 0 0 4.733453919e-20)
0()
4(2000 0 0 2.23723656e-20)
0()
0()
0()
0()
0()
0()
0()
0()
0()
0()
4(2000 0 0 7.373546002e-20)
0()
0()
4(2000 0 0 1.571127389e-19)
0()
0()
0()
0()
0()
4(2000 0 0 1.866441108e-20)
0()
0()
4(2000 0 0 9.470950402e-20)
0()
4(2000 0 0 3.397379422e-20)
0()
0()
0()
0()
0()
0()
0()
4(2000 0 0 1.947626909e-20)
0()
0()
4(2000 0 0 5.937523434e-20)
0()
0()
0()
4(2000 0 0 7.549694014e-20)
0()
4(2000 0 0 3.888950883e-20)
0()
0()
4(2000 0 0 3.421092248e-20)
0()
0()
4(2000 0 0 2.551086665e-20)
4(2000 0 0 3.4397834e-20)
0()
0()
0()
4(2000 0 0 6.316101204e-20)
0()
0()
4(2000 0 0 6.029415749e-20)
0()
4(2000 0 0 1.015179621e-20)
0()
0()
0()
0()
0()
0()
4(2000 0 0 7.589315094e-20)
0()
0()
0()
0()
4(2000 0 0 6.553083035e-20)
0()
4(2000 0 0 1.317456413e-19)
0()
0()
0()
0()
0()
0()
4(2000 0 0 9.153237305e-20)
0()
0()
0()
0()
4(2000 0 0 6.690011741e-20)
0()
0()
4(2000 0 0 3.911986979e-20)
0()
0()
0()
0()
0()
4(2000 0 0 6.585766516e-20)
0()
0()
4(2000 0 0 3.077493758e-20)
4(2000 0 0 6.341508772e-20)
0()
0()
0()
0()
0()
0()
0()
0()
4(2000 0 0 3.758022536e-20)
0()
0()
4(2000 0 0 1.085124249e-19)
0()
0()
0()
0()
0()
4(2000 0 0 1.615746649e-19)
0()
0()
0()
0()
0()
0()
0()
0()
4(2000 0 0 3.870246447e-20)
0()
0()
4(2000 0 0 1.482945819e-20)
0()
0()
4(2000 0 0 4.132253291e-20)
0()
0()
4(2000 0 0 5.248923138e-20)
0()
0()
0()
0()
0()
0()
0()
0()
4(2000 0 0 3.645732061e-20)
4(2000 0 0 7.091458734e-21)
0()
0()
0()
0()
0()
0()
0()
0()
0()
0()
0()
0()
0()
0()
4(2000 0 0 8.968556898e-21)
0()
0()
0()
0()
0()
0()
0()
0()
4(2000 0 0 1.439429792e-19)
0()
4(2000 0 0 3.967320707e-20)
0()
4(2000 0 0 7.706943133e-20)
4(2000 0 0 9.515640208e-21)
4(2000 0 0 7.351836394e-20)
4(2000 0 0 1.254382939e-20)
0()
0()
0()
0()
0()
0()
0()
0()
0()
0()
0()
0()
0()
4(2000 0 0 4.496613881e-20)
4(2000 0 0 5.62820127e-20)
0()
0()
0()
0()
0()
4(2000 0 0 6.125085456e-20)
0()
4(2000 0 0 2.747180459e-20)
0()
0()
0()
0()
4(2000 0 0 7.604776033e-20)
0()
0()
0()
0()
0()
0()
0()
4(2000 0 0 8.717342697e-20)
0()
0()
0()
0()
0()
0()
0()
0()
0()
4(2000 0 0 2.827129215e-20)
0()
0()
0()
4(2000 0 0 1.863068504e-20)
0()
0()
0()
0()
4(2000 0 0 3.886130024e-20)
0()
0()
0()
0()
0()
4(2000 0 0 5.186618412e-20)
4(2000 0 0 2.855526098e-20)
0()
0()
0()
0()
0()
0()
4(2000 0 0 6.496300914e-20)
0()
0()
0()
0()
0()
0()
0()
0()
0()
0()
0()
0()
0()
0()
0()
0()
0()
0()
0()
0()
0()
4(2000 0 0 1.201813613e-20)
0()
0()
0()
0()
0()
0()
0()
0()
0()
0()
0()
0()
4(2000 0 0 5.382317574e-20)
0()
4(2000 0 0 1.471353698e-20)
4(2000 0 0 1.861773146e-19)
4(2000 0 0 1.788918134e-20)
0()
0()
0()
0()
0()
4(2000 0 0 3.904176576e-20)
0()
0()
0()
0()
0()
0()
0()
4(2000 0 0 1.204796506e-19)
0()
0()
0()
0()
0()
0()
0()
0()
0()
4(2000 0 0 3.918353403e-20)
0()
0()
0()
0()
0()
4(2000 0 0 4.882452336e-20)
0()
0()
0()
0()
0()
4(2000 0 0 1.297504423e-19)
0()
0()
0()
0()
4(2000 0 0 5.137973316e-20)
0()
4(2000 0 0 1.012874991e-20)
0()
0()
0()
0()
0()
4(2000 0 0 4.824522647e-20)
4(2000 0 0 2.379436326e-20)
0()
0()
0()
0()
0()
4(2000 0 0 3.935952714e-20)
0()
4(2000 0 0 6.645009371e-20)
0()
0()
0()
0()
0()
0()
0()
0()
0()
0()
0()
0()
0()
0()
0()
0()
0()
0()
0()
0()
0()
0()
0()
4(2000 0 0 2.24943966e-20)
4(2000 0 0 5.069712724e-20)
0()
0()
0()
0()
0()
0()
0()
0()
0()
0()
0()
0()
0()
0()
0()
0()
0()
0()
0()
0()
0()
0()
0()
0()
0()
0()
0()
4(2000 0 0 7.781579548e-20)
0()
0()
0()
4(2000 0 0 1.084888339e-19)
0()
0()
0()
0()
0()
0()
0()
4(2000 0 0 3.82559291e-20)
0()
0()
0()
0()
0()
0()
0()
0()
0()
0()
0()
0()
0()
0()
4(2000 0 0 6.928046546e-20)
0()
4(2000 0 0 2.783343671e-20)
4(2000 0 0 9.270828523e-20)
0()
4(2000 0 0 1.352614991e-19)
0()
0()
0()
0()
0()
4(2000 0 0 4.628889645e-20)
0()
0()
0()
0()
4(2000 0 0 8.66321026e-20)
0()
0()
0()
0()
0()
0()
0()
0()
0()
0()
4(2000 0 0 6.154081049e-20)
4(2000 0 0 1.032646268e-19)
0()
0()
4(2000 0 0 4.221907539e-21)
0()
4(2000 0 0 3.229130084e-20)
4(2000 0 0 1.888382338e-20)
0()
0()
0()
4(2000 0 0 3.208739515e-20)
0()
0()
0()
0()
4(2000 0 0 1.502496371e-19)
4(2000 0 0 3.017750718e-20)
0()
4(2000 0 0 8.132117418e-20)
0()
4(2000 0 0 2.621560759e-20)
0()
4(2000 0 0 8.158366393e-22)
0()
4(2000 0 0 1.831274124e-20)
0()
0()
0()
0()
0()
4(2000 0 0 3.197762078e-20)
4(2000 0 0 9.900524342e-20)
0()
0()
0()
0()
0()
0()
0()
0()
0()
0()
4(2000 0 0 9.466309993e-21)
0()
0()
4(2000 0 0 1.921820621e-20)
0()
0()
4(2000 0 0 1.60804917e-20)
0()
0()
0()
4(2000 0 0 6.815540574e-20)
0()
0()
0()
0()
4(2000 0 0 1.517523204e-20)
0()
4(2000 0 0 7.153008071e-20)
4(2000 0 0 6.180028271e-20)
0()
0()
0()
0()
0()
0()
0()
0()
0()
4(2000 0 0 2.77437143e-20)
0()
0()
0()
0()
0()
0()
0()
4(2000 0 0 2.616197517e-20)
0()
0()
4(2000 0 0 6.091646353e-20)
0()
0()
0()
4(2000 0 0 6.395127229e-20)
0()
0()
0()
0()
4(2000 0 0 3.648668159e-20)
0()
0()
0()
0()
0()
4(2000 0 0 3.344457063e-20)
0()
0()
0()
0()
0()
0()
0()
0()
0()
4(2000 0 0 9.718445955e-20)
0()
0()
4(2000 0 0 1.696339346e-19)
0()
0()
0()
0()
0()
0()
0()
0()
0()
4(2000 0 0 1.885546979e-20)
0()
0()
0()
0()
0()
0()
0()
4(2000 0 0 6.629190029e-20)
0()
0()
0()
0()
4(2000 0 0 4.190136941e-20)
0()
0()
0()
4(2000 0 0 9.588825634e-21)
0()
0()
0()
4(2000 0 0 1.266268489e-19)
0()
4(2000 0 0 1.055990337e-20)
0()
0()
4(2000 0 0 2.563741462e-20)
4(2000 0 0 6.429930211e-20)
0()
0()
4(2000 0 0 2.786374317e-19)
4(2000 0 0 4.179705289e-20)
0()
0()
0()
0()
0()
0()
0()
0()
0()
4(2000 0 0 2.959823395e-20)
4(2000 0 0 2.590840809e-20)
0()
0()
0()
0()
0()
4(2000 0 0 1.427644016e-20)
0()
0()
0()
0()
0()
0()
0()
4(2000 0 0 5.198089476e-20)
0()
0()
0()
0()
0()
0()
0()
4(2000 0 0 7.27572726e-20)
0()
0()
0()
0()
0()
0()
0()
0()
0()
0()
4(2000 0 0 2.473233276e-20)
0()
0()
0()
0()
4(2000 0 0 3.027584077e-20)
4(2000 0 0 4.825141337e-20)
0()
4(2000 0 0 3.197245373e-20)
0()
0()
0()
4(2000 0 0 5.878850951e-20)
0()
4(2000 0 0 4.75568079e-20)
0()
4(2000 0 0 8.736689641e-20)
0()
0()
0()
0()
0()
4(2000 0 0 2.204246523e-20)
0()
0()
0()
0()
0()
0()
0()
0()
0()
4(2000 0 0 6.150704445e-20)
0()
0()
0()
0()
0()
4(2000 0 0 2.064280468e-20)
0()
4(2000 0 0 8.190848024e-20)
4(2000 0 0 1.109443771e-19)
0()
0()
4(2000 0 0 8.050972178e-20)
0()
0()
0()
0()
0()
0()
4(2000 0 0 5.265223474e-20)
4(2000 0 0 1.601423766e-20)
0()
0()
4(2000 0 0 2.543659204e-20)
0()
0()
0()
0()
0()
0()
0()
0()
0()
0()
0()
0()
0()
0()
0()
0()
0()
0()
0()
0()
0()
0()
4(2000 0 0 5.088246972e-20)
0()
0()
0()
4(2000 0 0 8.948737258e-20)
0()
0()
0()
0()
0()
0()
4(2000 0 0 9.902291755e-20)
0()
4(2000 0 0 3.670625427e-20)
0()
4(2000 0 0 4.540786001e-20)
0()
0()
0()
0()
0()
0()
0()
0()
0()
4(2000 0 0 1.417745959e-19)
0()
0()
0()
0()
0()
0()
0()
0()
0()
0()
0()
4(2000 0 0 8.303481022e-21)
4(2000 0 0 3.357536622e-20)
0()
0()
4(2000 0 0 7.478501804e-20)
0()
0()
0()
0()
4(2000 0 0 1.046144722e-19)
0()
0()
0()
0()
0()
0()
0()
0()
0()
0()
0()
4(2000 0 0 2.768412945e-20)
0()
0()
0()
4(2000 0 0 1.292519181e-19)
0()
0()
0()
4(2000 0 0 5.6113537e-20)
0()
0()
0()
4(2000 0 0 5.112647198e-20)
0()
4(2000 0 0 3.459685044e-20)
0()
0()
0()
0()
4(2000 0 0 9.78214485e-20)
0()
0()
0()
0()
4(2000 0 0 6.211806989e-20)
0()
0()
0()
0()
0()
0()
0()
0()
0()
0()
4(2000 0 0 1.878084586e-20)
4(2000 0 0 6.165994375e-20)
0()
4(2000 0 0 5.851408148e-21)
0()
0()
0()
0()
0()
4(2000 0 0 7.986351831e-20)
0()
0()
0()
0()
0()
4(2000 0 0 2.595619751e-20)
0()
0()
0()
0()
0()
0()
0()
4(2000 0 0 5.182126047e-20)
0()
0()
0()
0()
0()
0()
0()
0()
0()
0()
0()
4(2000 0 0 1.359149305e-19)
0()
0()
0()
0()
0()
0()
0()
0()
0()
0()
0()
0()
0()
0()
4(2000 0 0 1.263559412e-19)
0()
0()
0()
0()
0()
0()
0()
0()
0()
0()
4(2000 0 0 8.321902141e-20)
4(2000 0 0 6.826094306e-20)
0()
0()
0()
4(2000 0 0 3.321420667e-20)
4(2000 0 0 9.778814654e-20)
0()
0()
0()
0()
0()
0()
4(2000 0 0 2.713516003e-20)
0()
4(2000 0 0 1.667077312e-19)
0()
4(2000 0 0 2.374911107e-20)
0()
0()
4(2000 0 0 2.846656399e-20)
4(2000 0 0 1.323451736e-19)
0()
0()
0()
4(2000 0 0 1.404297588e-19)
0()
0()
0()
0()
0()
0()
0()
0()
0()
0()
0()
0()
0()
4(2000 0 0 1.000828022e-20)
0()
0()
4(2000 0 0 1.404224931e-19)
0()
4(2000 0 0 6.844056335e-20)
4(2000 0 0 3.886210527e-20)
0()
4(2000 0 0 4.710049983e-20)
0()
0()
0()
0()
0()
0()
0()
0()
0()
0()
0()
0()
4(2000 0 0 6.227635361e-20)
0()
0()
0()
0()
0()
0()
4(2000 0 0 5.546975063e-20)
0()
0()
0()
0()
0()
4(2000 0 0 1.659681407e-20)
4(2000 0 0 3.900204831e-20)
0()
0()
4(2000 0 0 6.445608977e-20)
0()
0()
0()
4(2000 0 0 6.252398677e-21)
0()
0()
0()
0()
0()
0()
0()
0()
0()
0()
0()
0()
0()
0()
0()
0()
0()
0()
0()
0()
0()
4(2000 0 0 4.003566633e-20)
0()
0()
0()
0()
0()
0()
0()
0()
0()
4(2000 0 0 9.817602711e-21)
0()
0()
0()
0()
0()
0()
0()
0()
0()
0()
4(2000 0 0 2.998054805e-20)
0()
0()
4(2000 0 0 6.41291457e-20)
0()
4(2000 0 0 3.289829974e-20)
0()
0()
4(2000 0 0 2.053247075e-19)
0()
4(2000 0 0 6.105182215e-20)
4(2000 0 0 7.411514957e-21)
0()
0()
4(2000 0 0 2.983759576e-20)
0()
0()
0()
0()
0()
0()
0()
0()
0()
0()
0()
0()
0()
0()
0()
0()
0()
0()
0()
0()
4(2000 0 0 4.344860036e-21)
0()
0()
4(2000 0 0 8.764528456e-20)
0()
0()
0()
0()
4(2000 0 0 6.387132268e-20)
0()
0()
4(2000 0 0 8.261911923e-20)
0()
0()
4(2000 0 0 5.366610891e-20)
0()
0()
4(2000 0 0 2.325897393e-20)
0()
0()
0()
0()
0()
0()
0()
4(2000 0 0 6.828172127e-20)
0()
0()
4(2000 0 0 3.545085539e-20)
0()
0()
0()
0()
0()
4(2000 0 0 3.874532734e-20)
0()
0()
0()
0()
0()
4(2000 0 0 1.238235827e-19)
0()
0()
0()
0()
0()
0()
0()
0()
0()
4(2000 0 0 4.48415619e-20)
0()
0()
0()
0()
0()
0()
0()
0()
0()
0()
0()
0()
0()
0()
4(2000 0 0 1.269313866e-19)
0()
0()
0()
4(2000 0 0 4.804741283e-20)
0()
4(2000 0 0 7.198273228e-20)
4(2000 0 0 8.845089197e-20)
0()
0()
0()
4(2000 0 0 4.796283937e-20)
4(2000 0 0 2.40334173e-20)
0()
0()
0()
0()
0()
0()
0()
0()
4(2000 0 0 3.223606997e-20)
0()
4(2000 0 0 2.325621515e-20)
0()
0()
0()
4(2000 0 0 4.341635075e-20)
4(2000 0 0 3.851196098e-20)
0()
0()
0()
0()
0()
0()
0()
0()
0()
0()
4(2000 0 0 6.01895322e-20)
4(2000 0 0 1.806600719e-20)
0()
0()
0()
0()
0()
0()
4(2000 0 0 6.552336983e-20)
0()
0()
0()
0()
0()
4(2000 0 0 8.855944903e-20)
4(2000 0 0 3.301247468e-20)
0()
0()
0()
0()
0()
0()
0()
4(2000 0 0 4.923532113e-20)
0()
0()
0()
0()
0()
0()
0()
0()
0()
0()
4(2000 0 0 3.255318846e-20)
0()
0()
0()
0()
0()
0()
0()
4(2000 0 0 6.023013633e-20)
4(2000 0 0 8.805259681e-20)
0()
0()
0()
0()
0()
4(2000 0 0 6.632182839e-20)
0()
0()
0()
0()
0()
0()
0()
0()
0()
0()
0()
0()
0()
0()
4(2000 0 0 1.10061443e-19)
0()
0()
0()
0()
0()
4(2000 0 0 2.437430266e-20)
0()
0()
0()
0()
4(2000 0 0 1.580638183e-20)
0()
0()
0()
0()
4(2000 0 0 6.357278947e-20)
0()
0()
4(2000 0 0 4.626622189e-20)
0()
0()
0()
0()
0()
0()
4(2000 0 0 9.07986577e-20)
0()
0()
0()
0()
0()
4(2000 0 0 1.297866973e-20)
0()
0()
0()
4(2000 0 0 1.464282141e-20)
0()
0()
0()
0()
0()
4(2000 0 0 2.523779751e-20)
0()
4(2000 0 0 8.200163003e-20)
0()
0()
0()
0()
0()
4(2000 0 0 8.980006788e-21)
0()
0()
4(2000 0 0 3.337011842e-20)
0()
4(2000 0 0 1.519951288e-20)
0()
0()
0()
0()
0()
0()
0()
0()
0()
0()
0()
4(2000 0 0 1.816522073e-20)
4(2000 0 0 1.188055077e-19)
0()
0()
0()
4(2000 0 0 1.057997838e-19)
0()
0()
0()
0()
0()
0()
0()
4(2000 0 0 2.393206031e-20)
0()
0()
0()
0()
4(2000 0 0 4.697314626e-20)
0()
4(2000 0 0 4.083522714e-20)
0()
0()
4(2000 0 0 1.357356714e-19)
0()
0()
0()
0()
4(2000 0 0 5.002327797e-20)
0()
4(2000 0 0 2.725609433e-20)
0()
0()
0()
0()
0()
4(2000 0 0 2.418575173e-20)
0()
4(2000 0 0 2.584777239e-20)
0()
0()
0()
0()
0()
0()
4(2000 0 0 5.962763794e-20)
0()
4(2000 0 0 1.857088607e-20)
0()
4(2000 0 0 4.981470173e-20)
0()
0()
0()
0()
0()
0()
4(2000 0 0 7.609521178e-20)
0()
0()
0()
4(2000 0 0 2.548159677e-20)
0()
0()
0()
0()
0()
0()
0()
0()
0()
4(2000 0 0 2.466533494e-20)
0()
0()
0()
0()
0()
0()
0()
4(2000 0 0 7.911324863e-20)
0()
0()
0()
4(2000 0 0 1.856539188e-19)
0()
0()
4(2000 0 0 1.013091921e-20)
0()
0()
4(2000 0 0 3.771047114e-20)
4(2000 0 0 5.805799102e-20)
4(2000 0 0 7.593010128e-20)
4(2000 0 0 4.313851234e-20)
0()
0()
0()
0()
0()
4(2000 0 0 5.256736981e-20)
0()
0()
0()
0()
0()
0()
0()
0()
0()
0()
0()
0()
0()
0()
0()
4(2000 0 0 5.143121812e-20)
0()
4(2000 0 0 4.687164627e-20)
0()
0()
4(2000 0 0 7.246642684e-20)
0()
0()
0()
0()
0()
4(2000 0 0 1.038221681e-19)
4(2000 0 0 7.435947459e-20)
0()
0()
0()
0()
4(2000 0 0 4.314940821e-20)
0()
0()
0()
0()
0()
4(2000 0 0 9.422636689e-20)
0()
0()
0()
0()
0()
0()
0()
0()
0()
0()
0()
0()
0()
0()
0()
0()
0()
0()
4(2000 0 0 7.052040023e-21)
0()
0()
0()
0()
4(2000 0 0 4.688739853e-20)
0()
0()
0()
0()
0()
0()
0()
0()
0()
0()
0()
0()
4(2000 0 0 3.041268984e-20)
0()
0()
4(2000 0 0 9.646431211e-20)
0()
0()
0()
0()
0()
4(2000 0 0 1.399590473e-19)
4(2000 0 0 3.929344363e-20)
0()
0()
4(2000 0 0 9.125417003e-20)
0()
0()
0()
0()
0()
0()
0()
0()
0()
4(2000 0 0 2.263533273e-20)
0()
4(2000 0 0 4.148334164e-20)
4(2000 0 0 4.177623424e-20)
0()
0()
0()
0()
0()
4(2000 0 0 4.256739047e-20)
4(2000 0 0 4.771822638e-20)
0()
0()
0()
0()
0()
0()
0()
0()
0()
0()
0()
0()
0()
4(2000 0 0 6.380663869e-20)
0()
0()
0()
0()
0()
0()
0()
0()
0()
0()
0()
0()
4(2000 0 0 3.703430483e-20)
0()
4(2000 0 0 9.992758345e-20)
0()
0()
0()
0()
0()
0()
0()
4(2000 0 0 3.636555262e-20)
0()
0()
4(2000 0 0 4.440907234e-20)
0()
4(2000 0 0 2.161743981e-20)
0()
0()
0()
4(2000 0 0 1.757980411e-19)
0()
4(2000 0 0 5.882590444e-20)
4(2000 0 0 7.347316252e-20)
4(2000 0 0 1.493333131e-19)
0()
0()
0()
0()
0()
0()
0()
0()
0()
4(2000 0 0 1.33381965e-19)
0()
0()
0()
4(2000 0 0 4.042487604e-20)
0()
0()
0()
0()
0()
0()
0()
0()
0()
4(2000 0 0 3.916490504e-20)
0()
0()
0()
0()
4(2000 0 0 4.25124022e-20)
0()
0()
0()
0()
0()
4(2000 0 0 9.115585819e-20)
0()
0()
0()
0()
0()
0()
0()
0()
0()
0()
4(2000 0 0 9.91814127e-20)
0()
0()
0()
0()
0()
0()
0()
0()
0()
0()
0()
4(2000 0 0 1.955726519e-20)
0()
0()
4(2000 0 0 2.064663033e-20)
4(2000 0 0 4.545861291e-20)
0()
0()
0()
4(2000 0 0 7.171395078e-20)
0()
0()
0()
0()
0()
0()
0()
0()
0()
0()
0()
0()
4(2000 0 0 7.532632229e-20)
0()
0()
0()
0()
0()
0()
4(2000 0 0 5.406264895e-20)
4(2000 0 0 1.181133967e-20)
4(2000 0 0 3.002391317e-20)
0()
0()
0()
0()
0()
0()
0()
0()
0()
0()
4(2000 0 0 5.819800795e-20)
0()
4(2000 0 0 4.325322284e-20)
0()
0()
0()
4(2000 0 0 4.222568712e-20)
4(2000 0 0 4.272850034e-20)
4(2000 0 0 3.189419401e-20)
0()
0()
0()
0()
4(2000 0 0 3.119504047e-20)
0()
0()
0()
0()
0()
0()
0()
0()
0()
0()
0()
0()
0()
0()
0()
0()
0()
0()
0()
0()
0()
0()
0()
0()
0()
0()
0()
0()
0()
0()
0()
0()
0()
0()
4(2000 0 0 1.294272047e-20)
0()
0()
0()
0()
0()
0()
4(2000 0 0 4.50384164e-20)
0()
0()
0()
0()
0()
4(2000 0 0 1.134462945e-19)
0()
0()
0()
4(2000 0 0 4.466821335e-20)
0()
0()
0()
0()
0()
0()
0()
0()
0()
0()
0()
4(2000 0 0 2.690753883e-20)
0()
4(2000 0 0 1.873565567e-20)
0()
0()
4(2000 0 0 1.356387243e-19)
0()
0()
0()
0()
0()
4(2000 0 0 3.119781319e-20)
4(2000 0 0 2.194553363e-20)
0()
0()
0()
4(2000 0 0 6.556099405e-21)
4(2000 0 0 7.728413334e-20)
0()
0()
4(2000 0 0 5.355612225e-20)
0()
0()
0()
4(2000 0 0 7.545991003e-21)
0()
0()
0()
0()
0()
0()
0()
0()
0()
0()
0()
4(2000 0 0 4.347414793e-20)
4(2000 0 0 1.216133346e-19)
0()
0()
0()
0()
0()
0()
0()
0()
0()
0()
0()
0()
0()
0()
0()
0()
4(2000 0 0 3.67537351e-20)
4(2000 0 0 3.267366157e-20)
0()
0()
0()
0()
0()
0()
0()
4(2000 0 0 6.212325696e-20)
0()
4(2000 0 0 6.567177864e-20)
0()
0()
4(2000 0 0 2.696006123e-20)
4(2000 0 0 6.8785975e-20)
0()
0()
4(2000 0 0 2.091322968e-20)
0()
0()
0()
0()
0()
0()
4(2000 0 0 6.721383915e-20)
4(2000 0 0 2.721837165e-20)
0()
0()
0()
0()
0()
4(2000 0 0 5.285621322e-20)
0()
0()
0()
4(2000 0 0 3.50453449e-20)
4(2000 0 0 4.475855477e-20)
0()
0()
0()
0()
0()
0()
0()
0()
0()
0()
0()
4(2000 0 0 2.165484469e-20)
0()
0()
4(2000 0 0 3.355187435e-20)
4(2000 0 0 4.659317103e-20)
0()
0()
0()
0()
0()
0()
0()
4(2000 0 0 2.07073973e-20)
0()
0()
0()
0()
0()
0()
0()
0()
0()
0()
0()
0()
0()
0()
0()
4(2000 0 0 9.278602307e-20)
4(2000 0 0 2.43327794e-20)
0()
0()
4(2000 0 0 5.544362382e-20)
4(2000 0 0 9.374986528e-20)
4(2000 0 0 2.833860091e-20)
4(2000 0 0 9.47987319e-20)
0()
0()
0()
0()
0()
0()
0()
4(2000 0 0 6.497804802e-20)
4(2000 0 0 1.108989652e-20)
4(2000 0 0 8.244629052e-20)
0()
0()
4(2000 0 0 6.040189846e-20)
0()
0()
0()
4(2000 0 0 2.610994377e-20)
0()
0()
0()
4(2000 0 0 5.493111091e-20)
0()
0()
4(2000 0 0 3.364546288e-20)
0()
0()
4(2000 0 0 4.106747297e-20)
4(2000 0 0 7.257251213e-20)
4(2000 0 0 6.374686392e-20)
0()
4(2000 0 0 9.024493596e-21)
4(2000 0 0 3.573515816e-20)
0()
0()
0()
0()
0()
4(2000 0 0 3.947068469e-20)
0()
0()
0()
0()
0()
0()
0()
0()
0()
0()
4(2000 0 0 2.512020585e-20)
0()
0()
0()
0()
0()
0()
0()
0()
0()
4(2000 0 0 1.041635257e-20)
0()
0()
4(2000 0 0 3.638776167e-20)
0()
0()
4(2000 0 0 6.204532032e-20)
0()
4(2000 0 0 4.393739614e-20)
0()
0()
0()
0()
0()
0()
0()
0()
4(2000 0 0 3.968534104e-20)
0()
0()
4(2000 0 0 9.792033869e-20)
0()
4(2000 0 0 3.137377762e-20)
0()
4(2000 0 0 7.175116541e-20)
0()
0()
0()
0()
0()
0()
4(2000 0 0 1.443707313e-19)
0()
0()
0()
0()
0()
0()
0()
0()
0()
0()
0()
0()
0()
0()
0()
0()
0()
0()
0()
0()
0()
0()
0()
0()
0()
0()
0()
0()
0()
0()
4(2000 0 0 7.886647575e-20)
0()
0()
0()
0()
4(2000 0 0 3.666351241e-20)
0()
0()
0()
0()
0()
0()
0()
0()
0()
0()
0()
0()
0()
4(2000 0 0 8.30666638e-20)
0()
0()
0()
0()
0()
0()
0()
0()
0()
0()
4(2000 0 0 6.285120384e-20)
0()
0()
0()
0()
0()
0()
4(2000 0 0 4.659536063e-20)
0()
0()
4(2000 0 0 7.229437915e-20)
0()
0()
0()
0()
0()
0()
4(2000 0 0 1.116998497e-20)
0()
0()
0()
4(2000 0 0 1.766039341e-20)
0()
0()
0()
0()
0()
4(2000 0 0 4.68808077e-20)
0()
0()
0()
0()
0()
0()
4(2000 0 0 3.234791803e-20)
0()
0()
0()
0()
0()
4(2000 0 0 1.480923639e-19)
4(2000 0 0 1.158516967e-20)
0()
0()
0()
0()
0()
0()
0()
0()
0()
0()
4(2000 0 0 9.127213616e-20)
0()
0()
0()
0()
0()
4(2000 0 0 6.885491116e-21)
0()
0()
0()
0()
4(2000 0 0 1.080736787e-19)
0()
0()
0()
0()
0()
0()
0()
0()
0()
0()
0()
0()
0()
0()
0()
0()
4(2000 0 0 4.51444432e-20)
0()
0()
0()
4(2000 0 0 5.088593524e-20)
0()
0()
0()
0()
4(2000 0 0 7.032049795e-20)
0()
0()
0()
0()
0()
0()
0()
4(2000 0 0 2.617312919e-20)
4(2000 0 0 4.81182689e-21)
0()
0()
0()
0()
4(2000 0 0 4.534474157e-20)
4(2000 0 0 4.297843369e-21)
0()
0()
0()
4(2000 0 0 2.886188139e-20)
0()
0()
0()
0()
0()
0()
0()
0()
0()
0()
0()
0()
0()
4(2000 0 0 3.125263944e-20)
0()
0()
0()
0()
0()
0()
0()
4(2000 0 0 7.322943812e-20)
0()
0()
4(2000 0 0 4.252157489e-20)
4(2000 0 0 7.933378228e-20)
0()
0()
0()
4(2000 0 0 1.973139047e-20)
0()
0()
0()
0()
0()
0()
0()
0()
0()
0()
0()
0()
0()
0()
0()
0()
0()
0()
0()
0()
0()
0()
0()
0()
0()
0()
4(2000 0 0 9.839399973e-20)
0()
0()
0()
0()
4(2000 0 0 1.313154651e-19)
4(2000 0 0 3.163988364e-20)
0()
0()
0()
0()
0()
0()
0()
0()
0()
0()
0()
0()
0()
0()
0()
0()
0()
0()
0()
0()
4(2000 0 0 2.907575207e-20)
0()
4(2000 0 0 4.103691409e-20)
0()
0()
0()
0()
0()
4(2000 0 0 5.591250183e-20)
0()
0()
4(2000 0 0 1.746036697e-20)
4(2000 0 0 4.61865635e-20)
0()
0()
0()
0()
0()
0()
0()
4(2000 0 0 4.159358832e-21)
0()
0()
0()
0()
4(2000 0 0 1.021283454e-19)
4(2000 0 0 7.078522675e-20)
0()
0()
0()
4(2000 0 0 3.287393514e-20)
0()
0()
4(2000 0 0 6.256067296e-20)
4(2000 0 0 5.737535664e-20)
0()
0()
0()
0()
0()
0()
0()
0()
0()
4(2000 0 0 3.93874023e-20)
0()
0()
4(2000 0 0 6.612760424e-20)
0()
0()
0()
0()
0()
4(2000 0 0 2.56466339e-20)
0()
0()
0()
0()
0()
0()
0()
0()
0()
0()
4(2000 0 0 1.112513283e-19)
0()
0()
0()
0()
0()
0()
4(2000 0 0 6.85688424e-20)
4(2000 0 0 7.683184673e-20)
4(2000 0 0 1.732944666e-19)
0()
0()
4(2000 0 0 2.186099082e-22)
0()
0()
0()
0()
0()
0()
0()
0()
0()
0()
0()
4(2000 0 0 3.059467141e-20)
0()
0()
4(2000 0 0 4.70033254e-20)
0()
0()
0()
0()
0()
0()
0()
0()
0()
0()
0()
4(2000 0 0 4.497679105e-20)
0()
0()
0()
0()
0()
0()
0()
0()
0()
0()
0()
0()
0()
4(2000 0 0 5.721259176e-20)
0()
0()
0()
0()
0()
4(2000 0 0 1.621780937e-20)
4(2000 0 0 1.15775732e-19)
0()
4(2000 0 0 9.130695022e-20)
0()
4(2000 0 0 6.23943602e-20)
0()
4(2000 0 0 4.288737231e-20)
4(2000 0 0 1.836352314e-20)
0()
0()
4(2000 0 0 1.894501756e-20)
0()
0()
0()
0()
4(2000 0 0 1.385461504e-20)
0()
0()
4(2000 0 0 2.014413283e-20)
0()
0()
4(2000 0 0 7.610433242e-20)
0()
0()
0()
0()
4(2000 0 0 2.929924971e-20)
0()
0()
0()
0()
0()
0()
0()
0()
0()
0()
0()
0()
0()
0()
4(2000 0 0 4.940875651e-20)
0()
0()
0()
0()
0()
0()
4(2000 0 0 5.872670315e-21)
0()
0()
0()
0()
0()
4(2000 0 0 2.72530571e-20)
0()
4(2000 0 0 4.97019603e-20)
0()
0()
0()
4(2000 0 0 7.617696973e-20)
4(2000 0 0 6.37392977e-20)
0()
0()
0()
0()
0()
0()
0()
0()
4(2000 0 0 2.420816652e-20)
4(2000 0 0 1.247532824e-20)
0()
0()
0()
0()
0()
4(2000 0 0 1.760138699e-21)
0()
0()
0()
0()
0()
0()
4(2000 0 0 5.33780785e-20)
0()
0()
0()
0()
0()
0()
4(2000 0 0 9.337609818e-21)
0()
4(2000 0 0 1.312347474e-20)
0()
0()
0()
0()
0()
0()
0()
0()
0()
0()
4(2000 0 0 8.225260553e-20)
0()
0()
0()
0()
0()
0()
0()
4(2000 0 0 4.729518465e-20)
4(2000 0 0 1.245712592e-20)
4(2000 0 0 1.32951145e-20)
0()
0()
0()
0()
0()
0()
0()
0()
0()
0()
4(2000 0 0 6.338126023e-20)
0()
0()
0()
0()
0()
4(2000 0 0 4.03661013e-20)
0()
0()
0()
0()
0()
0()
0()
0()
0()
0()
0()
0()
0()
0()
4(2000 0 0 1.197237063e-19)
0()
0()
4(2000 0 0 1.46398022e-19)
4(2000 0 0 8.215741097e-20)
0()
0()
0()
4(2000 0 0 3.645976196e-20)
0()
0()
4(2000 0 0 6.933014993e-20)
0()
0()
0()
0()
0()
4(2000 0 0 3.882741974e-20)
0()
4(2000 0 0 4.15996011e-20)
4(2000 0 0 6.770706876e-20)
0()
0()
0()
0()
0()
0()
4(2000 0 0 1.844389946e-20)
0()
4(2000 0 0 3.956783483e-20)
0()
0()
0()
0()
0()
4(2000 0 0 3.082757191e-20)
0()
4(2000 0 0 1.482717951e-20)
0()
0()
0()
0()
4(2000 0 0 4.434821397e-20)
4(2000 0 0 6.926954308e-20)
0()
0()
0()
0()
4(2000 0 0 1.050569828e-19)
0()
4(2000 0 0 2.500437219e-20)
0()
0()
0()
0()
0()
0()
0()
0()
0()
4(2000 0 0 5.102812806e-20)
4(2000 0 0 1.137755601e-19)
0()
0()
0()
0()
4(2000 0 0 9.126763129e-21)
0()
0()
0()
0()
0()
0()
4(2000 0 0 7.07429915e-20)
4(2000 0 0 5.687738599e-20)
0()
0()
0()
0()
0()
0()
0()
0()
0()
0()
0()
0()
0()
0()
0()
0()
0()
0()
0()
0()
0()
4(2000 0 0 4.050345339e-20)
0()
4(2000 0 0 1.900299476e-20)
0()
0()
4(2000 0 0 1.016003489e-19)
4(2000 0 0 4.384781842e-20)
0()
0()
0()
0()
0()
0()
0()
4(2000 0 0 1.640686774e-20)
4(2000 0 0 8.880516029e-20)
0()
0()
0()
0()
4(2000 0 0 1.24160482e-19)
0()
0()
0()
0()
0()
4(2000 0 0 9.726284065e-20)
4(2000 0 0 6.943769002e-20)
4(2000 0 0 4.178555414e-20)
0()
0()
0()
0()
0()
0()
0()
0()
0()
0()
0()
4(2000 0 0 3.451425895e-20)
4(2000 0 0 3.503923866e-20)
0()
0()
0()
4(2000 0 0 7.69287133e-20)
0()
0()
0()
0()
0()
4(2000 0 0 2.558796314e-20)
0()
0()
0()
0()
0()
0()
0()
4(2000 0 0 1.320795884e-20)
0()
0()
0()
0()
0()
0()
4(2000 0 0 4.339390982e-20)
4(2000 0 0 2.289528397e-21)
0()
0()
0()
0()
0()
0()
0()
0()
0()
0()
4(2000 0 0 3.609172761e-20)
0()
0()
0()
0()
0()
4(2000 0 0 4.068896541e-20)
0()
0()
0()
0()
0()
0()
0()
4(2000 0 0 4.093374581e-20)
0()
4(2000 0 0 1.340098143e-19)
0()
0()
0()
0()
0()
4(2000 0 0 7.075391485e-20)
0()
0()
0()
0()
4(2000 0 0 3.546947719e-20)
4(2000 0 0 5.573353422e-20)
0()
0()
0()
0()
0()
0()
0()
0()
4(2000 0 0 2.98030658e-20)
0()
0()
0()
0()
0()
0()
0()
0()
0()
0()
0()
0()
0()
0()
0()
0()
0()
0()
0()
0()
0()
0()
0()
0()
4(2000 0 0 5.395917841e-20)
0()
0()
0()
0()
0()
0()
4(2000 0 0 6.403363271e-20)
0()
0()
4(2000 0 0 2.007326965e-19)
0()
0()
0()
0()
4(2000 0 0 1.128279669e-20)
0()
0()
4(2000 0 0 3.79885303e-20)
0()
0()
0()
4(2000 0 0 4.58709213e-20)
0()
0()
0()
0()
0()
0()
0()
4(2000 0 0 1.383916671e-19)
0()
0()
0()
0()
4(2000 0 0 1.851203057e-20)
0()
0()
0()
0()
0()
0()
0()
0()
4(2000 0 0 2.015620885e-20)
0()
0()
0()
0()
4(2000 0 0 2.128447215e-20)
0()
0()
0()
4(2000 0 0 8.414845346e-20)
0()
0()
0()
0()
0()
0()
0()
0()
0()
0()
0()
0()
0()
4(2000 0 0 2.167247582e-20)
4(2000 0 0 9.143742613e-20)
0()
4(2000 0 0 9.245534655e-20)
0()
0()
0()
0()
0()
0()
0()
0()
0()
0()
0()
0()
0()
0()
4(2000 0 0 1.037890163e-19)
0()
4(2000 0 0 7.488141569e-20)
4(2000 0 0 6.364552496e-20)
0()
4(2000 0 0 2.589362994e-21)
0()
0()
0()
4(2000 0 0 1.229896375e-19)
4(2000 0 0 4.495929492e-20)
4(2000 0 0 5.028607817e-20)
0()
0()
4(2000 0 0 3.390869963e-20)
0()
0()
0()
0()
4(2000 0 0 1.917324982e-20)
0()
0()
0()
0()
4(2000 0 0 3.019411695e-20)
4(2000 0 0 5.412514005e-20)
4(2000 0 0 5.435467755e-20)
0()
0()
0()
0()
0()
0()
4(2000 0 0 6.208529686e-20)
4(2000 0 0 3.600374214e-20)
0()
0()
0()
0()
0()
0()
0()
4(2000 0 0 5.094296409e-20)
4(2000 0 0 7.244656744e-20)
0()
0()
0()
0()
0()
4(2000 0 0 7.997150575e-20)
0()
0()
0()
0()
0()
4(2000 0 0 2.094509462e-20)
0()
0()
0()
0()
0()
0()
0()
4(2000 0 0 3.490557495e-20)
0()
0()
0()
0()
0()
4(2000 0 0 3.084364204e-20)
0()
0()
0()
0()
0()
4(2000 0 0 9.181053703e-21)
0()
0()
0()
0()
0()
4(2000 0 0 1.036814413e-19)
0()
0()
0()
4(2000 0 0 5.347983518e-20)
0()
0()
0()
0()
0()
0()
0()
0()
0()
4(2000 0 0 1.982205975e-20)
0()
0()
0()
0()
0()
0()
0()
0()
4(2000 0 0 8.581464462e-20)
0()
0()
0()
0()
0()
0()
0()
4(2000 0 0 1.396612354e-19)
4(2000 0 0 3.937833528e-21)
0()
0()
0()
0()
0()
0()
0()
0()
4(2000 0 0 2.360435357e-20)
0()
0()
0()
0()
0()
0()
0()
4(2000 0 0 8.684490448e-21)
0()
0()
0()
0()
0()
0()
4(2000 0 0 3.776190392e-20)
4(2000 0 0 7.232553947e-20)
0()
0()
4(2000 0 0 9.879662645e-20)
0()
0()
0()
0()
0()
0()
0()
0()
0()
0()
0()
0()
4(2000 0 0 1.278062412e-19)
4(2000 0 0 3.111404128e-20)
0()
0()
0()
0()
0()
0()
4(2000 0 0 2.020987108e-19)
0()
0()
0()
0()
0()
0()
0()
4(2000 0 0 8.944598231e-21)
0()
0()
0()
0()
0()
0()
0()
0()
0()
0()
0()
0()
0()
0()
0()
0()
0()
0()
0()
0()
0()
0()
0()
0()
0()
0()
0()
4(2000 0 0 6.507222134e-20)
0()
4(2000 0 0 1.270174769e-19)
0()
0()
4(2000 0 0 3.725395316e-20)
0()
0()
0()
0()
0()
0()
0()
0()
4(2000 0 0 7.017917802e-20)
0()
0()
0()
4(2000 0 0 6.095652613e-20)
0()
0()
0()
0()
0()
0()
0()
4(2000 0 0 5.582836965e-20)
0()
0()
4(2000 0 0 1.366971418e-19)
0()
0()
0()
0()
0()
0()
0()
0()
0()
4(2000 0 0 2.002330511e-20)
0()
4(2000 0 0 2.039841305e-20)
4(2000 0 0 5.318530607e-20)
0()
0()
4(2000 0 0 5.753796505e-20)
0()
0()
0()
0()
0()
4(2000 0 0 8.071335091e-20)
0()
0()
0()
0()
4(2000 0 0 4.540360141e-20)
4(2000 0 0 1.042737898e-19)
0()
0()
0()
0()
0()
0()
0()
0()
0()
0()
0()
0()
0()
0()
0()
0()
4(2000 0 0 3.133406639e-20)
4(2000 0 0 1.046232954e-19)
0()
0()
0()
0()
0()
0()
0()
0()
0()
0()
0()
0()
0()
0()
0()
0()
0()
4(2000 0 0 1.000675237e-19)
0()
0()
0()
0()
0()
0()
4(2000 0 0 7.466712485e-21)
0()
0()
0()
0()
0()
0()
0()
0()
0()
4(2000 0 0 3.879262073e-20)
0()
0()
4(2000 0 0 2.280254758e-20)
0()
4(2000 0 0 6.827024484e-20)
0()
0()
4(2000 0 0 1.257103228e-19)
0()
0()
4(2000 0 0 5.17546914e-20)
0()
0()
0()
0()
0()
0()
0()
4(2000 0 0 3.600560866e-20)
0()
0()
0()
0()
4(2000 0 0 7.926877237e-20)
4(2000 0 0 3.054148609e-20)
0()
0()
0()
0()
0()
0()
0()
0()
0()
0()
4(2000 0 0 9.622949843e-20)
0()
0()
0()
4(2000 0 0 7.959664358e-21)
0()
0()
0()
0()
0()
0()
0()
0()
0()
4(2000 0 0 8.097339566e-20)
0()
0()
0()
4(2000 0 0 4.56666497e-21)
0()
0()
0()
0()
0()
4(2000 0 0 3.238952421e-20)
0()
0()
0()
4(2000 0 0 1.268030021e-19)
0()
0()
0()
0()
4(2000 0 0 8.381363058e-20)
0()
0()
0()
0()
0()
4(2000 0 0 2.760189068e-20)
0()
0()
0()
0()
4(2000 0 0 4.062025798e-20)
4(2000 0 0 9.698707296e-20)
0()
0()
0()
0()
0()
4(2000 0 0 7.358657289e-20)
0()
0()
0()
0()
0()
4(2000 0 0 6.696804085e-20)
0()
4(2000 0 0 1.038112179e-19)
4(2000 0 0 1.192943504e-19)
4(2000 0 0 1.180763191e-20)
0()
0()
0()
0()
0()
0()
4(2000 0 0 4.286904839e-20)
0()
0()
0()
0()
0()
0()
4(2000 0 0 3.960509936e-20)
4(2000 0 0 1.272826173e-19)
0()
0()
0()
0()
0()
4(2000 0 0 7.618906429e-20)
0()
0()
4(2000 0 0 4.204050477e-20)
4(2000 0 0 2.74114291e-21)
0()
0()
0()
4(2000 0 0 5.664050022e-21)
0()
0()
0()
4(2000 0 0 2.182422038e-19)
4(2000 0 0 4.312206636e-20)
0()
0()
0()
0()
0()
0()
0()
0()
0()
0()
0()
0()
0()
0()
4(2000 0 0 8.345178421e-20)
0()
0()
0()
0()
0()
0()
0()
4(2000 0 0 1.391169427e-19)
4(2000 0 0 1.209910302e-19)
0()
4(2000 0 0 1.637920647e-20)
0()
0()
0()
0()
0()
0()
4(2000 0 0 3.100443658e-20)
0()
0()
0()
0()
0()
0()
0()
0()
0()
0()
0()
4(2000 0 0 6.008491895e-20)
0()
4(2000 0 0 1.632523414e-20)
4(2000 0 0 4.127486995e-20)
0()
4(2000 0 0 5.031990797e-20)
0()
0()
0()
0()
0()
0()
0()
0()
0()
0()
0()
0()
0()
0()
0()
0()
0()
0()
0()
0()
0()
0()
0()
0()
0()
0()
0()
0()
0()
0()
0()
4(2000 0 0 5.132287638e-20)
0()
0()
4(2000 0 0 1.042543385e-19)
0()
0()
4(2000 0 0 8.592021497e-20)
0()
0()
4(2000 0 0 5.844906277e-20)
4(2000 0 0 1.188886804e-19)
0()
4(2000 0 0 2.5649475e-20)
0()
0()
0()
4(2000 0 0 9.440935559e-20)
0()
0()
0()
0()
0()
0()
4(2000 0 0 6.130218319e-20)
0()
0()
0()
0()
4(2000 0 0 7.9939049e-21)
4(2000 0 0 3.295498279e-20)
0()
4(2000 0 0 5.588506433e-20)
4(2000 0 0 2.032557287e-20)
0()
0()
4(2000 0 0 4.794274914e-20)
0()
0()
0()
0()
4(2000 0 0 7.167951467e-20)
0()
0()
0()
4(2000 0 0 4.041749487e-20)
0()
0()
0()
0()
4(2000 0 0 7.591119427e-20)
0()
0()
0()
0()
0()
0()
0()
0()
0()
0()
0()
0()
0()
0()
0()
0()
0()
4(2000 0 0 1.662074463e-20)
0()
0()
0()
0()
0()
0()
0()
0()
0()
0()
0()
0()
0()
0()
0()
0()
4(2000 0 0 1.470714907e-20)
0()
0()
0()
0()
4(2000 0 0 5.077584361e-20)
0()
0()
0()
4(2000 0 0 8.395685504e-20)
4(2000 0 0 6.458789541e-20)
0()
0()
0()
0()
0()
0()
4(2000 0 0 9.938406791e-20)
0()
0()
4(2000 0 0 8.07656263e-20)
4(2000 0 0 1.370499851e-20)
0()
0()
0()
0()
0()
0()
0()
4(2000 0 0 9.225263897e-20)
0()
4(2000 0 0 4.388023397e-20)
0()
0()
0()
4(2000 0 0 7.179548442e-20)
4(2000 0 0 1.380797938e-20)
4(2000 0 0 8.925077966e-20)
0()
0()
0()
4(2000 0 0 7.255278646e-20)
4(2000 0 0 7.36228759e-20)
0()
0()
4(2000 0 0 1.323376865e-20)
0()
0()
0()
0()
0()
0()
4(2000 0 0 3.478289792e-20)
4(2000 0 0 8.513061425e-20)
0()
0()
0()
4(2000 0 0 6.36399488e-20)
0()
0()
4(2000 0 0 4.461344823e-20)
4(2000 0 0 1.032008634e-19)
0()
0()
0()
0()
0()
4(2000 0 0 3.204776276e-20)
0()
4(2000 0 0 1.111313688e-20)
0()
0()
0()
4(2000 0 0 1.543590122e-19)
0()
0()
0()
0()
4(2000 0 0 2.76735599e-20)
0()
0()
0()
0()
4(2000 0 0 2.148544316e-20)
0()
4(2000 0 0 5.965014747e-20)
0()
0()
0()
0()
0()
0()
0()
0()
0()
0()
0()
4(2000 0 0 2.091240949e-20)
0()
0()
4(2000 0 0 7.478791204e-20)
4(2000 0 0 4.380750049e-20)
0()
0()
0()
0()
0()
0()
0()
0()
0()
0()
0()
0()
0()
4(2000 0 0 2.884332183e-20)
0()
0()
0()
0()
0()
0()
0()
4(2000 0 0 1.96918288e-20)
4(2000 0 0 6.502632679e-20)
0()
4(2000 0 0 3.320091411e-20)
4(2000 0 0 1.153796863e-19)
0()
4(2000 0 0 9.863502591e-20)
0()
0()
4(2000 0 0 1.355959299e-19)
4(2000 0 0 7.024334242e-20)
0()
0()
0()
0()
0()
0()
4(2000 0 0 3.076629784e-20)
0()
4(2000 0 0 4.066008188e-20)
0()
4(2000 0 0 4.919806981e-21)
0()
0()
0()
0()
0()
0()
0()
4(2000 0 0 2.526396508e-20)
0()
0()
4(2000 0 0 4.76346105e-20)
0()
0()
0()
4(2000 0 0 3.147208256e-20)
0()
0()
0()
0()
0()
0()
0()
0()
0()
4(2000 0 0 7.032433162e-20)
4(2000 0 0 9.295504487e-20)
0()
4(2000 0 0 6.604813837e-20)
4(2000 0 0 5.26734041e-20)
4(2000 0 0 6.186238452e-20)
0()
4(2000 0 0 6.528616229e-20)
0()
0()
0()
0()
0()
4(2000 0 0 1.163664637e-20)
0()
4(2000 0 0 3.261266159e-20)
0()
4(2000 0 0 2.559136384e-20)
4(2000 0 0 3.306711303e-20)
0()
4(2000 0 0 3.806640261e-20)
0()
4(2000 0 0 5.196229947e-20)
0()
4(2000 0 0 8.922435453e-20)
0()
0()
0()
0()
4(2000 0 0 1.221942358e-19)
0()
0()
0()
0()
0()
0()
0()
0()
0()
0()
0()
0()
0()
4(2000 0 0 1.000060582e-20)
0()
4(2000 0 0 4.194326051e-20)
0()
0()
0()
0()
0()
4(2000 0 0 3.928671554e-20)
0()
0()
4(2000 0 0 3.464152079e-20)
0()
4(2000 0 0 6.714015606e-20)
0()
0()
0()
0()
0()
0()
0()
0()
0()
4(2000 0 0 5.700465574e-20)
0()
0()
0()
0()
0()
0()
0()
0()
0()
4(2000 0 0 4.362466869e-20)
0()
0()
0()
0()
0()
0()
4(2000 0 0 1.867712169e-20)
0()
0()
0()
0()
4(2000 0 0 4.133711073e-20)
0()
0()
0()
4(2000 0 0 5.383493125e-20)
0()
4(2000 0 0 6.445591502e-20)
0()
4(2000 0 0 1.002613695e-20)
4(2000 0 0 4.580508385e-20)
0()
4(2000 0 0 3.052004316e-20)
0()
0()
4(2000 0 0 3.812419898e-20)
4(2000 0 0 3.045836827e-20)
0()
0()
0()
0()
0()
0()
0()
0()
0()
0()
4(2000 0 0 8.147049151e-20)
0()
0()
0()
0()
4(2000 0 0 4.422911843e-20)
0()
0()
0()
0()
0()
0()
0()
0()
0()
0()
4(2000 0 0 5.545149177e-20)
0()
4(2000 0 0 2.857082372e-20)
4(2000 0 0 5.39278473e-20)
4(2000 0 0 2.676725575e-20)
4(2000 0 0 4.399836352e-20)
4(2000 0 0 1.57651288e-20)
0()
0()
0()
4(2000 0 0 2.224061203e-20)
0()
0()
0()
0()
4(2000 0 0 1.141489055e-19)
0()
0()
4(2000 0 0 8.967325121e-20)
0()
0()
0()
0()
0()
0()
0()
4(2000 0 0 3.61183104e-20)
4(2000 0 0 3.135745243e-20)
0()
0()
0()
0()
0()
4(2000 0 0 5.713248299e-21)
0()
0()
0()
0()
0()
0()
0()
0()
4(2000 0 0 3.848314921e-20)
0()
0()
4(2000 0 0 6.033401351e-20)
4(2000 0 0 7.293723471e-20)
0()
4(2000 0 0 2.27120223e-20)
0()
0()
0()
4(2000 0 0 2.306859746e-20)
4(2000 0 0 4.529085115e-20)
0()
0()
0()
0()
4(2000 0 0 1.224523616e-20)
4(2000 0 0 4.542888771e-20)
0()
0()
4(2000 0 0 5.221817532e-21)
0()
0()
0()
4(2000 0 0 1.54103146e-20)
4(2000 0 0 1.129802125e-19)
0()
4(2000 0 0 1.32619627e-20)
0()
0()
0()
0()
4(2000 0 0 4.054726253e-20)
0()
0()
0()
0()
4(2000 0 0 2.88442478e-20)
0()
0()
0()
4(2000 0 0 6.896615949e-20)
0()
0()
4(2000 0 0 3.065167201e-20)
0()
0()
4(2000 0 0 4.113553421e-20)
0()
4(2000 0 0 2.192777538e-20)
0()
0()
0()
0()
0()
0()
4(2000 0 0 9.014571116e-20)
0()
0()
0()
4(2000 0 0 5.222637695e-20)
0()
4(2000 0 0 5.451063176e-20)
0()
0()
0()
0()
0()
0()
0()
4(2000 0 0 3.907989744e-20)
0()
0()
4(2000 0 0 2.147745387e-19)
0()
0()
0()
0()
0()
0()
4(2000 0 0 8.889800357e-20)
0()
0()
0()
4(2000 0 0 2.927822571e-20)
0()
4(2000 0 0 5.584622835e-20)
4(2000 0 0 6.627771817e-20)
0()
0()
4(2000 0 0 5.957552198e-21)
0()
0()
4(2000 0 0 1.189351134e-19)
0()
0()
0()
4(2000 0 0 1.200209381e-19)
0()
0()
0()
0()
0()
0()
0()
0()
4(2000 0 0 8.369375874e-20)
0()
0()
0()
0()
0()
0()
4(2000 0 0 5.276347008e-20)
0()
0()
0()
4(2000 0 0 2.161809286e-19)
0()
4(2000 0 0 4.309586336e-20)
0()
0()
0()
0()
4(2000 0 0 7.760700575e-20)
0()
0()
4(2000 0 0 8.107588995e-20)
0()
0()
0()
0()
0()
0()
0()
0()
4(2000 0 0 1.48400854e-19)
4(2000 0 0 4.134485548e-20)
0()
0()
4(2000 0 0 2.737687515e-20)
0()
4(2000 0 0 5.91514621e-21)
0()
0()
0()
0()
0()
0()
4(2000 0 0 6.716793769e-20)
0()
0()
0()
4(2000 0 0 7.15102912e-21)
0()
0()
0()
0()
0()
0()
0()
0()
4(2000 0 0 4.739229474e-20)
4(2000 0 0 3.959860167e-20)
0()
0()
0()
4(2000 0 0 6.255592898e-20)
4(2000 0 0 3.845735471e-20)
0()
4(2000 0 0 1.16908741e-19)
0()
0()
0()
0()
4(2000 0 0 4.858343466e-20)
0()
4(2000 0 0 6.235728166e-20)
0()
0()
0()
0()
4(2000 0 0 6.131261744e-20)
0()
4(2000 0 0 1.482324551e-19)
0()
0()
0()
0()
0()
4(2000 0 0 7.063201288e-21)
0()
0()
0()
0()
0()
0()
0()
0()
0()
0()
0()
0()
0()
0()
0()
4(2000 0 0 2.306529338e-20)
0()
4(2000 0 0 3.568547299e-20)
0()
0()
0()
0()
4(2000 0 0 4.517486344e-20)
4(2000 0 0 3.043593812e-20)
0()
0()
0()
4(2000 0 0 1.303368252e-20)
0()
0()
0()
4(2000 0 0 7.034363821e-20)
0()
0()
0()
0()
0()
0()
0()
0()
0()
0()
0()
4(2000 0 0 4.114331833e-20)
0()
0()
0()
0()
0()
0()
0()
0()
0()
0()
0()
4(2000 0 0 1.092310674e-19)
4(2000 0 0 4.447559697e-20)
0()
0()
0()
0()
0()
0()
0()
0()
0()
0()
4(2000 0 0 4.815205873e-20)
0()
0()
0()
0()
0()
0()
0()
0()
0()
0()
0()
0()
4(2000 0 0 3.139044101e-20)
0()
4(2000 0 0 3.831373159e-20)
0()
0()
0()
0()
0()
4(2000 0 0 3.377299089e-20)
0()
0()
4(2000 0 0 2.042539596e-20)
0()
0()
4(2000 0 0 7.282559325e-20)
0()
0()
0()
4(2000 0 0 3.239626987e-20)
0()
0()
0()
0()
0()
0()
0()
4(2000 0 0 2.541221123e-20)
0()
0()
4(2000 0 0 2.421882323e-20)
0()
0()
4(2000 0 0 2.081704487e-20)
0()
0()
0()
0()
0()
4(2000 0 0 5.722788936e-20)
4(2000 0 0 2.718858176e-20)
0()
0()
0()
0()
0()
4(2000 0 0 7.89797033e-20)
0()
0()
4(2000 0 0 1.521744979e-19)
0()
4(2000 0 0 1.143581636e-19)
0()
0()
0()
0()
0()
4(2000 0 0 1.723099755e-20)
0()
4(2000 0 0 4.20463644e-20)
4(2000 0 0 6.652529926e-20)
0()
0()
0()
0()
0()
0()
0()
0()
0()
0()
0()
0()
0()
0()
0()
0()
0()
0()
0()
0()
0()
0()
4(2000 0 0 7.680833704e-21)
0()
0()
0()
0()
0()
0()
4(2000 0 0 1.893285624e-20)
0()
0()
0()
0()
0()
0()
0()
4(2000 0 0 4.030235014e-20)
0()
4(2000 0 0 9.31382356e-20)
0()
0()
0()
0()
0()
0()
0()
0()
0()
0()
0()
0()
4(2000 0 0 1.047840934e-19)
0()
0()
4(2000 0 0 7.591341693e-20)
4(2000 0 0 4.718767257e-20)
4(2000 0 0 2.239499471e-20)
0()
0()
0()
0()
0()
0()
0()
0()
0()
0()
0()
0()
0()
0()
4(2000 0 0 1.072094673e-19)
0()
0()
0()
4(2000 0 0 2.765536851e-20)
0()
0()
0()
4(2000 0 0 5.326234318e-20)
0()
0()
0()
0()
0()
0()
0()
0()
0()
4(2000 0 0 1.960961159e-20)
0()
0()
0()
0()
0()
0()
4(2000 0 0 1.482135869e-19)
0()
0()
0()
0()
0()
0()
0()
0()
0()
0()
0()
0()
0()
4(2000 0 0 3.884708136e-20)
0()
0()
0()
0()
4(2000 0 0 3.056931515e-20)
0()
0()
0()
0()
4(2000 0 0 1.133560601e-19)
0()
0()
0()
4(2000 0 0 4.447154981e-20)
0()
0()
4(2000 0 0 5.762224694e-21)
0()
0()
0()
0()
0()
0()
0()
4(2000 0 0 3.025871555e-20)
0()
0()
0()
4(2000 0 0 1.95123651e-20)
0()
0()
0()
0()
0()
4(2000 0 0 1.410643698e-19)
4(2000 0 0 4.37204587e-20)
4(2000 0 0 5.541637182e-20)
0()
0()
0()
0()
0()
0()
0()
0()
4(2000 0 0 1.06378485e-19)
4(2000 0 0 5.809048276e-20)
0()
0()
0()
0()
0()
4(2000 0 0 1.651577575e-20)
0()
0()
0()
4(2000 0 0 9.383947945e-20)
0()
4(2000 0 0 4.981958129e-20)
4(2000 0 0 1.07944313e-19)
4(2000 0 0 3.344620535e-20)
4(2000 0 0 6.582718425e-20)
0()
0()
4(2000 0 0 2.541156392e-20)
0()
0()
0()
0()
0()
0()
0()
4(2000 0 0 2.24417715e-20)
0()
0()
0()
0()
0()
0()
0()
0()
0()
4(2000 0 0 7.738919277e-20)
0()
0()
0()
4(2000 0 0 1.413753115e-19)
0()
0()
0()
0()
0()
0()
0()
0()
0()
0()
0()
0()
0()
0()
0()
0()
0()
0()
0()
0()
0()
4(2000 0 0 3.9965721e-20)
0()
0()
0()
0()
0()
0()
0()
0()
0()
0()
0()
4(2000 0 0 4.846017468e-20)
0()
0()
0()
0()
0()
4(2000 0 0 5.245634494e-20)
0()
0()
0()
0()
4(2000 0 0 7.88172254e-20)
0()
0()
0()
0()
0()
0()
0()
4(2000 0 0 3.198201493e-20)
0()
0()
0()
4(2000 0 0 3.238632743e-20)
0()
4(2000 0 0 6.953033131e-20)
0()
0()
0()
4(2000 0 0 1.825772028e-20)
4(2000 0 0 3.291277274e-20)
0()
0()
0()
0()
0()
4(2000 0 0 3.654916096e-20)
4(2000 0 0 6.620115376e-21)
0()
0()
4(2000 0 0 5.642558537e-20)
4(2000 0 0 3.356787094e-20)
4(2000 0 0 6.682473752e-20)
4(2000 0 0 2.533547908e-20)
0()
0()
0()
0()
0()
0()
4(2000 0 0 6.186358448e-20)
4(2000 0 0 3.871391151e-20)
0()
0()
4(2000 0 0 8.073030552e-20)
0()
0()
0()
0()
0()
0()
0()
0()
0()
0()
0()
4(2000 0 0 1.230738488e-20)
0()
4(2000 0 0 4.416549046e-20)
0()
0()
0()
4(2000 0 0 1.754078953e-20)
0()
4(2000 0 0 5.624177283e-20)
4(2000 0 0 1.024064985e-19)
0()
0()
4(2000 0 0 7.376774937e-21)
0()
0()
0()
0()
0()
0()
0()
0()
0()
0()
4(2000 0 0 8.200221031e-20)
4(2000 0 0 5.56654959e-20)
4(2000 0 0 9.158798467e-20)
0()
4(2000 0 0 4.208331896e-20)
0()
0()
0()
0()
0()
4(2000 0 0 8.058973579e-20)
0()
0()
0()
0()
0()
0()
0()
4(2000 0 0 7.66030571e-20)
0()
0()
0()
0()
4(2000 0 0 2.590558803e-20)
0()
4(2000 0 0 2.36003061e-20)
4(2000 0 0 4.440761022e-20)
0()
0()
0()
4(2000 0 0 1.079874583e-19)
0()
4(2000 0 0 2.424663394e-20)
0()
0()
0()
0()
0()
0()
0()
0()
4(2000 0 0 6.859112502e-20)
0()
4(2000 0 0 6.085654034e-20)
0()
0()
0()
4(2000 0 0 6.752146156e-20)
0()
0()
0()
0()
0()
0()
0()
0()
4(2000 0 0 1.152246347e-19)
0()
0()
4(2000 0 0 1.143393606e-19)
0()
0()
0()
4(2000 0 0 8.461008128e-20)
0()
0()
0()
0()
0()
0()
4(2000 0 0 3.930477847e-20)
0()
0()
0()
0()
0()
0()
0()
0()
4(2000 0 0 4.107458815e-20)
0()
0()
0()
0()
0()
0()
0()
0()
0()
0()
0()
4(2000 0 0 2.681007982e-20)
0()
0()
0()
0()
0()
0()
4(2000 0 0 3.063695486e-20)
4(2000 0 0 1.078736672e-19)
0()
4(2000 0 0 5.257866956e-20)
0()
0()
0()
4(2000 0 0 5.639007844e-20)
0()
0()
0()
0()
0()
0()
0()
0()
4(2000 0 0 1.377050198e-20)
4(2000 0 0 3.569996505e-20)
0()
4(2000 0 0 1.216156757e-19)
0()
0()
0()
0()
0()
0()
0()
4(2000 0 0 2.019733107e-20)
0()
0()
4(2000 0 0 4.602583609e-21)
0()
4(2000 0 0 2.707690202e-20)
0()
0()
0()
0()
0()
0()
0()
4(2000 0 0 6.158556905e-20)
0()
0()
0()
0()
0()
0()
4(2000 0 0 1.230641618e-19)
0()
0()
4(2000 0 0 3.612418781e-20)
0()
0()
0()
0()
0()
0()
0()
0()
4(2000 0 0 7.689762861e-20)
4(2000 0 0 2.486739448e-20)
0()
0()
4(2000 0 0 4.732509477e-21)
0()
0()
4(2000 0 0 6.870000044e-20)
0()
0()
0()
0()
0()
0()
4(2000 0 0 7.496145575e-20)
0()
0()
0()
0()
0()
0()
0()
0()
4(2000 0 0 5.951836294e-20)
0()
0()
4(2000 0 0 1.049814421e-19)
0()
0()
0()
4(2000 0 0 7.728127172e-20)
0()
4(2000 0 0 3.179792344e-20)
0()
4(2000 0 0 1.01761413e-19)
4(2000 0 0 3.1990753e-20)
0()
0()
0()
0()
0()
4(2000 0 0 3.739122945e-20)
0()
0()
4(2000 0 0 5.714892618e-20)
0()
0()
0()
0()
0()
0()
0()
0()
0()
0()
0()
0()
0()
0()
0()
0()
0()
0()
0()
0()
0()
4(2000 0 0 2.676076898e-20)
0()
0()
0()
0()
0()
0()
0()
4(2000 0 0 4.585010734e-20)
0()
0()
0()
4(2000 0 0 6.273953965e-20)
0()
0()
0()
0()
0()
4(2000 0 0 9.463758362e-20)
0()
0()
4(2000 0 0 3.000108704e-20)
0()
0()
0()
4(2000 0 0 6.222261765e-20)
0()
0()
0()
0()
0()
4(2000 0 0 3.706725005e-20)
0()
0()
0()
0()
0()
4(2000 0 0 1.582556199e-20)
0()
0()
0()
0()
0()
4(2000 0 0 7.121151953e-20)
0()
0()
0()
4(2000 0 0 3.230928764e-20)
0()
0()
0()
0()
0()
0()
0()
0()
0()
0()
0()
0()
4(2000 0 0 7.405241362e-20)
0()
0()
0()
0()
0()
0()
0()
4(2000 0 0 1.502899501e-20)
4(2000 0 0 3.8980193e-20)
0()
0()
0()
0()
4(2000 0 0 1.957470226e-20)
0()
0()
0()
0()
4(2000 0 0 4.855426313e-20)
0()
0()
0()
0()
4(2000 0 0 4.180419568e-20)
4(2000 0 0 7.666381196e-20)
0()
4(2000 0 0 3.318091369e-20)
0()
4(2000 0 0 1.009764751e-19)
0()
4(2000 0 0 3.646347775e-20)
0()
0()
0()
0()
0()
4(2000 0 0 6.143140323e-20)
4(2000 0 0 2.028820894e-20)
4(2000 0 0 4.062317671e-20)
0()
0()
0()
0()
0()
0()
0()
0()
0()
0()
0()
0()
0()
0()
0()
0()
0()
0()
0()
0()
0()
0()
0()
4(2000 0 0 4.088078644e-20)
4(2000 0 0 5.664082098e-20)
0()
0()
0()
0()
0()
4(2000 0 0 3.546543822e-20)
0()
0()
0()
0()
0()
0()
0()
0()
0()
0()
0()
0()
0()
0()
0()
4(2000 0 0 4.973967369e-20)
0()
0()
0()
0()
0()
0()
0()
0()
0()
0()
4(2000 0 0 1.10513228e-20)
4(2000 0 0 1.171311376e-19)
4(2000 0 0 5.297220317e-20)
4(2000 0 0 1.179661073e-19)
0()
0()
4(2000 0 0 5.952473013e-20)
0()
0()
4(2000 0 0 1.43015858e-19)
0()
4(2000 0 0 3.123643455e-20)
0()
0()
0()
0()
0()
0()
0()
0()
0()
0()
0()
0()
0()
0()
0()
0()
0()
4(2000 0 0 4.489298305e-20)
4(2000 0 0 7.191401039e-20)
4(2000 0 0 1.813916256e-19)
4(2000 0 0 2.849587281e-20)
4(2000 0 0 1.142512579e-19)
0()
4(2000 0 0 4.607424674e-20)
0()
0()
0()
0()
0()
0()
0()
0()
0()
0()
4(2000 0 0 6.139717854e-20)
0()
0()
0()
0()
0()
4(2000 0 0 6.396385724e-20)
4(2000 0 0 9.137409564e-21)
0()
0()
0()
0()
0()
0()
0()
0()
0()
0()
0()
0()
0()
0()
4(2000 0 0 1.560254472e-19)
0()
0()
0()
4(2000 0 0 7.694867241e-20)
0()
4(2000 0 0 6.973281333e-20)
0()
4(2000 0 0 8.779814594e-20)
0()
0()
0()
0()
0()
0()
0()
0()
0()
0()
0()
4(2000 0 0 5.428610103e-20)
0()
0()
0()
0()
0()
0()
0()
0()
0()
0()
4(2000 0 0 2.626903891e-20)
0()
0()
0()
0()
0()
0()
0()
0()
0()
0()
4(2000 0 0 5.32972048e-20)
4(2000 0 0 2.487354242e-20)
0()
0()
0()
4(2000 0 0 1.357540201e-19)
0()
0()
0()
0()
4(2000 0 0 3.368621268e-20)
0()
0()
0()
0()
0()
0()
0()
0()
4(2000 0 0 3.460991573e-20)
4(2000 0 0 3.498610706e-20)
4(2000 0 0 3.349281043e-20)
4(2000 0 0 1.2486125e-19)
0()
0()
0()
0()
0()
0()
0()
0()
0()
0()
0()
0()
0()
0()
0()
4(2000 0 0 1.046981618e-19)
0()
0()
0()
0()
0()
4(2000 0 0 9.116004843e-20)
0()
0()
0()
0()
4(2000 0 0 3.990165664e-20)
0()
0()
0()
0()
0()
0()
4(2000 0 0 1.280737923e-19)
0()
0()
0()
4(2000 0 0 1.076314152e-19)
4(2000 0 0 5.375110934e-20)
4(2000 0 0 4.937770891e-20)
0()
4(2000 0 0 7.781972794e-20)
0()
0()
4(2000 0 0 1.116711317e-20)
4(2000 0 0 5.768182916e-20)
0()
0()
0()
0()
0()
0()
0()
0()
0()
0()
0()
0()
0()
0()
0()
0()
0()
0()
0()
0()
4(2000 0 0 5.198780963e-20)
0()
0()
0()
4(2000 0 0 8.19955861e-20)
0()
4(2000 0 0 4.709917959e-20)
0()
0()
0()
4(2000 0 0 1.31106459e-19)
4(2000 0 0 6.033916852e-20)
0()
4(2000 0 0 3.942993665e-21)
0()
0()
0()
0()
0()
0()
4(2000 0 0 7.608915292e-20)
0()
0()
4(2000 0 0 4.072223878e-20)
4(2000 0 0 1.961562741e-20)
0()
0()
0()
4(2000 0 0 1.642770559e-20)
0()
0()
0()
4(2000 0 0 1.204683922e-19)
0()
0()
0()
0()
0()
0()
0()
0()
0()
0()
0()
0()
0()
0()
0()
0()
0()
0()
0()
0()
0()
0()
4(2000 0 0 6.092078208e-21)
4(2000 0 0 7.828196791e-20)
0()
4(2000 0 0 1.854382259e-20)
0()
0()
0()
0()
0()
0()
0()
0()
4(2000 0 0 3.363191166e-20)
0()
0()
0()
4(2000 0 0 3.927612782e-20)
0()
4(2000 0 0 5.454666166e-20)
0()
0()
0()
0()
0()
0()
0()
0()
0()
0()
0()
0()
0()
0()
0()
0()
0()
4(2000 0 0 1.180341353e-19)
4(2000 0 0 5.472663866e-20)
0()
0()
0()
0()
4(2000 0 0 7.342539317e-20)
0()
0()
0()
0()
0()
0()
0()
0()
0()
0()
4(2000 0 0 6.767518022e-20)
0()
0()
0()
4(2000 0 0 5.235127674e-20)
0()
0()
0()
0()
0()
4(2000 0 0 5.270758529e-20)
0()
0()
0()
0()
0()
0()
4(2000 0 0 2.619564322e-20)
0()
0()
0()
0()
4(2000 0 0 7.763812467e-20)
0()
4(2000 0 0 3.793120929e-20)
4(2000 0 0 1.835800753e-20)
4(2000 0 0 4.440200031e-20)
0()
0()
0()
0()
4(2000 0 0 4.239868556e-20)
0()
0()
0()
0()
0()
0()
0()
0()
0()
4(2000 0 0 9.783611686e-21)
0()
0()
0()
4(2000 0 0 6.03641157e-20)
0()
4(2000 0 0 6.745045422e-20)
0()
0()
0()
0()
0()
0()
0()
0()
0()
4(2000 0 0 1.20261876e-20)
0()
4(2000 0 0 2.200897371e-19)
0()
0()
0()
0()
0()
0()
0()
0()
0()
4(2000 0 0 1.365375957e-20)
4(2000 0 0 3.313561319e-20)
0()
0()
0()
4(2000 0 0 5.414805164e-20)
0()
0()
0()
0()
0()
0()
0()
0()
0()
0()
4(2000 0 0 1.590990526e-20)
0()
0()
4(2000 0 0 1.105137218e-20)
4(2000 0 0 2.077067985e-19)
0()
0()
0()
0()
0()
0()
0()
0()
0()
4(2000 0 0 4.659437348e-20)
0()
0()
0()
0()
0()
0()
0()
0()
0()
4(2000 0 0 1.110041512e-19)
0()
4(2000 0 0 6.156287821e-20)
0()
0()
0()
0()
0()
0()
0()
0()
4(2000 0 0 2.438345617e-20)
0()
0()
4(2000 0 0 5.298114217e-20)
0()
0()
0()
4(2000 0 0 1.403716957e-19)
0()
4(2000 0 0 2.737949103e-20)
0()
0()
0()
4(2000 0 0 6.213771979e-20)
0()
0()
0()
0()
0()
0()
0()
0()
0()
0()
0()
4(2000 0 0 1.351507829e-20)
0()
0()
0()
0()
4(2000 0 0 2.427995512e-20)
0()
0()
0()
0()
0()
0()
4(2000 0 0 1.348825165e-19)
4(2000 0 0 3.277228902e-20)
0()
0()
0()
0()
0()
0()
4(2000 0 0 3.641529616e-20)
4(2000 0 0 2.002074696e-20)
4(2000 0 0 8.364438471e-21)
0()
0()
0()
0()
0()
0()
0()
4(2000 0 0 3.214970032e-20)
0()
0()
0()
0()
0()
0()
0()
0()
0()
0()
4(2000 0 0 1.196677495e-19)
0()
0()
0()
0()
0()
0()
0()
4(2000 0 0 3.877200156e-20)
4(2000 0 0 1.645214343e-20)
0()
4(2000 0 0 3.321285715e-20)
0()
4(2000 0 0 5.865976182e-20)
4(2000 0 0 9.42891375e-20)
0()
4(2000 0 0 7.56621532e-20)
0()
4(2000 0 0 1.101575216e-19)
0()
0()
0()
0()
0()
0()
4(2000 0 0 2.197540346e-20)
4(2000 0 0 3.944388647e-20)
0()
0()
0()
0()
0()
0()
0()
4(2000 0 0 6.503827252e-20)
4(2000 0 0 3.898334903e-21)
0()
4(2000 0 0 1.704453398e-19)
0()
4(2000 0 0 3.987942008e-20)
0()
0()
0()
0()
0()
0()
0()
0()
0()
0()
0()
0()
0()
0()
0()
0()
0()
0()
0()
0()
0()
0()
0()
0()
0()
4(2000 0 0 4.95756245e-20)
4(2000 0 0 3.176629035e-20)
0()
0()
0()
0()
0()
4(2000 0 0 4.201306858e-20)
0()
0()
4(2000 0 0 7.770635225e-20)
4(2000 0 0 4.983459143e-21)
0()
0()
0()
0()
4(2000 0 0 5.479060872e-20)
0()
0()
0()
4(2000 0 0 8.455841633e-21)
4(2000 0 0 3.986883222e-20)
0()
0()
4(2000 0 0 1.557516064e-20)
0()
0()
0()
0()
0()
4(2000 0 0 1.749682199e-20)
0()
0()
0()
0()
0()
0()
0()
0()
4(2000 0 0 6.191109638e-20)
0()
0()
0()
0()
0()
0()
4(2000 0 0 3.378279494e-20)
0()
0()
0()
0()
0()
0()
4(2000 0 0 4.556027185e-20)
0()
0()
0()
0()
0()
4(2000 0 0 1.631338675e-20)
0()
0()
0()
0()
0()
0()
0()
0()
4(2000 0 0 1.154192793e-20)
4(2000 0 0 6.617438832e-20)
0()
0()
0()
4(2000 0 0 7.024309012e-20)
0()
0()
0()
0()
0()
0()
0()
4(2000 0 0 7.662944099e-20)
0()
0()
0()
0()
0()
0()
0()
0()
0()
0()
4(2000 0 0 2.852310196e-20)
0()
4(2000 0 0 4.347699985e-20)
0()
0()
4(2000 0 0 3.042300009e-20)
0()
0()
0()
0()
0()
0()
0()
0()
0()
0()
0()
0()
0()
0()
0()
0()
4(2000 0 0 9.283068579e-20)
0()
0()
0()
0()
0()
0()
0()
0()
0()
0()
0()
0()
0()
0()
0()
0()
0()
0()
0()
4(2000 0 0 6.035650064e-20)
0()
0()
0()
0()
0()
4(2000 0 0 1.60581478e-19)
0()
0()
0()
4(2000 0 0 5.369195804e-20)
0()
0()
4(2000 0 0 3.48197564e-20)
0()
0()
0()
0()
0()
0()
0()
0()
0()
0()
0()
0()
0()
4(2000 0 0 5.835396716e-20)
0()
0()
0()
0()
0()
0()
0()
0()
0()
0()
0()
0()
0()
0()
0()
0()
0()
0()
0()
0()
0()
0()
0()
4(2000 0 0 5.712656237e-20)
4(2000 0 0 3.953999857e-20)
0()
4(2000 0 0 9.709014147e-20)
0()
4(2000 0 0 5.801963334e-20)
0()
0()
4(2000 0 0 4.217277787e-20)
0()
0()
0()
0()
4(2000 0 0 2.110604188e-20)
0()
0()
0()
0()
0()
0()
4(2000 0 0 8.762857412e-20)
0()
0()
0()
0()
0()
0()
0()
4(2000 0 0 3.898923253e-20)
0()
0()
4(2000 0 0 2.216193695e-20)
4(2000 0 0 2.548488505e-20)
0()
0()
0()
0()
0()
0()
4(2000 0 0 9.637170484e-20)
0()
0()
4(2000 0 0 2.120273434e-20)
4(2000 0 0 3.681125645e-20)
4(2000 0 0 4.909011645e-20)
0()
0()
0()
0()
0()
0()
0()
0()
0()
0()
4(2000 0 0 4.406574328e-20)
4(2000 0 0 6.557414407e-20)
4(2000 0 0 1.227865359e-19)
0()
4(2000 0 0 9.477000378e-20)
0()
0()
4(2000 0 0 8.373453185e-21)
0()
0()
0()
0()
4(2000 0 0 1.848261554e-20)
0()
0()
0()
0()
4(2000 0 0 7.239685014e-20)
0()
0()
0()
0()
0()
0()
4(2000 0 0 1.195881635e-19)
0()
0()
4(2000 0 0 2.506913901e-20)
0()
0()
4(2000 0 0 2.390692535e-20)
0()
0()
0()
0()
0()
0()
0()
0()
4(2000 0 0 1.173309571e-19)
0()
0()
4(2000 0 0 6.847262276e-20)
0()
0()
0()
0()
0()
0()
0()
4(2000 0 0 6.383644898e-20)
0()
0()
4(2000 0 0 1.702919586e-20)
0()
4(2000 0 0 1.046744982e-20)
0()
4(2000 0 0 6.889348209e-20)
0()
0()
0()
0()
0()
0()
0()
0()
0()
0()
0()
0()
0()
0()
4(2000 0 0 2.092596877e-20)
0()
0()
0()
0()
4(2000 0 0 3.553506772e-20)
0()
0()
0()
0()
0()
0()
0()
0()
0()
0()
0()
0()
0()
0()
0()
0()
0()
0()
0()
4(2000 0 0 4.609549854e-20)
0()
4(2000 0 0 8.14180066e-21)
0()
4(2000 0 0 1.010536463e-19)
0()
0()
0()
0()
4(2000 0 0 7.955046775e-20)
0()
0()
0()
0()
0()
0()
0()
4(2000 0 0 9.195580945e-20)
4(2000 0 0 1.341238968e-19)
0()
0()
0()
0()
0()
0()
0()
0()
0()
4(2000 0 0 2.100523538e-20)
0()
4(2000 0 0 2.99812471e-20)
0()
0()
0()
4(2000 0 0 2.488640067e-20)
0()
0()
0()
0()
0()
0()
4(2000 0 0 1.603868558e-20)
0()
4(2000 0 0 5.239975407e-20)
4(2000 0 0 1.159316982e-19)
4(2000 0 0 1.461773735e-20)
0()
4(2000 0 0 3.293549343e-20)
0()
0()
0()
4(2000 0 0 1.12903687e-19)
4(2000 0 0 9.859111783e-20)
4(2000 0 0 2.192883467e-20)
0()
0()
0()
0()
0()
0()
0()
0()
0()
0()
0()
0()
0()
0()
0()
0()
0()
4(2000 0 0 1.156868527e-19)
0()
0()
4(2000 0 0 4.961880354e-20)
0()
0()
0()
0()
0()
0()
0()
4(2000 0 0 1.48413912e-20)
0()
0()
4(2000 0 0 1.279285404e-19)
4(2000 0 0 3.199539699e-20)
0()
0()
0()
0()
4(2000 0 0 1.887479399e-20)
0()
0()
0()
0()
0()
0()
0()
0()
0()
0()
0()
0()
0()
0()
0()
4(2000 0 0 5.819883034e-20)
0()
0()
0()
0()
0()
0()
0()
0()
0()
0()
0()
0()
4(2000 0 0 8.708276941e-20)
4(2000 0 0 2.247761688e-20)
4(2000 0 0 4.706637962e-20)
4(2000 0 0 7.022195889e-20)
0()
0()
0()
0()
0()
0()
0()
4(2000 0 0 3.373720984e-20)
0()
0()
0()
0()
4(2000 0 0 6.555222425e-20)
0()
0()
0()
4(2000 0 0 8.615886296e-20)
0()
0()
4(2000 0 0 3.62054703e-20)
0()
0()
0()
0()
4(2000 0 0 8.054388983e-20)
0()
0()
4(2000 0 0 2.159281961e-20)
4(2000 0 0 6.323648682e-20)
4(2000 0 0 4.602123886e-20)
0()
0()
0()
0()
0()
0()
0()
0()
4(2000 0 0 4.759012845e-20)
0()
0()
0()
0()
0()
4(2000 0 0 1.727297381e-19)
0()
0()
0()
0()
4(2000 0 0 4.582915748e-20)
0()
0()
4(2000 0 0 4.048577586e-20)
0()
0()
0()
4(2000 0 0 1.14019089e-19)
4(2000 0 0 5.677044494e-21)
0()
0()
0()
0()
0()
0()
0()
0()
0()
0()
0()
0()
0()
0()
0()
4(2000 0 0 1.178219243e-19)
0()
4(2000 0 0 3.230691417e-20)
0()
0()
0()
4(2000 0 0 2.134281584e-20)
0()
0()
0()
0()
0()
0()
0()
0()
4(2000 0 0 6.790407484e-20)
0()
4(2000 0 0 9.87861061e-21)
4(2000 0 0 5.175159271e-20)
0()
4(2000 0 0 6.524671412e-20)
4(2000 0 0 6.623442642e-20)
4(2000 0 0 3.794678524e-20)
0()
0()
4(2000 0 0 1.146486415e-20)
4(2000 0 0 5.499128733e-20)
0()
0()
0()
0()
0()
0()
0()
0()
4(2000 0 0 2.209784343e-20)
0()
0()
0()
0()
0()
0()
0()
0()
0()
4(2000 0 0 7.504587831e-20)
0()
0()
4(2000 0 0 5.533032717e-21)
0()
4(2000 0 0 6.111840751e-20)
0()
0()
0()
4(2000 0 0 1.519129531e-19)
0()
0()
0()
0()
0()
0()
0()
0()
4(2000 0 0 1.399959776e-19)
4(2000 0 0 2.6113068e-20)
0()
0()
0()
0()
0()
4(2000 0 0 3.272877447e-20)
0()
0()
0()
4(2000 0 0 8.919725928e-20)
0()
0()
0()
0()
0()
0()
0()
0()
4(2000 0 0 7.384084387e-20)
0()
4(2000 0 0 5.285142296e-20)
0()
0()
0()
0()
4(2000 0 0 7.353143618e-20)
0()
0()
0()
0()
4(2000 0 0 1.642691091e-20)
0()
4(2000 0 0 4.711982026e-20)
0()
0()
0()
4(2000 0 0 6.308923407e-20)
0()
0()
0()
0()
0()
0()
0()
0()
0()
4(2000 0 0 3.555343204e-20)
0()
0()
0()
0()
4(2000 0 0 8.189371123e-21)
0()
0()
0()
0()
4(2000 0 0 5.935556493e-20)
4(2000 0 0 3.898313329e-20)
0()
0()
4(2000 0 0 7.083816017e-20)
0()
4(2000 0 0 1.021052556e-19)
0()
0()
0()
4(2000 0 0 3.394314422e-20)
0()
0()
0()
4(2000 0 0 5.921279251e-21)
0()
4(2000 0 0 1.781075344e-20)
0()
0()
4(2000 0 0 1.779481137e-20)
0()
0()
0()
0()
0()
0()
0()
0()
4(2000 0 0 5.823233632e-20)
4(2000 0 0 3.590417395e-20)
0()
0()
0()
0()
0()
0()
0()
0()
4(2000 0 0 5.295331573e-20)
0()
0()
0()
0()
4(2000 0 0 1.656299685e-20)
0()
0()
0()
4(2000 0 0 5.54012111e-20)
4(2000 0 0 2.200132603e-20)
0()
0()
0()
0()
4(2000 0 0 8.325982775e-20)
0()
0()
0()
0()
0()
0()
4(2000 0 0 6.885469873e-20)
0()
0()
0()
0()
4(2000 0 0 7.369428963e-20)
0()
0()
4(2000 0 0 2.040865233e-20)
0()
0()
0()
0()
4(2000 0 0 3.171845316e-20)
0()
4(2000 0 0 1.401685448e-19)
0()
0()
0()
0()
4(2000 0 0 1.11888828e-19)
0()
0()
4(2000 0 0 5.54284601e-20)
0()
0()
0()
4(2000 0 0 4.937429346e-20)
0()
0()
0()
0()
0()
0()
0()
0()
0()
0()
0()
0()
0()
0()
4(2000 0 0 6.501411864e-21)
0()
4(2000 0 0 2.99816201e-20)
0()
0()
0()
4(2000 0 0 9.400246564e-20)
0()
0()
0()
0()
4(2000 0 0 1.504108707e-19)
0()
0()
0()
0()
0()
0()
0()
0()
0()
0()
0()
0()
0()
0()
0()
0()
0()
0()
0()
0()
0()
0()
0()
4(2000 0 0 3.817677308e-20)
0()
0()
0()
0()
0()
0()
4(2000 0 0 6.155595338e-20)
4(2000 0 0 3.285165052e-20)
0()
0()
0()
4(2000 0 0 9.829581024e-20)
0()
4(2000 0 0 2.492384498e-20)
0()
4(2000 0 0 9.324226292e-20)
0()
0()
0()
0()
0()
0()
0()
0()
0()
0()
4(2000 0 0 1.186651155e-19)
0()
0()
4(2000 0 0 2.651377519e-20)
0()
0()
4(2000 0 0 7.127968901e-20)
4(2000 0 0 8.617253193e-20)
4(2000 0 0 3.992090243e-20)
0()
4(2000 0 0 7.446728235e-20)
0()
0()
0()
0()
0()
4(2000 0 0 1.988859356e-20)
0()
0()
0()
0()
4(2000 0 0 5.593486926e-20)
0()
0()
0()
0()
4(2000 0 0 8.238250124e-20)
0()
0()
0()
0()
0()
0()
0()
0()
0()
0()
4(2000 0 0 9.138994497e-20)
4(2000 0 0 1.220833893e-19)
0()
4(2000 0 0 6.43921111e-21)
0()
4(2000 0 0 6.800937253e-20)
0()
0()
0()
0()
0()
0()
0()
0()
0()
4(2000 0 0 1.90318432e-20)
0()
0()
0()
0()
4(2000 0 0 9.155582312e-20)
0()
0()
4(2000 0 0 2.088082612e-20)
0()
0()
0()
0()
4(2000 0 0 1.090881217e-19)
0()
0()
0()
0()
0()
0()
0()
4(2000 0 0 2.794027987e-20)
4(2000 0 0 4.668720004e-20)
4(2000 0 0 3.465475454e-20)
0()
0()
0()
0()
4(2000 0 0 4.451845867e-20)
0()
4(2000 0 0 2.430051262e-21)
0()
0()
0()
0()
0()
0()
0()
0()
0()
0()
0()
0()
0()
0()
4(2000 0 0 2.275547317e-20)
0()
0()
4(2000 0 0 2.604253554e-20)
0()
0()
0()
4(2000 0 0 5.013753485e-20)
0()
0()
0()
0()
0()
0()
0()
0()
0()
0()
0()
0()
0()
4(2000 0 0 1.749991274e-20)
0()
0()
0()
0()
0()
0()
0()
0()
0()
0()
4(2000 0 0 1.230200985e-20)
0()
0()
0()
0()
0()
0()
0()
0()
0()
4(2000 0 0 6.496449906e-20)
0()
0()
0()
0()
0()
4(2000 0 0 4.366388406e-20)
0()
0()
0()
0()
0()
0()
0()
0()
0()
0()
0()
4(2000 0 0 6.09278927e-20)
0()
4(2000 0 0 8.967454131e-21)
0()
0()
0()
0()
0()
0()
4(2000 0 0 1.819892142e-20)
0()
4(2000 0 0 2.347449933e-20)
0()
4(2000 0 0 3.572469594e-20)
4(2000 0 0 1.240058528e-19)
0()
0()
0()
0()
0()
0()
0()
0()
4(2000 0 0 7.324472442e-20)
0()
4(2000 0 0 5.356922286e-20)
0()
0()
0()
0()
0()
4(2000 0 0 5.46462718e-20)
4(2000 0 0 4.486993054e-20)
4(2000 0 0 2.494587635e-20)
0()
0()
0()
0()
4(2000 0 0 2.218540802e-20)
4(2000 0 0 1.343462758e-19)
0()
0()
4(2000 0 0 1.758289144e-20)
0()
0()
0()
0()
0()
4(2000 0 0 7.880576234e-21)
4(2000 0 0 3.847389316e-20)
0()
0()
0()
0()
4(2000 0 0 1.980855752e-19)
0()
4(2000 0 0 3.684613587e-20)
0()
0()
4(2000 0 0 1.616534636e-20)
0()
0()
0()
0()
0()
0()
0()
0()
0()
0()
0()
4(2000 0 0 3.870011395e-20)
0()
0()
0()
4(2000 0 0 5.562148728e-20)
0()
0()
0()
0()
0()
0()
0()
0()
0()
0()
0()
4(2000 0 0 4.904008275e-20)
0()
0()
0()
4(2000 0 0 1.675304168e-20)
0()
0()
4(2000 0 0 8.138774467e-20)
4(2000 0 0 3.859341269e-20)
0()
0()
0()
0()
0()
0()
0()
0()
4(2000 0 0 5.09822508e-20)
0()
0()
0()
4(2000 0 0 7.489209104e-20)
0()
0()
0()
0()
0()
0()
4(2000 0 0 2.175405063e-20)
0()
0()
0()
0()
4(2000 0 0 4.084426237e-20)
0()
0()
0()
0()
0()
4(2000 0 0 1.084104504e-20)
0()
4(2000 0 0 7.425072199e-20)
0()
4(2000 0 0 4.76588544e-20)
0()
0()
4(2000 0 0 2.244951936e-20)
4(2000 0 0 2.143506333e-20)
0()
0()
0()
0()
4(2000 0 0 5.870908757e-20)
0()
0()
0()
0()
0()
0()
0()
0()
4(2000 0 0 3.230960588e-20)
0()
4(2000 0 0 1.577482456e-20)
0()
0()
0()
4(2000 0 0 3.822644163e-20)
0()
0()
4(2000 0 0 8.100024189e-20)
0()
4(2000 0 0 7.937310083e-21)
0()
0()
4(2000 0 0 1.946497725e-20)
0()
0()
0()
0()
0()
0()
0()
0()
0()
0()
0()
0()
0()
0()
0()
0()
0()
0()
0()
0()
0()
0()
0()
0()
4(2000 0 0 6.933173684e-20)
0()
0()
0()
0()
0()
0()
4(2000 0 0 6.270741892e-20)
0()
0()
0()
0()
0()
0()
0()
4(2000 0 0 1.063821462e-20)
0()
4(2000 0 0 6.784042645e-20)
0()
0()
0()
4(2000 0 0 5.42801697e-20)
4(2000 0 0 3.208686237e-20)
4(2000 0 0 2.276719506e-20)
0()
0()
0()
0()
0()
0()
0()
0()
0()
0()
4(2000 0 0 8.947106288e-20)
0()
0()
0()
0()
0()
0()
0()
0()
0()
0()
0()
0()
0()
0()
0()
0()
0()
0()
0()
0()
4(2000 0 0 2.893685905e-20)
0()
0()
0()
0()
0()
0()
4(2000 0 0 1.122622749e-19)
0()
4(2000 0 0 5.336213369e-20)
4(2000 0 0 3.002916545e-20)
4(2000 0 0 4.802752408e-20)
4(2000 0 0 3.387895503e-20)
0()
0()
0()
0()
0()
0()
0()
0()
0()
0()
0()
4(2000 0 0 3.67450663e-20)
0()
4(2000 0 0 3.441503836e-20)
0()
0()
4(2000 0 0 3.259522205e-20)
0()
0()
0()
0()
4(2000 0 0 1.002070276e-19)
0()
0()
0()
0()
0()
0()
0()
0()
0()
4(2000 0 0 7.824315467e-20)
0()
4(2000 0 0 1.082626781e-19)
0()
0()
0()
0()
0()
0()
0()
4(2000 0 0 7.969316871e-20)
4(2000 0 0 4.2818067e-20)
4(2000 0 0 1.969705657e-19)
0()
0()
0()
0()
0()
0()
0()
0()
4(2000 0 0 6.042873842e-20)
0()
0()
0()
0()
0()
0()
0()
0()
0()
4(2000 0 0 4.888474855e-20)
4(2000 0 0 1.35328237e-19)
0()
4(2000 0 0 8.043782965e-21)
0()
4(2000 0 0 2.644658656e-20)
0()
0()
4(2000 0 0 4.133795936e-20)
0()
0()
0()
0()
0()
0()
4(2000 0 0 3.618390904e-20)
0()
0()
0()
0()
0()
0()
0()
4(2000 0 0 8.06715086e-20)
0()
0()
0()
0()
0()
0()
4(2000 0 0 3.781494442e-20)
0()
4(2000 0 0 1.549716554e-20)
4(2000 0 0 6.72634848e-20)
4(2000 0 0 6.551195251e-20)
0()
0()
0()
4(2000 0 0 7.428555924e-20)
4(2000 0 0 5.957927497e-20)
0()
4(2000 0 0 6.025109884e-20)
4(2000 0 0 1.284870149e-20)
0()
0()
4(2000 0 0 1.982952277e-20)
0()
0()
0()
0()
0()
0()
0()
0()
0()
0()
0()
0()
0()
0()
0()
4(2000 0 0 4.8880711e-20)
0()
0()
0()
0()
0()
0()
0()
0()
0()
0()
0()
0()
0()
4(2000 0 0 6.47869416e-20)
0()
0()
0()
0()
4(2000 0 0 4.367121538e-20)
0()
0()
0()
0()
0()
0()
0()
4(2000 0 0 9.499249943e-20)
0()
0()
0()
0()
0()
4(2000 0 0 4.318632881e-20)
4(2000 0 0 4.83121369e-20)
0()
0()
0()
0()
0()
0()
0()
0()
0()
4(2000 0 0 4.590112138e-20)
0()
0()
0()
0()
0()
0()
4(2000 0 0 3.322168881e-20)
0()
0()
0()
0()
0()
0()
0()
0()
4(2000 0 0 5.11111646e-20)
0()
0()
0()
4(2000 0 0 4.882801903e-20)
0()
0()
0()
0()
0()
0()
0()
0()
0()
0()
4(2000 0 0 3.869705011e-20)
0()
0()
0()
0()
0()
4(2000 0 0 3.459390636e-20)
0()
0()
0()
0()
0()
0()
0()
0()
0()
0()
0()
0()
4(2000 0 0 8.142623973e-20)
0()
0()
0()
0()
0()
4(2000 0 0 1.921429035e-20)
0()
0()
0()
4(2000 0 0 5.380193629e-20)
0()
0()
4(2000 0 0 3.470846306e-20)
0()
0()
0()
4(2000 0 0 2.353745178e-21)
0()
0()
0()
0()
0()
0()
4(2000 0 0 3.840150713e-20)
0()
0()
0()
0()
0()
0()
4(2000 0 0 8.01967452e-20)
0()
0()
0()
0()
4(2000 0 0 4.392703659e-20)
4(2000 0 0 3.479812859e-20)
0()
0()
0()
0()
0()
0()
0()
0()
4(2000 0 0 3.344982501e-20)
0()
4(2000 0 0 4.775642253e-20)
0()
0()
0()
4(2000 0 0 1.933628159e-20)
0()
4(2000 0 0 6.463524778e-20)
0()
0()
0()
4(2000 0 0 6.189182957e-21)
0()
0()
0()
0()
0()
0()
4(2000 0 0 2.253373436e-20)
0()
0()
0()
0()
4(2000 0 0 3.522792722e-20)
0()
0()
0()
0()
0()
0()
0()
0()
0()
0()
0()
4(2000 0 0 9.068124266e-20)
4(2000 0 0 8.141116575e-20)
0()
0()
0()
0()
4(2000 0 0 1.644679686e-20)
0()
0()
0()
4(2000 0 0 1.01820811e-20)
0()
0()
0()
0()
0()
4(2000 0 0 7.13316381e-20)
0()
0()
4(2000 0 0 7.21753521e-20)
0()
0()
4(2000 0 0 2.903257844e-20)
0()
0()
0()
0()
0()
0()
0()
0()
4(2000 0 0 1.168815733e-20)
0()
0()
4(2000 0 0 1.422880698e-20)
0()
4(2000 0 0 1.055241652e-19)
0()
0()
0()
0()
0()
0()
0()
0()
0()
0()
0()
0()
0()
0()
0()
0()
0()
0()
0()
0()
0()
4(2000 0 0 1.068364623e-19)
0()
0()
0()
0()
0()
0()
0()
4(2000 0 0 2.898431621e-20)
0()
0()
0()
0()
0()
0()
0()
0()
0()
0()
4(2000 0 0 1.209086087e-20)
0()
0()
4(2000 0 0 3.310061005e-20)
0()
0()
0()
0()
4(2000 0 0 2.093679021e-20)
4(2000 0 0 9.068545735e-20)
0()
4(2000 0 0 1.047448551e-19)
0()
0()
0()
0()
0()
0()
4(2000 0 0 5.301875669e-20)
0()
0()
0()
0()
0()
0()
0()
0()
0()
0()
0()
0()
4(2000 0 0 3.06054376e-20)
4(2000 0 0 2.617417005e-20)
0()
4(2000 0 0 1.348317602e-19)
0()
0()
0()
4(2000 0 0 7.282618612e-20)
0()
4(2000 0 0 5.700140125e-20)
0()
0()
0()
0()
0()
0()
4(2000 0 0 5.023026154e-20)
4(2000 0 0 4.691491976e-20)
0()
4(2000 0 0 6.368432503e-20)
0()
0()
4(2000 0 0 4.59758903e-20)
0()
4(2000 0 0 1.014561223e-19)
4(2000 0 0 9.66187513e-20)
0()
0()
0()
0()
0()
0()
4(2000 0 0 7.378253526e-21)
0()
0()
4(2000 0 0 6.470618768e-20)
0()
0()
0()
0()
0()
0()
0()
0()
0()
0()
0()
4(2000 0 0 1.825287331e-20)
4(2000 0 0 7.205963371e-21)
0()
0()
0()
4(2000 0 0 1.220382197e-19)
4(2000 0 0 2.095185138e-21)
0()
4(2000 0 0 2.348203979e-20)
0()
0()
4(2000 0 0 2.602099654e-20)
0()
0()
0()
4(2000 0 0 2.303465672e-20)
0()
0()
0()
0()
4(2000 0 0 3.047364387e-20)
0()
0()
0()
0()
0()
0()
0()
0()
4(2000 0 0 1.814503075e-20)
0()
4(2000 0 0 4.621436122e-20)
0()
0()
4(2000 0 0 2.706942134e-20)
0()
0()
4(2000 0 0 3.63443847e-20)
0()
0()
0()
0()
0()
0()
4(2000 0 0 1.280126851e-19)
0()
0()
0()
0()
0()
0()
0()
0()
0()
0()
0()
0()
4(2000 0 0 6.890998645e-20)
0()
0()
0()
4(2000 0 0 3.299255177e-20)
0()
0()
0()
4(2000 0 0 2.039994343e-20)
4(2000 0 0 5.947475505e-20)
4(2000 0 0 1.326263098e-20)
0()
0()
4(2000 0 0 4.602021548e-20)
4(2000 0 0 7.996459451e-20)
0()
4(2000 0 0 3.917446805e-20)
0()
4(2000 0 0 6.830672437e-20)
0()
0()
0()
0()
0()
0()
0()
0()
0()
4(2000 0 0 2.257409504e-20)
0()
0()
0()
0()
0()
0()
0()
0()
0()
0()
0()
0()
4(2000 0 0 4.187923338e-20)
4(2000 0 0 3.460796331e-20)
0()
0()
0()
0()
0()
0()
0()
0()
0()
0()
0()
4(2000 0 0 3.442950813e-20)
0()
0()
0()
0()
0()
0()
0()
0()
0()
0()
0()
0()
0()
0()
0()
4(2000 0 0 2.299090524e-20)
0()
0()
0()
0()
0()
0()
0()
0()
4(2000 0 0 1.572747418e-19)
0()
0()
0()
0()
0()
0()
0()
0()
0()
0()
0()
4(2000 0 0 2.471340634e-20)
4(2000 0 0 1.202572023e-20)
0()
0()
4(2000 0 0 8.092550672e-20)
0()
0()
0()
0()
0()
0()
0()
0()
0()
4(2000 0 0 5.863934117e-20)
0()
0()
4(2000 0 0 1.688575219e-20)
0()
0()
0()
4(2000 0 0 6.476256062e-20)
0()
0()
0()
0()
4(2000 0 0 1.528934044e-20)
0()
4(2000 0 0 1.206302584e-19)
4(2000 0 0 2.776324063e-20)
0()
4(2000 0 0 1.33691647e-19)
4(2000 0 0 9.01026948e-21)
0()
0()
0()
0()
0()
0()
0()
0()
0()
0()
0()
0()
4(2000 0 0 6.219123918e-20)
0()
4(2000 0 0 2.714567204e-20)
0()
0()
4(2000 0 0 4.197466404e-20)
0()
0()
4(2000 0 0 3.74640702e-20)
4(2000 0 0 6.174944328e-20)
0()
0()
4(2000 0 0 5.115922207e-20)
4(2000 0 0 1.469016758e-19)
0()
0()
0()
0()
0()
0()
0()
0()
0()
0()
0()
0()
0()
0()
0()
0()
4(2000 0 0 1.009048045e-19)
0()
0()
0()
0()
0()
0()
0()
0()
0()
4(2000 0 0 1.109651232e-19)
4(2000 0 0 7.343569128e-21)
0()
4(2000 0 0 6.662364695e-20)
0()
0()
0()
0()
0()
0()
0()
4(2000 0 0 4.26823085e-20)
0()
4(2000 0 0 8.136655904e-21)
4(2000 0 0 9.351895235e-21)
0()
0()
0()
0()
0()
0()
0()
0()
0()
0()
0()
4(2000 0 0 4.086709812e-20)
4(2000 0 0 3.378486933e-20)
0()
0()
4(2000 0 0 1.46996996e-19)
4(2000 0 0 5.963830393e-20)
0()
4(2000 0 0 4.821012967e-20)
0()
0()
0()
0()
0()
4(2000 0 0 1.434103513e-19)
4(2000 0 0 4.887531303e-20)
0()
0()
0()
0()
0()
0()
0()
0()
0()
0()
0()
0()
0()
4(2000 0 0 8.94729464e-20)
0()
0()
0()
0()
4(2000 0 0 4.493738785e-20)
0()
0()
0()
0()
4(2000 0 0 7.069587862e-20)
0()
0()
0()
0()
0()
0()
0()
0()
0()
0()
0()
0()
0()
0()
4(2000 0 0 5.325681448e-20)
4(2000 0 0 7.51910754e-20)
0()
4(2000 0 0 2.109255648e-20)
4(2000 0 0 1.577522988e-20)
0()
0()
0()
4(2000 0 0 9.534755491e-20)
0()
0()
0()
4(2000 0 0 3.75997668e-20)
0()
4(2000 0 0 3.443825331e-20)
0()
0()
0()
0()
0()
4(2000 0 0 3.270252018e-20)
0()
0()
0()
4(2000 0 0 8.078033768e-20)
0()
0()
0()
0()
4(2000 0 0 8.564985038e-20)
4(2000 0 0 4.346764959e-20)
0()
0()
0()
0()
0()
0()
0()
0()
0()
0()
0()
0()
0()
4(2000 0 0 9.427805217e-21)
0()
0()
0()
0()
0()
4(2000 0 0 2.510981971e-20)
0()
0()
0()
0()
0()
0()
0()
0()
0()
0()
4(2000 0 0 7.451888635e-20)
0()
0()
0()
0()
0()
0()
0()
0()
0()
0()
0()
0()
0()
0()
0()
0()
0()
0()
0()
0()
0()
4(2000 0 0 4.204295485e-20)
0()
0()
0()
0()
0()
4(2000 0 0 1.944246407e-20)
0()
0()
0()
0()
0()
0()
0()
4(2000 0 0 5.049014234e-20)
4(2000 0 0 4.404453637e-20)
4(2000 0 0 1.952313033e-20)
0()
0()
4(2000 0 0 2.625969618e-20)
0()
0()
0()
0()
4(2000 0 0 3.649887329e-20)
0()
0()
0()
0()
4(2000 0 0 9.040053011e-20)
0()
0()
0()
0()
0()
0()
0()
0()
4(2000 0 0 2.07588347e-20)
0()
4(2000 0 0 1.516065385e-19)
0()
0()
0()
0()
0()
0()
4(2000 0 0 4.948702793e-20)
4(2000 0 0 7.118162317e-20)
0()
4(2000 0 0 5.51200933e-20)
0()
0()
0()
0()
4(2000 0 0 2.210237223e-20)
0()
0()
0()
0()
0()
0()
4(2000 0 0 2.120540269e-20)
4(2000 0 0 4.87580634e-20)
0()
0()
4(2000 0 0 1.259321923e-19)
0()
0()
4(2000 0 0 9.411842946e-20)
0()
4(2000 0 0 1.018387048e-19)
4(2000 0 0 5.559670101e-20)
0()
0()
4(2000 0 0 1.345165888e-20)
0()
4(2000 0 0 6.779143613e-20)
0()
0()
4(2000 0 0 8.534020938e-20)
0()
0()
0()
0()
0()
0()
0()
0()
0()
0()
0()
0()
0()
0()
0()
0()
0()
4(2000 0 0 5.12690092e-20)
0()
4(2000 0 0 3.132945391e-20)
0()
4(2000 0 0 4.390470835e-20)
0()
0()
0()
0()
0()
0()
0()
0()
0()
0()
4(2000 0 0 1.273831945e-19)
0()
4(2000 0 0 3.736897191e-20)
0()
4(2000 0 0 1.133157396e-20)
0()
4(2000 0 0 2.371465522e-21)
0()
0()
0()
0()
0()
0()
0()
0()
4(2000 0 0 3.387512328e-20)
0()
0()
4(2000 0 0 1.381454348e-20)
0()
0()
0()
0()
4(2000 0 0 2.392165662e-21)
0()
4(2000 0 0 2.741306173e-20)
0()
0()
4(2000 0 0 5.322884982e-20)
4(2000 0 0 6.122178315e-20)
4(2000 0 0 7.986734978e-20)
0()
0()
0()
0()
0()
0()
0()
0()
0()
0()
0()
0()
0()
0()
4(2000 0 0 1.295099395e-20)
0()
0()
0()
0()
0()
0()
0()
0()
0()
0()
4(2000 0 0 8.787296219e-20)
4(2000 0 0 1.038097018e-19)
4(2000 0 0 5.606090768e-20)
0()
0()
0()
0()
0()
0()
0()
4(2000 0 0 4.380899176e-20)
0()
0()
0()
0()
4(2000 0 0 1.190195661e-19)
0()
0()
0()
0()
0()
0()
4(2000 0 0 7.616250846e-21)
0()
0()
0()
0()
0()
0()
0()
4(2000 0 0 1.706096276e-20)
4(2000 0 0 6.147142961e-20)
4(2000 0 0 4.578608282e-20)
0()
0()
0()
4(2000 0 0 4.657954836e-20)
4(2000 0 0 7.430209673e-20)
0()
0()
4(2000 0 0 5.370326345e-20)
4(2000 0 0 5.735217854e-20)
0()
0()
0()
4(2000 0 0 8.970714209e-20)
0()
0()
0()
0()
0()
4(2000 0 0 3.44428033e-20)
0()
0()
0()
0()
4(2000 0 0 5.239207203e-20)
0()
0()
4(2000 0 0 6.778476609e-20)
0()
0()
0()
0()
0()
4(2000 0 0 2.625320411e-20)
0()
0()
0()
4(2000 0 0 4.413171994e-20)
0()
0()
4(2000 0 0 2.222173207e-20)
0()
4(2000 0 0 1.44840856e-19)
0()
0()
0()
0()
0()
0()
0()
0()
0()
4(2000 0 0 8.999054573e-21)
0()
0()
0()
0()
0()
0()
0()
0()
0()
0()
0()
0()
0()
0()
0()
0()
4(2000 0 0 1.424697983e-19)
0()
0()
0()
0()
4(2000 0 0 4.799464799e-20)
0()
0()
0()
0()
0()
0()
0()
0()
0()
0()
0()
4(2000 0 0 2.813906824e-20)
4(2000 0 0 7.502179062e-20)
0()
0()
0()
0()
0()
0()
0()
0()
0()
0()
0()
4(2000 0 0 4.997396265e-20)
0()
0()
0()
0()
0()
0()
4(2000 0 0 4.951938076e-20)
0()
4(2000 0 0 8.503952396e-20)
0()
0()
0()
0()
0()
0()
0()
4(2000 0 0 8.690026787e-20)
0()
0()
4(2000 0 0 4.274741414e-20)
0()
0()
0()
0()
0()
4(2000 0 0 6.730690248e-20)
0()
0()
0()
0()
0()
0()
4(2000 0 0 1.01648778e-20)
0()
0()
0()
4(2000 0 0 6.148335502e-21)
4(2000 0 0 1.33224968e-19)
0()
0()
0()
0()
0()
0()
0()
0()
0()
4(2000 0 0 3.077382168e-20)
0()
0()
0()
4(2000 0 0 1.781703405e-20)
0()
0()
0()
0()
0()
0()
4(2000 0 0 1.294779859e-20)
0()
0()
0()
0()
0()
0()
0()
4(2000 0 0 2.464410708e-20)
0()
0()
0()
4(2000 0 0 3.943837473e-20)
0()
0()
0()
0()
0()
0()
0()
0()
0()
0()
0()
0()
4(2000 0 0 2.448282789e-20)
0()
0()
0()
0()
0()
4(2000 0 0 6.373483246e-20)
4(2000 0 0 3.721192033e-20)
0()
0()
4(2000 0 0 2.793319457e-20)
0()
0()
0()
0()
0()
0()
0()
0()
0()
0()
0()
0()
0()
0()
0()
0()
0()
0()
0()
0()
0()
0()
0()
0()
4(2000 0 0 3.433901858e-20)
0()
0()
0()
0()
0()
4(2000 0 0 8.318514962e-20)
0()
4(2000 0 0 2.065017375e-20)
4(2000 0 0 3.334457015e-20)
0()
4(2000 0 0 8.143554665e-20)
0()
0()
0()
0()
0()
0()
0()
0()
0()
0()
0()
4(2000 0 0 1.627350308e-20)
4(2000 0 0 3.938042236e-20)
0()
4(2000 0 0 5.535290194e-20)
0()
0()
0()
0()
0()
4(2000 0 0 3.757590489e-20)
0()
0()
4(2000 0 0 4.298261967e-20)
0()
0()
0()
4(2000 0 0 6.270363043e-20)
0()
0()
0()
4(2000 0 0 5.912424297e-20)
0()
0()
0()
0()
0()
0()
0()
0()
0()
0()
4(2000 0 0 2.584429435e-20)
0()
0()
0()
0()
0()
4(2000 0 0 2.410277019e-20)
0()
0()
0()
0()
4(2000 0 0 7.177334588e-21)
0()
0()
0()
0()
0()
0()
0()
0()
4(2000 0 0 4.45244014e-20)
0()
0()
0()
0()
0()
0()
0()
4(2000 0 0 1.294789325e-20)
4(2000 0 0 8.322832152e-20)
0()
0()
0()
0()
0()
0()
0()
0()
4(2000 0 0 8.999980972e-20)
0()
0()
0()
0()
4(2000 0 0 3.920492548e-20)
0()
4(2000 0 0 9.650615195e-20)
4(2000 0 0 1.679090775e-20)
0()
0()
0()
4(2000 0 0 6.115474068e-21)
0()
0()
0()
4(2000 0 0 9.507100138e-21)
4(2000 0 0 8.11095515e-20)
0()
0()
0()
0()
0()
0()
4(2000 0 0 1.584210318e-20)
0()
0()
0()
0()
0()
0()
0()
4(2000 0 0 8.365855911e-21)
0()
0()
0()
4(2000 0 0 1.165324963e-19)
0()
0()
0()
4(2000 0 0 4.781908054e-20)
4(2000 0 0 3.831085219e-21)
0()
0()
0()
0()
0()
0()
4(2000 0 0 6.106151525e-21)
4(2000 0 0 1.996571939e-20)
0()
4(2000 0 0 3.139970297e-20)
0()
4(2000 0 0 1.983729535e-20)
4(2000 0 0 3.598788632e-20)
0()
0()
0()
0()
4(2000 0 0 4.039162086e-20)
0()
0()
0()
0()
0()
4(2000 0 0 1.806075042e-19)
0()
0()
0()
0()
0()
0()
0()
0()
0()
4(2000 0 0 8.522561293e-20)
0()
0()
0()
0()
0()
0()
0()
0()
0()
0()
0()
0()
4(2000 0 0 3.017722439e-20)
0()
4(2000 0 0 6.247299852e-20)
0()
4(2000 0 0 4.860894278e-20)
4(2000 0 0 7.432941817e-20)
4(2000 0 0 3.229157322e-20)
0()
4(2000 0 0 1.677205824e-20)
0()
)


// ************************************************************************* //
