/*--------------------------------*- C++ -*----------------------------------*\
| =========                 |                                                 |
| \\      /  F ield         | OpenFOAM: The Open Source CFD Toolbox           |
|  \\    /   O peration     | Version:  v1612+-hyStrath                       |
|   \\  /    A nd           | Web:      www.OpenFOAM.com                      |
|    \\/     M anipulation  |                                                 |
\*---------------------------------------------------------------------------*/
FoamFile
{
    version     2.0;
    format      ascii;
    class       volScalarField;
    location    "0.016";
    object      wallHeatFlux;
}
// * * * * * * * * * * * * * * * * * * * * * * * * * * * * * * * * * * * * * //

dimensions      [1 0 -3 0 0 0 0];

internalField   uniform 0;

boundaryField
{
    lWedge
    {
        type            wedge;
    }
    rWedge
    {
        type            wedge;
    }
    inlet
    {
        type            calculated;
        value           uniform 0;
    }
    outlet
    {
        type            calculated;
        value           uniform 0;
    }
    HB2
    {
        type            calculated;
        value           nonuniform List<scalar> 
830
(
120387.5288
123767.437
126507.0474
125939.1442
125112.294
125663.1929
127272.9658
129053.0475
130162.5609
128898.1424
129962.9977
131459.459
130680.6694
131044.4078
132240.7293
130895.4221
129900.6099
130881.1198
130442.1187
132244.7291
130842.2781
131633.9122
132929.8612
131028.5451
131032.4297
132970.1982
132771.1141
130354.8081
131181.2922
131473.862
131888.4864
129998.7363
130064.9841
130545.6366
128948.3554
130126.4682
130185.2868
128982.1668
129823.4135
128710.0059
126716.1786
124877.6734
124380.1181
124665.9637
124632.1539
124882.2868
124302.3615
124141.3639
123407.608
122323.4155
121363.4383
120581.241
120128.997
120142.7569
120468.3523
121373.2583
121201.9823
120471.7982
119781.5757
119261.1067
117615.6412
117717.92
116645.6033
116072.2153
116474.6559
115268.3
114355.3926
113886.5944
113245.8972
112905.6235
112457.4078
112479.0446
111938.8041
110973.5139
111657.0204
110513.4912
108202.0539
108496.8532
108148.9401
105769.3659
105481.1455
104393.1095
103841.1193
103351.2
102858.67
102336.0797
101783.8772
101352.7712
101006.9961
99925.8078
99506.01151
99288.47242
97738.80183
97671.53406
96659.71048
95702.89726
95555.33422
94166.03477
93587.01681
93048.89286
92436.89358
91569.2085
90854.67159
90040.44566
89485.4784
88386.20165
88286.91679
87127.53934
86518.05765
85019.18251
84932.85764
83217.16917
83736.47579
83325.87942
82037.88211
81251.63777
79777.50557
79497.10547
78176.04045
78116.47563
76926.37275
77197.44178
76217.09919
74850.84901
74033.67793
74010.24338
72031.11186
72829.31863
70979.33846
70807.57763
70323.10219
68459.56237
68822.1136
66790.44896
66931.68665
66506.9537
64645.68417
65168.73823
64389.63584
62834.9237
62926.17326
61757.13838
60950.31532
60338.81428
58801.04154
59514.40366
58259.9592
57657.96176
57373.91561
55920.12478
55184.64967
55200.41099
53241.82951
53283.21648
52881.32882
51531.39434
52045.94239
50676.61489
50281.73383
49933.92233
48556.177
47894.68434
47131.03828
46556.795
45627.62163
45527.69513
44860.41834
44476.62329
43839.91991
43286.67839
42898.14206
41799.16654
41073.28158
40291.54922
39707.75531
38885.03714
38860.84535
37739.93435
37626.91978
36363.92121
36200.06903
35397.56952
34316.75799
32964.55401
32345.35402
32058.24891
32017.8678
32066.63695
31979.44242
31635.85668
31089.95177
30624.71225
30414.98294
30511.45077
30509.02898
30261.25993
29942.45767
29599.95822
29241.19521
29027.69675
28836.65795
28652.36539
28559.1312
28432.30664
28235.94322
28102.39788
28109.46841
28133.57864
28133.53131
27964.59523
27728.49029
27520.28509
27308.10584
26981.2464
26638.17249
26466.90581
26441.04112
26495.17996
26453.75654
26381.60448
26334.69834
26244.12003
26035.05629
25815.29911
25674.23239
25581.65941
25533.99917
25446.59401
25370.1334
25365.33598
25308.78488
25126.83142
24929.44229
24815.14967
24753.09698
24719.1689
24623.69725
24534.85345
24535.89863
24513.17337
24383.93576
24231.42975
24116.56699
24005.37096
23900.85241
23746.64975
23574.57775
23509.1218
23454.52015
23313.04024
23159.35066
23098.74518
23081.99616
23077.37774
23006.29091
22943.68493
22981.47021
23005.89691
22955.32252
22894.84731
22898.05505
22911.53642
22913.28652
22826.84787
22727.67801
22702.17326
22694.23361
22646.61476
22664.31919
22895.86548
22961.70505
22956.17925
22903.37297
22766.97119
22905.26137
22285.43381
22288.65091
22417.08235
21511.89759
21551.88432
21796.1306
20928.1061
20713.47216
21121.92938
20595.32058
19979.25159
20292.45396
20365.8039
19264.64055
19327.68737
19670.27075
18919.5595
18265.75065
18566.38766
18734.68985
17783.37129
17573.84905
18009.30258
17867.89697
16918.17487
16848.33265
17134.09827
16794.27452
15770.92576
15857.00105
16171.67715
15713.42051
14924.31882
15152.33828
15449.75828
14845.1602
14133.06962
14319.35097
14469.14777
13799.48198
13255.55485
13501.26232
13659.10495
13136.19514
12729.59276
12890.24341
12962.23057
12477.14442
11953.76972
11988.11215
12063.39358
11726.88699
11281.2978
11262.33067
11385.4589
11209.75661
10758.89044
10566.0509
10617.68628
10521.88608
10121.68575
9812.157259
9827.905245
9849.635886
9599.475877
9234.639896
9126.689625
9148.365572
8996.948273
8641.513054
8421.801153
8438.847663
8397.321322
8182.592773
7958.046506
7894.918338
7906.361239
7773.984047
7521.878022
7354.547891
7334.165086
7209.5057
7027.234137
6892.067054
6771.043712
6685.134716
6538.032311
6387.87674
6280.228338
6191.451218
6113.934176
6025.620749
5924.594752
5831.951885
5749.528572
5673.825616
5614.43203
5569.418984
5528.943145
5486.805583
5432.111092
5360.216504
5282.343655
5213.329902
5164.157884
5138.253453
5126.423181
5113.280566
5087.78992
5048.827349
5003.056207
4957.940174
4917.192538
4881.028626
4848.650445
4820.509737
4797.483643
4777.941769
4757.412025
4731.037125
4695.833435
4652.980528
4608.303967
4567.497073
4531.536939
4498.879909
4468.419547
4438.383999
4406.148261
4370.286389
4330.901883
4290.636037
4246.900488
4205.610991
4168.833776
4137.662749
4109.469427
4081.909985
4052.709303
4020.940951
3987.675408
3960.183295
3940.101193
3926.294369
3914.82869
3901.419002
3884.054753
3863.586661
3842.13611
3820.938801
3799.307595
3775.339871
3747.502597
3715.863111
3682.19582
3648.917131
3617.473829
3587.562724
3557.621007
3526.045142
3492.244893
3456.63241
3420.069921
3383.229396
3346.553239
3310.330369
3274.697387
3239.581906
3204.942695
3170.783292
3137.328218
3105.003801
3074.232004
3045.112815
3017.394424
2990.680226
2964.891669
2940.331778
2917.418701
2896.197096
2876.228146
2856.886852
2837.832029
2819.093164
2800.870339
2783.177235
2765.760517
2748.251604
2730.503301
2712.721748
2695.384194
2678.874282
2663.28474
2648.366638
2633.710754
2618.900989
2603.704936
2588.05973
2572.087494
2555.973341
2539.884415
2523.882143
2507.949787
2491.999817
2475.971246
2459.737356
2443.240276
2426.547515
2409.908194
2393.656606
2378.060523
2363.199858
2349.085479
2335.667242
2322.876579
2310.509739
2298.334704
2286.177666
2274.05124
2262.018934
2250.104591
2238.180859
2226.193326
2214.234523
2202.573825
2191.389429
2180.696079
2170.308046
2160.12988
2150.258391
2140.95206
2132.320467
2124.197215
2116.155443
2107.874667
2099.427023
2091.456113
2083.705617
2076.487346
2069.885332
2063.429337
2056.526498
2049.575848
2042.721064
2036.281317
2030.516771
2025.515038
2021.09914
2017.011582
2013.004031
2008.985004
2004.959012
2001.029242
1997.23272
1993.581188
1989.982724
1986.358991
1982.616773
1978.74688
1974.747613
1970.682367
1966.579225
1962.495535
1958.433481
1954.431091
1950.485894
1946.640857
1942.89559
1939.280578
1935.762656
1932.326657
1928.886853
1925.398336
1921.762492
1917.886052
1913.400766
1908.825468
1904.691195
1900.022197
1895.071768
1890.030941
1884.870031
1879.551177
1874.301888
1867.269311
1860.866555
1856.215811
1851.221694
1847.644827
1845.25089
1842.931649
1841.74093
1840.475758
1839.918996
1839.183242
1839.225344
1839.005159
1839.096585
1839.287467
1839.220784
1839.701079
1839.64902
1839.739136
1839.935634
1839.935858
1839.956066
1840.606446
1841.799061
1844.187551
1846.540467
1848.930537
1851.844396
1854.036174
1856.74364
1859.456651
1861.594012
1863.547597
1865.78644
1867.939982
1870.295365
1873.064906
1875.761937
1878.892567
1882.094515
1885.745289
1889.485388
1893.46702
1897.140797
1901.55242
1906.224187
1911.132211
1916.133902
1921.717328
1927.459486
1933.115849
1939.049594
1945.19954
1950.695603
1956.166655
1961.565736
1967.226137
1972.536769
1978.578974
1985.131974
1993.15809
2001.140713
2011.163091
2020.292478
2031.201871
2040.87797
2051.825775
2062.05679
2073.487118
2084.874366
2098.226812
2111.497369
2126.563613
2141.793375
2158.334857
2174.726583
2191.705231
2208.289198
2225.688984
2242.437698
2260.047096
2278.171108
2297.031625
2316.609284
2337.500661
2358.763449
2381.20005
2405.05173
2430.325988
2456.554637
2484.682359
2513.792314
2539.85199
2565.165541
2588.639744
2610.600657
2632.572064
2653.4297
2673.921812
2693.868374
2712.468418
2731.269456
2749.412887
2765.755991
2782.348612
2797.780347
2812.141602
2826.023287
2838.630033
2851.834074
2864.775154
2877.235958
2890.220441
2902.724659
2916.68182
2930.540614
2943.660608
2957.529665
2970.832648
2983.481726
2995.527751
3005.785064
3016.463552
3026.486988
3035.180523
3045.057653
3054.985875
3065.661625
3076.411907
3086.40392
3096.782912
3105.994436
3114.061
3121.85087
3128.509025
3136.243684
3143.257393
3149.050039
3156.081465
3163.881946
3173.331925
3184.01534
3194.818565
3207.508202
3220.665923
3231.830421
3242.574505
3251.255284
3258.427434
3265.795813
3270.89079
3275.188998
3277.222342
3277.947234
3278.50727
3277.984316
3280.385108
3283.274209
3286.45512
3291.441345
3296.644663
3303.295548
3310.313344
3315.526239
3318.372512
3318.704026
3315.381334
3312.085301
3309.533832
3308.532669
3309.326967
3309.765012
3311.37653
3312.730947
3313.714404
3315.773612
3317.770153
3322.190543
3327.241985
3332.032471
3338.972099
3345.738788
3353.287739
3361.409232
3368.769799
3377.364277
3384.942957
3389.957797
3394.238207
3396.926997
3398.639743
3400.315748
3401.417702
3403.819284
3406.91237
3410.915875
3415.793043
3421.141421
3428.516181
3436.349678
3442.490095
3447.820172
3450.322746
3450.937306
3451.209775
3450.976429
3451.667584
3453.77048
3456.717968
3461.411732
3463.858306
3468.345491
3472.297516
3473.183366
3473.805565
3474.154923
3473.382361
3470.684771
3468.670178
3469.062331
3468.575093
3469.224638
3473.96013
3480.090754
3485.833478
3492.467243
3499.199279
3505.592661
3509.362694
3512.259373
3515.553327
3516.673272
3516.637979
3519.248724
3520.218457
3520.197888
3522.352733
3525.20601
3527.211361
3528.721013
3534.205758
3538.948644
3542.878935
3547.877456
3553.138543
3559.061781
3561.968351
3565.884874
3570.587737
3574.31966
3576.810923
3583.370861
3589.903003
3595.639178
3604.13973
3612.41849
3620.160599
3628.194309
3637.109348
3647.671309
3654.0914
3660.995379
3669.265564
3677.403247
3684.171053
3694.676634
3703.323597
3715.421276
3739.251242
3775.49451
3980.626639
)
;
    }
}


// ************************************************************************* //
