# Probe 0 (5e-06 5e-06 5e-06)
#           Probe                 0
#            Time
            1e-07   2.465555928e-07
            2e-07   2.509456047e-07
            3e-07   2.547826467e-07
            4e-07    2.58104526e-07
            5e-07   2.610692164e-07
            6e-07   2.636052522e-07
            7e-07   2.658941394e-07
            8e-07   2.678062506e-07
            9e-07    2.69433122e-07
            1e-06   2.707518201e-07
          1.1e-06   2.718277579e-07
          1.2e-06   2.728529534e-07
          1.3e-06   2.737164655e-07
          1.4e-06   2.743409754e-07
          1.5e-06   2.749733951e-07
          1.6e-06   2.754324391e-07
          1.7e-06   2.758716048e-07
          1.8e-06   2.763670455e-07
          1.9e-06   2.766625337e-07
            2e-06   2.769276058e-07
          2.1e-06   2.771116284e-07
          2.2e-06   2.772730197e-07
          2.3e-06   2.774010318e-07
          2.4e-06   2.775779253e-07
          2.5e-06   2.778497768e-07
          2.6e-06   2.778460866e-07
          2.7e-06   2.780125752e-07
          2.8e-06   2.781107352e-07
          2.9e-06   2.781328225e-07
            3e-06    2.78160135e-07
          3.1e-06   2.781380656e-07
          3.2e-06   2.780609447e-07
          3.3e-06    2.78065384e-07
          3.4e-06   2.780340427e-07
          3.5e-06   2.781051128e-07
          3.6e-06   2.781682217e-07
          3.7e-06   2.782452162e-07
          3.8e-06   2.781917545e-07
          3.9e-06   2.782808035e-07
            4e-06   2.783503845e-07
          4.1e-06   2.782273359e-07
          4.2e-06   2.781509382e-07
          4.3e-06   2.780897582e-07
          4.4e-06    2.78054351e-07
          4.5e-06   2.781414226e-07
          4.6e-06   2.781575607e-07
          4.7e-06   2.782146563e-07
          4.8e-06   2.781207037e-07
          4.9e-06   2.781530434e-07
            5e-06   2.781807578e-07
