# Probe 0 (5e-06 5e-06 5e-06)
#           Probe                 0
#            Time
            1e-07       33.98839836
            2e-07       80.83019933
            3e-07       118.6788837
            4e-07       149.2623875
            5e-07       175.0016953
            6e-07       195.9181984
            7e-07       213.9785741
            8e-07       228.4896434
            9e-07       240.4571047
            1e-06       249.9060202
          1.1e-06       257.4379403
          1.2e-06       264.4980183
          1.3e-06       270.3412737
          1.4e-06        274.501992
          1.5e-06       278.6854174
          1.6e-06       281.6882931
          1.7e-06       284.5361781
          1.8e-06       287.7260666
          1.9e-06       289.6117589
            2e-06       291.2860539
          2.1e-06       292.4625668
          2.2e-06       293.4827419
          2.3e-06       294.2850825
          2.4e-06       295.4011015
          2.5e-06       297.0967534
          2.6e-06       297.0781307
          2.7e-06       298.1016813
          2.8e-06       298.7228138
          2.9e-06       298.8619428
            3e-06       299.0282042
          3.1e-06       298.8936079
          3.2e-06        298.414896
          3.3e-06       298.4379824
          3.4e-06        298.248977
          3.5e-06       298.6930307
          3.6e-06        299.083168
          3.7e-06       299.5584598
          3.8e-06       299.2177184
          3.9e-06       299.7802991
            4e-06       300.2137764
          4.1e-06       299.4402674
          4.2e-06       298.9750223
          4.3e-06       298.5942788
          4.4e-06       298.3769492
          4.5e-06        298.917806
          4.6e-06       298.9948724
          4.7e-06       299.3727887
          4.8e-06       298.7849191
          4.9e-06       298.9824396
            5e-06        299.156302
