# Probe 0 (5e-06 5e-06 5e-06)
#           Probe                 0
#            Time
            1e-07        476.061655
            2e-07       444.8191252
            3e-07       419.6008231
            4e-07        399.207538
            5e-07       382.0512592
            6e-07       368.1069085
            7e-07       356.0678737
            8e-07       346.3887475
            9e-07       338.4132327
            1e-06       332.1176427
          1.1e-06       327.0899957
          1.2e-06       322.3883605
          1.3e-06       318.4941164
          1.4e-06       315.7145983
          1.5e-06       312.9309502
          1.6e-06       310.9297793
          1.7e-06       309.0303358
          1.8e-06       306.9050125
          1.9e-06       305.6462022
            2e-06       304.5224982
          2.1e-06        303.745443
          2.2e-06       303.0660061
          2.3e-06       302.5284527
          2.4e-06         301.78761
          2.5e-06       300.6535267
          2.6e-06        300.668885
          2.7e-06       299.9769505
          2.8e-06       299.5699327
          2.9e-06       299.4784444
            3e-06        299.365361
          3.1e-06        299.456732
          3.2e-06       299.7763006
          3.3e-06       299.7578937
          3.4e-06       299.8878764
          3.5e-06       299.5932273
          3.6e-06       299.3318897
          3.7e-06       299.0134403
          3.8e-06       299.2345126
          3.9e-06       298.8663952
            4e-06       298.5791533
          4.1e-06        299.087355
          4.2e-06        299.403433
          4.3e-06       299.6568551
          4.4e-06       299.8036433
          4.5e-06       299.4428313
          4.6e-06       299.3760173
          4.7e-06       299.1397849
          4.8e-06       299.5286376
          4.9e-06       299.3947178
            5e-06       299.2800112
