/*--------------------------------*- C++ -*----------------------------------*\
| =========                 |                                                 |
| \\      /  F ield         | OpenFOAM: The Open Source CFD Toolbox           |
|  \\    /   O peration     | Version:  v1706                                 |
|   \\  /    A nd           | Web:      www.OpenFOAM.com                      |
|    \\/     M anipulation  |                                                 |
\*---------------------------------------------------------------------------*/
FoamFile
{
    version     2.0;
    format      ascii;
    class       labelList;
    note        "nPoints: 2412 nCells: 1000 nFaces: 4205 nInternalFaces: 1795";
    location    "constant/polyMesh";
    object      neighbour;
}
// * * * * * * * * * * * * * * * * * * * * * * * * * * * * * * * * * * * * * //


1795
(
1
200
2
201
3
202
4
203
5
204
6
205
7
206
8
207
9
208
10
209
11
210
12
211
13
212
14
213
15
214
16
215
17
216
18
217
19
218
20
219
21
220
22
221
23
222
24
223
25
224
26
225
27
226
28
227
29
228
30
229
31
230
32
231
33
232
34
233
35
234
36
235
37
236
38
237
39
238
40
239
41
240
42
241
43
242
44
243
45
244
46
245
47
246
48
247
49
248
50
249
51
250
52
251
53
252
54
253
55
254
56
255
57
256
58
257
59
258
60
259
61
260
62
261
63
262
64
263
65
264
66
265
67
266
68
267
69
268
70
269
71
270
72
271
73
272
74
273
75
274
76
275
77
276
78
277
79
278
80
279
81
280
82
281
83
282
84
283
85
284
86
285
87
286
88
287
89
288
90
289
91
290
92
291
93
292
94
293
95
294
96
295
97
296
98
297
99
298
100
299
101
300
102
301
103
302
104
303
105
304
106
305
107
306
108
307
109
308
110
309
111
310
112
311
113
312
114
313
115
314
116
315
117
316
118
317
119
318
120
319
121
320
122
321
123
322
124
323
125
324
126
325
127
326
128
327
129
328
130
329
131
330
132
331
133
332
134
333
135
334
136
335
137
336
138
337
139
338
140
339
141
340
142
341
143
342
144
343
145
344
146
345
147
346
148
347
149
348
150
349
151
350
152
351
153
352
154
353
155
354
156
355
157
356
158
357
159
358
160
359
161
360
162
361
163
362
164
363
165
364
166
365
167
366
168
367
169
368
170
369
171
370
172
371
173
372
174
373
175
374
176
375
177
376
178
377
179
378
180
379
181
380
182
381
183
382
184
383
185
384
186
385
187
386
188
387
189
388
190
389
191
390
192
391
193
392
194
393
195
394
196
395
197
396
198
397
199
398
399
201
400
202
401
203
402
204
403
205
404
206
405
207
406
208
407
209
408
210
409
211
410
212
411
213
412
214
413
215
414
216
415
217
416
218
417
219
418
220
419
221
420
222
421
223
422
224
423
225
424
226
425
227
426
228
427
229
428
230
429
231
430
232
431
233
432
234
433
235
434
236
435
237
436
238
437
239
438
240
439
241
440
242
441
243
442
244
443
245
444
246
445
247
446
248
447
249
448
250
449
251
450
252
451
253
452
254
453
255
454
256
455
257
456
258
457
259
458
260
459
261
460
262
461
263
462
264
463
265
464
266
465
267
466
268
467
269
468
270
469
271
470
272
471
273
472
274
473
275
474
276
475
277
476
278
477
279
478
280
479
281
480
282
481
283
482
284
483
285
484
286
485
287
486
288
487
289
488
290
489
291
490
292
491
293
492
294
493
295
494
296
495
297
496
298
497
299
498
300
499
301
500
302
501
303
502
304
503
305
504
306
505
307
506
308
507
309
508
310
509
311
510
312
511
313
512
314
513
315
514
316
515
317
516
318
517
319
518
320
519
321
520
322
521
323
522
324
523
325
524
326
525
327
526
328
527
329
528
330
529
331
530
332
531
333
532
334
533
335
534
336
535
337
536
338
537
339
538
340
539
341
540
342
541
343
542
344
543
345
544
346
545
347
546
348
547
349
548
350
549
351
550
352
551
353
552
354
553
355
554
356
555
357
556
358
557
359
558
360
559
361
560
362
561
363
562
364
563
365
564
366
565
367
566
368
567
369
568
370
569
371
570
372
571
373
572
374
573
375
574
376
575
377
576
378
577
379
578
380
579
381
580
382
581
383
582
384
583
385
584
386
585
387
586
388
587
389
588
390
589
391
590
392
591
393
592
394
593
395
594
396
595
397
596
398
597
399
598
599
401
600
402
601
403
602
404
603
405
604
406
605
407
606
408
607
409
608
410
609
411
610
412
611
413
612
414
613
415
614
416
615
417
616
418
617
419
618
420
619
421
620
422
621
423
622
424
623
425
624
426
625
427
626
428
627
429
628
430
629
431
630
432
631
433
632
434
633
435
634
436
635
437
636
438
637
439
638
440
639
441
640
442
641
443
642
444
643
445
644
446
645
447
646
448
647
449
648
450
649
451
650
452
651
453
652
454
653
455
654
456
655
457
656
458
657
459
658
460
659
461
660
462
661
463
662
464
663
465
664
466
665
467
666
468
667
469
668
470
669
471
670
472
671
473
672
474
673
475
674
476
675
477
676
478
677
479
678
480
679
481
680
482
681
483
682
484
683
485
684
486
685
487
686
488
687
489
688
490
689
491
690
492
691
493
692
494
693
495
694
496
695
497
696
498
697
499
698
500
699
501
700
502
701
503
702
504
703
505
704
506
705
507
706
508
707
509
708
510
709
511
710
512
711
513
712
514
713
515
714
516
715
517
716
518
717
519
718
520
719
521
720
522
721
523
722
524
723
525
724
526
725
527
726
528
727
529
728
530
729
531
730
532
731
533
732
534
733
535
734
536
735
537
736
538
737
539
738
540
739
541
740
542
741
543
742
544
743
545
744
546
745
547
746
548
747
549
748
550
749
551
750
552
751
553
752
554
753
555
754
556
755
557
756
558
757
559
758
560
759
561
760
562
761
563
762
564
763
565
764
566
765
567
766
568
767
569
768
570
769
571
770
572
771
573
772
574
773
575
774
576
775
577
776
578
777
579
778
580
779
581
780
582
781
583
782
584
783
585
784
586
785
587
786
588
787
589
788
590
789
591
790
592
791
593
792
594
793
595
794
596
795
597
796
598
797
599
798
799
601
800
602
801
603
802
604
803
605
804
606
805
607
806
608
807
609
808
610
809
611
810
612
811
613
812
614
813
615
814
616
815
617
816
618
817
619
818
620
819
621
820
622
821
623
822
624
823
625
824
626
825
627
826
628
827
629
828
630
829
631
830
632
831
633
832
634
833
635
834
636
835
637
836
638
837
639
838
640
839
641
840
642
841
643
842
644
843
645
844
646
845
647
846
648
847
649
848
650
849
651
850
652
851
653
852
654
853
655
854
656
855
657
856
658
857
659
858
660
859
661
860
662
861
663
862
664
863
665
864
666
865
667
866
668
867
669
868
670
869
671
870
672
871
673
872
674
873
675
874
676
875
677
876
678
877
679
878
680
879
681
880
682
881
683
882
684
883
685
884
686
885
687
886
688
887
689
888
690
889
691
890
692
891
693
892
694
893
695
894
696
895
697
896
698
897
699
898
700
899
701
900
702
901
703
902
704
903
705
904
706
905
707
906
708
907
709
908
710
909
711
910
712
911
713
912
714
913
715
914
716
915
717
916
718
917
719
918
720
919
721
920
722
921
723
922
724
923
725
924
726
925
727
926
728
927
729
928
730
929
731
930
732
931
733
932
734
933
735
934
736
935
737
936
738
937
739
938
740
939
741
940
742
941
743
942
744
943
745
944
746
945
747
946
748
947
749
948
750
949
751
950
752
951
753
952
754
953
755
954
756
955
757
956
758
957
759
958
760
959
761
960
762
961
763
962
764
963
765
964
766
965
767
966
768
967
769
968
770
969
771
970
772
971
773
972
774
973
775
974
776
975
777
976
778
977
779
978
780
979
781
980
782
981
783
982
784
983
785
984
786
985
787
986
788
987
789
988
790
989
791
990
792
991
793
992
794
993
795
994
796
995
797
996
798
997
799
998
999
801
802
803
804
805
806
807
808
809
810
811
812
813
814
815
816
817
818
819
820
821
822
823
824
825
826
827
828
829
830
831
832
833
834
835
836
837
838
839
840
841
842
843
844
845
846
847
848
849
850
851
852
853
854
855
856
857
858
859
860
861
862
863
864
865
866
867
868
869
870
871
872
873
874
875
876
877
878
879
880
881
882
883
884
885
886
887
888
889
890
891
892
893
894
895
896
897
898
899
900
901
902
903
904
905
906
907
908
909
910
911
912
913
914
915
916
917
918
919
920
921
922
923
924
925
926
927
928
929
930
931
932
933
934
935
936
937
938
939
940
941
942
943
944
945
946
947
948
949
950
951
952
953
954
955
956
957
958
959
960
961
962
963
964
965
966
967
968
969
970
971
972
973
974
975
976
977
978
979
980
981
982
983
984
985
986
987
988
989
990
991
992
993
994
995
996
997
998
999
)


// ************************************************************************* //
