/*--------------------------------*- C++ -*----------------------------------*\
| =========                 |                                                 |
| \\      /  F ield         | OpenFOAM: The Open Source CFD Toolbox           |
|  \\    /   O peration     | Version:  v1706                                 |
|   \\  /    A nd           | Web:      www.OpenFOAM.com                      |
|    \\/     M anipulation  |                                                 |
\*---------------------------------------------------------------------------*/
FoamFile
{
    version     2.0;
    format      ascii;
    class       volScalarField;
    location    "0.28";
    object      mfpCellRatio_Ar;
}
// * * * * * * * * * * * * * * * * * * * * * * * * * * * * * * * * * * * * * //

dimensions      [0 0 0 0 0 0 0];


internalField   nonuniform List<scalar> 
1000
(
1.903097117
1.905288162
1.901768074
1.903745961
1.89948017
1.901012777
1.901156129
1.898939487
1.900619186
1.897526282
1.894457734
1.896994825
1.899326877
1.90143821
1.898525803
1.891640388
1.899541912
1.898828624
1.899524394
1.898782814
1.896896364
1.897361031
1.898970848
1.899101963
1.899799854
1.899776217
1.901400293
1.899101151
1.897130974
1.897783548
1.902645359
1.899554768
1.898001825
1.896475846
1.897177315
1.900388905
1.898153343
1.902282994
1.899896595
1.901933326
1.89959983
1.900301618
1.9022739
1.900216818
1.901236774
1.902354673
1.901538004
1.90278084
1.902110492
1.899015272
1.901373113
1.901809358
1.905180472
1.900587779
1.900136535
1.899140255
1.903496079
1.905130552
1.905809254
1.907284327
1.904425015
1.902556182
1.905994236
1.901047054
1.907523557
1.905736925
1.898607094
1.900414064
1.904755741
1.905319072
1.905142579
1.907579841
1.907008873
1.907580905
1.911538194
1.909934018
1.906234109
1.900899707
1.908376212
1.907931344
1.905712398
1.905548649
1.904740061
1.908025113
1.910837516
1.907329377
1.90695452
1.907484676
1.91047827
1.908298268
1.907684246
1.907048665
1.906445534
1.907018026
1.91421747
1.912954757
1.910109897
1.911748494
1.91156946
1.90689493
1.908300291
1.908982881
1.909760217
1.909085082
1.904433897
1.907661491
1.908435502
1.907499135
1.909897432
1.907358221
1.903510999
1.902904648
1.904550732
1.904852457
1.905673507
1.909718165
1.910303128
1.904580667
1.907798628
1.909990951
1.910720113
1.910123259
1.908158519
1.904723621
1.906792402
1.907104539
1.909758087
1.910626373
1.91031137
1.907592797
1.907133119
1.906450356
1.908954534
1.908593974
1.908074379
1.910207194
1.910928532
1.902059674
1.907273664
1.908371416
1.904998329
1.904311904
1.905552809
1.907715056
1.906549094
1.905638135
1.906739495
1.907065065
1.907604426
1.905312398
1.905580411
1.906516215
1.90764695
1.905483354
1.905104562
1.901277347
1.907574348
1.909363917
1.909956402
1.904185884
1.901968862
1.89880061
1.907946563
1.906292294
1.902038255
1.903215419
1.902407558
1.902384173
1.902438544
1.907754716
1.902864516
1.906486985
1.902829605
1.901040423
1.910246206
1.901517076
1.898801339
1.903194423
1.904839308
1.906841076
1.902930496
1.899543526
1.902557247
1.900720886
1.902131382
1.900723551
1.900267058
1.901381053
1.903866768
1.903706434
1.899112054
1.898170772
1.902813418
1.9000022
1.905524498
1.898758119
1.897750364
1.898866169
1.898495412
1.903580966
1.899320422
1.901976732
1.902623174
1.901355294
1.89779363
1.901264585
1.901709759
1.89758045
1.898901031
1.898373701
1.896430353
1.896716825
1.896076219
1.90355842
1.897427616
1.898031126
1.899794803
1.898147777
1.896952975
1.895641121
1.89903258
1.905706978
1.899901025
1.901484488
1.902378393
1.905117565
1.896672831
1.896132276
1.896249291
1.895066542
1.897590815
1.893461312
1.897014468
1.894595896
1.901391134
1.899874962
1.899993561
1.901214579
1.904036825
1.90017803
1.901650091
1.899343473
1.901169063
1.900729562
1.903802519
1.902831144
1.903069521
1.902307762
1.900744199
1.903946586
1.901549122
1.899413189
1.900155518
1.900827461
1.901018819
1.898966132
1.90141702
1.904168046
1.907462121
1.907598974
1.910742004
1.908077887
1.907359559
1.905152798
1.905553211
1.907384007
1.904357665
1.90356286
1.904578241
1.907459912
1.909179992
1.90869455
1.906438001
1.906264132
1.907050197
1.906839455
1.906593322
1.904983484
1.907011719
1.905819589
1.906889105
1.906235224
1.905906919
1.90634983
1.910406649
1.909360374
1.907473195
1.908937591
1.907073658
1.907394738
1.907374983
1.906479542
1.906144189
1.913231132
1.909576434
1.90813579
1.910857159
1.910728665
1.90921143
1.909453377
1.9076555
1.911264438
1.9111822
1.90826169
1.910044824
1.90931153
1.91036878
1.909510267
1.904263496
1.903492121
1.906064891
1.905978056
1.907099727
1.906826719
1.909633221
1.911190815
1.90918965
1.90568616
1.907924492
1.909253222
1.908708936
1.908495795
1.909509849
1.909360871
1.907246455
1.909461819
1.907895702
1.907771562
1.910733528
1.906872635
1.9065857
1.90612372
1.907547238
1.907562911
1.907683927
1.910674724
1.905438989
1.906509515
1.908783139
1.9080662
1.905730824
1.902045031
1.905241995
1.91042114
1.908755947
1.908097085
1.90479326
1.906981877
1.906525043
1.907442695
1.903515255
1.904257486
1.901894371
1.905035408
1.903513003
1.904473664
1.906593336
1.909279645
1.90360747
1.904784333
1.901876716
1.903125475
1.904398576
1.906737226
1.90468705
1.904915277
1.904955588
1.902540581
1.904309895
1.89943515
1.903626946
1.901191876
1.901225855
1.903731759
1.903318339
1.900798778
1.902455907
1.900568063
1.902033874
1.904038769
1.902787644
1.902198444
1.903394932
1.900630945
1.898175091
1.901963675
1.90173167
1.903329491
1.903353052
1.906133636
1.900256374
1.901547998
1.900547885
1.901802451
1.905165284
1.903947486
1.902626073
1.905596758
1.901572038
1.899666885
1.900802999
1.900624064
1.901422869
1.90281619
1.903434848
1.906317983
1.904666308
1.902969891
1.900597197
1.89757977
1.892052
1.895517972
1.894082397
1.897057307
1.8982283
1.899278186
1.897619001
1.897048477
1.896060126
1.898285012
1.902801443
1.90349359
1.898511722
1.900817819
1.897620932
1.897559881
1.899812885
1.897537165
1.904489667
1.898572315
1.895456314
1.898200861
1.8978052
1.900436455
1.897868785
1.897616838
1.90216796
1.902102898
1.900198504
1.896723308
1.902778861
1.902696867
1.902206818
1.900410223
1.902188484
1.902634133
1.904501403
1.901272306
1.899231394
1.902409883
1.901936584
1.901545566
1.900759253
1.897102708
1.898683096
1.902462393
1.898481132
1.903429251
1.905392017
1.906470536
1.904308994
1.906352807
1.908278751
1.905514934
1.907882772
1.905373579
1.905620141
1.900946216
1.90548776
1.901911875
1.907393301
1.907719765
1.908620436
1.908424801
1.907642972
1.906368057
1.907798327
1.909329645
1.903514046
1.909159392
1.905389533
1.903853433
1.905975434
1.906515051
1.906133461
1.907016804
1.91067755
1.912262662
1.905828182
1.909046021
1.907622479
1.910138898
1.908624155
1.910629917
1.911219363
1.905238281
1.909134357
1.907477573
1.911212327
1.910178226
1.908484134
1.90883907
1.908808281
1.91206945
1.911726181
1.906225194
1.903337691
1.908620952
1.906167632
1.90496941
1.906516969
1.907283919
1.906232311
1.907056902
1.907772876
1.909537356
1.909563472
1.905381771
1.910171146
1.907482307
1.909447074
1.909749785
1.906996216
1.906587755
1.904711302
1.90637538
1.905363597
1.907833013
1.910482358
1.905539295
1.907145034
1.90668339
1.904928305
1.906486895
1.905672726
1.908501956
1.903853039
1.903424683
1.906350254
1.90693037
1.906850354
1.903644287
1.904004103
1.903174284
1.90456653
1.90031029
1.905062734
1.907964057
1.906682328
1.909860406
1.904183805
1.903159488
1.9033763
1.902894445
1.905551227
1.905637504
1.904460004
1.904865101
1.902782736
1.903539003
1.901536892
1.902778271
1.907880566
1.903054888
1.905732529
1.905643907
1.905395692
1.906733175
1.901871662
1.900455619
1.900161402
1.902575723
1.90339678
1.902299741
1.906222761
1.905174474
1.907703978
1.904876264
1.904356652
1.900570726
1.901116348
1.904526951
1.902659825
1.903442797
1.904142014
1.90066072
1.907718502
1.905632683
1.903015833
1.903143721
1.900368966
1.903254298
1.903144886
1.9051394
1.899291734
1.900190955
1.901594207
1.907522471
1.902894793
1.896943086
1.90426421
1.903024119
1.90128539
1.902396971
1.903809818
1.903474521
1.903740276
1.90164915
1.899941917
1.897860498
1.897994917
1.897550054
1.896010091
1.898312946
1.899838479
1.900460251
1.900211853
1.901730287
1.897628619
1.898974984
1.904062465
1.899356071
1.901921925
1.901472392
1.896207936
1.897901598
1.897288799
1.899846505
1.900177831
1.896222419
1.900941355
1.899271046
1.899917039
1.896707933
1.896675411
1.898619048
1.902553404
1.903239775
1.899296591
1.900490406
1.90061001
1.90282113
1.904855591
1.905370487
1.903349622
1.903555242
1.903957732
1.902115336
1.897536575
1.898335161
1.904702247
1.904419997
1.90022533
1.894243178
1.902183034
1.908000644
1.902011566
1.901152697
1.907797074
1.905982325
1.901850303
1.903219101
1.908674885
1.907819451
1.905342895
1.905464803
1.906940451
1.901157202
1.902742466
1.90350088
1.908868533
1.904586556
1.908674823
1.907533755
1.907834153
1.904434405
1.905797998
1.906235333
1.9020642
1.903925296
1.904278218
1.908828244
1.906930766
1.907988699
1.906677244
1.91147253
1.908338943
1.90977969
1.907145719
1.908101994
1.912429278
1.910423726
1.910056847
1.910517908
1.911296645
1.912060105
1.90991216
1.909198517
1.909325903
1.906866174
1.91043447
1.908403852
1.908305354
1.911798389
1.906459207
1.909383046
1.906557431
1.910469499
1.90831967
1.907489591
1.907195882
1.90427906
1.908328853
1.906963823
1.903184271
1.906276017
1.906763265
1.907390042
1.905830553
1.905241471
1.907556584
1.908590599
1.911584462
1.906670218
1.907490304
1.906981299
1.905441047
1.909288701
1.911230073
1.906536286
1.908210758
1.902339544
1.906242375
1.907162794
1.90359806
1.902170502
1.904578347
1.904475864
1.902128164
1.905317161
1.906363971
1.903047503
1.901884546
1.904655232
1.903057716
1.903189743
1.90917597
1.905238893
1.906101489
1.905046938
1.904722732
1.903759394
1.904110748
1.90311228
1.907833115
1.912930883
1.906386904
1.904977856
1.904403974
1.900022904
1.899577193
1.906189354
1.90423993
1.907175594
1.906870439
1.904118279
1.903545252
1.902902379
1.901474866
1.898911206
1.896361968
1.900334568
1.90152089
1.902163602
1.900714073
1.905384616
1.905925624
1.905384181
1.902974207
1.90509911
1.90002358
1.901774877
1.90374313
1.902038847
1.905201632
1.902780891
1.898870265
1.898991122
1.901101344
1.901387436
1.899298054
1.903296238
1.90241712
1.900701659
1.89954935
1.897700783
1.898963781
1.901499999
1.903260534
1.902421083
1.902015059
1.902320561
1.905002776
1.900157348
1.90061276
1.897312574
1.902185432
1.903340187
1.905933082
1.902143299
1.900507612
1.897851277
1.895971924
1.895239972
1.901449483
1.897710361
1.896674898
1.902034184
1.896616336
1.898643374
1.901287869
1.902125997
1.903750631
1.900817121
1.899737755
1.89753286
1.896950878
1.898348724
1.898718637
1.89513726
1.900521254
1.899272613
1.898559168
1.901134641
1.896466957
1.901265486
1.899508206
1.902131265
1.902204957
1.905599499
1.902222235
1.901597963
1.903166903
1.900129535
1.904130718
1.900973242
1.905395297
1.902894678
1.900648924
1.90258348
1.90218283
1.904150847
1.902145207
1.901913416
1.898736486
1.905844858
1.901373049
1.901653472
1.902242807
1.903801027
1.905553098
1.906931983
1.907465625
1.909222012
1.903046734
1.90874717
1.906899288
1.904072204
1.904043815
1.904543537
1.904234352
1.909402563
1.907119066
1.906877946
1.905764053
1.907681157
1.905648429
1.906884281
1.906784174
1.900988281
1.902514839
1.905917534
1.905737333
1.900676106
1.905045512
1.911360612
1.91163629
1.908399927
1.907745086
1.91210664
1.90785455
1.908409524
1.910902799
1.9104086
1.908569791
1.907161873
1.910623429
1.909276398
1.912495384
1.909033407
1.911865195
1.909345985
1.910611294
1.910404675
1.905129258
1.908684057
1.906204837
1.90823724
1.910044218
1.906593202
1.906000203
1.907024896
1.909500983
1.90690085
1.90997501
1.908166223
1.908548581
1.902966036
1.905953373
1.906004915
1.905660943
1.908899437
1.909516383
1.906638162
1.9107867
1.909606891
1.910470699
1.91058325
1.911716454
1.910800511
1.904749804
1.905658244
1.903511642
1.907476075
1.904947055
1.90581031
1.903740166
1.90262193
1.906081925
1.901799824
1.90565461
1.906964608
1.906156621
1.906402577
1.90418929
1.904873842
1.905685803
1.906881625
1.908458719
1.903729504
1.909963269
1.912684438
1.904987209
1.905471274
1.905330319
1.904498067
1.907738403
1.905519823
1.904034285
1.899435596
1.903148018
1.902941695
1.902869329
1.904428565
1.907837377
1.904850582
1.901462435
1.904252739
1.900699315
1.906134037
1.90421029
1.902140951
1.897494015
1.899633239
1.900919223
1.903108158
1.905318945
1.901053206
1.903128914
1.90436068
1.902737835
1.90159345
1.902624036
1.90189234
1.899046507
1.899513252
1.898187427
1.90138973
1.902598912
1.903347179
1.898743982
1.902801096
1.903880924
1.901566757
1.900319618
1.90301741
1.902784955
1.900099581
1.89914971
1.9015646
)
;

boundaryField
{
    bottom
    {
        type            calculated;
        value           nonuniform List<scalar> 
200
(
1.903097117
1.905288162
1.901768074
1.903745961
1.89948017
1.901012777
1.901156129
1.898939487
1.900619186
1.897526282
1.894457734
1.896994825
1.899326877
1.90143821
1.898525803
1.891640388
1.899541912
1.898828624
1.899524394
1.898782814
1.896896364
1.897361031
1.898970848
1.899101963
1.899799854
1.899776217
1.901400293
1.899101151
1.897130974
1.897783548
1.902645359
1.899554768
1.898001825
1.896475846
1.897177315
1.900388905
1.898153343
1.902282994
1.899896595
1.901933326
1.89959983
1.900301618
1.9022739
1.900216818
1.901236774
1.902354673
1.901538004
1.90278084
1.902110492
1.899015272
1.901373113
1.901809358
1.905180472
1.900587779
1.900136535
1.899140255
1.903496079
1.905130552
1.905809254
1.907284327
1.904425015
1.902556182
1.905994236
1.901047054
1.907523557
1.905736925
1.898607094
1.900414064
1.904755741
1.905319072
1.905142579
1.907579841
1.907008873
1.907580905
1.911538194
1.909934018
1.906234109
1.900899707
1.908376212
1.907931344
1.905712398
1.905548649
1.904740061
1.908025113
1.910837516
1.907329377
1.90695452
1.907484676
1.91047827
1.908298268
1.907684246
1.907048665
1.906445534
1.907018026
1.91421747
1.912954757
1.910109897
1.911748494
1.91156946
1.90689493
1.908300291
1.908982881
1.909760217
1.909085082
1.904433897
1.907661491
1.908435502
1.907499135
1.909897432
1.907358221
1.903510999
1.902904648
1.904550732
1.904852457
1.905673507
1.909718165
1.910303128
1.904580667
1.907798628
1.909990951
1.910720113
1.910123259
1.908158519
1.904723621
1.906792402
1.907104539
1.909758087
1.910626373
1.91031137
1.907592797
1.907133119
1.906450356
1.908954534
1.908593974
1.908074379
1.910207194
1.910928532
1.902059674
1.907273664
1.908371416
1.904998329
1.904311904
1.905552809
1.907715056
1.906549094
1.905638135
1.906739495
1.907065065
1.907604426
1.905312398
1.905580411
1.906516215
1.90764695
1.905483354
1.905104562
1.901277347
1.907574348
1.909363917
1.909956402
1.904185884
1.901968862
1.89880061
1.907946563
1.906292294
1.902038255
1.903215419
1.902407558
1.902384173
1.902438544
1.907754716
1.902864516
1.906486985
1.902829605
1.901040423
1.910246206
1.901517076
1.898801339
1.903194423
1.904839308
1.906841076
1.902930496
1.899543526
1.902557247
1.900720886
1.902131382
1.900723551
1.900267058
1.901381053
1.903866768
1.903706434
1.899112054
1.898170772
1.902813418
1.9000022
1.905524498
1.898758119
1.897750364
1.898866169
1.898495412
1.903580966
)
;
    }
    top
    {
        type            calculated;
        value           nonuniform List<scalar> 
200
(
1.902015059
1.902320561
1.905002776
1.900157348
1.90061276
1.897312574
1.902185432
1.903340187
1.905933082
1.902143299
1.900507612
1.897851277
1.895971924
1.895239972
1.901449483
1.897710361
1.896674898
1.902034184
1.896616336
1.898643374
1.901287869
1.902125997
1.903750631
1.900817121
1.899737755
1.89753286
1.896950878
1.898348724
1.898718637
1.89513726
1.900521254
1.899272613
1.898559168
1.901134641
1.896466957
1.901265486
1.899508206
1.902131265
1.902204957
1.905599499
1.902222235
1.901597963
1.903166903
1.900129535
1.904130718
1.900973242
1.905395297
1.902894678
1.900648924
1.90258348
1.90218283
1.904150847
1.902145207
1.901913416
1.898736486
1.905844858
1.901373049
1.901653472
1.902242807
1.903801027
1.905553098
1.906931983
1.907465625
1.909222012
1.903046734
1.90874717
1.906899288
1.904072204
1.904043815
1.904543537
1.904234352
1.909402563
1.907119066
1.906877946
1.905764053
1.907681157
1.905648429
1.906884281
1.906784174
1.900988281
1.902514839
1.905917534
1.905737333
1.900676106
1.905045512
1.911360612
1.91163629
1.908399927
1.907745086
1.91210664
1.90785455
1.908409524
1.910902799
1.9104086
1.908569791
1.907161873
1.910623429
1.909276398
1.912495384
1.909033407
1.911865195
1.909345985
1.910611294
1.910404675
1.905129258
1.908684057
1.906204837
1.90823724
1.910044218
1.906593202
1.906000203
1.907024896
1.909500983
1.90690085
1.90997501
1.908166223
1.908548581
1.902966036
1.905953373
1.906004915
1.905660943
1.908899437
1.909516383
1.906638162
1.9107867
1.909606891
1.910470699
1.91058325
1.911716454
1.910800511
1.904749804
1.905658244
1.903511642
1.907476075
1.904947055
1.90581031
1.903740166
1.90262193
1.906081925
1.901799824
1.90565461
1.906964608
1.906156621
1.906402577
1.90418929
1.904873842
1.905685803
1.906881625
1.908458719
1.903729504
1.909963269
1.912684438
1.904987209
1.905471274
1.905330319
1.904498067
1.907738403
1.905519823
1.904034285
1.899435596
1.903148018
1.902941695
1.902869329
1.904428565
1.907837377
1.904850582
1.901462435
1.904252739
1.900699315
1.906134037
1.90421029
1.902140951
1.897494015
1.899633239
1.900919223
1.903108158
1.905318945
1.901053206
1.903128914
1.90436068
1.902737835
1.90159345
1.902624036
1.90189234
1.899046507
1.899513252
1.898187427
1.90138973
1.902598912
1.903347179
1.898743982
1.902801096
1.903880924
1.901566757
1.900319618
1.90301741
1.902784955
1.900099581
1.89914971
1.9015646
)
;
    }
    inlet
    {
        type            cyclic;
    }
    outlet
    {
        type            cyclic;
    }
    back
    {
        type            symmetry;
    }
    front
    {
        type            symmetry;
    }
}


// ************************************************************************* //
