/*--------------------------------*- C++ -*----------------------------------*\
| =========                 |                                                 |
| \\      /  F ield         | OpenFOAM: The Open Source CFD Toolbox           |
|  \\    /   O peration     | Version:  v1706                                 |
|   \\  /    A nd           | Web:      www.OpenFOAM.com                      |
|    \\/     M anipulation  |                                                 |
\*---------------------------------------------------------------------------*/
FoamFile
{
    version     2.0;
    format      ascii;
    class       volScalarField;
    location    "0.28";
    object      overallT_Ar;
}
// * * * * * * * * * * * * * * * * * * * * * * * * * * * * * * * * * * * * * //

dimensions      [0 0 0 1 0 0 0];


internalField   nonuniform List<scalar> 
1000
(
272.5865882
272.7225135
272.6493453
272.8824879
272.718126
272.9772426
272.5819169
272.5508539
272.4819045
272.2498563
272.3318353
272.5306289
272.92453
272.7648156
272.2779582
272.002499
272.9242333
272.5825932
272.4884772
272.3849018
272.3940653
272.4318049
272.3924693
272.2918507
272.4142036
272.1549145
272.4633006
272.6432883
272.5805616
272.2799862
272.629585
272.5876285
272.3666569
272.3810815
272.1134872
272.5124778
272.6575683
272.5969485
272.6167847
272.7017664
272.5689315
272.9102982
272.7796489
272.6382966
272.5528335
273.0645213
273.0327681
272.9248761
272.8113385
272.5276301
272.415157
272.6248291
273.0581684
272.60928
272.7258628
272.4381195
272.9015744
272.9953749
272.9744315
273.1142836
272.9752016
272.6924286
272.8099264
272.7954337
273.4052871
273.4713675
272.7168438
272.6832157
272.8181506
272.8618915
273.1116657
273.2821613
273.2666257
273.2549199
273.3497001
273.2497119
273.2711804
272.9812997
273.4950326
273.4361901
273.3760612
273.3810114
273.309098
273.2969683
273.453762
273.2974308
273.5019357
273.7899481
273.6048983
273.3612602
273.3030774
273.2299723
273.8357208
273.9191116
273.9935337
273.8123252
274.0738447
273.9035718
273.4773452
273.2469031
273.5158562
273.8980473
273.7186119
273.2903181
273.2079297
273.4232241
273.3092457
273.3196249
273.5021126
273.3147827
273.3029682
273.1753282
273.2359184
273.6418384
273.3604749
273.5022406
273.7483983
273.4163381
273.6310497
273.8152296
273.7496913
274.0368798
273.8680548
273.6150761
273.598597
273.6091515
273.6084711
273.8152003
273.6833016
273.5382428
273.2324411
273.030216
273.4444584
273.4963175
273.4596835
273.3898958
273.3447341
273.0837457
273.3102611
273.3061806
273.5877049
273.2561858
273.2797337
273.8547638
273.1930945
273.3051546
273.5982339
273.8282224
273.6534416
273.077033
272.8691119
273.3908099
273.3525729
273.3234886
273.4541548
272.9244633
273.2362157
273.4802787
273.4588889
273.2772925
272.8446835
272.9132323
273.4983294
273.2249879
272.9785028
273.3308997
273.0717815
273.1907776
272.736906
273.1913416
272.6788504
273.2925162
272.4518025
272.4944239
273.1724363
272.6380729
272.4182251
272.8325827
273.3217208
273.0468961
272.8094598
272.6443585
273.0297079
272.8036549
272.6460983
272.729293
272.4924809
272.8888293
273.2386748
273.0092933
272.8057795
273.1247509
273.3006481
272.8347892
272.7394231
272.4425361
272.1529678
272.3851509
272.7769482
272.8522779
272.8643647
272.8122976
272.9084015
272.7640568
272.4007419
272.9449711
272.8136421
272.3770384
272.5865668
272.3548262
271.9738884
272.3695166
272.4542389
272.6219571
272.2859388
271.9829957
272.4961547
272.3751625
272.5603054
272.4052227
272.1823417
272.909527
272.5309209
272.4606368
272.6982826
272.8020888
272.3953903
272.3829472
272.4658827
272.162856
272.253802
272.2156678
272.2007543
272.25931
272.580227
272.289986
272.7288285
272.7485486
272.7697065
272.4640869
273.0278215
272.627251
272.7878952
272.6512946
272.984794
272.7871414
272.8264929
272.7608848
272.4721709
272.7404263
272.5460995
272.503322
272.84262
272.622218
272.4196797
272.7393662
273.0223756
272.8411722
273.0963754
273.162398
273.4958687
273.2477782
273.2257805
273.2139107
273.512867
273.0763676
273.0904251
273.0102126
272.8094941
273.3432994
273.3365626
273.5894976
273.2774978
273.0047984
273.3914254
273.5512163
273.6226463
273.4691708
273.6253116
273.1614236
273.443936
273.2335414
273.4652815
273.2760924
273.3748755
273.2959404
273.238908
273.6221738
273.527706
273.5194202
273.5030437
273.099508
273.2681546
273.816411
273.5607643
273.6015322
273.8513371
274.0193671
273.2452761
273.5687195
273.5764998
273.8593484
273.7923053
273.5020323
273.6419024
273.6630064
273.2112753
273.3687778
273.0003518
273.0235782
273.2049815
273.4254848
273.2829061
273.4633122
273.4263684
273.7684648
273.5563349
273.6560111
273.5484621
274.0256081
273.6633731
273.4046741
273.7245
273.7893352
273.5847371
273.6873891
273.5419855
273.7501098
273.6087906
273.4130049
273.4611331
273.3482583
273.2908091
273.3893071
273.5164426
274.0395881
273.3162107
273.6425501
273.5733037
273.611593
273.5026931
272.9235751
273.2355069
273.6619041
273.7052471
273.3784799
273.4276636
273.4683591
273.4182007
273.2537495
273.2199132
273.0685478
272.9663493
273.2687735
273.1547117
273.2155
272.9553573
273.3427527
273.3833581
273.2577459
273.2305512
272.8876217
273.1931891
273.2664046
273.2151363
273.0153916
273.24669
273.1289722
272.9319982
272.6413306
272.8042237
272.7456437
272.8061799
272.8594918
272.9704284
272.7677143
273.0184494
272.7509024
272.9440382
272.8479437
273.2466102
272.9132947
272.5744575
273.0496871
272.8182259
272.6081678
272.9070425
272.9082697
273.2943874
273.4424373
272.8889383
272.948112
273.0192005
273.1632851
273.1309938
272.7208113
272.5838509
273.2739667
272.7111032
272.6023676
272.6077021
272.9508522
272.8561577
272.7950424
273.1598307
273.0581794
273.061114
272.9863134
272.7739888
272.1011644
271.9538037
272.5745313
272.2099608
272.4446915
272.2005747
272.8004217
272.288783
272.641685
272.3455291
272.0736539
272.9207892
272.8699718
272.5025396
272.412289
272.1935675
272.4612695
272.725518
272.6359222
272.6868206
272.3589402
272.0164848
272.4679831
272.3689939
272.6076228
272.1598994
272.7239553
272.8287197
272.7149638
272.5015279
272.6704896
272.8694868
272.6914223
272.7790416
272.971018
272.7937782
273.0132162
273.0129293
272.8064735
272.6616541
272.7624817
272.8893957
272.8080944
272.7366195
272.5522984
272.6993267
273.0282623
272.814678
272.7965551
273.0135296
273.1258633
273.5157227
273.2521636
273.4596332
273.1843313
273.5311783
273.2791211
273.0656068
272.5448084
272.861209
272.8971765
272.9854682
273.1237611
273.2410486
273.1595564
273.4243121
273.4813984
273.5271194
273.5823935
273.2382019
273.414765
273.2997518
273.1009595
273.2190303
272.9167973
273.0893301
273.4817023
273.474165
273.9809997
273.4565598
273.5237626
273.4285083
273.4288207
273.3730756
273.8369957
273.6921518
273.4228941
273.576267
273.6035938
273.7610675
273.5818949
273.741349
273.7304105
273.4633882
273.6908142
273.6722363
273.619858
273.2519814
273.7031924
273.3541104
273.2679368
272.9947498
273.7694263
273.0627514
273.4411549
273.4083722
273.8641284
273.6602799
273.3025844
273.6414643
273.5321789
273.5195075
273.458068
273.3793241
273.5123271
273.3511774
273.5659785
273.5893802
273.6236225
273.787321
273.7101588
273.629502
273.5171886
273.2308556
273.4998183
273.3982692
273.4831546
273.1749645
273.1126277
273.3554271
273.6616576
273.7279803
273.2953051
273.2822003
273.3419227
273.2793454
272.9443197
273.1634202
273.3560049
273.2691468
273.4387092
273.3128427
272.9574431
273.4234924
273.0143052
273.3934497
273.1803991
272.9312354
272.9316365
272.988648
273.0881643
272.7624628
273.244273
273.2450587
273.3760418
273.3624831
273.3266987
273.1556781
273.2512745
272.7668867
272.7600338
272.4959529
272.6858522
273.1373971
272.8500556
272.9772578
273.0574015
273.0586151
273.2533308
272.8489867
272.7173427
272.5731149
273.3637674
272.9762328
273.104575
272.9185201
273.0782961
273.0725528
273.2283514
273.27333
272.9818031
272.5783935
272.94561
273.0011757
272.968979
272.5657428
272.9122326
272.9502919
273.4703254
273.0829892
272.5812569
272.6568077
272.685365
272.8145301
273.0668795
273.386818
273.1052263
272.8530115
273.0053619
272.6057901
272.6117112
272.8345555
272.3884952
271.9761688
272.3789859
272.5459306
272.5618702
272.8887141
272.4350931
272.7246255
272.8086053
272.9759408
273.0328416
272.6796868
272.6458064
272.3486458
272.3980629
272.3584636
272.730693
272.715796
272.3573489
272.4626089
272.4119873
272.3198228
272.1401806
272.2187819
272.2297191
272.7948322
272.974554
272.6882523
272.5874137
272.753524
272.9066648
273.052376
272.9309687
273.0345981
273.0399573
272.7796324
272.9445056
272.4025992
272.8281163
272.9963136
273.084766
272.7833722
272.7358431
272.5607457
273.0328626
272.9469254
272.8507408
273.271603
273.0194873
272.8126378
273.1100704
273.5192331
273.3346073
273.5721574
273.046371
273.2579006
272.813213
272.6556588
272.9430656
272.9185908
272.9432291
273.4789651
273.4779565
273.6454748
273.1106834
272.9451567
273.4264122
273.2040314
273.2180369
273.0993941
273.1202679
273.016044
273.2741137
273.6639125
273.591799
273.4295302
273.4187419
273.3483755
273.3678798
273.8816123
273.4898767
273.8122534
273.6558479
273.7653509
273.769991
273.7497836
273.5902248
273.3983215
273.3613868
273.463424
273.4209137
273.7306881
273.8741829
273.5866932
273.8632482
273.3801393
273.7430877
273.552177
273.3714919
273.5798356
273.0552678
273.2579696
273.3559045
273.4464319
273.5047134
273.7194281
273.3636594
273.2985946
273.0550749
273.0476032
273.3825112
273.9544377
273.5110931
273.5350737
273.3217884
273.5465027
273.842562
273.8220908
273.4704231
273.4579698
273.074342
273.7122449
273.5560801
273.0525539
273.2609035
273.3072897
273.3609849
272.8915802
273.2923623
273.2155548
273.1901701
272.9085484
273.1743336
273.1155288
273.218753
273.4534111
273.0675247
273.4492584
272.9346678
273.3091042
273.1725255
273.3901689
273.0598246
273.6844281
273.8388388
273.5789508
273.2321098
273.2859647
272.7983925
272.8146335
273.1974745
273.3211732
273.7100192
273.4823325
272.6623111
273.1107006
272.8725529
272.4857773
272.5437506
272.6537311
272.5800647
272.4858602
272.7146233
272.7261058
272.8472532
273.2072403
273.0781187
272.4889832
272.8380695
272.3754771
272.7893438
272.9589279
272.6981471
272.6613177
273.322867
272.6494108
272.6750284
272.6861503
273.0014664
272.6873313
272.6669888
272.7109867
272.6719716
272.5763303
272.5999787
272.611231
273.0063567
272.9641225
273.0439902
273.0706939
272.5274893
273.0349865
272.8446675
272.6240373
272.5027148
272.7763543
272.6556653
273.2082799
273.047165
272.6125646
272.274635
272.0186351
272.3081379
272.6484103
272.2425262
272.4517783
272.9686088
272.320578
272.336345
272.9129251
272.7352529
272.7035567
272.3432344
272.7095148
272.4252145
272.314439
272.540048
272.6874292
272.2760692
272.6360682
272.8514037
272.2678565
272.3696973
272.1402133
272.5929046
272.5349139
272.5760238
272.5480744
272.8277928
272.4004597
272.5794807
272.7886151
273.0097885
273.1438497
272.7784695
272.9733219
272.5983193
272.9691721
272.7350744
272.815182
272.717819
272.7637515
272.7677937
272.5762698
273.0269997
272.6162572
272.8020029
272.7372469
272.7733151
272.9575821
273.28171
273.5325056
273.406268
272.9136935
273.3450321
272.8786616
272.9411584
273.11206
273.1375027
273.2018364
273.6724767
273.380666
273.089629
273.2072053
273.3277796
273.4075092
273.2251076
273.2881097
272.8962611
272.7105397
272.8278605
272.9612635
272.8789311
273.2449504
273.7820037
273.6029115
273.5723885
273.6461088
273.7499349
273.6480716
273.4062381
273.8579208
273.9241423
273.5016363
273.3759412
273.7437016
273.5722758
273.5986632
273.4849299
273.5445081
273.4989628
273.7328535
273.6462377
273.6310889
273.4256966
273.3355683
273.7325812
273.5083086
273.6302304
273.3654307
273.5336928
273.4369345
273.2532556
273.610848
273.6840235
273.6350984
273.5418541
273.708242
273.8173668
273.6266468
273.6403612
273.4114459
273.2555569
273.7212114
273.6586034
273.7811252
273.3404277
273.8064724
273.8311975
273.3240436
273.7250774
272.8931448
273.0477854
273.0810313
273.3390295
273.4311926
273.1237653
273.1305465
272.9297852
273.0975936
273.5246951
273.1490146
273.3748083
273.2214977
273.1892043
272.9847994
273.2463778
273.1892884
272.7050097
273.5695769
273.8767856
273.59822
273.4825628
273.3072836
273.6161862
273.6715841
273.188198
273.2295794
273.120925
273.0066325
272.9888917
272.8180159
273.2134865
273.5395483
273.0649022
272.7300121
272.7612903
272.3886753
272.8050744
272.8045897
272.5785007
272.4000443
272.2105805
272.7146669
272.9012444
273.4598367
273.0215891
272.8840047
272.984748
272.7704193
272.9819703
272.6557511
272.7056183
272.7826006
272.599575
272.6865406
272.8624288
273.1824375
272.9284714
272.4986765
272.4794456
272.8667452
272.7714804
272.8346362
272.9157515
272.941201
272.66398
272.5766887
272.8048973
)
;

boundaryField
{
    bottom
    {
        type            calculated;
        value           nonuniform List<scalar> 
200
(
272.5865882
272.7225135
272.6493453
272.8824879
272.718126
272.9772426
272.5819169
272.5508539
272.4819045
272.2498563
272.3318353
272.5306289
272.92453
272.7648156
272.2779582
272.002499
272.9242333
272.5825932
272.4884772
272.3849018
272.3940653
272.4318049
272.3924693
272.2918507
272.4142036
272.1549145
272.4633006
272.6432883
272.5805616
272.2799862
272.629585
272.5876285
272.3666569
272.3810815
272.1134872
272.5124778
272.6575683
272.5969485
272.6167847
272.7017664
272.5689315
272.9102982
272.7796489
272.6382966
272.5528335
273.0645213
273.0327681
272.9248761
272.8113385
272.5276301
272.415157
272.6248291
273.0581684
272.60928
272.7258628
272.4381195
272.9015744
272.9953749
272.9744315
273.1142836
272.9752016
272.6924286
272.8099264
272.7954337
273.4052871
273.4713675
272.7168438
272.6832157
272.8181506
272.8618915
273.1116657
273.2821613
273.2666257
273.2549199
273.3497001
273.2497119
273.2711804
272.9812997
273.4950326
273.4361901
273.3760612
273.3810114
273.309098
273.2969683
273.453762
273.2974308
273.5019357
273.7899481
273.6048983
273.3612602
273.3030774
273.2299723
273.8357208
273.9191116
273.9935337
273.8123252
274.0738447
273.9035718
273.4773452
273.2469031
273.5158562
273.8980473
273.7186119
273.2903181
273.2079297
273.4232241
273.3092457
273.3196249
273.5021126
273.3147827
273.3029682
273.1753282
273.2359184
273.6418384
273.3604749
273.5022406
273.7483983
273.4163381
273.6310497
273.8152296
273.7496913
274.0368798
273.8680548
273.6150761
273.598597
273.6091515
273.6084711
273.8152003
273.6833016
273.5382428
273.2324411
273.030216
273.4444584
273.4963175
273.4596835
273.3898958
273.3447341
273.0837457
273.3102611
273.3061806
273.5877049
273.2561858
273.2797337
273.8547638
273.1930945
273.3051546
273.5982339
273.8282224
273.6534416
273.077033
272.8691119
273.3908099
273.3525729
273.3234886
273.4541548
272.9244633
273.2362157
273.4802787
273.4588889
273.2772925
272.8446835
272.9132323
273.4983294
273.2249879
272.9785028
273.3308997
273.0717815
273.1907776
272.736906
273.1913416
272.6788504
273.2925162
272.4518025
272.4944239
273.1724363
272.6380729
272.4182251
272.8325827
273.3217208
273.0468961
272.8094598
272.6443585
273.0297079
272.8036549
272.6460983
272.729293
272.4924809
272.8888293
273.2386748
273.0092933
272.8057795
273.1247509
273.3006481
272.8347892
272.7394231
272.4425361
272.1529678
272.3851509
272.7769482
272.8522779
)
;
    }
    top
    {
        type            calculated;
        value           nonuniform List<scalar> 
200
(
273.0706939
272.5274893
273.0349865
272.8446675
272.6240373
272.5027148
272.7763543
272.6556653
273.2082799
273.047165
272.6125646
272.274635
272.0186351
272.3081379
272.6484103
272.2425262
272.4517783
272.9686088
272.320578
272.336345
272.9129251
272.7352529
272.7035567
272.3432344
272.7095148
272.4252145
272.314439
272.540048
272.6874292
272.2760692
272.6360682
272.8514037
272.2678565
272.3696973
272.1402133
272.5929046
272.5349139
272.5760238
272.5480744
272.8277928
272.4004597
272.5794807
272.7886151
273.0097885
273.1438497
272.7784695
272.9733219
272.5983193
272.9691721
272.7350744
272.815182
272.717819
272.7637515
272.7677937
272.5762698
273.0269997
272.6162572
272.8020029
272.7372469
272.7733151
272.9575821
273.28171
273.5325056
273.406268
272.9136935
273.3450321
272.8786616
272.9411584
273.11206
273.1375027
273.2018364
273.6724767
273.380666
273.089629
273.2072053
273.3277796
273.4075092
273.2251076
273.2881097
272.8962611
272.7105397
272.8278605
272.9612635
272.8789311
273.2449504
273.7820037
273.6029115
273.5723885
273.6461088
273.7499349
273.6480716
273.4062381
273.8579208
273.9241423
273.5016363
273.3759412
273.7437016
273.5722758
273.5986632
273.4849299
273.5445081
273.4989628
273.7328535
273.6462377
273.6310889
273.4256966
273.3355683
273.7325812
273.5083086
273.6302304
273.3654307
273.5336928
273.4369345
273.2532556
273.610848
273.6840235
273.6350984
273.5418541
273.708242
273.8173668
273.6266468
273.6403612
273.4114459
273.2555569
273.7212114
273.6586034
273.7811252
273.3404277
273.8064724
273.8311975
273.3240436
273.7250774
272.8931448
273.0477854
273.0810313
273.3390295
273.4311926
273.1237653
273.1305465
272.9297852
273.0975936
273.5246951
273.1490146
273.3748083
273.2214977
273.1892043
272.9847994
273.2463778
273.1892884
272.7050097
273.5695769
273.8767856
273.59822
273.4825628
273.3072836
273.6161862
273.6715841
273.188198
273.2295794
273.120925
273.0066325
272.9888917
272.8180159
273.2134865
273.5395483
273.0649022
272.7300121
272.7612903
272.3886753
272.8050744
272.8045897
272.5785007
272.4000443
272.2105805
272.7146669
272.9012444
273.4598367
273.0215891
272.8840047
272.984748
272.7704193
272.9819703
272.6557511
272.7056183
272.7826006
272.599575
272.6865406
272.8624288
273.1824375
272.9284714
272.4986765
272.4794456
272.8667452
272.7714804
272.8346362
272.9157515
272.941201
272.66398
272.5766887
272.8048973
)
;
    }
    inlet
    {
        type            cyclic;
    }
    outlet
    {
        type            cyclic;
    }
    back
    {
        type            symmetry;
    }
    front
    {
        type            symmetry;
    }
}


// ************************************************************************* //
