/*--------------------------------*- C++ -*----------------------------------*\
| =========                 |                                                 |
| \\      /  F ield         | OpenFOAM: The Open Source CFD Toolbox           |
|  \\    /   O peration     | Version:  v1706                                 |
|   \\  /    A nd           | Web:      www.OpenFOAM.com                      |
|    \\/     M anipulation  |                                                 |
\*---------------------------------------------------------------------------*/
FoamFile
{
    version     2.0;
    format      ascii;
    class       volVectorField;
    location    "0.28";
    object      UMean_Ar;
}
// * * * * * * * * * * * * * * * * * * * * * * * * * * * * * * * * * * * * * //

dimensions      [0 1 -1 0 0 0 0];


internalField   nonuniform List<vector> 
1000
(
(0.1456756381 0.1337908063 0.05625542843)
(-0.05792625611 0.04788058936 -0.004912680253)
(-0.1632440498 0.04138027551 0.1526327181)
(-0.009011849199 -0.09871747069 -0.1982933168)
(-0.1421126104 -0.172084628 0.2093608675)
(0.1612499585 -0.13088949 0.08655151493)
(0.1174323745 0.140008604 0.008201716195)
(-0.1216112244 0.07016747784 0.3065644965)
(-0.00778939377 -0.08150136645 -0.1521264247)
(-0.3410248889 0.03518268959 0.09047295194)
(-0.4103869807 0.1114968144 -0.0876944997)
(-0.3981752052 -0.1395384613 0.0890294406)
(-0.3997222504 -0.2325710643 -0.08606903573)
(-0.06201183612 -0.02340276863 0.06272369787)
(-0.08065198524 -0.01436910515 -0.04350926753)
(-0.07649976808 0.1277147088 -0.08814716936)
(-0.008585487599 0.007610368744 0.1679787481)
(0.1851562055 -0.2272561048 -0.214800564)
(0.07428359801 0.1710393701 0.09201534004)
(0.05135576202 -0.138827091 -0.002468533469)
(0.1266459815 0.2482931589 0.06094998056)
(-0.2083063234 0.085228125 -0.05533922075)
(-0.1611415664 -0.3509786584 0.02402102315)
(-0.04608902763 0.05369933023 0.2207851648)
(0.04203217865 -0.1398890504 -0.02372854989)
(0.1010977352 -0.07573791463 -0.09108655582)
(0.02985933749 -0.08563024059 -0.1229186136)
(0.1114972925 0.01449639822 0.03658419252)
(0.05474724551 0.03666131287 -0.03085408868)
(0.04273500605 0.0563699427 0.2215958325)
(-0.249387681 0.01557380349 -0.05835844365)
(0.00377741407 0.02214952098 0.1570053938)
(-0.4589925837 0.2152452338 -0.02139743937)
(-0.3724188085 -0.3232408337 0.08303794965)
(-0.2399086925 -0.0775055981 0.01588795564)
(-0.1126300334 -0.03208241537 0.2901050831)
(-0.1691407117 0.01371245748 -0.1821664942)
(0.09852301238 -0.05668761434 -0.1762670455)
(0.01571344105 0.02876268699 0.08721720634)
(-0.00326860159 0.1466385596 -0.03597992946)
(-0.06190967993 -0.02023291556 -0.1331195972)
(-0.006533187706 0.1718065291 0.05866677463)
(-0.2856635394 0.08600022393 -0.1241352325)
(-0.2628028892 -0.004871518883 -0.0006300161321)
(-0.2633063696 -0.01151093922 -0.04221720324)
(-0.312781797 0.03322354943 0.02210611603)
(-0.1408839821 0.02135834642 -0.0651309697)
(0.09418120245 -0.0934489911 0.06664679396)
(0.1301421125 0.1085228101 -0.02447887077)
(0.1164192895 -0.1336617579 -0.07348948529)
(0.01144941623 0.1865057261 0.2332126864)
(-0.09074345879 -0.08508787152 -0.1855602875)
(0.04059396739 0.07725993417 0.09318817747)
(-0.3796159623 -0.07309187853 -0.002704936435)
(-0.2272759619 0.004675694722 0.05884493923)
(-0.07749253639 -0.08560680861 0.1294251566)
(0.25981809 0.0392787573 -0.0547570859)
(0.08431414255 0.01767737966 -0.0824212144)
(0.08447134554 0.05685579951 0.02655495411)
(-0.1780411714 0.07661273418 -0.04683218258)
(-0.3610459181 -0.204042193 -0.02770910968)
(-0.4045190637 0.0001993582147 -0.1615923774)
(-0.1311773407 0.1718785742 -0.0124783489)
(-0.05009809358 -0.2207237854 0.1609609089)
(0.1317073045 0.1283084858 -0.07825442815)
(-0.1192023952 0.07630622596 0.1953994964)
(-0.292642186 0.1587635492 0.1035630432)
(-0.2511563395 -0.3357886801 -0.1771608523)
(-0.0172002344 0.02454549098 0.05026087945)
(-0.09191312006 0.09927165937 0.1513829422)
(-0.1438007661 0.07089035023 -0.03729540707)
(-0.01051650438 -0.05499413024 -0.07482092431)
(-0.1186644255 -0.1089580508 0.01674532998)
(-0.224371208 -0.09545582287 0.06110132763)
(-0.360663057 0.3740986447 0.03140642351)
(-0.5167617953 -0.09736319901 0.1414624041)
(-0.2989883684 -0.007203555044 0.2412554337)
(-0.1831306337 -0.2183189611 0.03346272505)
(-0.08854951253 -0.01921899143 0.08327379985)
(-0.1894444631 0.04528012356 0.07304211983)
(-0.2442271048 -0.01538240878 0.01387866535)
(-0.1110801778 -0.06023825916 -0.07162439499)
(-0.2116790319 0.1812393344 0.05672555194)
(-0.141535845 -0.09591054876 -0.1073661893)
(-0.07819444627 -0.003206871908 -0.1694497862)
(0.1088415329 -0.2717821378 -0.1114523894)
(0.3266570319 0.002079492649 -0.2666023899)
(0.06744188203 0.218607139 0.0850815308)
(-0.1027347061 -0.01767388797 -0.07036694485)
(-0.009808509312 0.05407483785 -0.2102284209)
(0.04923516124 0.2028025884 0.07417436029)
(-0.1821095186 -0.1221065736 -0.1140512913)
(0.1211484025 -0.1622754303 0.04795469547)
(-0.04513996641 0.2078500793 0.1743237569)
(-0.1578605867 0.06798466837 0.0499602186)
(-0.4617901004 0.1303486707 -0.08126062253)
(-0.2125555222 -0.3048797162 -0.2637759205)
(-0.03257798422 0.1416833376 -0.1199107642)
(-0.4510454279 0.009410251079 -0.05386436417)
(-0.1310295674 0.01268809587 0.1215365979)
(-0.1753296747 -0.1761910913 0.2129025554)
(-0.02778852514 -0.01895842245 0.1364798012)
(0.009233995797 -0.09891086577 -0.07922667592)
(-0.02542930345 0.04758156582 0.2124441224)
(0.09845377372 -0.04872305844 0.08914220572)
(0.144543224 -0.1531975905 -0.1613117583)
(0.3840368448 0.05006652546 -0.273216241)
(0.1425836669 0.3128467366 0.1189765453)
(0.146001233 -0.03898734655 -0.06773575424)
(-0.1520232122 0.1376414036 -0.04044678096)
(-0.3102384777 0.0180813418 -0.05002408696)
(-0.1719251057 0.1981415366 0.04550481342)
(-0.414372752 0.1654746981 0.1563954405)
(-0.2339554232 -0.05807560073 -0.1849360233)
(-0.4628281853 -0.01397153053 0.1081365247)
(-0.1401366749 -0.06226370263 0.1188279535)
(-0.03592312737 0.009486294808 -0.02351747952)
(0.1278260111 0.02143813404 -0.1606328199)
(0.03362595136 -0.09688397707 -0.0589085833)
(-0.01357782538 0.02773274302 0.1209023612)
(0.1542723754 -0.07803939095 0.04595567552)
(-0.05877280928 0.2774370701 -0.06703254451)
(-0.3037272959 0.1072908912 0.2665628198)
(-0.3053660101 -0.1109517758 -0.1894027364)
(-0.1292907412 -0.1330978376 0.2085638277)
(-0.1145707687 -0.08715936186 -0.06308419967)
(-0.1969760396 0.1914934543 0.04724406786)
(-0.4613193109 0.1323754741 -0.09574657689)
(-0.3510446646 0.0009384810428 0.1700698801)
(-0.2054467831 -0.2244819722 0.06632333055)
(-0.0916608417 -0.02819934458 -0.1621919859)
(-0.04801265039 -0.1322537542 0.1703642862)
(-0.005527884835 0.1913283793 0.1051497128)
(-0.1847165378 0.02398476142 -0.2569401303)
(0.04754518206 0.07179762817 0.08684556292)
(-0.16366218 -0.08886619695 0.03910272774)
(-0.1953549844 -0.01585616327 -0.01057995788)
(0.07181577338 -0.1635888673 -0.01102729232)
(0.1026490237 -0.1635822096 -0.1024601172)
(-0.009729657811 0.09569407834 0.3649800336)
(0.05085528282 0.007964936409 -0.1356634866)
(-0.06636257073 -0.05066632256 0.07815239183)
(-0.05448478121 -0.2639246577 0.00311648649)
(0.1881347359 0.08601467464 -0.1626591855)
(0.3339635731 -0.03530496108 -0.0758849063)
(0.2433481215 0.1400700537 -0.1710234349)
(-0.006796207732 0.03892002654 0.08233030519)
(0.006926498982 0.03891225654 0.009022822308)
(0.09512089559 -0.2152657419 -0.2970295959)
(0.1466663002 0.1633911103 0.0509764389)
(0.2049947848 -0.04336345038 0.1202312028)
(0.1176693405 -0.1496341161 0.02589668158)
(0.1926126391 0.1620708843 0.018171153)
(0.03718975383 0.1253261644 0.2889215359)
(0.02757549473 -0.03708632655 -0.2253756103)
(-0.009189095141 -0.07178335674 0.08452912256)
(-0.02461618697 -0.07431586216 0.02109722924)
(0.008160384081 0.008880321448 -0.02336867541)
(0.07619907296 0.1552076876 -0.2858782108)
(-0.08511223975 0.0463435729 0.3598257177)
(-0.2277980841 -0.1548597655 -0.09503230605)
(-0.1581735183 0.03901848211 -0.06913727226)
(-0.3313226691 -0.05857886709 -0.2474026365)
(-0.2697274147 -0.05352316812 -0.06391640346)
(-0.2528708766 -0.164369329 0.2208501793)
(0.06502471316 -0.02801453738 -0.004882542084)
(-0.0006485102299 0.2072119671 0.05751709608)
(-0.2558662532 -0.02067581987 -0.08470000104)
(-0.1138085843 -0.1212206164 0.09420257456)
(0.02721960604 0.1605052352 0.1078026395)
(-0.07808977859 -0.1251858427 0.1095490489)
(-0.03943061201 0.01030622055 -0.03982129029)
(-0.1345341106 -0.02830679792 -0.03432005912)
(-0.2196001826 -0.02331331799 0.08833374661)
(-0.1873646613 -0.05352201462 -0.07792093622)
(-0.1588567011 0.02212888351 0.1563496923)
(-0.2020368142 -0.07323725977 0.03671267663)
(0.1135598493 -0.1241402635 -0.01910924732)
(-0.0810860341 0.1599947043 -0.03424464534)
(-0.3227178468 0.05247722754 -0.02329258784)
(-0.4016894361 0.01158981244 0.1794894305)
(-0.4908685195 -0.2489541589 -0.05160116891)
(-0.3553785348 0.1538620801 -0.05766571735)
(-0.07979941498 -0.2777457742 -0.1385538228)
(-0.2732140087 -0.01658925955 0.03225256903)
(-0.2503305252 -0.1239812837 0.1475470628)
(-0.08787385885 -0.1269804105 -0.05838364622)
(0.1194331953 -0.01851045763 0.04443083325)
(-0.01724816696 0.1465247673 -0.04462379134)
(0.08439470669 -0.1602244086 0.1247167271)
(0.2186254685 0.0359552195 -0.06068210117)
(-0.1554487364 0.1697090232 -0.005800413767)
(-0.1268909265 -0.04725211458 0.260908289)
(-0.128530335 -0.07296729218 -0.09390647709)
(-0.155385027 -0.006335312455 0.006577868506)
(-0.2262758745 0.168903983 -0.06873585748)
(-0.3765861893 0.08096094807 -0.2020362016)
(-0.07718051951 -0.2541277999 -0.09583171009)
(0.03471481336 -0.04932533675 0.1109849999)
(0.08774204509 -0.131983117 -0.1782810357)
(-0.006827427058 0.1594025133 0.1147551497)
(-0.05403100612 0.2143432039 0.06684732934)
(0.07215347103 0.2097260725 -0.1083055019)
(-0.07981782799 -0.324133975 0.1345602841)
(-0.07242262496 0.06834056786 -0.09303579503)
(0.06873419574 -0.3006574714 -0.03834724344)
(-0.1574302933 0.1164192466 0.07940870065)
(0.1652718406 0.04122611334 0.06095879315)
(-0.06931191843 0.1495099729 0.03217699402)
(-0.0343372103 0.3676934975 0.04325748382)
(-0.1470437803 0.06329790628 -0.02191654603)
(-0.3729781953 0.03694316303 0.01953216483)
(-0.2357946727 -0.3308144995 -0.03889690278)
(-0.09794586226 -0.3602471886 -0.1075832415)
(0.01584453477 0.1820152847 -0.05751927347)
(-0.09309753133 0.08076372393 0.1653086502)
(-0.04873768205 -0.1963284225 0.0307121412)
(-0.1523828135 -0.000820481839 0.2315374979)
(0.001477735382 -0.03932682696 0.3511199089)
(0.03651581478 -0.129493404 -0.1165192166)
(0.0873053174 0.1690796739 0.1287922773)
(0.364662887 0.002835840198 -0.1138401884)
(0.1604462775 0.2190936034 -0.3174532863)
(-0.1459990131 -0.0869860085 0.06377797448)
(-0.2127369934 -0.1635541262 -0.00659780993)
(-0.3614538216 0.2296436595 -0.1578060332)
(-0.2696143303 -0.2415960234 0.2857082642)
(-0.2296045721 0.08886701146 -0.1096707811)
(-0.5134343358 0.133771939 -0.07397104593)
(-0.1652048709 -0.133000694 -0.06527717355)
(-0.1152584694 0.05076645288 0.08602047178)
(-0.1362900624 0.1614765072 -0.02027328909)
(0.1214528108 0.2182159434 -0.1205380318)
(0.05627972818 -0.3471628146 -0.2633328446)
(0.1786556263 0.1116725214 -0.1198757718)
(-0.2454362253 -0.02933154932 0.1336838501)
(-0.1446748485 0.01804377842 -0.1155489495)
(-0.1252652784 -0.3752608766 0.1592737223)
(-0.09651504102 0.3576507063 0.120566378)
(-0.2587354715 0.07542983638 -0.0024369412)
(-0.2260603391 -0.1508883558 0.02993767377)
(-0.1542984635 0.07322850366 0.04420817373)
(-0.2801531416 0.1820111729 -0.02160497881)
(-0.2658296519 0.07844500685 0.01577714086)
(-0.05726531678 -0.2292706634 0.0655479287)
(0.05187021064 -0.03732432417 -0.1490741425)
(0.2553200807 -0.2765007639 0.2193671613)
(0.3399919236 0.07180621482 -0.08746560207)
(-0.1135925547 -0.002482052496 -0.2200894505)
(0.03574121457 -0.008955150343 0.03011137137)
(-0.1211437985 0.2305139756 -0.120273688)
(-0.1440727022 0.1343919809 -0.1901988925)
(-0.3104040176 -0.1397039183 0.05298291178)
(-0.06351986356 0.4264967923 -0.02577979347)
(-0.1715540938 -0.2302617724 -0.01804441037)
(-0.1906221244 -0.3226915294 0.05826987648)
(-0.1252517373 -0.2730668491 -0.05179200236)
(-0.2022143649 0.2303053966 0.09927952162)
(-0.07881328472 0.003732874173 -0.0540931072)
(0.1228915373 0.241241663 0.189088418)
(0.008332131062 0.07521353826 0.1313015676)
(-0.144743015 -0.0699508353 0.1604597777)
(0.1313099886 -0.1172973777 0.100165572)
(-0.2880173959 -0.1952830584 -0.122578721)
(-0.3096993201 -0.06403988775 -0.08532327351)
(0.09989702845 0.08628951197 -0.09797271102)
(0.1538191221 0.02667649186 0.090703172)
(-0.06713983633 0.165265695 -0.0673699415)
(0.06238751287 -0.3030483081 -0.01413138493)
(0.02552840371 0.1730759525 0.2602444406)
(0.0006793890904 -0.0003487783571 0.2628649305)
(-0.2032412787 0.1083904558 -0.292401995)
(0.06406889658 0.02331997125 0.1023414472)
(0.04854947946 0.1209335144 -0.1629061104)
(0.2196804028 0.3678441656 -0.07249443012)
(0.06028092823 0.02812502173 -0.09795183207)
(-0.06635562844 -0.3148066428 -0.2472494934)
(-0.0197142775 0.1379359061 0.06449890668)
(-0.3666037305 0.109144995 -0.01305184387)
(-0.01908757594 -0.3209550782 -0.06532776259)
(-0.1430312192 0.1239547876 -0.04728807658)
(-0.1089880974 0.034681709 -0.3085324494)
(-0.30314074 -0.1035379154 0.2043632742)
(-0.1769648787 -0.0395268209 -0.07715935079)
(-0.151984828 -0.1979329334 0.1315292367)
(-0.08336816797 -0.4674525749 0.4623085778)
(-0.1272557772 0.0003149458977 0.1031696002)
(-0.08547486246 0.4303777233 -0.1162086226)
(-0.08402493811 0.1401474498 0.1065223437)
(-0.2457863191 -0.1214935376 -0.1378346353)
(-0.07837405004 -0.08207610113 0.2950863451)
(0.1618716111 -0.01982795954 0.0324771258)
(-0.06589616486 -0.0427060113 -0.1057342326)
(-0.08489276805 0.179560814 0.3203843305)
(-0.2508887256 0.1683773638 -0.08120599368)
(0.1385861024 -0.09127909459 -0.06762110041)
(0.2011454385 -0.272527595 -0.155956294)
(0.04481237449 0.3710493078 0.03247033632)
(0.3225198782 -0.009178055038 0.2487662451)
(0.06580084024 -0.1688421506 -0.09881477499)
(-0.09153759494 0.1025417817 0.1890551386)
(-0.4125015762 0.06073632567 -0.09729179482)
(-0.4468008512 -0.0673141682 0.1352379146)
(-0.1319115328 -0.1636688824 0.1727637838)
(0.06637133591 -0.1870409931 -0.2969381994)
(0.1588711164 -0.1106729322 0.1035775789)
(-0.3211062453 -0.02154061441 -0.02275078224)
(-0.1487610998 0.1789313254 -0.08891854102)
(-0.1721535856 0.1935609007 -0.2238586379)
(-0.0866043153 0.3441386582 0.198301143)
(-0.07792661242 0.1213918739 -0.07429666421)
(-0.3747599496 -0.07419407477 -0.221141141)
(-0.1778931627 0.0653375933 0.2071567775)
(-0.1015197598 -0.0524169527 0.08584287732)
(0.03578642942 -0.2338005271 -0.1029972588)
(0.05928376295 -0.005458583957 0.03272297793)
(0.3397218832 -0.2731820829 -0.111409009)
(0.176021764 0.2360375918 0.1239560708)
(-0.09522178815 0.04101601183 0.06608312871)
(-0.2909414671 -0.05726940066 -0.2542031691)
(-0.1794649791 -0.02443595754 -0.1743218217)
(-0.2227812716 0.1844468704 0.1426537765)
(0.005081462167 0.2376728297 0.09208894442)
(-0.1425345394 -0.1362056333 0.01644550248)
(-0.218278316 -0.003571820679 0.1454697817)
(-0.1714708744 0.1369776061 -0.07982755657)
(-0.01349403377 0.1189847282 -0.1048749544)
(-0.07893356961 0.1489747789 0.1121650317)
(-0.2609656936 -0.1426430618 -0.273871482)
(-0.04879701564 -0.07976252597 0.2218383237)
(-0.04458202357 0.05968321921 -0.001814259868)
(-0.1197333164 -0.2718893054 -0.05630127988)
(-0.2019026045 0.3430161809 0.05425647842)
(0.05899735292 -0.2930202797 0.1454302975)
(0.08021983235 0.06029348497 0.1263978533)
(-0.03572805811 0.2163308127 -0.1758542874)
(-0.251770971 0.02987209968 0.1211858633)
(-0.3797026268 -0.2063246928 0.09984673714)
(-0.4924089938 0.04968886967 0.1017011292)
(-0.3771733307 0.136935619 -0.09949058065)
(-0.247049875 -0.0354916381 0.1280699895)
(-0.4439609419 0.1781408832 0.07831129626)
(-0.1800111735 -0.5455950506 0.0376281835)
(0.03811198876 -0.1573690248 0.06326790999)
(-0.03030024689 -0.1585150959 0.1438261758)
(-0.1548051046 0.3852357631 -0.1559873594)
(-0.2258009813 -0.05963199344 -0.04095821997)
(-0.04393124733 0.1199662006 0.174231221)
(-0.08099067148 -0.116709107 0.1721207697)
(0.007191752782 -0.1653600128 0.1229789948)
(0.135076233 0.03106308405 -0.2302340891)
(0.135151861 0.1436537462 -0.2673843022)
(-0.1882946509 0.078239255 0.09811151936)
(-0.03210519009 0.0309808273 0.03938297814)
(0.1336001243 -0.1739499878 -0.05223759646)
(0.1793885848 0.3305593131 -0.2072745957)
(0.07799475048 -0.04168106702 -0.07988753593)
(0.0227778905 -0.1087293812 0.2898286675)
(0.1849291908 0.08582384983 0.1068587683)
(-0.008246469598 0.07160351656 -0.1315762724)
(0.143320175 -0.03598192701 -0.1136372478)
(-0.01472967727 0.3361946956 0.2099790389)
(-0.10169165 0.1329991161 0.08133369684)
(0.02916773922 -0.004196015901 0.02779910304)
(-0.09729003614 -0.07245512519 0.002710035265)
(-0.46073009 -0.08092743326 0.0855910795)
(-0.2647826554 0.1796398043 -0.04619250841)
(-0.1800400641 0.1012941718 0.01642355997)
(-0.4039641776 -0.21770881 -0.1941557343)
(-0.4593587732 -0.04852297885 -0.03149792373)
(-0.2874722915 -0.1571955511 -0.1101224308)
(0.1825605639 0.03224374472 -0.1639677144)
(-0.1965415398 0.482062603 0.1034126231)
(-0.1149845679 0.05761727723 0.04205691424)
(0.05476963519 -0.3723983435 0.01722931144)
(0.01955658122 0.07441369045 0.03860581488)
(0.09516185788 -0.04685945732 -0.03875712916)
(-0.03669466403 -0.1097314173 -0.04779743437)
(-0.260784412 0.1189928128 0.04290061791)
(-0.05488091548 0.3814679197 -0.1523900615)
(-0.2320044192 -0.01893924826 -0.1310706346)
(0.1380397275 -0.2570103473 0.09683701944)
(-0.1237291144 -0.04875800252 -0.006108456589)
(-0.1068976596 0.03788654409 -0.06526196272)
(-0.05722676241 -0.1249571166 0.06246136615)
(-0.02367320641 0.2658344796 -0.1903811124)
(-0.04676969995 -0.2094690771 0.1411522312)
(-0.2226359908 -0.1171545938 0.0738013186)
(-0.1423627575 -0.1500360167 -0.07198413848)
(-0.2608318522 0.09885736784 -0.2573103041)
(-0.267527076 -0.08249626593 0.1238762835)
(-0.06400254339 0.121512959 0.1872415499)
(-0.01362516495 -0.03928840683 -0.03111335565)
(0.2089251171 -0.08187152118 -0.1869483641)
(-0.05489984626 0.08878373876 0.1043566297)
(0.1279226994 0.2121991975 0.004459745583)
(0.01557782761 -0.2398613267 -0.02102720602)
(0.03341712507 0.06219294537 0.1397332565)
(-0.159409412 -0.5037716312 -0.007319036666)
(0.2022525188 0.001856859575 0.01475060357)
(-0.178161734 -0.006817749362 0.0637917945)
(0.2713810244 0.05612184822 0.02875857785)
(0.2018897006 0.3399124367 0.1187911417)
(-0.07095554504 -0.04049597423 -0.3178819703)
(-0.1871560668 0.05782767535 0.004257929511)
(-0.4067801536 0.06469960886 0.03772870708)
(-0.2138759481 0.03377450908 -0.2556761401)
(-0.3976479453 -0.009653195955 -0.1020804214)
(-0.3842552142 0.3024258131 0.2197969329)
(0.07166703568 0.1367432376 -0.0301783627)
(0.09308973073 0.358560679 -0.2468967212)
(0.1114231192 -0.1876191295 0.0629596854)
(0.3853758163 -0.0407565776 0.1821054826)
(0.2058362547 -0.05757397498 0.293387122)
(-0.08025181984 -0.03722091523 -0.01166837614)
(0.1230085511 -0.06314251345 0.07311190985)
(-0.0222165276 -0.1628586351 -0.1174130422)
(0.1204836335 -0.1416655766 -0.02798592274)
(-0.1206022009 0.1159136946 -0.2337846768)
(-0.08313759468 0.04220396211 -0.1078253903)
(-0.1630123294 -0.1038850151 0.3071742884)
(-0.2261526759 0.1562573973 0.0186575098)
(-0.2080313518 0.2445885909 -0.04669722155)
(-0.2762539053 0.1830096418 0.1051534911)
(-0.2685393385 0.04834639048 0.149826318)
(-0.1808939743 0.1653336592 -0.08393295129)
(-0.01827863489 -0.0674070885 0.04737277164)
(-0.06042829229 -0.01648751724 -0.01798477859)
(0.08774487178 -0.07958327151 -0.05291632478)
(0.08796856121 -0.05177572441 -0.1416532014)
(0.05053748242 0.1001949617 0.05321630328)
(-0.2539664108 0.07736655304 -0.09787789731)
(-0.1781899924 0.08739485602 0.09737116558)
(0.06730393368 -0.09951511202 0.1375386)
(-0.2354270821 0.169575675 0.03928521822)
(-0.2194130377 -0.009729161164 0.1402738772)
(-0.4169301973 -0.1635754392 0.008672882976)
(-0.3634805644 -0.2658307532 0.2394055375)
(-0.5163577721 -0.1006158581 -0.00628587539)
(-0.03112235111 0.2489456545 -0.1872343743)
(0.1252184822 -0.2880662699 0.2097137453)
(0.1558518115 0.1115244156 -0.1755289252)
(-0.04220198541 0.2761881459 -0.1394895813)
(-0.02869018353 -0.1040814003 -0.1622617193)
(-0.06722478892 -0.08191022798 -0.1041736731)
(-0.2376117171 -0.2402847487 -0.009579498135)
(-0.2139553045 -0.3437633536 0.1921515644)
(-0.3163243094 0.147735706 0.1524309619)
(-0.1881217738 -0.02133983092 0.07411825686)
(-0.349290099 0.06559918589 -0.1463907438)
(-0.2762788418 0.1257731731 0.09498540205)
(-0.07342109179 0.040288395 -0.1214396263)
(-0.006738646372 0.0682076389 0.06647929875)
(-0.06701088181 0.18300782 0.07892789922)
(-0.1060367661 -0.1802867022 -0.08257912241)
(-0.28044109 -0.03844907891 0.2435055443)
(-0.6004492832 0.1164187707 -0.0783678101)
(-0.2740965933 0.01262017257 -0.03302166532)
(-0.2527213234 -0.2241567392 -0.07904360418)
(0.03806633056 -0.01010279269 -0.1009721086)
(0.2227142897 0.2842891825 -0.1218403631)
(0.1598274637 0.1175415302 -0.1385558722)
(-0.09296803305 0.01700662364 0.07826216471)
(-0.1970210696 -0.06797524198 -0.1509477597)
(-0.3242404469 -0.06048740373 -0.02722048765)
(-0.07224991248 -0.1213605928 0.2682205265)
(-0.08105373614 0.1686075139 -0.1777511073)
(-0.03632838594 -0.03879362215 0.1097122979)
(-0.1369316233 -0.4279352726 0.03972353631)
(-0.005158373307 0.1379175069 -0.0119403519)
(-0.1316527947 0.1886620733 0.04118449388)
(-0.1362830352 0.08107425637 -0.07749689519)
(-0.3116204832 0.06560297045 0.188374944)
(-0.2024857798 -0.1197896933 -0.03345321751)
(-0.05684915373 -0.001545447359 -0.1115785191)
(0.2928879711 -0.1148227871 -0.1250300043)
(0.199878539 -0.1081220707 0.2120220852)
(0.04513867292 0.1671604359 0.04272803002)
(0.3196596789 0.1569269395 0.0669246219)
(0.1724270306 0.03539577129 0.1767555089)
(-0.3524320386 0.04568431642 -0.02302504509)
(-0.2515629851 -0.002489913033 0.1960475114)
(-0.02228059331 0.1138241286 0.1143826851)
(-0.01927172638 -0.1171962947 -0.04943345491)
(0.2534777414 -0.2260263507 -0.09635842635)
(-0.03414680232 0.005950687852 -0.08796094972)
(-0.2672155705 0.1365807729 -0.03589506134)
(-0.05784861101 -0.01670956985 0.1015357728)
(-0.315342321 0.2101454826 -0.2313906312)
(-0.08730069897 -0.08441989385 -0.1160246096)
(-0.02321722172 -0.2074566307 -0.0290541056)
(-0.1496404677 0.06814060041 -0.1019642018)
(-0.142150358 0.01724202469 0.1218515793)
(-0.1162794751 0.3332038315 0.02044124906)
(0.1276541457 -0.1444072989 0.01534591325)
(0.2064896088 -0.10706116 -0.2672378028)
(-0.2255807388 -0.3110568801 -0.09425398209)
(-0.008727455025 0.1019116502 -0.08849506063)
(0.209866189 0.08053611081 0.1429904599)
(-0.1181526728 0.2513223852 -0.06173943621)
(-0.2451773174 -0.003855209035 0.05350981733)
(-0.1988425463 0.2958363116 0.009055816859)
(-0.0797995063 -0.3101774078 -0.04018700615)
(-0.2020105899 -0.06251175572 -0.1120382568)
(-0.3012926752 -0.2576231166 -0.02991808031)
(-0.2893585746 0.127738059 -0.04763154981)
(-0.4411385033 0.4074874515 -0.03463855041)
(-0.2993643925 -0.348406334 0.10297239)
(0.01270132877 0.08968127147 0.167843029)
(0.1204636999 0.1587504215 -0.175847336)
(0.2363615785 0.07202432436 -0.08233053967)
(0.2932319067 0.2816528458 0.1028241414)
(0.215837889 -0.159878727 -0.157467749)
(-0.03791872424 -0.1067315326 -0.2741044191)
(0.1814146121 -0.05720554597 0.08718259587)
(0.2367501724 -0.3021349101 -0.1265981451)
(-0.1991771609 -0.3658524071 0.2846413208)
(-0.05837339923 0.2331094756 0.03413813801)
(0.07143325125 0.3358639766 -0.07373464024)
(-0.09047542099 0.01250237516 0.05406028563)
(-0.183748428 -0.1246011091 0.01585404891)
(-0.1455176146 0.09091316426 -0.06008025571)
(0.006746964822 0.1275380174 0.01864362361)
(0.05935792943 0.1385508356 -0.0371781371)
(-0.03748224921 -0.1693625766 -0.216383751)
(0.0143614082 -0.3133971782 0.08373540621)
(0.06048180369 0.1179494193 -0.2278413809)
(0.04544233136 0.2926989392 -0.2161820196)
(0.02111421316 0.002380397033 -0.101904135)
(-0.1897422041 -0.3087844717 -0.0008289678057)
(-0.01327369758 0.01101731052 0.2619796656)
(-0.1667687174 0.07597585659 -0.09342204159)
(0.0238890193 -0.1247943117 -0.2144393296)
(-0.06343967219 -0.2253057348 0.0601308725)
(-0.1196536499 0.200887722 0.154615017)
(-0.03238789316 0.1132811555 0.0677861001)
(-0.01076717781 0.09622245636 0.1048295742)
(-0.1895096214 -0.009667054069 0.1123937525)
(-0.2100367257 0.1661756286 0.02755814462)
(-0.2130804377 -0.1871440419 -0.1506010098)
(-0.3172344238 0.1209264926 0.05095764935)
(0.1071386167 -0.08290942334 -0.2297524099)
(-0.001246967091 -0.4148037967 0.09955266214)
(0.09716307252 -0.2402897638 0.2780346624)
(-0.2058208468 0.2939489972 -0.1383022285)
(-0.1621903181 0.2165872293 0.1315294554)
(-0.0763847757 0.127945735 -0.1184445948)
(-0.3078985506 0.059859824 -0.02554574254)
(-0.1811339227 -0.2845820311 0.01082945322)
(-0.3846718796 -0.088121383 -0.1903527998)
(-0.6045326388 0.004170003975 0.1016595859)
(-0.6600180359 0.09535781518 0.2237062717)
(-0.4437708374 -0.03933755298 -0.1776634824)
(-0.3130527378 -0.09512792801 -0.007677377057)
(-0.1179139279 -0.1546431702 0.07089645623)
(-0.2242505224 0.2273549993 -0.05918247128)
(-0.1331404714 -0.3686726164 -0.04393590964)
(0.2309778911 0.01580512947 0.05381937486)
(-0.03886403373 0.1196441117 -0.0104321454)
(0.05112862382 0.1961359212 -0.03175885865)
(-0.2126546613 -0.1688550889 0.01548981072)
(0.02194609592 0.4383996012 -0.002748623796)
(-0.06645826323 -0.05240788341 0.03698070292)
(-0.3546989645 -0.07266377152 0.01947461451)
(-0.205453769 0.4229417682 -0.2258683699)
(-0.2519117949 -0.07023031456 -0.01069805928)
(-0.0534035997 -0.1195575639 -0.0131389898)
(0.09250341076 0.05791133975 0.02102336332)
(-0.03694101264 -0.07568153871 0.1952184824)
(0.1294994558 0.03769025522 0.2074577589)
(0.0283669117 -0.2146166664 0.09098743135)
(-0.1357667275 -0.1940151778 -0.3264781227)
(-0.01297930033 0.09658869807 -0.1419308223)
(0.3627539638 -0.1312831845 0.1844555382)
(0.1479263489 -0.1214993767 -0.02860306782)
(0.1517794845 -0.1642586062 -0.1082252599)
(0.06811846295 0.00295742748 0.03181704415)
(0.0321068256 0.155890496 -0.2192629064)
(0.1595022589 0.1343574372 -0.06897049267)
(0.01371718245 0.1649007238 -0.02332428795)
(0.3138767392 0.02052240501 -0.09390832908)
(-0.1852684452 -0.1397030258 -0.04090153109)
(0.09981596676 0.2236331942 0.01984930898)
(-0.1034889458 -0.1242889952 -0.04142876842)
(-0.002780546284 -0.2815434835 -0.006292331421)
(-0.06104554292 -0.05144057078 0.02368705866)
(0.01227151381 0.01463772153 0.1148683954)
(0.007913721033 0.1104030691 0.05195158585)
(-0.0881678506 -0.2526688785 0.01254888745)
(0.03485477555 -0.0100798414 -0.2034998355)
(-0.02816665088 0.1034314431 -0.08494231873)
(0.01490198411 -0.09008380273 0.02624250098)
(0.09875821987 0.01259192789 -0.161326291)
(-0.221055604 0.1166350939 0.2595025114)
(0.08816118208 0.2248421233 -0.2024696472)
(-0.2391791687 0.1960520246 -0.132904548)
(-0.2632670231 -0.169637076 0.1254349232)
(0.007030844929 -0.2133762851 -0.1651826263)
(-0.330826291 -0.1236968229 -0.2661267323)
(-0.1774395337 -0.2254017975 0.08084296382)
(-0.1495813954 0.1628803226 0.01455546)
(-0.415322906 -0.1304126841 0.01556603705)
(-0.2721970436 0.1874611805 -0.1868236411)
(-0.2370615941 0.3429457734 0.1328945808)
(-0.3204440522 -0.05485820634 0.1086190123)
(-0.2901415506 -0.013943612 0.2080740919)
(-0.0458449377 -0.08628277322 0.2492701732)
(-0.2123742361 0.1857315685 0.05057318669)
(-0.290835854 0.1550352981 0.06825740573)
(-0.1470645853 -0.3316201496 -0.02967853276)
(0.1088595687 0.02167033202 0.1182648809)
(-0.05316745321 -0.1461677196 0.04218072128)
(-0.0694456964 -0.2018504738 -0.11362687)
(-0.2516225344 -0.1765855813 -0.0807631871)
(0.01196046576 0.06822365939 -0.0986768639)
(-0.1460757316 0.1589602158 -0.09406173839)
(-0.3212224202 -0.02883224934 0.1833538698)
(-0.4304029103 -0.0467559334 -0.0991193478)
(-0.2767836656 -0.181362649 0.05542635254)
(-0.140701498 0.1582641712 0.06541963598)
(-0.3729838467 0.04563997896 -0.06542434399)
(-0.2461384414 0.01708707187 0.3531512642)
(-0.008586721574 -0.06934547794 -0.2818152299)
(0.1628134378 0.04529260557 0.02703709566)
(-0.09044719584 0.02470121017 -0.08337775855)
(-0.0566392079 -0.04313207213 0.01565807782)
(-0.2162344972 -0.009350818136 -0.190527285)
(-0.01685871843 -0.04899394695 -0.04839415256)
(-0.0003864533661 -0.3280249108 -0.005973652468)
(0.1220479715 -0.0223731442 0.01045727055)
(-0.07972074653 0.3115619757 0.05157645442)
(-0.127762797 0.04900910482 0.1033957965)
(-0.2422803935 -0.1458855397 0.09736433879)
(-0.07961057548 -0.02629292088 0.04614099577)
(-0.01070037938 0.0394173781 -0.07382316803)
(0.1807474087 0.2695209893 -0.2965441463)
(-0.0521877986 -0.05189692718 -0.1134501488)
(-0.0310450557 0.0410978424 0.1080737523)
(0.04183722924 -0.2775284834 -0.03596493421)
(0.2633346792 -0.1871481256 -0.1488137904)
(0.02102757663 -0.0828028388 -0.1299435905)
(0.02506139362 0.109157248 0.06402793674)
(0.1712136005 0.4352200987 0.005927544927)
(0.2272534374 -0.2315012473 0.0171388273)
(0.1769481352 0.06475631585 0.2531199912)
(0.1581639107 -0.2647136541 -0.1232010512)
(-0.1751074744 -0.1728480835 -0.001893551934)
(0.0403436004 0.1225797448 0.07363905572)
(-0.1574177657 0.05725956171 0.02972419546)
(-0.07550387211 -0.004288882301 -0.2442097308)
(-0.218193214 0.2053905218 0.07319981926)
(-0.2441604852 -0.08739674172 0.1848805681)
(-0.1110768812 0.1542197463 -0.1514672394)
(0.04969752312 0.173373939 -0.06533733692)
(-0.06696426052 -0.1632755936 0.2110313436)
(-0.01442221896 0.1431440025 -0.09663430378)
(0.1290156419 -0.2429828279 -0.03074651932)
(-0.1873825564 0.02204156662 -0.02186279285)
(-0.1830115474 -0.4153079427 0.05066267393)
(-0.393106796 0.1139260714 0.0303681462)
(0.005610491808 0.08982440777 -0.05833926522)
(-0.107861143 0.09424529848 -0.04543287309)
(-0.01163362504 0.1139246984 0.1862559238)
(-0.04506127194 0.2457249688 0.08969984469)
(0.03801324487 -0.4051078952 -0.167445309)
(-0.2725340284 -0.02748446087 -0.03921454403)
(-0.3644557796 0.1312933325 0.004984756517)
(-0.2007459443 0.04301805318 -0.08195607982)
(-0.2701982983 -0.3060486753 0.01756353815)
(-0.4181126689 0.04057731537 0.06309279207)
(0.1152092277 -0.1936832443 0.1519632231)
(-0.1280679277 0.4456837254 -0.1996372385)
(-0.01461233589 -0.1345092761 0.1444570786)
(-0.198142933 -0.08401606709 -0.1493880205)
(0.09624888622 -0.4190324693 -0.02090679274)
(0.1109667022 0.2081353954 -0.02455725754)
(-2.740825155e-05 -0.1012917472 0.03976909175)
(0.0006017374337 -0.1034968603 0.0425531408)
(-0.2340507992 0.1177596808 0.0960357964)
(-0.1241776768 0.1846712955 -0.3019800111)
(-0.02180443635 0.07679615102 0.07283018543)
(0.1442582587 -0.08215956037 -0.1677633779)
(-0.026118465 0.05994432468 0.2151011907)
(-0.02250489219 -0.3032198575 -0.04833084611)
(-0.4363939197 -0.3214906663 0.09634065424)
(-0.2779708242 0.183943559 -0.2275903162)
(-0.4425692031 0.02542205785 -0.07306839846)
(-0.1806316687 0.05473061755 0.07057615883)
(-0.1432884384 0.1244353402 0.02386546907)
(-0.07710519438 -0.2886262989 0.1704957663)
(-0.3822803718 -0.09493058718 -0.1642091264)
(-0.408585355 0.1662882973 -0.03451596012)
(-0.2258450843 -0.01586657451 -0.02038165171)
(0.1649113691 -0.06800070114 -0.0213977061)
(-0.09474227083 -0.1361005165 -0.09642562206)
(-0.1073863981 -0.003842243404 0.1626454116)
(-0.1097238748 0.2061026806 0.1025666834)
(-0.2238454814 -0.02221561371 0.2220900663)
(-0.443111704 0.3168072975 -0.2648835434)
(-0.4692376483 0.2727805162 0.07117692526)
(-0.234891022 -0.2064085635 -0.005478977214)
(0.1745854678 0.1587190711 0.01320840842)
(-0.03908626877 -0.2484026715 0.1576681626)
(-0.02806884089 0.07138124357 0.1173454759)
(-0.2802909121 -0.4558878727 -0.1066059767)
(-0.2761563315 0.2523230812 0.04940176561)
(-0.2041269575 0.3957762935 -0.05110259048)
(-0.2931287135 -0.5191023281 -0.08805224084)
(-0.3197871196 -0.1272208332 0.07790432951)
(-0.1678227489 0.07440364227 -0.04618492722)
(-0.1393244619 0.09313285827 0.07971789978)
(0.05926621742 0.1533113472 -0.02527580617)
(0.08608410304 0.04137690932 0.1808104678)
(0.2228500602 0.1370574943 0.01709122485)
(-0.2356881682 -0.1835768306 -0.04443085373)
(-0.2691526379 -0.0869319981 0.01841384239)
(-0.2543709073 -0.2721279927 -0.06995054274)
(-0.2508052651 0.2384497103 0.02581776139)
(-0.03341285499 -0.02275390459 0.01738992972)
(-0.07227572633 0.3380462539 -0.2987862155)
(-0.1565988172 0.122107491 0.06448598329)
(0.01565846732 -0.03299129705 0.2313015474)
(-0.05593935525 -0.00239273451 0.09609252316)
(-0.2272553953 0.04295757999 -0.1153565635)
(0.0005936307141 -0.0792343625 -0.1005917677)
(-0.1702519801 -0.1253886571 0.1100348713)
(0.09650508159 -0.1493515383 0.08468815104)
(-0.09770831522 0.1286728225 0.04325713672)
(0.1489985059 -0.02650551753 -0.2092780023)
(-0.05660596908 0.04732829302 0.0644207469)
(-0.2522350567 -0.06123301428 0.07922798451)
(-0.1371305056 -0.01178146661 0.1069039027)
(-0.1032426913 -0.07675026584 -0.06620007215)
(-0.4637457523 0.03720980717 0.1690582281)
(-0.6559970361 0.09125317671 0.1082377072)
(-0.4319226128 -0.1898145313 -0.1910086556)
(0.09275083254 0.04982789835 0.1615181972)
(0.256233032 0.1215239871 -0.09400207907)
(0.1420344294 0.1028019257 -0.2431368571)
(-0.2464446697 0.08150551155 0.02986044505)
(-0.1169691185 -0.2770910266 -0.01573542074)
(-0.2148937926 0.04795305615 -0.04300325463)
(-0.04255643938 -0.4173051138 -0.0657127644)
(-0.3462428554 -0.2867931448 -0.06979932561)
(-0.08468277182 0.3895562157 -0.1059470551)
(-0.1330594807 0.3318793434 0.1131838389)
(-0.005237102852 0.1131790162 -0.004455950692)
(-0.07526018435 -0.04094911402 0.1751667741)
(-0.2275802431 -0.05936699761 -0.07644650414)
(-0.3032737741 0.09645306377 -0.05721668461)
(-0.2548839133 -0.1301736191 0.05695661433)
(0.03209883664 0.1002032063 0.1380978164)
(0.1012170168 -0.1734946677 -0.09854700514)
(0.006034066377 -0.06560398465 -0.1125385092)
(-0.356484965 -0.05431522496 0.2011546787)
(0.07364656523 0.01677073331 0.03716074852)
(-0.0498593505 -0.2653188895 -0.1871082775)
(-0.1968597347 -0.05210459358 -0.1366517874)
(-0.1293895862 0.1750811979 0.0005438639811)
(-0.04750095523 0.0830609738 -0.07078517355)
(-0.3370776072 0.2376412799 0.1639175385)
(-0.01212545157 0.1372284636 -0.05464602917)
(-0.08364894473 -0.1045320652 0.0551877916)
(0.1325171622 0.1941547505 0.03930830414)
(-0.251687998 0.2071983697 -0.07234350213)
(0.07664427934 -0.2387920238 0.05475131931)
(-0.2219011993 -0.01621899756 0.09965004376)
(-0.01362445337 0.1124599616 -0.07119818286)
(-0.1941622447 -0.05417996003 -0.04433058081)
(-0.1334982436 -0.1351730184 -0.153215553)
(-0.1543949939 -0.1255562829 0.01245602639)
(-0.2733321544 -0.02151798912 0.2340774066)
(-0.009472295507 -0.3496739588 0.08206879623)
(-0.1617174251 -0.08514186045 -0.09000711625)
(0.09699146419 0.1208631114 -0.06510807705)
(-0.04572798087 0.009088641524 0.06299776401)
(-0.3346483558 -0.05404666844 -0.008740237547)
(-0.3663878756 0.3232361033 0.1162529773)
(-0.1252764261 0.06545871517 0.1350342044)
(0.01599060803 0.2264898145 0.09294148276)
(-0.09436140418 -0.09192961549 -0.08637320009)
(-0.01582797322 -0.2704253155 0.03578271967)
(-0.04258495643 0.2283259268 0.3250036495)
(-0.03000668707 -0.01463587936 0.1786634813)
(0.09121888127 -0.06294622952 0.1345059818)
(-0.2204624421 -0.2468106063 -0.06057627765)
(-0.1188513257 -0.02785619686 0.1049030884)
(-0.04434180046 0.240879884 0.09887648429)
(-0.1624858156 -0.01614012533 0.3103765694)
(0.02781577068 -0.2002608899 0.05394451192)
(0.03711431644 0.1840398445 -0.1133009701)
(-0.1905993634 -0.08476372317 0.1228292205)
(0.00763670306 -0.01918065343 -0.138288814)
(-0.1204397948 0.01743784623 -0.08597064006)
(-0.2067001926 0.152588144 -0.1297464283)
(-0.04713022839 0.01073499678 -0.1929637981)
(0.02115549619 0.1022699228 -0.0009283088625)
(-0.1047089423 -0.145274728 -0.05332255449)
(-0.1942803224 -0.02661147481 0.04200918903)
(-0.2799557307 -0.3930851515 -0.03817797425)
(-0.4245426568 0.1409585141 -0.04689723844)
(-0.3911340565 -0.06829280874 -0.04160092158)
(-0.1636785826 0.0446440477 0.05735897293)
(0.0727960397 0.1031779186 -0.08438253414)
(0.2170299697 -0.05226475508 -0.08289222622)
(0.00841393831 -0.02913373064 0.2177663466)
(-0.236239148 -0.03583468646 -0.2172106131)
(0.01922128422 0.04724023705 0.1784122338)
(0.3324574198 0.001371285126 0.178781128)
(0.1010314981 -0.02401831652 -0.0299326507)
(0.03922884564 0.1011927547 0.1249085029)
(0.04978675761 -0.02564292839 -0.01538546423)
(-0.1942732848 -0.2326800866 -0.02210097962)
(-0.2953132994 -0.05680219166 -0.03998484397)
(-0.1708644067 0.1516541909 -0.03335435509)
(-0.2275740451 0.124836879 0.02540698361)
(-0.09129213451 -0.01781780225 -0.008796139733)
(-0.07641594907 -0.02050514115 -0.005321736139)
(-0.1686877836 0.03871082151 0.03202333068)
(-0.3384522846 -0.1363469599 -0.08030525872)
(-0.1445021666 0.1193401763 0.1540987939)
(-0.03360195858 0.143112008 -0.07080240933)
(-0.1822815838 -0.01805264999 0.02193068457)
(-0.1272707303 0.1741358421 0.09194522097)
(-0.08034964892 0.01709998476 -0.09902898905)
(0.04450497434 0.1414879152 0.3073027302)
(-0.008797875802 -0.1234650841 0.2067188344)
(-0.100649349 -0.01210482196 0.1526585927)
(-0.09755980049 -0.1168073277 -0.1825402647)
(-0.549574998 0.08616717862 -0.1075542837)
(-0.05722267752 0.07214957461 -0.1287341554)
(-0.08885022469 0.1310119578 -0.05474784952)
(0.1716382814 -0.002781953262 -0.09610577643)
(-0.09113002045 -0.1677909607 -0.1885325419)
(-0.0515168855 -0.05145370865 -0.03336814058)
(-0.05844777562 -0.1019837281 0.07091718022)
(0.0919666788 0.05778683154 -0.02882371342)
(-0.04468029489 -0.1500173857 -0.1251138556)
(-0.2052679546 -0.09650978688 0.07850526772)
(-0.3709023062 0.1095703456 -0.07698886644)
(-0.4152637296 0.004371475612 0.04253212222)
(-0.3365673707 -0.04356917857 0.1759113361)
(-0.1932807936 0.1010388075 0.05525385977)
(-0.1645253432 0.1112252252 -0.2263885668)
(-0.2761462622 0.02118798224 0.1036212968)
(-0.2350909253 -0.1043837407 0.2157393386)
(-0.3338620867 0.1576946424 -0.07401630971)
(-0.4785052098 -0.1006858782 0.009597945469)
(-0.2288288312 0.05087850919 0.02326477349)
(-0.2385406036 -0.03154231012 0.1430362458)
(-0.04383378691 0.1936564682 0.03415266362)
(-0.01939830174 -0.01546074281 0.1792187094)
(-0.1686397728 -0.0007949584052 0.05629984316)
(-0.0603173831 -0.2041792547 0.08668013143)
(0.06903905466 0.1114595163 0.02136069717)
(-0.1154128521 0.04330110913 0.09516728727)
(-0.04720475431 -0.05095199871 -0.06671756647)
(0.01370084626 0.1641029333 0.07021867903)
(-0.1815202283 -0.1259086507 0.05578856734)
(-0.1316985413 -0.0911227589 0.03716751989)
(-0.344703334 -0.01569121013 -0.1454529248)
(-0.2673616087 -0.02819931996 -0.06307341989)
(-0.1438289752 0.09869981049 -0.09134683404)
(0.01770712188 0.1327805793 -0.03060195097)
(-0.1479034401 -0.1674040502 -0.1309057613)
(-0.1964444159 -0.05203107376 -0.1282206805)
(0.1188892925 0.1636901128 -0.1118271592)
(-0.04092626241 -0.1612153087 -0.205279549)
(-0.1240152241 -0.06134842139 0.2177553352)
(-0.07374032761 -0.1331657176 0.06911152577)
(-0.5411653396 0.05620753893 -0.01809120721)
(-0.1046298699 0.2788309565 -0.04417838322)
(0.1736606959 0.00678665837 0.08000925279)
(-0.1021370573 -0.0451408695 -0.03536837914)
(-0.275342701 -0.1762399812 0.03138275941)
(-0.5657411195 -0.01802863079 -0.04047486726)
(-0.3420724863 0.1149014127 0.1065028236)
(-0.4164721035 -0.06892470447 -0.1497468081)
(-0.2340096253 0.2722105428 0.1643023187)
(-0.1372774202 0.1869790773 -0.08920310401)
(0.02262915619 -0.1302638355 0.2390743224)
(-0.1667136384 -0.1868563964 -0.06781969581)
(-0.003026430109 0.1382635955 -0.06724995489)
(-0.08938112398 -0.01990006677 -0.11323422)
(-0.1968020705 -0.01166682358 0.04803215929)
(-0.2711298275 -0.04575646102 -0.05153297347)
(-0.1277547079 -0.1008819915 0.2201202739)
(-0.1932215579 0.2686324341 0.006844619691)
(-0.1013299536 0.03855934984 -0.2921741212)
(-0.03554702856 -0.01466599292 -0.1477115788)
(-0.09892333296 -0.005096046337 0.1745751741)
(-0.03653031996 -0.08172741894 0.1260420344)
(-0.1168151861 -0.3558700955 -0.07272336365)
(-0.3892705154 0.006729103647 0.05005261987)
(-0.217099459 0.1512397188 0.04076829158)
(-0.2970241905 -0.2241352217 -0.0435324877)
(-0.4304732317 0.113760722 -0.02251556975)
(-0.2024021307 -0.04069416157 0.1072788391)
(-0.0805974749 0.3451726909 0.01330144831)
(0.2989150581 0.03343128775 -0.06072498113)
(0.04679085518 -0.07020098832 -0.06148281159)
(0.04071405765 0.06260991874 -0.06953269817)
(0.03114263389 -0.1514635123 0.1605865573)
(0.04757030407 -0.1341885404 -0.07909058735)
(-0.2849821417 0.07476147768 0.09566863043)
(-0.3239508178 0.1604633992 -0.1225114806)
(0.1261777206 0.07204686662 -0.007370884641)
(0.1021451059 -0.1206940602 0.2324092362)
(-0.2320845336 0.1257479506 -0.02092935828)
(-0.2653438785 -0.3658248805 -0.01830921373)
(-0.3404368961 0.05456571722 0.1190439925)
(-0.2009566147 0.001084730247 0.1009672449)
(-0.269161558 -0.1297465937 -0.0399233044)
(-0.342831523 0.3056707654 -0.127498333)
(-0.1029362756 -0.03575265037 -0.03118581854)
(-0.2769430827 -0.2123497809 0.08115321067)
(-0.5404527277 0.03808815166 0.07484742131)
(-0.5153105835 -0.1314844678 -0.01125999451)
(-0.3573649083 0.2069279922 -0.004327281778)
(-0.1908969293 0.1747226243 0.03214560238)
(-0.0494887668 0.02566012063 -0.07240211536)
(-0.1759308139 -0.07445504281 -0.03757625697)
(-0.1856469718 0.1174858018 -0.02788727662)
(0.008815126502 -0.08122428674 0.1190276119)
(-0.1321504826 0.05821258637 -0.157423801)
(-0.1815965709 -0.11991426 -0.3069582104)
(-0.2160356687 0.1183227237 0.1064185352)
(-0.04758411046 0.005716260266 0.03449335216)
(-0.1553645314 0.1046095517 -0.08324049812)
(0.06147591184 -0.04415735429 0.1556998716)
(-0.1901559567 0.08148089074 0.1356096916)
(-0.07887812877 0.1246403529 -0.07347581878)
(-0.1377805769 -0.05049549896 0.1913407913)
(0.02696300627 0.1406798564 -0.119976328)
(0.183649979 0.073080623 0.2532708396)
(0.07681658496 0.03554648456 -0.1105813435)
(-0.1965072622 -0.1725747417 -0.1801197102)
(-0.2754902629 0.09680175101 0.04094304984)
(0.008992405756 0.3668312943 -0.02286582885)
(0.1969311013 -0.15586437 0.09361678538)
(0.2197559338 0.0775905133 0.1671086575)
(0.0506851889 0.01787118722 -0.0181681119)
(-0.3606216787 -0.1300096653 0.07617096026)
(-0.4804069274 -0.1061940957 0.01864159845)
(-0.4696281466 0.1378587221 -0.1253736539)
(-0.2938949047 0.08271019968 -0.08325314168)
(-0.2817521817 0.1435663754 0.02181003037)
(-0.009921597917 0.02055990954 -0.07864716274)
(-0.0395715124 -0.2893499927 0.224544542)
(-0.09098685313 0.04080276302 -0.3638966075)
(-0.07588130547 -0.1741117541 0.238525235)
(-0.06601200091 -0.09469425248 -0.0900502241)
(-0.09922559705 0.1232019319 0.217707976)
(-0.3952525195 0.08969895226 0.1487805788)
(-0.2677248431 -0.02339985652 -0.1045624606)
(-0.2947648393 -0.1106035814 0.0242700377)
(-0.5704651357 0.0258430579 0.1249368583)
(-0.5831610903 -0.1553283204 0.2953137358)
(-0.4431905178 0.3024887984 0.0112690192)
(-0.2852135961 -0.01060363319 0.01409627656)
(-0.2585538396 0.2084855994 0.03036064354)
(-0.105618773 0.1458244605 -0.1112588041)
(-0.04063381232 -0.177906044 -0.1064817464)
(-0.1451810183 0.1448497368 -0.02097222527)
(0.2828192332 -0.208870837 0.1117293087)
(0.07373997592 -0.03338388369 0.0552828101)
(0.1125785541 -0.01792834087 -0.2254009205)
(0.05158801849 0.06978601854 0.05246628818)
(0.08512847868 -0.107353093 0.2040278423)
(-0.02575396595 0.3116188677 -0.0459027952)
(0.03121552798 -0.3085859443 0.003295376161)
(-0.1201209577 -0.1680098593 0.02335473213)
(-0.1730302019 0.02847373007 0.2062206028)
(-0.3135646228 -0.1750110172 -0.1052846183)
(-0.5493270313 0.1347250827 -0.01495541932)
(-0.4145695167 0.2756862705 0.1038578043)
(-0.3406128115 -0.03088109543 -0.05286463603)
(-0.1852226884 0.1589298871 0.1428743743)
(0.05870779982 -0.1062033025 0.1685381639)
(-0.0852528018 0.02784563698 -0.0974133143)
(0.07748871614 -0.01890581003 -0.05743838419)
(-0.07334854046 0.2103489251 0.07194680475)
(-0.08687667828 0.009726467419 -0.2859578973)
(-0.187408243 -0.04277041082 -0.08844350037)
(-0.2122515459 0.05768727147 -0.02507647846)
(0.1010103151 0.04200015274 -0.0003464936192)
(-0.3255653793 -0.1384072111 -0.1260506456)
(-0.2237064803 0.1486069889 -0.001645232056)
(0.002334851498 -0.1965805787 0.0452752191)
(-0.4148977038 -0.1013298343 0.1829936326)
(-0.4119785044 0.1441699 0.04753771969)
(-0.1876593187 0.08274487159 -0.2114628426)
(-0.247513716 -0.05252223332 0.1329513817)
(-0.1736111589 0.02108174387 0.1655064)
(-0.1822018921 0.06495719086 0.02485774315)
(-0.08490960075 0.02741015157 0.130642392)
(0.04336235011 0.006281298024 -0.0398834113)
(-0.005772712677 -0.2102303092 -0.1587251369)
(-0.03028607183 -0.01012880817 -0.03869771269)
(-0.1803992852 -0.1724128042 -0.08557226739)
)
;

boundaryField
{
    bottom
    {
        type            calculated;
        value           nonuniform List<vector> 
200
(
(0.1456756381 0.1337908063 0.05625542843)
(-0.05792625611 0.04788058936 -0.004912680253)
(-0.1632440498 0.04138027551 0.1526327181)
(-0.009011849199 -0.09871747069 -0.1982933168)
(-0.1421126104 -0.172084628 0.2093608675)
(0.1612499585 -0.13088949 0.08655151493)
(0.1174323745 0.140008604 0.008201716195)
(-0.1216112244 0.07016747784 0.3065644965)
(-0.00778939377 -0.08150136645 -0.1521264247)
(-0.3410248889 0.03518268959 0.09047295194)
(-0.4103869807 0.1114968144 -0.0876944997)
(-0.3981752052 -0.1395384613 0.0890294406)
(-0.3997222504 -0.2325710643 -0.08606903573)
(-0.06201183612 -0.02340276863 0.06272369787)
(-0.08065198524 -0.01436910515 -0.04350926753)
(-0.07649976808 0.1277147088 -0.08814716936)
(-0.008585487599 0.007610368744 0.1679787481)
(0.1851562055 -0.2272561048 -0.214800564)
(0.07428359801 0.1710393701 0.09201534004)
(0.05135576202 -0.138827091 -0.002468533469)
(0.1266459815 0.2482931589 0.06094998056)
(-0.2083063234 0.085228125 -0.05533922075)
(-0.1611415664 -0.3509786584 0.02402102315)
(-0.04608902763 0.05369933023 0.2207851648)
(0.04203217865 -0.1398890504 -0.02372854989)
(0.1010977352 -0.07573791463 -0.09108655582)
(0.02985933749 -0.08563024059 -0.1229186136)
(0.1114972925 0.01449639822 0.03658419252)
(0.05474724551 0.03666131287 -0.03085408868)
(0.04273500605 0.0563699427 0.2215958325)
(-0.249387681 0.01557380349 -0.05835844365)
(0.00377741407 0.02214952098 0.1570053938)
(-0.4589925837 0.2152452338 -0.02139743937)
(-0.3724188085 -0.3232408337 0.08303794965)
(-0.2399086925 -0.0775055981 0.01588795564)
(-0.1126300334 -0.03208241537 0.2901050831)
(-0.1691407117 0.01371245748 -0.1821664942)
(0.09852301238 -0.05668761434 -0.1762670455)
(0.01571344105 0.02876268699 0.08721720634)
(-0.00326860159 0.1466385596 -0.03597992946)
(-0.06190967993 -0.02023291556 -0.1331195972)
(-0.006533187706 0.1718065291 0.05866677463)
(-0.2856635394 0.08600022393 -0.1241352325)
(-0.2628028892 -0.004871518883 -0.0006300161321)
(-0.2633063696 -0.01151093922 -0.04221720324)
(-0.312781797 0.03322354943 0.02210611603)
(-0.1408839821 0.02135834642 -0.0651309697)
(0.09418120245 -0.0934489911 0.06664679396)
(0.1301421125 0.1085228101 -0.02447887077)
(0.1164192895 -0.1336617579 -0.07348948529)
(0.01144941623 0.1865057261 0.2332126864)
(-0.09074345879 -0.08508787152 -0.1855602875)
(0.04059396739 0.07725993417 0.09318817747)
(-0.3796159623 -0.07309187853 -0.002704936435)
(-0.2272759619 0.004675694722 0.05884493923)
(-0.07749253639 -0.08560680861 0.1294251566)
(0.25981809 0.0392787573 -0.0547570859)
(0.08431414255 0.01767737966 -0.0824212144)
(0.08447134554 0.05685579951 0.02655495411)
(-0.1780411714 0.07661273418 -0.04683218258)
(-0.3610459181 -0.204042193 -0.02770910968)
(-0.4045190637 0.0001993582147 -0.1615923774)
(-0.1311773407 0.1718785742 -0.0124783489)
(-0.05009809358 -0.2207237854 0.1609609089)
(0.1317073045 0.1283084858 -0.07825442815)
(-0.1192023952 0.07630622596 0.1953994964)
(-0.292642186 0.1587635492 0.1035630432)
(-0.2511563395 -0.3357886801 -0.1771608523)
(-0.0172002344 0.02454549098 0.05026087945)
(-0.09191312006 0.09927165937 0.1513829422)
(-0.1438007661 0.07089035023 -0.03729540707)
(-0.01051650438 -0.05499413024 -0.07482092431)
(-0.1186644255 -0.1089580508 0.01674532998)
(-0.224371208 -0.09545582287 0.06110132763)
(-0.360663057 0.3740986447 0.03140642351)
(-0.5167617953 -0.09736319901 0.1414624041)
(-0.2989883684 -0.007203555044 0.2412554337)
(-0.1831306337 -0.2183189611 0.03346272505)
(-0.08854951253 -0.01921899143 0.08327379985)
(-0.1894444631 0.04528012356 0.07304211983)
(-0.2442271048 -0.01538240878 0.01387866535)
(-0.1110801778 -0.06023825916 -0.07162439499)
(-0.2116790319 0.1812393344 0.05672555194)
(-0.141535845 -0.09591054876 -0.1073661893)
(-0.07819444627 -0.003206871908 -0.1694497862)
(0.1088415329 -0.2717821378 -0.1114523894)
(0.3266570319 0.002079492649 -0.2666023899)
(0.06744188203 0.218607139 0.0850815308)
(-0.1027347061 -0.01767388797 -0.07036694485)
(-0.009808509312 0.05407483785 -0.2102284209)
(0.04923516124 0.2028025884 0.07417436029)
(-0.1821095186 -0.1221065736 -0.1140512913)
(0.1211484025 -0.1622754303 0.04795469547)
(-0.04513996641 0.2078500793 0.1743237569)
(-0.1578605867 0.06798466837 0.0499602186)
(-0.4617901004 0.1303486707 -0.08126062253)
(-0.2125555222 -0.3048797162 -0.2637759205)
(-0.03257798422 0.1416833376 -0.1199107642)
(-0.4510454279 0.009410251079 -0.05386436417)
(-0.1310295674 0.01268809587 0.1215365979)
(-0.1753296747 -0.1761910913 0.2129025554)
(-0.02778852514 -0.01895842245 0.1364798012)
(0.009233995797 -0.09891086577 -0.07922667592)
(-0.02542930345 0.04758156582 0.2124441224)
(0.09845377372 -0.04872305844 0.08914220572)
(0.144543224 -0.1531975905 -0.1613117583)
(0.3840368448 0.05006652546 -0.273216241)
(0.1425836669 0.3128467366 0.1189765453)
(0.146001233 -0.03898734655 -0.06773575424)
(-0.1520232122 0.1376414036 -0.04044678096)
(-0.3102384777 0.0180813418 -0.05002408696)
(-0.1719251057 0.1981415366 0.04550481342)
(-0.414372752 0.1654746981 0.1563954405)
(-0.2339554232 -0.05807560073 -0.1849360233)
(-0.4628281853 -0.01397153053 0.1081365247)
(-0.1401366749 -0.06226370263 0.1188279535)
(-0.03592312737 0.009486294808 -0.02351747952)
(0.1278260111 0.02143813404 -0.1606328199)
(0.03362595136 -0.09688397707 -0.0589085833)
(-0.01357782538 0.02773274302 0.1209023612)
(0.1542723754 -0.07803939095 0.04595567552)
(-0.05877280928 0.2774370701 -0.06703254451)
(-0.3037272959 0.1072908912 0.2665628198)
(-0.3053660101 -0.1109517758 -0.1894027364)
(-0.1292907412 -0.1330978376 0.2085638277)
(-0.1145707687 -0.08715936186 -0.06308419967)
(-0.1969760396 0.1914934543 0.04724406786)
(-0.4613193109 0.1323754741 -0.09574657689)
(-0.3510446646 0.0009384810428 0.1700698801)
(-0.2054467831 -0.2244819722 0.06632333055)
(-0.0916608417 -0.02819934458 -0.1621919859)
(-0.04801265039 -0.1322537542 0.1703642862)
(-0.005527884835 0.1913283793 0.1051497128)
(-0.1847165378 0.02398476142 -0.2569401303)
(0.04754518206 0.07179762817 0.08684556292)
(-0.16366218 -0.08886619695 0.03910272774)
(-0.1953549844 -0.01585616327 -0.01057995788)
(0.07181577338 -0.1635888673 -0.01102729232)
(0.1026490237 -0.1635822096 -0.1024601172)
(-0.009729657811 0.09569407834 0.3649800336)
(0.05085528282 0.007964936409 -0.1356634866)
(-0.06636257073 -0.05066632256 0.07815239183)
(-0.05448478121 -0.2639246577 0.00311648649)
(0.1881347359 0.08601467464 -0.1626591855)
(0.3339635731 -0.03530496108 -0.0758849063)
(0.2433481215 0.1400700537 -0.1710234349)
(-0.006796207732 0.03892002654 0.08233030519)
(0.006926498982 0.03891225654 0.009022822308)
(0.09512089559 -0.2152657419 -0.2970295959)
(0.1466663002 0.1633911103 0.0509764389)
(0.2049947848 -0.04336345038 0.1202312028)
(0.1176693405 -0.1496341161 0.02589668158)
(0.1926126391 0.1620708843 0.018171153)
(0.03718975383 0.1253261644 0.2889215359)
(0.02757549473 -0.03708632655 -0.2253756103)
(-0.009189095141 -0.07178335674 0.08452912256)
(-0.02461618697 -0.07431586216 0.02109722924)
(0.008160384081 0.008880321448 -0.02336867541)
(0.07619907296 0.1552076876 -0.2858782108)
(-0.08511223975 0.0463435729 0.3598257177)
(-0.2277980841 -0.1548597655 -0.09503230605)
(-0.1581735183 0.03901848211 -0.06913727226)
(-0.3313226691 -0.05857886709 -0.2474026365)
(-0.2697274147 -0.05352316812 -0.06391640346)
(-0.2528708766 -0.164369329 0.2208501793)
(0.06502471316 -0.02801453738 -0.004882542084)
(-0.0006485102299 0.2072119671 0.05751709608)
(-0.2558662532 -0.02067581987 -0.08470000104)
(-0.1138085843 -0.1212206164 0.09420257456)
(0.02721960604 0.1605052352 0.1078026395)
(-0.07808977859 -0.1251858427 0.1095490489)
(-0.03943061201 0.01030622055 -0.03982129029)
(-0.1345341106 -0.02830679792 -0.03432005912)
(-0.2196001826 -0.02331331799 0.08833374661)
(-0.1873646613 -0.05352201462 -0.07792093622)
(-0.1588567011 0.02212888351 0.1563496923)
(-0.2020368142 -0.07323725977 0.03671267663)
(0.1135598493 -0.1241402635 -0.01910924732)
(-0.0810860341 0.1599947043 -0.03424464534)
(-0.3227178468 0.05247722754 -0.02329258784)
(-0.4016894361 0.01158981244 0.1794894305)
(-0.4908685195 -0.2489541589 -0.05160116891)
(-0.3553785348 0.1538620801 -0.05766571735)
(-0.07979941498 -0.2777457742 -0.1385538228)
(-0.2732140087 -0.01658925955 0.03225256903)
(-0.2503305252 -0.1239812837 0.1475470628)
(-0.08787385885 -0.1269804105 -0.05838364622)
(0.1194331953 -0.01851045763 0.04443083325)
(-0.01724816696 0.1465247673 -0.04462379134)
(0.08439470669 -0.1602244086 0.1247167271)
(0.2186254685 0.0359552195 -0.06068210117)
(-0.1554487364 0.1697090232 -0.005800413767)
(-0.1268909265 -0.04725211458 0.260908289)
(-0.128530335 -0.07296729218 -0.09390647709)
(-0.155385027 -0.006335312455 0.006577868506)
(-0.2262758745 0.168903983 -0.06873585748)
(-0.3765861893 0.08096094807 -0.2020362016)
(-0.07718051951 -0.2541277999 -0.09583171009)
(0.03471481336 -0.04932533675 0.1109849999)
(0.08774204509 -0.131983117 -0.1782810357)
)
;
    }
    top
    {
        type            calculated;
        value           nonuniform List<vector> 
200
(
(-0.4245426568 0.1409585141 -0.04689723844)
(-0.3911340565 -0.06829280874 -0.04160092158)
(-0.1636785826 0.0446440477 0.05735897293)
(0.0727960397 0.1031779186 -0.08438253414)
(0.2170299697 -0.05226475508 -0.08289222622)
(0.00841393831 -0.02913373064 0.2177663466)
(-0.236239148 -0.03583468646 -0.2172106131)
(0.01922128422 0.04724023705 0.1784122338)
(0.3324574198 0.001371285126 0.178781128)
(0.1010314981 -0.02401831652 -0.0299326507)
(0.03922884564 0.1011927547 0.1249085029)
(0.04978675761 -0.02564292839 -0.01538546423)
(-0.1942732848 -0.2326800866 -0.02210097962)
(-0.2953132994 -0.05680219166 -0.03998484397)
(-0.1708644067 0.1516541909 -0.03335435509)
(-0.2275740451 0.124836879 0.02540698361)
(-0.09129213451 -0.01781780225 -0.008796139733)
(-0.07641594907 -0.02050514115 -0.005321736139)
(-0.1686877836 0.03871082151 0.03202333068)
(-0.3384522846 -0.1363469599 -0.08030525872)
(-0.1445021666 0.1193401763 0.1540987939)
(-0.03360195858 0.143112008 -0.07080240933)
(-0.1822815838 -0.01805264999 0.02193068457)
(-0.1272707303 0.1741358421 0.09194522097)
(-0.08034964892 0.01709998476 -0.09902898905)
(0.04450497434 0.1414879152 0.3073027302)
(-0.008797875802 -0.1234650841 0.2067188344)
(-0.100649349 -0.01210482196 0.1526585927)
(-0.09755980049 -0.1168073277 -0.1825402647)
(-0.549574998 0.08616717862 -0.1075542837)
(-0.05722267752 0.07214957461 -0.1287341554)
(-0.08885022469 0.1310119578 -0.05474784952)
(0.1716382814 -0.002781953262 -0.09610577643)
(-0.09113002045 -0.1677909607 -0.1885325419)
(-0.0515168855 -0.05145370865 -0.03336814058)
(-0.05844777562 -0.1019837281 0.07091718022)
(0.0919666788 0.05778683154 -0.02882371342)
(-0.04468029489 -0.1500173857 -0.1251138556)
(-0.2052679546 -0.09650978688 0.07850526772)
(-0.3709023062 0.1095703456 -0.07698886644)
(-0.4152637296 0.004371475612 0.04253212222)
(-0.3365673707 -0.04356917857 0.1759113361)
(-0.1932807936 0.1010388075 0.05525385977)
(-0.1645253432 0.1112252252 -0.2263885668)
(-0.2761462622 0.02118798224 0.1036212968)
(-0.2350909253 -0.1043837407 0.2157393386)
(-0.3338620867 0.1576946424 -0.07401630971)
(-0.4785052098 -0.1006858782 0.009597945469)
(-0.2288288312 0.05087850919 0.02326477349)
(-0.2385406036 -0.03154231012 0.1430362458)
(-0.04383378691 0.1936564682 0.03415266362)
(-0.01939830174 -0.01546074281 0.1792187094)
(-0.1686397728 -0.0007949584052 0.05629984316)
(-0.0603173831 -0.2041792547 0.08668013143)
(0.06903905466 0.1114595163 0.02136069717)
(-0.1154128521 0.04330110913 0.09516728727)
(-0.04720475431 -0.05095199871 -0.06671756647)
(0.01370084626 0.1641029333 0.07021867903)
(-0.1815202283 -0.1259086507 0.05578856734)
(-0.1316985413 -0.0911227589 0.03716751989)
(-0.344703334 -0.01569121013 -0.1454529248)
(-0.2673616087 -0.02819931996 -0.06307341989)
(-0.1438289752 0.09869981049 -0.09134683404)
(0.01770712188 0.1327805793 -0.03060195097)
(-0.1479034401 -0.1674040502 -0.1309057613)
(-0.1964444159 -0.05203107376 -0.1282206805)
(0.1188892925 0.1636901128 -0.1118271592)
(-0.04092626241 -0.1612153087 -0.205279549)
(-0.1240152241 -0.06134842139 0.2177553352)
(-0.07374032761 -0.1331657176 0.06911152577)
(-0.5411653396 0.05620753893 -0.01809120721)
(-0.1046298699 0.2788309565 -0.04417838322)
(0.1736606959 0.00678665837 0.08000925279)
(-0.1021370573 -0.0451408695 -0.03536837914)
(-0.275342701 -0.1762399812 0.03138275941)
(-0.5657411195 -0.01802863079 -0.04047486726)
(-0.3420724863 0.1149014127 0.1065028236)
(-0.4164721035 -0.06892470447 -0.1497468081)
(-0.2340096253 0.2722105428 0.1643023187)
(-0.1372774202 0.1869790773 -0.08920310401)
(0.02262915619 -0.1302638355 0.2390743224)
(-0.1667136384 -0.1868563964 -0.06781969581)
(-0.003026430109 0.1382635955 -0.06724995489)
(-0.08938112398 -0.01990006677 -0.11323422)
(-0.1968020705 -0.01166682358 0.04803215929)
(-0.2711298275 -0.04575646102 -0.05153297347)
(-0.1277547079 -0.1008819915 0.2201202739)
(-0.1932215579 0.2686324341 0.006844619691)
(-0.1013299536 0.03855934984 -0.2921741212)
(-0.03554702856 -0.01466599292 -0.1477115788)
(-0.09892333296 -0.005096046337 0.1745751741)
(-0.03653031996 -0.08172741894 0.1260420344)
(-0.1168151861 -0.3558700955 -0.07272336365)
(-0.3892705154 0.006729103647 0.05005261987)
(-0.217099459 0.1512397188 0.04076829158)
(-0.2970241905 -0.2241352217 -0.0435324877)
(-0.4304732317 0.113760722 -0.02251556975)
(-0.2024021307 -0.04069416157 0.1072788391)
(-0.0805974749 0.3451726909 0.01330144831)
(0.2989150581 0.03343128775 -0.06072498113)
(0.04679085518 -0.07020098832 -0.06148281159)
(0.04071405765 0.06260991874 -0.06953269817)
(0.03114263389 -0.1514635123 0.1605865573)
(0.04757030407 -0.1341885404 -0.07909058735)
(-0.2849821417 0.07476147768 0.09566863043)
(-0.3239508178 0.1604633992 -0.1225114806)
(0.1261777206 0.07204686662 -0.007370884641)
(0.1021451059 -0.1206940602 0.2324092362)
(-0.2320845336 0.1257479506 -0.02092935828)
(-0.2653438785 -0.3658248805 -0.01830921373)
(-0.3404368961 0.05456571722 0.1190439925)
(-0.2009566147 0.001084730247 0.1009672449)
(-0.269161558 -0.1297465937 -0.0399233044)
(-0.342831523 0.3056707654 -0.127498333)
(-0.1029362756 -0.03575265037 -0.03118581854)
(-0.2769430827 -0.2123497809 0.08115321067)
(-0.5404527277 0.03808815166 0.07484742131)
(-0.5153105835 -0.1314844678 -0.01125999451)
(-0.3573649083 0.2069279922 -0.004327281778)
(-0.1908969293 0.1747226243 0.03214560238)
(-0.0494887668 0.02566012063 -0.07240211536)
(-0.1759308139 -0.07445504281 -0.03757625697)
(-0.1856469718 0.1174858018 -0.02788727662)
(0.008815126502 -0.08122428674 0.1190276119)
(-0.1321504826 0.05821258637 -0.157423801)
(-0.1815965709 -0.11991426 -0.3069582104)
(-0.2160356687 0.1183227237 0.1064185352)
(-0.04758411046 0.005716260266 0.03449335216)
(-0.1553645314 0.1046095517 -0.08324049812)
(0.06147591184 -0.04415735429 0.1556998716)
(-0.1901559567 0.08148089074 0.1356096916)
(-0.07887812877 0.1246403529 -0.07347581878)
(-0.1377805769 -0.05049549896 0.1913407913)
(0.02696300627 0.1406798564 -0.119976328)
(0.183649979 0.073080623 0.2532708396)
(0.07681658496 0.03554648456 -0.1105813435)
(-0.1965072622 -0.1725747417 -0.1801197102)
(-0.2754902629 0.09680175101 0.04094304984)
(0.008992405756 0.3668312943 -0.02286582885)
(0.1969311013 -0.15586437 0.09361678538)
(0.2197559338 0.0775905133 0.1671086575)
(0.0506851889 0.01787118722 -0.0181681119)
(-0.3606216787 -0.1300096653 0.07617096026)
(-0.4804069274 -0.1061940957 0.01864159845)
(-0.4696281466 0.1378587221 -0.1253736539)
(-0.2938949047 0.08271019968 -0.08325314168)
(-0.2817521817 0.1435663754 0.02181003037)
(-0.009921597917 0.02055990954 -0.07864716274)
(-0.0395715124 -0.2893499927 0.224544542)
(-0.09098685313 0.04080276302 -0.3638966075)
(-0.07588130547 -0.1741117541 0.238525235)
(-0.06601200091 -0.09469425248 -0.0900502241)
(-0.09922559705 0.1232019319 0.217707976)
(-0.3952525195 0.08969895226 0.1487805788)
(-0.2677248431 -0.02339985652 -0.1045624606)
(-0.2947648393 -0.1106035814 0.0242700377)
(-0.5704651357 0.0258430579 0.1249368583)
(-0.5831610903 -0.1553283204 0.2953137358)
(-0.4431905178 0.3024887984 0.0112690192)
(-0.2852135961 -0.01060363319 0.01409627656)
(-0.2585538396 0.2084855994 0.03036064354)
(-0.105618773 0.1458244605 -0.1112588041)
(-0.04063381232 -0.177906044 -0.1064817464)
(-0.1451810183 0.1448497368 -0.02097222527)
(0.2828192332 -0.208870837 0.1117293087)
(0.07373997592 -0.03338388369 0.0552828101)
(0.1125785541 -0.01792834087 -0.2254009205)
(0.05158801849 0.06978601854 0.05246628818)
(0.08512847868 -0.107353093 0.2040278423)
(-0.02575396595 0.3116188677 -0.0459027952)
(0.03121552798 -0.3085859443 0.003295376161)
(-0.1201209577 -0.1680098593 0.02335473213)
(-0.1730302019 0.02847373007 0.2062206028)
(-0.3135646228 -0.1750110172 -0.1052846183)
(-0.5493270313 0.1347250827 -0.01495541932)
(-0.4145695167 0.2756862705 0.1038578043)
(-0.3406128115 -0.03088109543 -0.05286463603)
(-0.1852226884 0.1589298871 0.1428743743)
(0.05870779982 -0.1062033025 0.1685381639)
(-0.0852528018 0.02784563698 -0.0974133143)
(0.07748871614 -0.01890581003 -0.05743838419)
(-0.07334854046 0.2103489251 0.07194680475)
(-0.08687667828 0.009726467419 -0.2859578973)
(-0.187408243 -0.04277041082 -0.08844350037)
(-0.2122515459 0.05768727147 -0.02507647846)
(0.1010103151 0.04200015274 -0.0003464936192)
(-0.3255653793 -0.1384072111 -0.1260506456)
(-0.2237064803 0.1486069889 -0.001645232056)
(0.002334851498 -0.1965805787 0.0452752191)
(-0.4148977038 -0.1013298343 0.1829936326)
(-0.4119785044 0.1441699 0.04753771969)
(-0.1876593187 0.08274487159 -0.2114628426)
(-0.247513716 -0.05252223332 0.1329513817)
(-0.1736111589 0.02108174387 0.1655064)
(-0.1822018921 0.06495719086 0.02485774315)
(-0.08490960075 0.02741015157 0.130642392)
(0.04336235011 0.006281298024 -0.0398834113)
(-0.005772712677 -0.2102303092 -0.1587251369)
(-0.03028607183 -0.01012880817 -0.03869771269)
(-0.1803992852 -0.1724128042 -0.08557226739)
)
;
    }
    inlet
    {
        type            cyclic;
    }
    outlet
    {
        type            cyclic;
    }
    back
    {
        type            symmetry;
    }
    front
    {
        type            symmetry;
    }
}


// ************************************************************************* //
