/*--------------------------------*- C++ -*----------------------------------*\
| =========                 |                                                 |
| \\      /  F ield         | OpenFOAM: The Open Source CFD Toolbox           |
|  \\    /   O peration     | Version:  v1706                                 |
|   \\  /    A nd           | Web:      www.OpenFOAM.com                      |
|    \\/     M anipulation  |                                                 |
\*---------------------------------------------------------------------------*/
FoamFile
{
    version     2.0;
    format      ascii;
    class       Cloud<dsmcParcel>;
    location    "1e-06/lagrangian/dsmc";
    object      positions;
}
// * * * * * * * * * * * * * * * * * * * * * * * * * * * * * * * * * * * * * //

138
(
(6.374617394e-06 2.095152434e-06 6.35237238e-07) 0
(3.455669832e-07 1.690011518e-06 3.256518771e-06) 0
(5.730609729e-06 6.785180483e-06 4.682937937e-06) 0
(8.970155504e-06 3.319206434e-08 6.838876188e-06) 0
(9.720092471e-07 7.888027394e-06 4.656308893e-07) 0
(7.353048269e-06 1.239190052e-06 3.107243019e-06) 0
(2.447591535e-06 2.71951744e-06 4.017656079e-06) 0
(5.51846314e-06 4.020819618e-06 3.805680803e-06) 0
(4.285242073e-06 4.849161292e-06 7.888560732e-06) 0
(7.592989622e-07 4.940515498e-06 7.747754025e-06) 0
(4.697439947e-06 8.533477744e-06 5.273473921e-06) 0
(6.367585367e-06 5.880388414e-06 8.709450384e-06) 0
(4.600312577e-06 5.297621713e-07 3.016712881e-07) 0
(1.379060026e-06 7.817488613e-06 1.6922877e-06) 0
(6.826960067e-06 4.617284462e-06 2.788359146e-06) 0
(7.071239844e-06 7.190323831e-06 9.673036178e-06) 0
(5.174847479e-06 5.238475379e-06 9.588930553e-06) 0
(6.326083251e-06 8.197134298e-06 6.068332409e-06) 0
(1.580530316e-06 6.700870767e-06 9.26083167e-07) 0
(4.183956917e-06 3.614928552e-06 4.008271813e-06) 0
(8.903898652e-06 3.630731971e-06 1.385735322e-06) 0
(8.239321889e-06 6.250450655e-06 9.931892232e-06) 0
(2.604003503e-07 2.868274864e-06 6.882656311e-06) 0
(5.41756364e-06 5.76963006e-06 8.260136219e-06) 0
(3.033562322e-06 2.210822116e-06 8.117244706e-06) 0
(4.116790016e-06 7.845691946e-07 5.441905755e-06) 0
(1.479619657e-06 5.988355555e-06 1.004390794e-06) 0
(9.567258992e-07 4.205277018e-06 8.805287608e-07) 0
(4.353704341e-06 8.126273513e-06 2.149613432e-06) 0
(7.011176778e-06 4.885220382e-06 3.082646754e-06) 0
(1.516152117e-06 2.790949712e-06 3.357588591e-06) 0
(2.727132155e-06 7.608976068e-07 2.067980468e-06) 0
(7.290693234e-06 4.849139874e-06 2.843564346e-08) 0
(6.571088433e-06 2.368650343e-06 6.026810963e-06) 0
(2.092421283e-07 9.342583059e-06 6.426848825e-06) 0
(3.005040482e-06 6.326393534e-06 3.629152575e-06) 0
(1.352046618e-06 4.910599216e-06 2.018479802e-06) 0
(4.417569474e-06 2.232770779e-06 4.392318155e-06) 0
(4.460325568e-06 4.220028422e-06 8.517084872e-06) 0
(7.988293464e-06 2.630626087e-08 1.758474314e-07) 0
(5.4799831e-06 7.747727763e-06 2.648157583e-07) 0
(9.430828338e-06 4.076645117e-06 7.764473244e-06) 0
(1.056053898e-06 1.683424644e-06 7.571751593e-06) 0
(5.197565964e-07 5.816073818e-06 2.565590676e-06) 0
(2.859810625e-06 5.644800663e-06 3.834043288e-07) 0
(1.461587986e-06 6.888682571e-06 8.088574522e-07) 0
(8.191420138e-07 7.99448662e-06 2.555677732e-06) 0
(3.517435376e-06 9.591420951e-06 3.015023235e-06) 0
(1.125128775e-06 4.14127638e-07 9.24530002e-06) 0
(9.723624545e-06 4.381987014e-06 4.655080083e-06) 0
(6.163033383e-06 2.078357922e-06 3.870201154e-06) 0
(7.501850019e-06 8.344914536e-06 3.930236372e-06) 0
(5.344615448e-06 6.466013829e-06 1.082966798e-06) 0
(2.53539138e-06 3.13456294e-06 5.288935164e-06) 0
(5.608825643e-06 4.702702611e-06 8.179479637e-06) 0
(8.851258471e-06 5.841744912e-06 7.570435935e-06) 0
(3.584481646e-06 9.673842634e-07 2.301666767e-06) 0
(3.343475204e-06 8.783010354e-06 4.881318387e-06) 0
(7.630147188e-06 2.73167946e-06 9.758217286e-06) 0
(2.010709224e-06 2.60225874e-06 7.335167822e-06) 0
(9.044803306e-06 2.437649443e-06 7.087209941e-06) 0
(7.827389832e-06 2.971302765e-06 6.628744256e-06) 0
(2.290603099e-06 4.443670034e-06 4.419760695e-07) 0
(6.322957713e-06 5.146241945e-06 9.532529228e-06) 0
(2.672836872e-06 2.112929208e-06 4.410384806e-06) 0
(1.79680315e-06 8.586008995e-06 4.811652066e-06) 0
(8.812151989e-06 6.118736888e-06 9.788405322e-06) 0
(6.138094041e-06 1.256850213e-06 1.259820892e-06) 0
(8.4169959e-06 3.463028472e-07 2.137758288e-06) 0
(6.568272826e-06 5.533537195e-06 8.059422182e-07) 0
(7.398313491e-06 1.302624977e-06 2.425838312e-06) 0
(8.5090199e-06 7.134217082e-06 1.560260045e-07) 0
(4.59566135e-06 3.930428957e-06 6.315905483e-06) 0
(1.271351248e-06 7.761699922e-06 5.477098415e-06) 0
(1.439017167e-06 6.294792381e-06 4.166994051e-06) 0
(4.917909487e-06 2.521407783e-06 3.317898358e-06) 0
(7.360419191e-06 5.647977799e-06 4.332233185e-06) 0
(9.210458512e-06 8.0127502e-06 9.280999813e-06) 0
(9.570953995e-06 5.422678952e-06 5.978927275e-06) 0
(6.847019103e-06 8.174805711e-06 1.430367216e-06) 0
(1.602100613e-06 9.521336153e-07 4.98504801e-06) 0
(5.24184891e-06 6.899250148e-06 2.805862335e-07) 0
(4.89570287e-06 3.839604468e-07 5.658369261e-06) 0
(9.211558736e-06 9.689507382e-06 5.355958439e-07) 0
(9.783898862e-06 4.70355844e-06 8.86411838e-06) 0
(5.335598576e-06 8.167059775e-06 7.652083903e-06) 0
(4.716712197e-06 2.937929791e-06 4.412947503e-06) 0
(6.783931754e-06 2.07449445e-06 2.121252866e-06) 0
(9.310020908e-07 8.480458827e-06 5.288878583e-06) 0
(6.441102834e-06 4.333922407e-06 1.390449533e-06) 0
(5.372439223e-06 5.124500929e-06 7.348033653e-07) 0
(8.963287995e-06 1.530860961e-08 8.489407682e-06) 0
(6.890778522e-06 8.114528253e-06 9.122934994e-06) 0
(4.138848798e-06 5.453931566e-06 4.430373048e-06) 0
(9.636684876e-06 5.087866814e-06 9.902364724e-06) 0
(8.092654096e-06 3.436383877e-06 2.012334873e-06) 0
(4.620800908e-06 1.245591915e-06 3.992756771e-06) 0
(7.319991041e-06 9.926727424e-06 7.386692928e-06) 0
(6.522387979e-07 4.731031054e-06 2.301804071e-06) 0
(8.576025176e-06 6.434128476e-06 5.218085322e-06) 0
(6.860027296e-06 4.420744083e-06 9.104951397e-06) 0
(4.405175854e-06 7.97430944e-07 3.688667106e-06) 0
(7.192263613e-06 2.95161246e-06 9.572112894e-06) 0
(9.032386353e-06 2.252125422e-06 1.419025809e-06) 0
(4.641699484e-06 5.69720407e-06 6.397929417e-06) 0
(6.710658775e-06 2.946063524e-06 9.685714141e-06) 0
(4.009182462e-06 6.726049026e-06 4.424931627e-06) 0
(5.521812233e-06 6.017728501e-06 4.475390722e-06) 0
(3.138230228e-07 2.69058916e-06 5.08894695e-07) 0
(5.815524319e-06 9.303425611e-06 4.650985652e-07) 0
(1.499457449e-06 7.059909094e-06 6.236497939e-06) 0
(8.69060151e-06 3.125852692e-06 5.259665279e-06) 0
(8.850781174e-06 2.88882223e-06 2.323509792e-06) 0
(9.253066511e-06 9.394120031e-07 2.652672836e-06) 0
(7.05238782e-06 2.287588234e-06 7.40696856e-06) 0
(3.127399504e-06 7.415399461e-06 3.377342974e-06) 0
(7.116721914e-06 7.395144147e-06 2.713293685e-06) 0
(1.03109148e-07 6.441478075e-06 2.121786259e-06) 0
(6.362195445e-06 8.622268929e-06 4.468350013e-06) 0
(5.447349457e-06 6.768042056e-06 3.582296757e-06) 0
(2.154266063e-07 2.092465075e-06 2.563395712e-06) 0
(4.192409461e-06 4.817118775e-06 8.839817058e-06) 0
(7.435843398e-06 4.765073265e-06 7.43060732e-06) 0
(6.01251279e-06 1.455319918e-06 3.584330231e-06) 0
(3.540012539e-07 1.572268653e-07 9.204128169e-06) 0
(6.701407214e-06 1.775355196e-06 8.354751149e-06) 0
(4.647609051e-06 7.436513234e-06 3.533785101e-06) 0
(1.082630227e-06 8.353327909e-07 2.758046608e-06) 0
(8.409631754e-06 5.714134524e-06 8.044245601e-06) 0
(2.895409243e-06 4.736979129e-06 7.964882756e-06) 0
(9.64069959e-06 9.209565704e-06 4.27949678e-06) 0
(6.580337443e-06 6.255924114e-06 4.075938997e-06) 0
(1.72544437e-06 1.968651249e-06 7.981702071e-06) 0
(5.360087154e-06 1.44088089e-06 5.101388501e-06) 0
(3.630107267e-06 8.007041647e-06 6.691723036e-06) 0
(3.730476968e-06 2.210332443e-06 8.2653621e-07) 0
(6.107316851e-06 4.990428306e-06 8.072804976e-06) 0
(7.318812035e-06 7.984130052e-06 2.884974611e-06) 0
)


// ************************************************************************* //
