# Probe 0 (5e-06 5e-06 5e-06)
#           Probe                 0
#            Time
            1e-07       299.9350048
            2e-07         299.93382
            3e-07       299.9348285
            4e-07       299.9347809
            5e-07       299.9354345
            6e-07       299.9323273
            7e-07       299.9354119
            8e-07       299.9323168
            9e-07       299.9348637
            1e-06       299.9308727
          1.1e-06       299.9354761
          1.2e-06       299.9355447
          1.3e-06       299.9362429
          1.4e-06       299.9349974
          1.5e-06       299.9353885
          1.6e-06       299.9343793
          1.7e-06        299.935955
          1.8e-06       299.9353195
          1.9e-06       299.9356317
            2e-06       299.9351925
          2.1e-06       299.9347357
          2.2e-06       299.9329774
          2.3e-06       299.9328466
          2.4e-06       299.9344986
          2.5e-06       299.9352604
          2.6e-06       299.9343091
          2.7e-06        299.933234
          2.8e-06       299.9324318
          2.9e-06       299.9340405
            3e-06       299.9314489
          3.1e-06       299.9292848
          3.2e-06       299.9359851
          3.3e-06       299.9343938
          3.4e-06       299.9358387
          3.5e-06       299.9349407
          3.6e-06       299.9358882
          3.7e-06       299.9343845
          3.8e-06       299.9354554
          3.9e-06       299.9317923
            4e-06       299.9361681
          4.1e-06       299.9353603
          4.2e-06       299.9327631
          4.3e-06       299.9351859
          4.4e-06       299.9339031
          4.5e-06       299.9354934
          4.6e-06       299.9356682
          4.7e-06       299.9349898
          4.8e-06       299.9305266
          4.9e-06       299.9363291
            5e-06       299.9356388
