# Probe 0 (5e-06 5e-06 5e-06)
#           Probe                 0
#            Time
            1e-08       14935.55316
            2e-08       14940.44828
            3e-08       14951.37584
            4e-08       14956.04971
            5e-08       14969.32162
            6e-08       14964.46812
            7e-08       14964.06618
            8e-08       14960.86915
            9e-08       14970.81942
            1e-07       14980.72576
          1.1e-07       14980.31532
          1.2e-07       15000.91083
          1.3e-07       14993.69932
          1.4e-07       14979.89809
          1.5e-07       14981.89522
          1.6e-07       14949.59115
          1.7e-07       14958.44836
          1.8e-07       14957.81948
          1.9e-07       14958.51174
            2e-07       14957.30841
          2.1e-07       14953.88516
          2.2e-07       14943.72873
          2.3e-07       14955.14401
          2.4e-07        14950.4928
          2.5e-07       14925.06413
          2.6e-07       14938.76102
          2.7e-07       14927.69476
          2.8e-07        14934.5355
          2.9e-07       14946.42554
            3e-07       14941.94693
          3.1e-07        14963.3244
          3.2e-07       14946.30009
          3.3e-07       14936.25825
          3.4e-07       14926.92424
          3.5e-07       14929.86651
          3.6e-07       14921.39674
          3.7e-07       14921.75968
          3.8e-07       14917.05361
          3.9e-07       14911.48015
            4e-07       14924.54256
          4.1e-07       14944.17101
          4.2e-07       14960.29436
          4.3e-07       14958.95228
          4.4e-07       14965.02567
          4.5e-07       14938.60472
          4.6e-07       14941.82962
          4.7e-07       14942.92598
          4.8e-07        14942.0175
          4.9e-07       14935.71492
            5e-07       14935.72003
          5.1e-07       14918.43166
          5.2e-07       14906.01569
          5.3e-07       14913.98043
          5.4e-07        14914.1094
          5.5e-07       14925.12265
          5.6e-07       14918.48323
          5.7e-07       14935.16436
          5.8e-07       14954.77373
          5.9e-07       14958.69262
            6e-07       14973.66598
          6.1e-07       14975.80989
          6.2e-07       14940.76304
          6.3e-07       14951.60971
          6.4e-07       14967.22725
          6.5e-07       14984.65523
          6.6e-07       14966.24789
          6.7e-07        14970.7422
          6.8e-07       14980.41571
          6.9e-07       14991.28143
            7e-07       14976.00986
          7.1e-07       14982.15206
          7.2e-07       14957.23734
          7.3e-07       14935.54701
          7.4e-07        14939.5889
          7.5e-07        14949.2405
          7.6e-07         14942.602
          7.7e-07       14947.93258
          7.8e-07       14971.30264
          7.9e-07       14958.56282
            8e-07       14978.40561
          8.1e-07       14967.85403
          8.2e-07        14967.1427
          8.3e-07       14970.10919
          8.4e-07       14964.75795
          8.5e-07       14953.83266
          8.6e-07        14936.8924
          8.7e-07       14929.31106
          8.8e-07        14926.0735
          8.9e-07       14923.84263
            9e-07       14932.39545
          9.1e-07       14930.56317
          9.2e-07       14910.22849
          9.3e-07       14912.75217
          9.4e-07       14913.34865
          9.5e-07       14939.94837
          9.6e-07       14922.82545
          9.7e-07       14919.61893
          9.8e-07       14910.09213
          9.9e-07       14911.28939
            1e-06       14921.99408
         1.01e-06       14925.38013
         1.02e-06       14909.91496
         1.03e-06        14914.2442
         1.04e-06       14914.69263
         1.05e-06       14906.09762
         1.06e-06       14901.59137
         1.07e-06       14911.60498
         1.08e-06       14905.67468
         1.09e-06       14905.02866
          1.1e-06        14896.6137
         1.11e-06        14896.2201
         1.12e-06       14931.98581
         1.13e-06       14917.90843
         1.14e-06       14898.19665
         1.15e-06       14913.07014
         1.16e-06       14916.08844
         1.17e-06       14907.41849
         1.18e-06       14903.47033
         1.19e-06       14904.71433
          1.2e-06       14931.14919
         1.21e-06       14943.09406
         1.22e-06       14945.87377
         1.23e-06       14958.43606
         1.24e-06       14962.43067
         1.25e-06       14961.37484
         1.26e-06       14961.55762
         1.27e-06       14965.73637
         1.28e-06       14976.81997
         1.29e-06        14993.6046
          1.3e-06       14999.10966
         1.31e-06       14999.05608
         1.32e-06       14982.85382
         1.33e-06       14980.94757
         1.34e-06       14967.89535
         1.35e-06       14975.87503
         1.36e-06       14965.91989
         1.37e-06       14948.35019
         1.38e-06       14958.35305
         1.39e-06       14945.84744
          1.4e-06       14954.09017
         1.41e-06       14966.58478
         1.42e-06       14946.92491
         1.43e-06        14956.1132
         1.44e-06       14946.65024
         1.45e-06       14950.06722
         1.46e-06       14938.98354
         1.47e-06       14932.43755
         1.48e-06       14927.74215
         1.49e-06       14935.70472
          1.5e-06       14933.16301
         1.51e-06       14958.23052
         1.52e-06       14964.78467
         1.53e-06       14962.44787
         1.54e-06       14959.11998
         1.55e-06       14963.95118
         1.56e-06        14972.1625
         1.57e-06       14972.98769
         1.58e-06       14972.81947
         1.59e-06       14974.06686
          1.6e-06       14988.62387
         1.61e-06       14979.55465
         1.62e-06       14978.85544
         1.63e-06       14995.35181
         1.64e-06       14988.30072
         1.65e-06       14965.42465
         1.66e-06       14954.81297
         1.67e-06        14984.4046
         1.68e-06       14995.06228
         1.69e-06       14981.39847
          1.7e-06       14978.85852
         1.71e-06       14972.68814
         1.72e-06       14966.21727
         1.73e-06       14952.34036
         1.74e-06       14965.98819
         1.75e-06       14970.23319
         1.76e-06       14968.62103
         1.77e-06       14994.46703
         1.78e-06       14976.61986
         1.79e-06        14968.0359
          1.8e-06       14992.49334
         1.81e-06       15004.57646
         1.82e-06       15001.77851
         1.83e-06       14999.11992
         1.84e-06       14996.32749
         1.85e-06       14997.60143
         1.86e-06       15003.94843
         1.87e-06       15011.09435
         1.88e-06       15006.90836
         1.89e-06       15019.36138
          1.9e-06       15020.41377
         1.91e-06       15017.65922
         1.92e-06       15019.31723
         1.93e-06       15024.44807
         1.94e-06       15038.99441
         1.95e-06        15034.9582
         1.96e-06       15038.15929
         1.97e-06       15044.71131
         1.98e-06       15033.00052
         1.99e-06       15045.43135
            2e-06       15057.80399
         2.01e-06       15040.87315
         2.02e-06       15026.23285
         2.03e-06       15013.07529
         2.04e-06       15043.36482
         2.05e-06       15045.20967
         2.06e-06       15016.53289
         2.07e-06       15015.98752
         2.08e-06       15042.25824
         2.09e-06        15038.7571
          2.1e-06       15043.61429
         2.11e-06       15027.77343
         2.12e-06       15013.46892
         2.13e-06       15023.90031
         2.14e-06       15003.00309
         2.15e-06       15006.08717
         2.16e-06       15007.57523
         2.17e-06       14993.79086
         2.18e-06       14993.51125
         2.19e-06       15005.91465
          2.2e-06       15021.24029
         2.21e-06       15028.01777
         2.22e-06       15032.24153
         2.23e-06       15024.45489
         2.24e-06       15001.30584
         2.25e-06       14994.63499
         2.26e-06       14982.83276
         2.27e-06       14967.14035
         2.28e-06       14980.69935
         2.29e-06       15000.97727
          2.3e-06       15003.04426
         2.31e-06       15005.56241
         2.32e-06       15004.29697
         2.33e-06       15011.11974
         2.34e-06       15020.59687
         2.35e-06       15039.54072
         2.36e-06       15041.19296
         2.37e-06       15032.90197
         2.38e-06        15016.1222
         2.39e-06       15025.09036
          2.4e-06       15031.90003
         2.41e-06       15033.76423
         2.42e-06       15035.73364
         2.43e-06       15033.22072
         2.44e-06       15030.62345
         2.45e-06       15000.33439
         2.46e-06         14983.948
         2.47e-06       15003.62604
         2.48e-06       15002.98299
         2.49e-06       15007.70461
          2.5e-06        14995.5683
         2.51e-06       14999.54962
         2.52e-06       15011.59517
         2.53e-06         15023.595
         2.54e-06       15036.92193
         2.55e-06       15032.83658
         2.56e-06       15013.84674
         2.57e-06       15004.65695
         2.58e-06       14999.15125
         2.59e-06       15017.38263
          2.6e-06       15004.41684
         2.61e-06       15008.87912
         2.62e-06       14993.35472
         2.63e-06       15009.00586
         2.64e-06       15017.54791
         2.65e-06       15010.41266
         2.66e-06       15006.94095
         2.67e-06       15008.52381
         2.68e-06       15014.31134
         2.69e-06       14992.75374
          2.7e-06       15014.22464
         2.71e-06        15006.4103
         2.72e-06        15014.1184
         2.73e-06       15000.40563
         2.74e-06       14994.65973
         2.75e-06       14974.70888
         2.76e-06       14968.96398
         2.77e-06       14989.33042
         2.78e-06       14989.13749
         2.79e-06       14984.05651
          2.8e-06       14985.51044
         2.81e-06       14976.34718
         2.82e-06       14981.71432
         2.83e-06       14987.01044
         2.84e-06       14985.40549
         2.85e-06       14974.74803
         2.86e-06       14970.50644
         2.87e-06       14983.74912
         2.88e-06       14968.17899
         2.89e-06       14956.66394
          2.9e-06       14965.10572
         2.91e-06       14969.36706
         2.92e-06       14989.16465
         2.93e-06       15003.69782
         2.94e-06       14983.04639
         2.95e-06       14988.04653
         2.96e-06       14997.86493
         2.97e-06       15014.35212
         2.98e-06       14994.92488
         2.99e-06       14990.62353
            3e-06       15011.55822
         3.01e-06        14991.6471
         3.02e-06       14997.13453
         3.03e-06       15004.06979
         3.04e-06       15036.56734
         3.05e-06       15043.58519
         3.06e-06        15052.6149
         3.07e-06       15049.23198
         3.08e-06       15041.79595
         3.09e-06       15019.81042
          3.1e-06       15022.70009
         3.11e-06       15015.90375
         3.12e-06       15011.82274
         3.13e-06       15014.79236
         3.14e-06       15028.14359
         3.15e-06       15026.31979
         3.16e-06       15025.92013
         3.17e-06       15036.18669
         3.18e-06       15025.52948
         3.19e-06       15016.40724
          3.2e-06       15005.03527
         3.21e-06       14996.60344
         3.22e-06       14995.47414
         3.23e-06       14985.57236
         3.24e-06       14986.60594
         3.25e-06       14983.28021
         3.26e-06       14968.63693
         3.27e-06       14970.13788
         3.28e-06       14977.63665
         3.29e-06       14978.62842
          3.3e-06        15000.2363
         3.31e-06         15016.938
         3.32e-06       15032.56202
         3.33e-06       15045.36901
         3.34e-06       15007.71524
         3.35e-06       14984.61428
         3.36e-06        14981.7401
         3.37e-06       14997.53773
         3.38e-06       14995.49917
         3.39e-06       14988.23122
          3.4e-06       14978.00108
         3.41e-06       14975.66402
         3.42e-06       14994.95654
         3.43e-06       14988.77606
         3.44e-06       14984.62291
         3.45e-06       14994.51027
         3.46e-06        14986.1696
         3.47e-06       14988.27772
         3.48e-06       14993.01627
         3.49e-06       15002.10384
          3.5e-06       15002.13281
         3.51e-06       15011.59358
         3.52e-06       15014.46702
         3.53e-06       15034.33253
         3.54e-06       15028.57389
         3.55e-06       15030.79663
         3.56e-06        15028.8927
         3.57e-06       15016.57569
         3.58e-06       15014.95971
         3.59e-06         15016.268
          3.6e-06       15004.99812
         3.61e-06       14985.75187
         3.62e-06       14982.05039
         3.63e-06       14973.39414
         3.64e-06       14992.90934
         3.65e-06       15009.07231
         3.66e-06       14990.85224
         3.67e-06        15003.5245
         3.68e-06       14997.73308
         3.69e-06        15014.7002
          3.7e-06       15009.13057
         3.71e-06       15028.57949
         3.72e-06       15021.41158
         3.73e-06       15017.40169
         3.74e-06       15021.74436
         3.75e-06       15036.02372
         3.76e-06       15056.84626
         3.77e-06       15061.16109
         3.78e-06       15062.92047
         3.79e-06       15050.09469
          3.8e-06       15061.58711
         3.81e-06       15068.73902
         3.82e-06       15075.28415
         3.83e-06       15091.94038
         3.84e-06       15072.34858
         3.85e-06       15063.96299
         3.86e-06       15041.60385
         3.87e-06       15054.71412
         3.88e-06       15057.74928
         3.89e-06       15058.89118
          3.9e-06       15052.34013
         3.91e-06       15048.88137
         3.92e-06       15050.02737
         3.93e-06       15075.69838
         3.94e-06         15085.604
         3.95e-06       15082.85743
         3.96e-06       15068.73929
         3.97e-06       15065.58815
         3.98e-06       15073.27164
         3.99e-06       15089.70752
            4e-06       15085.78747
         4.01e-06       15091.57457
         4.02e-06       15074.44074
         4.03e-06       15072.18058
         4.04e-06       15059.43378
         4.05e-06       15049.04267
         4.06e-06       15046.26596
         4.07e-06       15049.04211
         4.08e-06       15021.27174
         4.09e-06       15031.50395
          4.1e-06       15041.83253
         4.11e-06       15026.44445
         4.12e-06       15036.50078
         4.13e-06       15040.25962
         4.14e-06       15064.21122
         4.15e-06       15050.67831
         4.16e-06       15043.19158
         4.17e-06       15035.75817
         4.18e-06       15039.02644
         4.19e-06       15058.37712
          4.2e-06         15065.122
         4.21e-06       15083.74284
         4.22e-06       15063.69402
         4.23e-06       15065.20203
         4.24e-06       15041.52196
         4.25e-06       15025.11315
         4.26e-06       15033.19635
         4.27e-06       15005.99904
         4.28e-06        15019.2528
         4.29e-06       15022.54019
          4.3e-06       15053.73534
         4.31e-06       15068.06914
         4.32e-06       15064.72929
         4.33e-06       15063.27237
         4.34e-06       15063.53856
         4.35e-06       15056.16549
         4.36e-06       15066.25403
         4.37e-06       15077.52102
         4.38e-06        15063.0288
         4.39e-06       15038.86953
          4.4e-06       15033.17128
         4.41e-06       15014.15829
         4.42e-06        15023.7898
         4.43e-06       15021.84113
         4.44e-06       15010.41053
         4.45e-06       15015.29015
         4.46e-06       15034.55707
         4.47e-06       15032.20491
         4.48e-06       15029.75329
         4.49e-06       15040.13542
          4.5e-06         15014.826
         4.51e-06       15007.63645
         4.52e-06       15015.86343
         4.53e-06       15023.29366
         4.54e-06       15038.91899
         4.55e-06       15032.44573
         4.56e-06       15044.72031
         4.57e-06       15035.44228
         4.58e-06       15031.98733
         4.59e-06       15009.22148
          4.6e-06       15000.80395
         4.61e-06       15019.32232
         4.62e-06       15006.94216
         4.63e-06       15026.06447
         4.64e-06       15039.50047
         4.65e-06       15059.01958
         4.66e-06       15040.91653
         4.67e-06       15037.17936
         4.68e-06       15025.07245
         4.69e-06       15020.99922
          4.7e-06       15025.65222
         4.71e-06       15028.97377
         4.72e-06       15026.02566
         4.73e-06        15031.8995
         4.74e-06       15029.38765
         4.75e-06       15007.02679
         4.76e-06       15012.68591
         4.77e-06       15005.38598
         4.78e-06       15002.94324
         4.79e-06       15001.92632
          4.8e-06       15019.89598
         4.81e-06       15014.91745
         4.82e-06       15022.18991
         4.83e-06       15027.65884
         4.84e-06       15032.00609
         4.85e-06       15054.35577
         4.86e-06       15066.51818
         4.87e-06       15073.99601
         4.88e-06       15065.37837
         4.89e-06       15045.63492
          4.9e-06       15027.25863
         4.91e-06       15028.37286
         4.92e-06       15024.47701
         4.93e-06       15030.86477
         4.94e-06       15033.68591
         4.95e-06       15044.33476
         4.96e-06       15041.44271
         4.97e-06       15036.89116
         4.98e-06       15040.63729
         4.99e-06        15036.4833
            5e-06       15033.27757
         5.01e-06       15027.94041
         5.02e-06        15031.2641
         5.03e-06       15026.04148
         5.04e-06       15022.13351
         5.05e-06       15025.32211
         5.06e-06       15008.67576
         5.07e-06       15017.16504
         5.08e-06       15003.50455
         5.09e-06       15015.91031
          5.1e-06       15016.04281
         5.11e-06       15024.98952
         5.12e-06       15022.72308
         5.13e-06       15006.61036
         5.14e-06       15020.23411
         5.15e-06       15018.47435
         5.16e-06       15033.35531
         5.17e-06       15048.63078
         5.18e-06       15046.66549
         5.19e-06       15068.45195
          5.2e-06        15074.3878
         5.21e-06       15060.63271
         5.22e-06       15056.81461
         5.23e-06       15044.84489
         5.24e-06        15040.6446
         5.25e-06        15032.0644
         5.26e-06       15044.34635
         5.27e-06       15038.43122
         5.28e-06       15021.60933
         5.29e-06       15003.36437
          5.3e-06       14990.66104
         5.31e-06       15003.78815
         5.32e-06       14997.78069
         5.33e-06       15004.18373
         5.34e-06       15011.31983
         5.35e-06       15017.77412
         5.36e-06       15024.87602
         5.37e-06       15031.51689
         5.38e-06       15041.29187
         5.39e-06       15032.93981
          5.4e-06       15041.24265
         5.41e-06       15037.18289
         5.42e-06       15048.41649
         5.43e-06       15019.37343
         5.44e-06       15017.41986
         5.45e-06       15015.58277
         5.46e-06       15038.06986
         5.47e-06       15033.27659
         5.48e-06       15045.74798
         5.49e-06       15056.25461
          5.5e-06       15060.68945
         5.51e-06       15074.63523
         5.52e-06       15049.33885
         5.53e-06       15039.78789
         5.54e-06       15020.81108
         5.55e-06       15033.69933
         5.56e-06       15053.08149
         5.57e-06       15018.80174
         5.58e-06       15037.41807
         5.59e-06       15043.85935
          5.6e-06       15036.80053
         5.61e-06       15038.76394
         5.62e-06       15016.06433
         5.63e-06       15004.12148
         5.64e-06       15004.34983
         5.65e-06        15029.6386
         5.66e-06       15037.50331
         5.67e-06       15012.99925
         5.68e-06       15021.85705
         5.69e-06       15034.72376
          5.7e-06       15032.94187
         5.71e-06        15035.9744
         5.72e-06       15025.25323
         5.73e-06       15027.01057
         5.74e-06       15024.67918
         5.75e-06       15013.01258
         5.76e-06       14999.65389
         5.77e-06       14984.08866
         5.78e-06       14987.56353
         5.79e-06       15003.27618
          5.8e-06       14995.24828
         5.81e-06       15003.76482
         5.82e-06       14997.46641
         5.83e-06       14997.75282
         5.84e-06       15011.88553
         5.85e-06       15002.30068
         5.86e-06       14999.58817
         5.87e-06       15001.46364
         5.88e-06       15016.06305
         5.89e-06       15015.11045
          5.9e-06       15033.50332
         5.91e-06       15003.91148
         5.92e-06       14976.00686
         5.93e-06       14988.87037
         5.94e-06       14986.68311
         5.95e-06       14991.62208
         5.96e-06       14982.38129
         5.97e-06       14986.35756
         5.98e-06       14976.01849
         5.99e-06       14981.10701
            6e-06       14968.42323
         6.01e-06       14973.51152
         6.02e-06       14983.86979
         6.03e-06       14995.43069
         6.04e-06       14995.16604
         6.05e-06       14991.17515
         6.06e-06       15001.89008
         6.07e-06        14999.4284
         6.08e-06       15001.93374
         6.09e-06       15012.03992
          6.1e-06       15015.97273
         6.11e-06       15024.85805
         6.12e-06       15023.59929
         6.13e-06       15026.09998
         6.14e-06       15019.48886
         6.15e-06       15019.97966
         6.16e-06       15007.21668
         6.17e-06       15009.54281
         6.18e-06       15002.22453
         6.19e-06        14998.6964
          6.2e-06       15005.04691
         6.21e-06       14995.42426
         6.22e-06        14984.4732
         6.23e-06       14979.23281
         6.24e-06       14989.23939
         6.25e-06       14969.13851
         6.26e-06       14973.03416
         6.27e-06       14972.13054
         6.28e-06       14966.54787
         6.29e-06       14966.56303
          6.3e-06         14954.932
         6.31e-06       14937.22227
         6.32e-06       14948.24809
         6.33e-06       14952.40111
         6.34e-06       14947.03263
         6.35e-06       14952.90528
         6.36e-06       14954.56569
         6.37e-06       14941.58999
         6.38e-06       14941.16527
         6.39e-06       14960.45621
          6.4e-06       14946.70917
         6.41e-06       14935.89178
         6.42e-06       14923.71032
         6.43e-06       14910.31965
         6.44e-06       14919.94243
         6.45e-06       14926.16511
         6.46e-06       14910.67686
         6.47e-06       14896.31351
         6.48e-06       14883.47252
         6.49e-06       14859.64882
          6.5e-06       14891.17721
         6.51e-06         14883.227
         6.52e-06       14888.76475
         6.53e-06        14889.5761
         6.54e-06       14897.68762
         6.55e-06       14894.82067
         6.56e-06       14896.43627
         6.57e-06       14869.52663
         6.58e-06       14889.22339
         6.59e-06       14879.43042
          6.6e-06       14867.17226
         6.61e-06       14855.06654
         6.62e-06       14842.24963
         6.63e-06        14844.2893
         6.64e-06       14849.87291
         6.65e-06       14851.89179
         6.66e-06        14856.9533
         6.67e-06       14861.23142
         6.68e-06       14886.00858
         6.69e-06       14883.60804
          6.7e-06       14874.78007
         6.71e-06       14887.73064
         6.72e-06       14878.64041
         6.73e-06       14899.08966
         6.74e-06       14902.50873
         6.75e-06       14890.44632
         6.76e-06         14890.714
         6.77e-06       14903.02268
         6.78e-06       14904.74538
         6.79e-06       14917.88635
          6.8e-06       14911.46477
         6.81e-06       14916.46375
         6.82e-06       14939.92386
         6.83e-06       14921.63475
         6.84e-06       14937.53209
         6.85e-06        14965.6016
         6.86e-06       14952.82895
         6.87e-06       14948.43225
         6.88e-06       14959.89567
         6.89e-06       14972.02969
          6.9e-06       14967.43117
         6.91e-06       14942.69934
         6.92e-06       14925.32584
         6.93e-06       14908.67945
         6.94e-06       14918.17084
         6.95e-06       14923.97669
         6.96e-06       14932.02615
         6.97e-06        14947.4854
         6.98e-06       14948.58705
         6.99e-06        14947.7556
            7e-06       14944.48892
         7.01e-06        14956.1312
         7.02e-06       14938.79893
         7.03e-06       14938.87982
         7.04e-06       14946.92777
         7.05e-06       14945.85069
         7.06e-06       14960.26869
         7.07e-06       14952.37371
         7.08e-06       14937.83196
         7.09e-06       14942.19622
          7.1e-06       14919.88011
         7.11e-06       14939.10344
         7.12e-06        14926.4309
         7.13e-06       14911.16841
         7.14e-06       14897.94741
         7.15e-06       14916.34373
         7.16e-06         14891.232
         7.17e-06       14926.97674
         7.18e-06       14922.01476
         7.19e-06       14948.91668
          7.2e-06       14950.05643
         7.21e-06       14942.61082
         7.22e-06       14963.14372
         7.23e-06       14962.95994
         7.24e-06       14929.33015
         7.25e-06       14914.28058
         7.26e-06       14935.16509
         7.27e-06       14915.56114
         7.28e-06       14934.96678
         7.29e-06       14929.57799
          7.3e-06       14937.36395
         7.31e-06       14953.50534
         7.32e-06       14946.24396
         7.33e-06       14936.55828
         7.34e-06       14955.85032
         7.35e-06       14931.86128
         7.36e-06       14934.43102
         7.37e-06       14939.22293
         7.38e-06       14947.58514
         7.39e-06       14943.28515
          7.4e-06        14974.0407
         7.41e-06       14969.60018
         7.42e-06       14997.57008
         7.43e-06       14986.40068
         7.44e-06       14977.65295
         7.45e-06       14971.01322
         7.46e-06        14994.9046
         7.47e-06       15012.41454
         7.48e-06       14993.07125
         7.49e-06       14986.95999
          7.5e-06       14986.26858
         7.51e-06       14989.18845
         7.52e-06       14997.83543
         7.53e-06       15004.41248
         7.54e-06       14995.71869
         7.55e-06       15000.75206
         7.56e-06       14993.22406
         7.57e-06       15012.84148
         7.58e-06       14994.69878
         7.59e-06       14985.51156
          7.6e-06       15001.12064
         7.61e-06       14967.53234
         7.62e-06       14961.04867
         7.63e-06       14957.77564
         7.64e-06       14947.88885
         7.65e-06       14937.56912
         7.66e-06       14947.35933
         7.67e-06         14955.345
         7.68e-06       14963.94764
         7.69e-06       14997.54335
          7.7e-06       14985.58016
         7.71e-06       15000.66642
         7.72e-06       15005.43847
         7.73e-06       15004.43732
         7.74e-06       14989.14762
         7.75e-06        14994.9674
         7.76e-06       14998.88141
         7.77e-06       15006.89019
         7.78e-06       14990.64173
         7.79e-06       14990.42305
          7.8e-06       14983.34091
         7.81e-06       14990.09931
         7.82e-06       14992.85014
         7.83e-06       14999.15746
         7.84e-06       15007.96612
         7.85e-06       15025.28275
         7.86e-06       15002.55116
         7.87e-06       15003.82165
         7.88e-06       15005.36342
         7.89e-06       14999.83118
          7.9e-06       14962.75938
         7.91e-06       14956.94801
         7.92e-06       14945.20969
         7.93e-06       14952.72376
         7.94e-06       14967.07568
         7.95e-06       14974.97103
         7.96e-06       14987.21055
         7.97e-06       15027.75976
         7.98e-06        15032.1302
         7.99e-06       15046.20337
            8e-06       15027.01535
         8.01e-06       15026.05228
         8.02e-06        15037.8166
         8.03e-06       15032.37728
         8.04e-06       15044.62605
         8.05e-06       15025.11365
         8.06e-06       15022.23097
         8.07e-06       15005.59597
         8.08e-06       15004.28204
         8.09e-06       14982.46002
          8.1e-06       14959.16978
         8.11e-06       14950.19855
         8.12e-06       14944.87667
         8.13e-06       14956.84127
         8.14e-06       14969.08144
         8.15e-06       14977.67862
         8.16e-06        14996.3562
         8.17e-06       15002.38564
         8.18e-06       14991.99776
         8.19e-06       14993.34563
          8.2e-06       14982.95988
         8.21e-06       14977.00357
         8.22e-06       14986.02304
         8.23e-06       14996.29914
         8.24e-06       14975.72038
         8.25e-06       14962.65268
         8.26e-06       14960.15166
         8.27e-06       14968.19653
         8.28e-06        14954.7023
         8.29e-06         14975.539
          8.3e-06        14980.1033
         8.31e-06       14965.60778
         8.32e-06       14958.16169
         8.33e-06       14955.48301
         8.34e-06       14956.39177
         8.35e-06       14965.45891
         8.36e-06       14973.28984
         8.37e-06        14972.3958
         8.38e-06       14989.82734
         8.39e-06       14991.06482
          8.4e-06       14973.23918
         8.41e-06        14965.0832
         8.42e-06       14974.27719
         8.43e-06       14980.60791
         8.44e-06       14979.70855
         8.45e-06       14972.37045
         8.46e-06       14961.23454
         8.47e-06       14959.13191
         8.48e-06       14963.37104
         8.49e-06       14966.62742
          8.5e-06        14953.9536
         8.51e-06       14962.91464
         8.52e-06       14979.75353
         8.53e-06       14968.84027
         8.54e-06       14976.20897
         8.55e-06         14981.979
         8.56e-06       14992.33452
         8.57e-06       14984.96229
         8.58e-06       14999.78089
         8.59e-06       14996.14283
          8.6e-06       14995.48664
         8.61e-06       14993.76706
         8.62e-06       14984.63496
         8.63e-06       14975.75234
         8.64e-06       14964.81268
         8.65e-06       14964.83039
         8.66e-06       14961.94085
         8.67e-06       14963.53586
         8.68e-06       14961.58951
         8.69e-06       14956.84422
          8.7e-06       14962.96114
         8.71e-06       14965.86895
         8.72e-06       14958.04883
         8.73e-06       14958.58216
         8.74e-06       14963.76666
         8.75e-06       14945.48614
         8.76e-06       14943.61527
         8.77e-06       14942.84822
         8.78e-06       14959.72333
         8.79e-06       14973.94301
          8.8e-06       14995.08408
         8.81e-06        15008.1205
         8.82e-06       15018.39614
         8.83e-06       14996.92961
         8.84e-06       14979.64326
         8.85e-06       14996.35664
         8.86e-06       14984.42032
         8.87e-06       14991.08991
         8.88e-06       14997.99751
         8.89e-06       14979.34726
          8.9e-06       14970.85552
         8.91e-06       14950.47073
         8.92e-06       14961.75309
         8.93e-06       14971.51571
         8.94e-06       14964.07967
         8.95e-06       14997.47185
         8.96e-06       14980.17808
         8.97e-06       15014.84898
         8.98e-06       15012.02136
         8.99e-06        14983.7656
            9e-06       14996.49255
         9.01e-06       15020.51687
         9.02e-06       15016.50585
         9.03e-06       15005.69351
         9.04e-06       15003.34285
         9.05e-06       14991.18433
         9.06e-06       15005.95446
         9.07e-06       15022.93311
         9.08e-06       15011.67653
         9.09e-06       15013.09399
          9.1e-06       15024.62095
         9.11e-06       14987.68208
         9.12e-06       14974.33035
         9.13e-06       14966.45826
         9.14e-06       14994.27115
         9.15e-06       14994.18641
         9.16e-06       14995.58447
         9.17e-06       14985.74939
         9.18e-06       14977.32305
         9.19e-06       14973.93739
          9.2e-06       14980.93397
         9.21e-06       14988.37304
         9.22e-06       14989.14665
         9.23e-06        14998.0632
         9.24e-06       15002.73318
         9.25e-06       15012.98785
         9.26e-06       15016.26766
         9.27e-06       15011.48306
         9.28e-06       15014.84367
         9.29e-06       15013.24731
          9.3e-06       14981.03444
         9.31e-06        15004.0982
         9.32e-06       14988.17537
         9.33e-06       14974.05436
         9.34e-06       14990.05185
         9.35e-06       14980.66393
         9.36e-06       14954.52428
         9.37e-06       14947.57922
         9.38e-06       14970.85108
         9.39e-06       14963.60888
          9.4e-06       14948.51453
         9.41e-06       14946.13658
         9.42e-06       14935.82124
         9.43e-06       14947.90507
         9.44e-06       14935.28273
         9.45e-06       14939.90745
         9.46e-06       14928.79976
         9.47e-06        14942.7016
         9.48e-06       14956.65749
         9.49e-06       14940.51412
          9.5e-06        14948.8708
         9.51e-06       14953.60939
         9.52e-06       14956.15673
         9.53e-06       14959.74031
         9.54e-06       14964.01556
         9.55e-06       14944.60401
         9.56e-06       14939.51083
         9.57e-06       14959.24739
         9.58e-06       14959.25532
         9.59e-06       14958.54467
          9.6e-06       14956.35982
         9.61e-06       14968.08283
         9.62e-06        14968.8109
         9.63e-06        14959.5485
         9.64e-06       14972.08231
         9.65e-06       14992.55584
         9.66e-06       14983.80044
         9.67e-06       14990.96633
         9.68e-06       14961.69108
         9.69e-06       14952.48965
          9.7e-06       14968.41568
         9.71e-06       14974.54839
         9.72e-06       14964.29963
         9.73e-06       14963.09159
         9.74e-06       14966.53116
         9.75e-06       14976.00043
         9.76e-06       14983.77392
         9.77e-06       14990.00746
         9.78e-06       14981.96677
         9.79e-06       14981.26345
          9.8e-06       14965.31222
         9.81e-06       14956.82343
         9.82e-06       14971.89157
         9.83e-06       14965.94263
         9.84e-06       14978.05822
         9.85e-06       14960.03074
         9.86e-06       14963.48207
         9.87e-06       14968.18852
         9.88e-06       14983.09065
         9.89e-06       14961.55019
          9.9e-06       14986.59632
         9.91e-06       14991.48174
         9.92e-06       15002.47513
         9.93e-06       15017.06142
         9.94e-06       15025.46257
         9.95e-06       15032.98837
         9.96e-06       15034.87335
         9.97e-06       15030.09687
         9.98e-06       15012.94303
         9.99e-06       15025.08384
            1e-05       15019.10957
        1.001e-05       15021.28661
        1.002e-05       15008.50787
        1.003e-05       15013.32623
        1.004e-05       15042.57115
        1.005e-05       15035.11771
        1.006e-05       15026.10108
        1.007e-05       15025.42795
        1.008e-05       15026.97468
        1.009e-05       15033.15105
         1.01e-05       15040.25482
        1.011e-05       15027.45813
        1.012e-05       14999.09789
        1.013e-05       14996.84362
        1.014e-05       14998.23083
        1.015e-05       14999.23575
        1.016e-05       15005.50581
        1.017e-05       15007.34859
        1.018e-05       14998.25254
        1.019e-05       14990.96615
         1.02e-05       14986.33416
        1.021e-05       14998.60879
        1.022e-05       15005.97538
        1.023e-05       14986.47528
        1.024e-05       14996.56742
        1.025e-05       14994.46442
        1.026e-05       15004.91791
        1.027e-05       15008.06381
        1.028e-05       15019.31856
        1.029e-05       15019.60268
         1.03e-05        15006.9623
        1.031e-05       15000.54317
        1.032e-05       15006.61372
        1.033e-05       15005.14314
        1.034e-05       15010.81663
        1.035e-05       15031.06655
        1.036e-05       15040.21138
        1.037e-05       15035.58368
        1.038e-05       15030.86746
        1.039e-05       15027.58971
         1.04e-05       15032.05161
        1.041e-05       15023.63508
        1.042e-05        15010.8546
        1.043e-05        14998.3168
        1.044e-05       14995.78689
        1.045e-05       14998.20208
        1.046e-05       14999.41254
        1.047e-05       14990.65556
        1.048e-05       14988.62921
        1.049e-05       14985.92549
         1.05e-05       14981.80891
        1.051e-05       14993.20045
        1.052e-05       14987.54626
        1.053e-05       14988.48598
        1.054e-05        15009.6743
        1.055e-05       15015.09088
        1.056e-05       15048.02245
        1.057e-05       15055.94529
        1.058e-05       15039.84404
        1.059e-05       15061.42418
         1.06e-05        15058.0564
        1.061e-05       15055.94197
        1.062e-05       15060.14669
        1.063e-05       15051.93112
        1.064e-05       15041.14459
        1.065e-05       15051.43217
        1.066e-05       15048.76429
        1.067e-05       15038.57371
        1.068e-05       15035.16736
        1.069e-05       15028.23611
         1.07e-05       15046.84316
        1.071e-05       15032.89124
        1.072e-05       15024.59525
        1.073e-05       15020.29817
        1.074e-05        15021.3537
        1.075e-05       15015.08723
        1.076e-05       15022.43117
        1.077e-05       15018.61839
        1.078e-05       15011.25011
        1.079e-05       15019.16155
         1.08e-05       15034.19196
        1.081e-05       15061.03513
        1.082e-05       15057.78995
        1.083e-05       15068.38871
        1.084e-05       15091.99047
        1.085e-05       15088.56618
        1.086e-05        15103.8125
        1.087e-05       15094.10052
        1.088e-05       15063.19859
        1.089e-05         15050.645
         1.09e-05       15046.00497
        1.091e-05       15065.17477
        1.092e-05       15044.50418
        1.093e-05       15044.28508
        1.094e-05       15066.29853
        1.095e-05       15056.73421
        1.096e-05       15056.43543
        1.097e-05       15058.71069
        1.098e-05       15066.66715
        1.099e-05        15082.8631
          1.1e-05       15057.74843
        1.101e-05       15059.44286
        1.102e-05       15056.59454
        1.103e-05       15047.49855
        1.104e-05       15048.35009
        1.105e-05        15037.9349
        1.106e-05       15038.87857
        1.107e-05       15045.83926
        1.108e-05       15052.12304
        1.109e-05       15022.26043
         1.11e-05       15017.41972
        1.111e-05       15028.63724
        1.112e-05        15026.6846
        1.113e-05       15022.77697
        1.114e-05       15014.51061
        1.115e-05       15021.42602
        1.116e-05       15024.77926
        1.117e-05       15031.48348
        1.118e-05        15052.0037
        1.119e-05       15055.87824
         1.12e-05       15055.44555
        1.121e-05       15025.43596
        1.122e-05        15029.2603
        1.123e-05        15023.7183
        1.124e-05       15012.52891
        1.125e-05       15013.73318
        1.126e-05       15014.94389
        1.127e-05       15010.86289
        1.128e-05       14995.09522
        1.129e-05       15006.49871
         1.13e-05       15012.54833
        1.131e-05       15015.83419
        1.132e-05       15009.05819
        1.133e-05       15000.18426
        1.134e-05       14990.95779
        1.135e-05       14998.41392
        1.136e-05       15009.60289
        1.137e-05       15007.21633
        1.138e-05       15000.58299
        1.139e-05       14994.63349
         1.14e-05       14996.16415
        1.141e-05       15019.82372
        1.142e-05       15041.29703
        1.143e-05       15040.07924
        1.144e-05       15035.57068
        1.145e-05       15043.72493
        1.146e-05       15036.57789
        1.147e-05       15033.16611
        1.148e-05         15012.127
        1.149e-05       15013.86221
         1.15e-05       15015.24019
        1.151e-05       15015.88879
        1.152e-05       15024.93563
        1.153e-05       15024.64007
        1.154e-05       15024.09799
        1.155e-05       15036.29873
        1.156e-05       15054.57592
        1.157e-05       15061.27784
        1.158e-05       15086.60962
        1.159e-05       15071.57825
         1.16e-05       15086.49599
        1.161e-05       15103.85185
        1.162e-05        15111.4814
        1.163e-05       15113.10902
        1.164e-05       15099.54271
        1.165e-05       15079.66605
        1.166e-05       15084.55547
        1.167e-05       15061.93903
        1.168e-05       15084.73683
        1.169e-05       15079.41289
         1.17e-05       15083.36428
        1.171e-05       15066.16499
        1.172e-05       15063.68444
        1.173e-05       15067.45403
        1.174e-05       15053.37659
        1.175e-05       15052.74626
        1.176e-05       15030.14792
        1.177e-05       15039.65655
        1.178e-05        15044.2617
        1.179e-05       15038.91954
         1.18e-05       15052.42268
        1.181e-05       15049.30859
        1.182e-05       15052.54674
        1.183e-05        15045.2701
        1.184e-05       15035.32281
        1.185e-05       15035.83955
        1.186e-05       15049.20958
        1.187e-05       15042.89887
        1.188e-05       15053.20676
        1.189e-05       15024.66719
         1.19e-05       15028.35938
        1.191e-05       15041.60718
        1.192e-05       15043.64107
        1.193e-05       15028.04597
        1.194e-05       15036.22782
        1.195e-05       15027.19386
        1.196e-05       15034.55777
        1.197e-05       15036.00412
        1.198e-05       15031.05403
        1.199e-05       15043.02849
          1.2e-05       15037.13554
        1.201e-05        15049.9164
        1.202e-05       15051.75684
        1.203e-05       15048.69025
        1.204e-05         15031.727
        1.205e-05        15017.3535
        1.206e-05        15023.1789
        1.207e-05       15026.07989
        1.208e-05       15028.06714
        1.209e-05       15052.82419
         1.21e-05       15051.71239
        1.211e-05       15058.56971
        1.212e-05       15067.06282
        1.213e-05       15077.83044
        1.214e-05       15060.28398
        1.215e-05       15076.49625
        1.216e-05       15077.37647
        1.217e-05        15060.9308
        1.218e-05       15050.47577
        1.219e-05       15044.18649
         1.22e-05       15014.60202
        1.221e-05       14985.18603
        1.222e-05       14985.68089
        1.223e-05        14987.0078
        1.224e-05       14995.85751
        1.225e-05       14984.18274
        1.226e-05       14995.11026
        1.227e-05       15017.44756
        1.228e-05       15025.55315
        1.229e-05       15017.98636
         1.23e-05       15015.80875
        1.231e-05       15008.84621
        1.232e-05       14991.08577
        1.233e-05       14998.53404
        1.234e-05       15005.42333
        1.235e-05       15023.83961
        1.236e-05        15023.4637
        1.237e-05       15020.63367
        1.238e-05       15007.24029
        1.239e-05       15023.43523
         1.24e-05       15019.60329
        1.241e-05       15003.25477
        1.242e-05        14995.8805
        1.243e-05       14978.17746
        1.244e-05       14978.32307
        1.245e-05       14988.73143
        1.246e-05       14993.52487
        1.247e-05       15010.00616
        1.248e-05       15014.44932
        1.249e-05       15004.99588
         1.25e-05       14989.93928
        1.251e-05       14992.94316
        1.252e-05       14993.68717
        1.253e-05       15002.60256
        1.254e-05       15008.63873
        1.255e-05       15025.72351
        1.256e-05       15007.54455
        1.257e-05       15014.24828
        1.258e-05         15024.886
        1.259e-05       15038.03753
         1.26e-05       15029.76033
        1.261e-05       15028.21793
        1.262e-05       15012.53898
        1.263e-05       15017.47139
        1.264e-05       15037.66757
        1.265e-05        15015.9126
        1.266e-05       15010.97492
        1.267e-05       15012.78448
        1.268e-05       15010.94656
        1.269e-05       15013.29941
         1.27e-05       15035.84691
        1.271e-05       15040.35495
        1.272e-05       15021.23776
        1.273e-05       15044.11215
        1.274e-05       15027.26612
        1.275e-05       15014.62447
        1.276e-05       15008.03565
        1.277e-05       15003.31157
        1.278e-05        14999.7749
        1.279e-05       15001.88361
         1.28e-05        15010.8417
        1.281e-05       15013.48723
        1.282e-05        15015.1621
        1.283e-05       15014.89869
        1.284e-05       15008.89809
        1.285e-05       14991.22284
        1.286e-05       14997.62004
        1.287e-05       14990.06413
        1.288e-05       14996.29777
        1.289e-05       15004.90986
         1.29e-05       15002.71698
        1.291e-05        15014.0259
        1.292e-05       15006.60978
        1.293e-05       14986.80216
        1.294e-05       14984.94952
        1.295e-05        14988.8377
        1.296e-05       14993.32608
        1.297e-05       14979.72499
        1.298e-05       14976.22561
        1.299e-05       14996.43087
          1.3e-05       14976.03548
