/*--------------------------------*- C++ -*----------------------------------*\
| =========                 |                                                 |
| \\      /  F ield         | OpenFOAM: The Open Source CFD Toolbox           |
|  \\    /   O peration     | Version:  v1706                                 |
|   \\  /    A nd           | Web:      www.OpenFOAM.com                      |
|    \\/     M anipulation  |                                                 |
\*---------------------------------------------------------------------------*/
FoamFile
{
    version     2.0;
    format      ascii;
    class       volScalarField;
    location    "0.1";
    object      overallT_Ar;
}
// * * * * * * * * * * * * * * * * * * * * * * * * * * * * * * * * * * * * * //

dimensions      [0 0 0 1 0 0 0];


internalField   nonuniform List<scalar> 
1000
(
272.4506226
273.7468702
272.9762999
274.5828565
273.3487856
273.6852986
275.1580117
273.4722527
275.4195178
273.0891383
273.7459554
270.4015257
271.6724418
272.0755177
272.3801533
273.408796
272.3116304
271.9216333
272.0788184
272.4386365
271.3461815
272.9912676
272.6665934
272.2898707
272.0905048
272.1843903
269.8580073
272.8779259
272.925151
272.9006259
274.1079708
274.8788397
271.5637315
273.7340752
272.3912413
272.1164417
271.9016756
273.0847988
273.1172337
271.9674741
273.21485
273.5753341
273.2418565
273.7492631
275.3971726
275.5528138
275.0004248
274.8091115
273.8532681
272.0654569
274.1333036
273.8098372
273.7828526
272.8005848
272.8593682
274.4716304
274.8592112
272.6530438
272.4082543
273.3175901
272.7934306
273.6468493
274.1542505
272.7987969
273.0281064
272.6481168
272.9333103
274.0405462
272.8354925
274.3087823
274.9450316
274.5441618
271.8642153
273.6149342
274.6584198
273.8784661
273.92762
274.4502219
272.5828966
274.4138414
272.5945371
273.1423739
272.3163601
274.3295332
274.2686843
274.2354147
271.7565458
271.9121161
272.5162074
270.7889312
271.4143123
269.6880172
269.7864444
275.0483696
273.3960901
274.5554226
274.0602911
274.1984313
274.3445654
274.3465153
272.9039593
273.3468043
273.7611393
271.7966176
272.6098695
273.0552553
274.5689355
275.0161627
275.2286055
273.4574073
273.8501122
274.6197129
273.6649019
274.5992291
274.5196545
274.8862178
273.4319208
273.2021624
273.1894496
273.2810341
272.5777199
274.1650647
273.0752976
272.3955365
271.9592447
271.4051776
272.9385077
272.3758296
272.3803651
272.5483548
272.7563333
272.0804492
271.8053711
272.0417453
272.564994
274.1581577
274.7653655
274.2342685
273.7514543
275.1962272
273.6154166
273.8852232
274.3484064
274.4595619
276.3334993
275.5560664
275.4563007
274.2526443
274.5147575
274.6633511
274.2330438
272.8178229
273.3666272
272.7051475
274.5021413
274.3516224
274.0248281
273.2563285
270.4521388
269.3897384
272.3711695
271.6833937
273.5653867
273.9671746
273.7404832
271.8634028
273.3366645
272.2082383
271.4403283
272.2904789
271.1022606
273.2335138
273.0660287
273.3178699
272.1362522
270.6223162
272.308677
272.984731
272.4563367
274.9382791
274.600474
275.8820186
273.9091088
275.8735492
273.6124047
275.538522
274.3674551
275.0694039
272.6634598
273.2106615
271.0101649
272.8228472
274.5847891
275.3193894
274.4635611
272.9578598
272.8262472
273.7251608
272.6959971
273.1023138
272.8126109
273.9856206
274.2888422
273.1801056
272.6809459
271.9928256
273.0316005
274.9587303
274.2178978
274.2006188
272.4245935
271.7377601
271.6964199
274.4577236
273.8290959
273.4867767
272.9414579
272.6013929
271.4613935
273.6923786
272.8587627
272.3335271
271.9736833
273.0977312
271.7128019
273.4730729
273.1211125
274.5370521
274.1067765
272.9385362
273.9760413
273.5455928
273.2925979
272.8628533
273.4232908
272.5025146
272.6068446
273.0641281
273.6190144
272.8658217
273.7016154
273.7892982
272.2357558
273.4550646
274.6323129
274.1573321
273.0402064
274.5853144
274.0554427
273.2840708
272.8101989
272.9786342
273.5362944
273.739438
273.9576326
273.6665754
272.9071008
271.7747996
271.9554886
273.0115254
275.6835065
274.4075063
271.7380611
273.234848
272.4686042
273.3142374
273.1742862
273.8869315
274.6697339
274.7150666
274.4311387
273.0515606
272.2384747
272.8510454
273.2503951
274.0108392
273.7497828
275.0975141
275.2326758
272.918332
272.1548131
274.1435893
274.0002332
273.5492523
273.2603416
273.5344242
271.3160936
270.6771475
272.8225609
271.8568342
272.363389
273.7788795
272.7196632
273.8637107
275.9434588
274.27465
273.5106519
274.1528776
274.0765027
274.7109709
274.2712122
273.8280127
274.2844556
271.5594763
274.069141
271.9135874
274.4642945
275.1426376
274.7651423
274.8609248
274.1436333
273.6304981
273.7620644
274.6235162
274.3110668
273.7013462
274.7096283
275.0606533
272.8179221
271.6094795
271.0481834
273.6297934
274.4413912
273.4013667
273.1730833
271.8054817
273.0362202
274.2291605
273.1274631
273.5180603
274.7219382
272.2384458
270.4770392
273.1660331
273.1387054
275.4089609
274.598076
273.5416216
273.560725
275.3783065
274.6920732
274.3935616
273.5554408
272.8153973
275.9829755
276.2932294
273.362003
275.0714101
273.9941529
274.6218004
275.122399
273.8414541
272.9523522
272.0105566
274.2299924
273.3035622
273.6973313
272.8865216
272.4764758
270.2466097
270.2719458
272.8980935
273.9965365
273.3946867
273.1206991
272.6874231
272.8052214
272.7979601
270.0328142
270.4717038
272.9959078
274.1923742
271.850125
272.5923115
271.5362147
272.7514666
273.3267398
274.7130472
273.3710245
273.3194862
275.6696317
275.0389622
275.3252207
274.3945033
272.6591281
273.9453731
273.8456956
273.4438002
272.5308238
273.1168138
271.8527194
273.9803664
275.3596048
274.9481478
275.6847297
272.7300634
274.2997902
274.0246621
272.7123206
272.9950156
273.584214
271.8239987
273.0232169
273.8914085
273.4805866
271.7184092
272.3582168
273.0480563
274.383231
273.6552513
272.2625357
272.1709865
273.185649
273.7947956
273.3323017
273.2600329
272.7711575
272.5005021
272.5439959
272.3544347
272.2292555
271.8004943
271.0283971
271.9166537
272.2326693
272.7474253
271.3877813
273.6063993
273.4376635
271.7424092
272.1180368
272.8848077
273.6193728
274.129683
273.8618743
272.6736496
273.0031784
273.9517136
273.5850333
272.7040165
272.1920745
273.7474626
273.8727202
274.2014481
273.1824895
273.595937
274.6959171
273.806994
274.0357262
272.1995535
273.6860131
274.2081984
273.6186122
274.9909226
274.6373182
272.5749111
273.0075646
272.5399828
275.2946652
274.5261506
273.7036421
274.1140523
271.6744353
273.9693083
273.1579889
274.0248469
272.9469336
274.0903965
275.8521316
273.6639448
274.2456831
272.795681
273.7236516
273.4545153
271.6471165
273.0967642
272.3776316
273.4433625
274.1502259
270.7551914
271.3376816
273.7173556
274.5135309
275.0313978
275.6431863
274.5135322
272.8295407
273.0942989
272.6325217
272.4426596
272.6070292
273.4039599
273.9195993
274.2857059
275.0439762
271.9815388
273.1409962
273.6322633
275.2449217
274.6502149
274.4911357
274.9162607
275.3889818
273.7452805
273.330705
275.3321164
271.8544427
271.2813953
275.0379966
273.5323708
274.061442
272.9010643
275.4028485
276.5918802
275.6204949
274.7592225
274.2887423
275.1507514
275.1569958
271.6303232
272.4193716
274.1933719
273.8643232
275.5894304
275.2161479
272.5920056
272.8538555
272.6680654
273.132576
274.7154307
272.5971409
272.831972
272.0646698
273.5799807
275.4536535
275.0996561
273.0177902
273.2706514
271.8447801
273.217034
274.1666511
273.280957
271.927431
272.5897483
274.6495763
274.5749265
276.0825312
274.3525932
272.6513091
273.8657366
275.0807323
274.884047
273.6643518
272.529532
272.4719959
272.1489088
270.770199
271.1602025
271.7040453
271.7836754
271.6759469
273.0693385
273.4102399
272.2112237
272.0825665
273.5843771
273.0522623
273.7796248
272.2693395
272.0098776
273.2134023
273.9884039
274.0171947
272.7711701
272.343662
272.651566
271.5076663
272.6219411
276.1060447
274.0283441
273.7315294
274.1488951
274.3071488
272.9392181
273.6263135
273.664661
272.7344595
271.9216643
271.2891692
271.6959966
273.3241183
274.7960541
273.7769576
274.7019102
274.6046907
273.9615788
273.2766314
273.1037621
273.1381528
273.1713069
273.9700861
272.6628184
272.2766813
272.7579186
271.4588575
274.8433154
273.1766741
273.4114322
273.8058511
274.3945492
272.00378
272.9984757
275.6934236
273.157624
272.5219415
272.4929676
272.8626792
273.2529157
272.8334367
271.9732698
272.1884975
271.2135711
270.7103203
272.0457014
273.4467732
272.1645316
273.5271372
273.6441785
274.3165757
274.1217247
274.0167968
272.90723
272.8816393
274.7861204
274.7225305
273.9683621
273.2320516
272.432777
272.8969596
274.9682371
273.2771625
272.6833688
275.0620172
272.5912907
273.6057341
275.3716322
274.4928533
274.7504267
274.7449233
273.4761872
272.8253597
272.3175829
272.9088316
272.7624515
273.651418
273.123751
273.3321313
274.7337159
273.6761767
274.0744324
275.5168186
273.5158575
272.5881777
273.5880878
274.2266336
272.584942
272.6461235
272.6570766
272.0266839
273.315946
274.5936978
273.2649821
273.5365295
274.4140285
273.2284584
273.8206535
272.9056257
272.3113995
273.4374214
271.8529056
273.5456872
273.6511299
271.6987
274.2017501
272.9195363
272.8634224
270.9909232
273.0492047
272.5664298
271.4020259
271.4613846
274.4545856
274.6504856
275.1428013
275.7628745
273.3386696
273.6374584
273.5292298
273.7039339
273.2826778
274.3183118
274.6934496
273.9658768
274.7524062
274.0111539
273.6257685
272.6939657
272.3705108
274.8752808
275.7727003
272.3632353
272.9334448
275.0910277
274.5340687
273.9924578
274.3266586
272.9560253
275.1062437
273.4748633
273.4307654
273.4542595
274.4055885
273.1670911
273.2901231
272.9590287
271.9766358
272.9174987
272.5644785
270.9503294
273.3621228
274.1206958
272.8509387
272.674689
271.708432
273.3865203
274.1532982
272.4752627
273.7922401
274.4875
274.2015774
274.2914685
271.4404739
271.8209822
274.3300743
273.9213044
273.9354394
275.4874591
274.8525067
274.0406308
274.2408493
273.8965736
276.0465183
273.9339521
275.0142813
275.1513047
273.6830826
271.9245537
273.2577523
272.0683744
272.3816873
273.7429296
272.1910929
273.3759077
272.3701824
272.6529567
270.7119776
271.3999352
273.6686409
272.3135185
272.5785863
274.4367584
274.1832972
273.5394894
274.0286471
272.5473803
272.6452248
271.6249335
273.6277382
274.7169147
273.8564644
273.0394
273.7090215
272.6682226
273.9944532
274.2626652
274.4751883
272.659146
272.2552719
271.8919333
271.4543923
271.5964895
272.7744029
272.1739211
273.1498455
273.9775063
273.3846851
274.8117829
272.4576265
273.5845463
272.6231764
272.7701326
272.0080173
273.3029394
272.9621648
272.3920063
273.2630518
273.3286156
274.0165416
272.4696314
271.5166592
271.6204863
274.16413
275.1940636
273.7728979
273.9186066
275.35199
276.1957254
275.1648303
271.8546254
272.9698475
274.2074116
272.2583987
270.9189966
271.5229536
273.7309543
272.34972
272.4981952
271.5384821
272.576145
272.2071239
272.0354735
274.5982933
274.6120397
274.100227
274.8355656
274.0704263
273.4752124
273.2241247
271.6250036
270.3348648
272.968323
273.8900752
274.1225789
273.9893221
273.6697426
274.411277
274.0197802
273.0130864
271.985205
273.6413494
274.7863969
276.240688
274.5788949
273.6056615
276.208549
272.9923549
273.7728001
274.030792
271.7872784
273.3979794
272.6572552
273.1682137
270.7947522
272.6381621
271.6185479
272.5773189
274.3151642
274.2752908
274.8432849
274.3303719
273.3471229
273.2887956
272.9814599
272.7818715
271.7904655
273.5778836
273.2528637
271.8060625
272.0833718
273.5719337
271.8692752
274.8090004
271.3926141
271.3503551
271.87554
272.3600364
273.7151284
273.1497735
273.4678752
272.6964412
272.7510633
272.8430281
272.7643862
273.8459258
274.3008258
274.557369
275.0521254
272.8468597
273.004808
273.0940407
272.8234915
271.3767877
272.353814
273.7692077
276.2165343
273.5839594
272.3754219
272.8810095
273.1965824
272.7553763
273.6920787
272.8590874
275.2893005
273.8289755
271.5917386
272.2958093
273.0699874
273.2076839
273.589257
274.3802904
274.6348871
273.5190925
272.1407061
272.0544831
270.7756604
272.3213129
272.6834736
271.5343833
272.2757444
271.8886762
272.3807256
272.2025149
273.6959929
274.3022948
272.5241526
271.7370255
273.1896681
272.6203725
273.1446146
271.8804891
272.9286949
271.7804506
273.7264657
274.713946
274.4957701
273.0120395
273.7713021
276.3872879
275.5333934
275.2617858
274.6074038
274.7987363
274.3472033
274.4819338
274.2901246
272.7935579
272.3629584
272.274669
271.9596929
273.0159996
272.6501107
273.8612443
271.3676086
272.6558342
272.6272617
272.5278135
272.3796135
272.6428617
272.90812
272.2934744
271.5407318
273.3312844
273.1077601
273.7799706
274.0040522
273.6399615
273.3035687
272.462652
273.0666948
274.0924999
274.155796
274.363538
274.4405039
273.8826173
274.0220136
273.9012331
273.319481
272.9274702
270.0281496
272.6900809
272.5834656
274.0962874
273.8896751
273.6352054
272.8270316
272.5932318
272.8655433
273.1893249
275.2062676
273.2507705
)
;

boundaryField
{
    bottom
    {
        type            calculated;
        value           nonuniform List<scalar> 
200
(
272.4506226
273.7468702
272.9762999
274.5828565
273.3487856
273.6852986
275.1580117
273.4722527
275.4195178
273.0891383
273.7459554
270.4015257
271.6724418
272.0755177
272.3801533
273.408796
272.3116304
271.9216333
272.0788184
272.4386365
271.3461815
272.9912676
272.6665934
272.2898707
272.0905048
272.1843903
269.8580073
272.8779259
272.925151
272.9006259
274.1079708
274.8788397
271.5637315
273.7340752
272.3912413
272.1164417
271.9016756
273.0847988
273.1172337
271.9674741
273.21485
273.5753341
273.2418565
273.7492631
275.3971726
275.5528138
275.0004248
274.8091115
273.8532681
272.0654569
274.1333036
273.8098372
273.7828526
272.8005848
272.8593682
274.4716304
274.8592112
272.6530438
272.4082543
273.3175901
272.7934306
273.6468493
274.1542505
272.7987969
273.0281064
272.6481168
272.9333103
274.0405462
272.8354925
274.3087823
274.9450316
274.5441618
271.8642153
273.6149342
274.6584198
273.8784661
273.92762
274.4502219
272.5828966
274.4138414
272.5945371
273.1423739
272.3163601
274.3295332
274.2686843
274.2354147
271.7565458
271.9121161
272.5162074
270.7889312
271.4143123
269.6880172
269.7864444
275.0483696
273.3960901
274.5554226
274.0602911
274.1984313
274.3445654
274.3465153
272.9039593
273.3468043
273.7611393
271.7966176
272.6098695
273.0552553
274.5689355
275.0161627
275.2286055
273.4574073
273.8501122
274.6197129
273.6649019
274.5992291
274.5196545
274.8862178
273.4319208
273.2021624
273.1894496
273.2810341
272.5777199
274.1650647
273.0752976
272.3955365
271.9592447
271.4051776
272.9385077
272.3758296
272.3803651
272.5483548
272.7563333
272.0804492
271.8053711
272.0417453
272.564994
274.1581577
274.7653655
274.2342685
273.7514543
275.1962272
273.6154166
273.8852232
274.3484064
274.4595619
276.3334993
275.5560664
275.4563007
274.2526443
274.5147575
274.6633511
274.2330438
272.8178229
273.3666272
272.7051475
274.5021413
274.3516224
274.0248281
273.2563285
270.4521388
269.3897384
272.3711695
271.6833937
273.5653867
273.9671746
273.7404832
271.8634028
273.3366645
272.2082383
271.4403283
272.2904789
271.1022606
273.2335138
273.0660287
273.3178699
272.1362522
270.6223162
272.308677
272.984731
272.4563367
274.9382791
274.600474
275.8820186
273.9091088
275.8735492
273.6124047
275.538522
274.3674551
275.0694039
272.6634598
273.2106615
271.0101649
272.8228472
274.5847891
275.3193894
274.4635611
272.9578598
272.8262472
273.7251608
272.6959971
273.1023138
)
;
    }
    top
    {
        type            calculated;
        value           nonuniform List<scalar> 
200
(
272.7701326
272.0080173
273.3029394
272.9621648
272.3920063
273.2630518
273.3286156
274.0165416
272.4696314
271.5166592
271.6204863
274.16413
275.1940636
273.7728979
273.9186066
275.35199
276.1957254
275.1648303
271.8546254
272.9698475
274.2074116
272.2583987
270.9189966
271.5229536
273.7309543
272.34972
272.4981952
271.5384821
272.576145
272.2071239
272.0354735
274.5982933
274.6120397
274.100227
274.8355656
274.0704263
273.4752124
273.2241247
271.6250036
270.3348648
272.968323
273.8900752
274.1225789
273.9893221
273.6697426
274.411277
274.0197802
273.0130864
271.985205
273.6413494
274.7863969
276.240688
274.5788949
273.6056615
276.208549
272.9923549
273.7728001
274.030792
271.7872784
273.3979794
272.6572552
273.1682137
270.7947522
272.6381621
271.6185479
272.5773189
274.3151642
274.2752908
274.8432849
274.3303719
273.3471229
273.2887956
272.9814599
272.7818715
271.7904655
273.5778836
273.2528637
271.8060625
272.0833718
273.5719337
271.8692752
274.8090004
271.3926141
271.3503551
271.87554
272.3600364
273.7151284
273.1497735
273.4678752
272.6964412
272.7510633
272.8430281
272.7643862
273.8459258
274.3008258
274.557369
275.0521254
272.8468597
273.004808
273.0940407
272.8234915
271.3767877
272.353814
273.7692077
276.2165343
273.5839594
272.3754219
272.8810095
273.1965824
272.7553763
273.6920787
272.8590874
275.2893005
273.8289755
271.5917386
272.2958093
273.0699874
273.2076839
273.589257
274.3802904
274.6348871
273.5190925
272.1407061
272.0544831
270.7756604
272.3213129
272.6834736
271.5343833
272.2757444
271.8886762
272.3807256
272.2025149
273.6959929
274.3022948
272.5241526
271.7370255
273.1896681
272.6203725
273.1446146
271.8804891
272.9286949
271.7804506
273.7264657
274.713946
274.4957701
273.0120395
273.7713021
276.3872879
275.5333934
275.2617858
274.6074038
274.7987363
274.3472033
274.4819338
274.2901246
272.7935579
272.3629584
272.274669
271.9596929
273.0159996
272.6501107
273.8612443
271.3676086
272.6558342
272.6272617
272.5278135
272.3796135
272.6428617
272.90812
272.2934744
271.5407318
273.3312844
273.1077601
273.7799706
274.0040522
273.6399615
273.3035687
272.462652
273.0666948
274.0924999
274.155796
274.363538
274.4405039
273.8826173
274.0220136
273.9012331
273.319481
272.9274702
270.0281496
272.6900809
272.5834656
274.0962874
273.8896751
273.6352054
272.8270316
272.5932318
272.8655433
273.1893249
275.2062676
273.2507705
)
;
    }
    inlet
    {
        type            calculated;
        value           nonuniform List<scalar> 5(272.4506226 272.8126109 273.584214 273.9700861 272.7701326);
    }
    outlet
    {
        type            calculated;
        value           nonuniform List<scalar> 5(273.1023138 272.9950156 273.1713069 272.6231764 273.2507705);
    }
    back
    {
        type            symmetry;
    }
    front
    {
        type            symmetry;
    }
}


// ************************************************************************* //
