/*--------------------------------*- C++ -*----------------------------------*\
| =========                 |                                                 |
| \\      /  F ield         | OpenFOAM: The Open Source CFD Toolbox           |
|  \\    /   O peration     | Version:  v1706                                 |
|   \\  /    A nd           | Web:      www.OpenFOAM.com                      |
|    \\/     M anipulation  |                                                 |
\*---------------------------------------------------------------------------*/
FoamFile
{
    version     2.0;
    format      ascii;
    class       volVectorField;
    location    "1e-06";
    object      fD_Ar;
}
// * * * * * * * * * * * * * * * * * * * * * * * * * * * * * * * * * * * * * //

dimensions      [1 -1 -2 0 0 0 0];


internalField   uniform (0 0 0);

boundaryField
{
    stickingWall
    {
        type            calculated;
        value           uniform (0 0 0);
    }
    defaultFaces
    {
        type            calculated;
        value           nonuniform List<vector> 
140
(
(24.67243456 0 0)
(27.01827275 0 0)
(30.45868093 0 0)
(33.30216786 0 0)
(35.72927147 0 0)
(38.38811223 0 0)
(40.82885339 0 0)
(42.7815995 0 0)
(45.34296793 0 0)
(47.25717453 0 0)
(24.22289842 0 0)
(27.03424618 0 0)
(30.05705058 0 0)
(33.13778304 0 0)
(35.88514698 0 0)
(38.24836239 0 0)
(40.77655122 0 0)
(43.27565347 0 0)
(45.30747151 0 0)
(47.22345179 0 0)
(24.14091907 0 0)
(27.36086216 0 0)
(30.49634279 0 0)
(33.45128845 0 0)
(36.37487345 0 0)
(39.29942892 0 0)
(40.69419475 0 0)
(42.94187932 0 0)
(45.32150137 0 0)
(46.39598937 0 0)
(24.38141254 0 0)
(26.93551714 0 0)
(30.30749849 0 0)
(33.57609125 0 0)
(35.7351224 0 0)
(38.45078147 0 0)
(40.50737102 0 0)
(43.33387893 0 0)
(45.50984483 0 0)
(47.23267236 0 0)
(24.40277393 0 0)
(26.84426724 0 0)
(29.97502867 0 0)
(33.32636152 0 0)
(36.66222579 0 0)
(38.44197692 0 0)
(41.18678994 0 0)
(42.84592407 0 0)
(45.02173125 0 0)
(46.96734618 0 0)
(24.40485339 0 0)
(27.31245801 0 0)
(30.1640863 0 0)
(33.10435021 0 0)
(35.61141606 0 0)
(37.87682061 0 0)
(40.68110216 0 0)
(43.16628729 0 0)
(45.59024622 0 0)
(47.10785664 0 0)
(24.1208005 0 0)
(26.93649092 0 0)
(30.06734338 0 0)
(33.40750837 0 0)
(35.90428283 0 0)
(37.89661824 0 0)
(40.84008068 0 0)
(42.94904807 0 0)
(45.41188878 0 0)
(46.93195434 0 0)
(24.07959282 0 0)
(26.91992297 0 0)
(29.78313766 0 0)
(33.01651115 0 0)
(35.3550908 0 0)
(38.10965593 0 0)
(41.04744225 0 0)
(42.90814507 0 0)
(44.99285531 0 0)
(47.23818006 0 0)
(23.72056101 0 0)
(26.73175503 0 0)
(29.80030569 0 0)
(32.67617849 0 0)
(35.18883613 0 0)
(37.41847062 0 0)
(40.54899385 0 0)
(43.35458355 0 0)
(45.85594136 0 0)
(47.3519731 0 0)
(23.79961871 0 0)
(26.79326248 0 0)
(29.96956574 0 0)
(33.14452028 0 0)
(35.2028898 0 0)
(38.06349819 0 0)
(40.89536679 0 0)
(43.29289341 0 0)
(45.32590273 0 0)
(47.26388684 0 0)
(0 -30.4706265 0)
(0 -30.35015368 0)
(0 -30.23691179 0)
(0 -30.53520999 0)
(0 -30.29348646 0)
(0 -30.31681958 0)
(0 -30.09961522 0)
(0 -30.34120182 0)
(0 -30.49456275 0)
(0 -30.07403635 0)
(0 42.11223271 0)
(0 43.13584688 0)
(0 42.70636905 0)
(0 43.11571649 0)
(0 42.48946002 0)
(0 42.77134125 0)
(0 42.5346704 0)
(0 42.05597324 0)
(0 42.65581425 0)
(0 42.24931083 0)
(0 0 -27.30660451)
(0 0 -29.47844804)
(0 0 -31.43220992)
(0 0 -33.74371187)
(0 0 -35.83952553)
(0 0 -38.14387625)
(0 0 -40.11249654)
(0 0 -41.66976468)
(0 0 -43.86454305)
(0 0 -44.57811371)
(0 0 27.2536963)
(0 0 28.77003244)
(0 0 30.86570334)
(0 0 34.39225682)
(0 0 35.94403628)
(0 0 36.91024188)
(0 0 39.5399955)
(0 0 41.78259464)
(0 0 43.95106017)
(0 0 44.46822952)
)
;
    }
}


// ************************************************************************* //
