/*--------------------------------*- C++ -*----------------------------------*\
| =========                 |                                                 |
| \\      /  F ield         | OpenFOAM: The Open Source CFD Toolbox           |
|  \\    /   O peration     | Version:  v1706                                 |
|   \\  /    A nd           | Web:      www.OpenFOAM.com                      |
|    \\/     M anipulation  |                                                 |
\*---------------------------------------------------------------------------*/
FoamFile
{
    version     2.0;
    format      ascii;
    class       volScalarField;
    location    "1e-06";
    object      mfpCellRatio_Ar;
}
// * * * * * * * * * * * * * * * * * * * * * * * * * * * * * * * * * * * * * //

dimensions      [0 0 0 0 0 0 0];


internalField   nonuniform List<scalar> 
100
(
409.1766098
455.2329567
509.4041349
566.2901761
619.8737744
668.7309317
715.0608329
763.7735241
801.8619863
824.8731287
413.977457
453.5908764
512.4985436
566.7732844
625.4988926
675.1235566
720.9138907
765.1872454
802.1938542
832.4244959
411.5735825
453.885458
507.35323
563.8871013
613.3413341
665.5547256
719.9120468
765.730356
800.6659651
827.9775138
413.1371364
457.6560788
511.5214472
561.8038829
615.6740403
668.8683184
718.7209504
761.8304967
801.503393
824.0909442
413.1992782
463.3970329
516.3692815
567.1323712
615.3358289
673.1672437
720.5047165
769.6700727
800.1219948
829.8779823
411.8601847
459.5298346
513.6680913
566.4540112
616.4522765
674.3874092
728.3264126
770.9397215
800.9129373
828.6439088
414.4879351
456.7086711
509.7151786
563.5371131
623.6927273
672.8967674
724.286995
769.9464984
808.6932885
828.5786092
414.6239081
457.4224502
515.9387957
569.7885751
620.7335302
673.8665094
719.6970792
765.7465189
808.0908186
827.8894099
415.4004962
457.9826997
511.313916
569.9928392
625.1738358
677.9296784
723.6353556
766.631667
806.4914045
836.7074742
411.7444074
462.4089221
514.0325709
568.354531
623.1734891
679.3798946
724.8479597
759.6169552
795.6889134
829.1310737
)
;

boundaryField
{
    stickingWall
    {
        type            calculated;
        value           nonuniform List<scalar> 
100
(
409.1766098
455.2329567
509.4041349
566.2901761
619.8737744
668.7309317
715.0608329
763.7735241
801.8619863
824.8731287
413.977457
453.5908764
512.4985436
566.7732844
625.4988926
675.1235566
720.9138907
765.1872454
802.1938542
832.4244959
411.5735825
453.885458
507.35323
563.8871013
613.3413341
665.5547256
719.9120468
765.730356
800.6659651
827.9775138
413.1371364
457.6560788
511.5214472
561.8038829
615.6740403
668.8683184
718.7209504
761.8304967
801.503393
824.0909442
413.1992782
463.3970329
516.3692815
567.1323712
615.3358289
673.1672437
720.5047165
769.6700727
800.1219948
829.8779823
411.8601847
459.5298346
513.6680913
566.4540112
616.4522765
674.3874092
728.3264126
770.9397215
800.9129373
828.6439088
414.4879351
456.7086711
509.7151786
563.5371131
623.6927273
672.8967674
724.286995
769.9464984
808.6932885
828.5786092
414.6239081
457.4224502
515.9387957
569.7885751
620.7335302
673.8665094
719.6970792
765.7465189
808.0908186
827.8894099
415.4004962
457.9826997
511.313916
569.9928392
625.1738358
677.9296784
723.6353556
766.631667
806.4914045
836.7074742
411.7444074
462.4089221
514.0325709
568.354531
623.1734891
679.3798946
724.8479597
759.6169552
795.6889134
829.1310737
)
;
    }
    defaultFaces
    {
        type            calculated;
        value           nonuniform List<scalar> 
140
(
409.1766098
455.2329567
509.4041349
566.2901761
619.8737744
668.7309317
715.0608329
763.7735241
801.8619863
824.8731287
413.977457
453.5908764
512.4985436
566.7732844
625.4988926
675.1235566
720.9138907
765.1872454
802.1938542
832.4244959
411.5735825
453.885458
507.35323
563.8871013
613.3413341
665.5547256
719.9120468
765.730356
800.6659651
827.9775138
413.1371364
457.6560788
511.5214472
561.8038829
615.6740403
668.8683184
718.7209504
761.8304967
801.503393
824.0909442
413.1992782
463.3970329
516.3692815
567.1323712
615.3358289
673.1672437
720.5047165
769.6700727
800.1219948
829.8779823
411.8601847
459.5298346
513.6680913
566.4540112
616.4522765
674.3874092
728.3264126
770.9397215
800.9129373
828.6439088
414.4879351
456.7086711
509.7151786
563.5371131
623.6927273
672.8967674
724.286995
769.9464984
808.6932885
828.5786092
414.6239081
457.4224502
515.9387957
569.7885751
620.7335302
673.8665094
719.6970792
765.7465189
808.0908186
827.8894099
415.4004962
457.9826997
511.313916
569.9928392
625.1738358
677.9296784
723.6353556
766.631667
806.4914045
836.7074742
411.7444074
462.4089221
514.0325709
568.354531
623.1734891
679.3798946
724.8479597
759.6169552
795.6889134
829.1310737
409.1766098
413.977457
411.5735825
413.1371364
413.1992782
411.8601847
414.4879351
414.6239081
415.4004962
411.7444074
824.8731287
832.4244959
827.9775138
824.0909442
829.8779823
828.6439088
828.5786092
827.8894099
836.7074742
829.1310737
409.1766098
455.2329567
509.4041349
566.2901761
619.8737744
668.7309317
715.0608329
763.7735241
801.8619863
824.8731287
411.7444074
462.4089221
514.0325709
568.354531
623.1734891
679.3798946
724.8479597
759.6169552
795.6889134
829.1310737
)
;
    }
}


// ************************************************************************* //
