/*--------------------------------*- C++ -*----------------------------------*\
| =========                 |                                                 |
| \\      /  F ield         | OpenFOAM: The Open Source CFD Toolbox           |
|  \\    /   O peration     | Version:  v1706                                 |
|   \\  /    A nd           | Web:      www.OpenFOAM.com                      |
|    \\/     M anipulation  |                                                 |
\*---------------------------------------------------------------------------*/
FoamFile
{
    version     2.0;
    format      ascii;
    class       volScalarField;
    location    "1e-06";
    object      variableHardSphereMeanFreePath_Ar;
}
// * * * * * * * * * * * * * * * * * * * * * * * * * * * * * * * * * * * * * //

dimensions      [0 1 0 0 0 0 0];


internalField   nonuniform List<scalar> 
100
(
0.004091766098
0.004552329567
0.005094041349
0.005662901761
0.006198737744
0.006687309317
0.007150608329
0.007637735241
0.008018619863
0.008248731287
0.00413977457
0.004535908764
0.005124985436
0.005667732844
0.006254988926
0.006751235566
0.007209138907
0.007651872454
0.008021938542
0.008324244959
0.004115735825
0.00453885458
0.0050735323
0.005638871013
0.006133413341
0.006655547256
0.007199120468
0.00765730356
0.008006659651
0.008279775138
0.004131371364
0.004576560788
0.005115214472
0.005618038829
0.006156740403
0.006688683184
0.007187209504
0.007618304967
0.00801503393
0.008240909442
0.004131992782
0.004633970329
0.005163692815
0.005671323712
0.006153358289
0.006731672437
0.007205047165
0.007696700727
0.008001219948
0.008298779823
0.004118601847
0.004595298346
0.005136680913
0.005664540112
0.006164522765
0.006743874092
0.007283264126
0.007709397215
0.008009129373
0.008286439088
0.004144879351
0.004567086711
0.005097151786
0.005635371131
0.006236927273
0.006728967674
0.00724286995
0.007699464984
0.008086932885
0.008285786092
0.004146239081
0.004574224502
0.005159387957
0.005697885751
0.006207335302
0.006738665094
0.007196970792
0.007657465189
0.008080908186
0.008278894099
0.004154004962
0.004579826997
0.00511313916
0.005699928392
0.006251738358
0.006779296784
0.007236353556
0.00766631667
0.008064914045
0.008367074742
0.004117444074
0.004624089221
0.005140325709
0.00568354531
0.006231734891
0.006793798946
0.007248479597
0.007596169552
0.007956889134
0.008291310737
)
;

boundaryField
{
    stickingWall
    {
        type            calculated;
        value           nonuniform List<scalar> 
100
(
0.004091766098
0.004552329567
0.005094041349
0.005662901761
0.006198737744
0.006687309317
0.007150608329
0.007637735241
0.008018619863
0.008248731287
0.00413977457
0.004535908764
0.005124985436
0.005667732844
0.006254988926
0.006751235566
0.007209138907
0.007651872454
0.008021938542
0.008324244959
0.004115735825
0.00453885458
0.0050735323
0.005638871013
0.006133413341
0.006655547256
0.007199120468
0.00765730356
0.008006659651
0.008279775138
0.004131371364
0.004576560788
0.005115214472
0.005618038829
0.006156740403
0.006688683184
0.007187209504
0.007618304967
0.00801503393
0.008240909442
0.004131992782
0.004633970329
0.005163692815
0.005671323712
0.006153358289
0.006731672437
0.007205047165
0.007696700727
0.008001219948
0.008298779823
0.004118601847
0.004595298346
0.005136680913
0.005664540112
0.006164522765
0.006743874092
0.007283264126
0.007709397215
0.008009129373
0.008286439088
0.004144879351
0.004567086711
0.005097151786
0.005635371131
0.006236927273
0.006728967674
0.00724286995
0.007699464984
0.008086932885
0.008285786092
0.004146239081
0.004574224502
0.005159387957
0.005697885751
0.006207335302
0.006738665094
0.007196970792
0.007657465189
0.008080908186
0.008278894099
0.004154004962
0.004579826997
0.00511313916
0.005699928392
0.006251738358
0.006779296784
0.007236353556
0.00766631667
0.008064914045
0.008367074742
0.004117444074
0.004624089221
0.005140325709
0.00568354531
0.006231734891
0.006793798946
0.007248479597
0.007596169552
0.007956889134
0.008291310737
)
;
    }
    defaultFaces
    {
        type            calculated;
        value           nonuniform List<scalar> 
140
(
0.004091766098
0.004552329567
0.005094041349
0.005662901761
0.006198737744
0.006687309317
0.007150608329
0.007637735241
0.008018619863
0.008248731287
0.00413977457
0.004535908764
0.005124985436
0.005667732844
0.006254988926
0.006751235566
0.007209138907
0.007651872454
0.008021938542
0.008324244959
0.004115735825
0.00453885458
0.0050735323
0.005638871013
0.006133413341
0.006655547256
0.007199120468
0.00765730356
0.008006659651
0.008279775138
0.004131371364
0.004576560788
0.005115214472
0.005618038829
0.006156740403
0.006688683184
0.007187209504
0.007618304967
0.00801503393
0.008240909442
0.004131992782
0.004633970329
0.005163692815
0.005671323712
0.006153358289
0.006731672437
0.007205047165
0.007696700727
0.008001219948
0.008298779823
0.004118601847
0.004595298346
0.005136680913
0.005664540112
0.006164522765
0.006743874092
0.007283264126
0.007709397215
0.008009129373
0.008286439088
0.004144879351
0.004567086711
0.005097151786
0.005635371131
0.006236927273
0.006728967674
0.00724286995
0.007699464984
0.008086932885
0.008285786092
0.004146239081
0.004574224502
0.005159387957
0.005697885751
0.006207335302
0.006738665094
0.007196970792
0.007657465189
0.008080908186
0.008278894099
0.004154004962
0.004579826997
0.00511313916
0.005699928392
0.006251738358
0.006779296784
0.007236353556
0.00766631667
0.008064914045
0.008367074742
0.004117444074
0.004624089221
0.005140325709
0.00568354531
0.006231734891
0.006793798946
0.007248479597
0.007596169552
0.007956889134
0.008291310737
0.004091766098
0.00413977457
0.004115735825
0.004131371364
0.004131992782
0.004118601847
0.004144879351
0.004146239081
0.004154004962
0.004117444074
0.008248731287
0.008324244959
0.008279775138
0.008240909442
0.008298779823
0.008286439088
0.008285786092
0.008278894099
0.008367074742
0.008291310737
0.004091766098
0.004552329567
0.005094041349
0.005662901761
0.006198737744
0.006687309317
0.007150608329
0.007637735241
0.008018619863
0.008248731287
0.004117444074
0.004624089221
0.005140325709
0.00568354531
0.006231734891
0.006793798946
0.007248479597
0.007596169552
0.007956889134
0.008291310737
)
;
    }
}


// ************************************************************************* //
