# Probe 0 (5e-06 5e-06 5e-06)
#           Probe                 0
#            Time
            5e-09       19784.45425
            1e-08       19556.50745
          1.5e-08       19400.20731
            2e-08         19221.529
          2.5e-08       19053.39023
            3e-08       18943.04879
          3.5e-08       18833.40203
            4e-08       18724.96113
          4.5e-08       18615.32482
            5e-08       18484.18789
          5.5e-08       18384.31062
            6e-08       18292.69588
          6.5e-08       18213.00271
            7e-08       18140.30143
          7.5e-08       18058.11658
            8e-08       17967.46034
          8.5e-08       17900.54692
            9e-08       17824.13635
          9.5e-08       17783.40487
            1e-07       17706.23879
         1.05e-07       17663.45257
          1.1e-07       17597.51498
         1.15e-07       17544.11051
          1.2e-07       17509.64721
         1.25e-07        17464.7049
          1.3e-07       17411.93691
         1.35e-07       17370.07582
          1.4e-07       17313.90408
         1.45e-07       17243.92747
          1.5e-07       17182.73046
         1.55e-07       17148.06384
          1.6e-07        17122.1102
         1.65e-07       17094.09849
          1.7e-07       17045.57182
         1.75e-07       16990.77629
          1.8e-07       16960.62129
         1.85e-07       16927.74843
          1.9e-07       16897.40046
         1.95e-07        16875.6637
            2e-07       16841.93372
         2.05e-07       16824.18036
          2.1e-07       16769.31097
         2.15e-07        16739.2871
          2.2e-07       16697.39986
         2.25e-07       16661.30178
          2.3e-07       16622.46226
         2.35e-07       16587.40188
          2.4e-07       16537.38253
         2.45e-07       16499.77475
          2.5e-07       16462.05504
         2.55e-07       16466.68616
          2.6e-07       16476.80177
         2.65e-07       16462.61644
          2.7e-07       16397.57917
         2.75e-07       16392.50734
          2.8e-07       16347.82941
         2.85e-07       16342.21938
          2.9e-07       16329.85016
         2.95e-07       16306.30385
            3e-07        16276.2872
         3.05e-07       16243.27369
          3.1e-07       16243.18346
         3.15e-07       16205.00737
          3.2e-07       16196.60794
         3.25e-07       16158.09883
          3.3e-07       16153.66622
         3.35e-07       16139.88202
          3.4e-07       16142.10628
         3.45e-07       16120.35492
          3.5e-07       16114.22802
         3.55e-07       16099.78161
          3.6e-07       16078.61203
         3.65e-07       16064.94098
          3.7e-07       16027.84825
         3.75e-07       16006.21753
          3.8e-07       16004.29255
         3.85e-07       15973.81097
          3.9e-07       15943.50465
         3.95e-07        15958.5671
            4e-07       15942.19153
         4.05e-07       15926.95719
          4.1e-07       15912.79128
         4.15e-07       15904.30625
          4.2e-07       15887.59038
         4.25e-07       15888.68892
          4.3e-07        15863.2022
         4.35e-07       15836.46852
          4.4e-07       15834.15293
         4.45e-07       15834.18227
          4.5e-07       15816.54385
         4.55e-07       15808.47399
          4.6e-07       15809.75581
         4.65e-07       15815.79928
          4.7e-07       15810.84667
         4.75e-07       15806.23852
          4.8e-07       15785.54395
         4.85e-07       15767.29336
          4.9e-07        15755.9596
         4.95e-07        15718.2074
            5e-07       15691.41092
         5.05e-07       15675.01256
          5.1e-07       15632.84187
         5.15e-07       15619.20302
          5.2e-07       15596.80718
         5.25e-07       15582.95642
          5.3e-07       15571.29251
         5.35e-07       15558.74734
          5.4e-07        15538.4237
         5.45e-07       15549.22965
          5.5e-07       15552.50596
         5.55e-07       15550.34109
          5.6e-07       15537.94512
         5.65e-07       15518.52829
          5.7e-07        15542.1332
         5.75e-07       15517.77472
          5.8e-07       15510.91408
         5.85e-07       15505.64455
          5.9e-07       15493.92611
         5.95e-07       15490.48193
            6e-07       15490.74244
         6.05e-07        15470.3278
          6.1e-07       15474.88432
         6.15e-07       15449.52947
          6.2e-07       15434.51975
         6.25e-07       15448.95999
          6.3e-07       15429.04293
         6.35e-07       15413.56701
          6.4e-07       15412.49391
         6.45e-07       15457.72916
          6.5e-07       15446.28398
         6.55e-07       15431.69105
          6.6e-07       15416.59001
         6.65e-07       15392.04237
          6.7e-07       15393.41248
         6.75e-07       15381.14226
          6.8e-07         15363.024
         6.85e-07       15350.53623
          6.9e-07       15348.43174
         6.95e-07       15341.81656
            7e-07       15345.84359
         7.05e-07       15354.57382
          7.1e-07       15349.38561
         7.15e-07       15358.76192
          7.2e-07       15347.68265
         7.25e-07       15325.23626
          7.3e-07       15320.84145
         7.35e-07        15301.9267
          7.4e-07       15280.03523
         7.45e-07       15268.07244
          7.5e-07       15276.95091
         7.55e-07       15283.99664
          7.6e-07       15287.90798
         7.65e-07       15291.58259
          7.7e-07        15263.8601
         7.75e-07       15257.53422
          7.8e-07       15253.70545
         7.85e-07       15248.19325
          7.9e-07       15276.78138
         7.95e-07       15282.33088
            8e-07       15271.24771
         8.05e-07       15266.40019
          8.1e-07       15283.06421
         8.15e-07       15277.92707
          8.2e-07       15284.02885
         8.25e-07       15274.88065
          8.3e-07       15259.95925
         8.35e-07       15250.46816
          8.4e-07       15234.07778
         8.45e-07        15217.4216
          8.5e-07       15213.21677
         8.55e-07       15218.32713
          8.6e-07       15203.82137
         8.65e-07       15184.48669
          8.7e-07       15164.28747
         8.75e-07        15165.7694
          8.8e-07       15173.83063
         8.85e-07       15167.02764
          8.9e-07         15170.802
         8.95e-07       15167.75771
            9e-07       15156.63931
         9.05e-07       15151.84735
          9.1e-07       15174.97406
         9.15e-07       15169.64922
          9.2e-07       15154.75214
         9.25e-07       15151.23134
          9.3e-07       15150.75976
         9.35e-07         15151.257
          9.4e-07       15148.97264
         9.45e-07       15140.68731
          9.5e-07       15165.33968
         9.55e-07       15176.52742
          9.6e-07       15172.97915
         9.65e-07       15160.07237
          9.7e-07       15159.70227
         9.75e-07       15162.63407
          9.8e-07       15151.20373
         9.85e-07       15165.22618
          9.9e-07       15154.39651
         9.95e-07       15145.43365
            1e-06       15117.35032
        1.005e-06       15114.27177
         1.01e-06        15112.9589
        1.015e-06       15117.55855
         1.02e-06       15099.87834
        1.025e-06       15092.95077
         1.03e-06       15093.63677
        1.035e-06       15084.22416
         1.04e-06       15071.09922
        1.045e-06       15072.44095
         1.05e-06       15047.92843
        1.055e-06       15035.34016
         1.06e-06       15041.90985
        1.065e-06       15030.37638
         1.07e-06       15040.43507
        1.075e-06       14989.29468
         1.08e-06       14971.44837
        1.085e-06       14977.57411
         1.09e-06       14979.08795
        1.095e-06       14959.64638
          1.1e-06       14964.84081
        1.105e-06       14984.58558
         1.11e-06       14979.13297
        1.115e-06       14969.30451
         1.12e-06       14964.08481
        1.125e-06        14984.6471
         1.13e-06       14979.47407
        1.135e-06       14968.87823
         1.14e-06       14960.27333
        1.145e-06       14987.20617
         1.15e-06       14985.50943
        1.155e-06       14995.48318
         1.16e-06        15007.0464
        1.165e-06         15008.285
         1.17e-06       14988.12324
        1.175e-06          14968.17
         1.18e-06       14967.02318
        1.185e-06       14991.52944
         1.19e-06       14991.91033
        1.195e-06       14978.04859
          1.2e-06       14970.22295
        1.205e-06       14962.70056
         1.21e-06       14952.09401
        1.215e-06       14949.85429
         1.22e-06       14956.69929
        1.225e-06       14948.61445
         1.23e-06       14965.85375
        1.235e-06       14940.02102
         1.24e-06       14927.03041
        1.245e-06       14927.22186
         1.25e-06       14907.81236
        1.255e-06       14914.86965
         1.26e-06       14921.48135
        1.265e-06       14914.01398
         1.27e-06       14923.34978
        1.275e-06       14944.71596
         1.28e-06       14925.80623
        1.285e-06       14923.70687
         1.29e-06        14930.4691
        1.295e-06       14900.67842
          1.3e-06       14900.39934
        1.305e-06       14889.24927
         1.31e-06       14893.21818
        1.315e-06        14872.8636
         1.32e-06       14888.59031
        1.325e-06        14903.7609
         1.33e-06       14894.78851
        1.335e-06       14884.82438
         1.34e-06       14864.05131
        1.345e-06       14852.95104
         1.35e-06       14850.62543
        1.355e-06       14869.98706
         1.36e-06        14872.7394
        1.365e-06       14881.61453
         1.37e-06       14893.29545
        1.375e-06        14907.2525
         1.38e-06       14886.70976
        1.385e-06       14899.39731
         1.39e-06       14902.32994
        1.395e-06       14896.68868
          1.4e-06       14864.28252
        1.405e-06       14877.81527
         1.41e-06       14887.65203
        1.415e-06       14875.83916
         1.42e-06       14900.28495
        1.425e-06       14894.64125
         1.43e-06       14867.97877
        1.435e-06       14879.95524
         1.44e-06       14871.66296
        1.445e-06       14893.22846
         1.45e-06       14871.08012
        1.455e-06       14907.13241
         1.46e-06       14926.52565
        1.465e-06       14922.66764
         1.47e-06       14915.62182
        1.475e-06       14908.50595
         1.48e-06       14895.42052
        1.485e-06       14884.90254
         1.49e-06       14871.15193
        1.495e-06       14863.33627
          1.5e-06       14876.14067
        1.505e-06       14876.07096
         1.51e-06         14874.073
        1.515e-06       14851.04774
         1.52e-06       14850.39075
        1.525e-06       14851.63845
         1.53e-06       14847.26963
        1.535e-06       14849.11665
         1.54e-06       14825.54302
        1.545e-06       14847.10576
         1.55e-06       14834.27828
        1.555e-06       14842.21457
         1.56e-06       14840.75229
        1.565e-06       14836.92584
         1.57e-06       14822.91202
        1.575e-06        14821.1965
         1.58e-06       14816.87067
        1.585e-06       14802.54243
         1.59e-06       14800.13515
        1.595e-06       14807.35376
          1.6e-06       14796.91698
        1.605e-06       14801.19476
         1.61e-06       14811.05467
        1.615e-06       14820.11228
         1.62e-06       14822.49189
        1.625e-06        14815.3084
         1.63e-06       14790.72688
        1.635e-06       14797.70363
         1.64e-06       14783.71295
        1.645e-06       14772.76172
         1.65e-06       14784.32541
        1.655e-06       14791.59236
         1.66e-06       14800.65609
        1.665e-06       14784.88984
         1.67e-06       14792.47105
        1.675e-06       14784.60791
         1.68e-06       14780.04407
        1.685e-06       14788.95013
         1.69e-06       14804.62211
        1.695e-06       14791.80847
          1.7e-06       14789.03609
        1.705e-06       14786.88317
         1.71e-06       14780.84427
        1.715e-06       14794.32142
         1.72e-06       14793.74234
        1.725e-06       14774.42601
         1.73e-06       14774.39865
        1.735e-06       14771.89296
         1.74e-06        14776.3223
        1.745e-06       14789.94858
         1.75e-06       14782.56156
        1.755e-06       14776.30952
         1.76e-06       14767.03089
        1.765e-06       14770.38857
         1.77e-06       14765.72106
        1.775e-06        14778.6692
         1.78e-06       14787.01442
        1.785e-06       14775.76101
         1.79e-06       14757.83888
        1.795e-06       14772.06956
          1.8e-06       14787.91718
        1.805e-06       14791.25397
         1.81e-06       14811.05891
        1.815e-06       14806.20126
         1.82e-06       14811.41255
        1.825e-06       14802.28517
         1.83e-06       14802.32178
        1.835e-06       14793.29893
         1.84e-06       14821.35742
        1.845e-06       14798.59649
         1.85e-06       14787.23044
        1.855e-06       14780.32658
         1.86e-06       14768.31622
        1.865e-06       14785.77087
         1.87e-06       14794.89091
        1.875e-06       14810.33009
         1.88e-06       14803.64996
        1.885e-06       14807.13659
         1.89e-06       14788.46803
        1.895e-06       14796.60904
          1.9e-06       14783.45844
        1.905e-06       14784.73878
         1.91e-06       14788.58039
        1.915e-06       14780.70208
         1.92e-06       14782.49858
        1.925e-06       14773.49108
         1.93e-06       14788.81461
        1.935e-06       14765.01325
         1.94e-06       14755.52805
        1.945e-06       14769.91606
         1.95e-06       14757.15114
        1.955e-06       14740.39991
         1.96e-06       14748.87889
        1.965e-06       14746.36089
         1.97e-06       14743.01661
        1.975e-06       14735.58644
         1.98e-06       14716.84991
        1.985e-06       14726.62787
         1.99e-06       14726.20977
        1.995e-06       14735.87579
            2e-06       14742.01214
        2.005e-06       14722.66787
         2.01e-06       14740.55455
        2.015e-06       14744.88332
         2.02e-06       14754.87973
        2.025e-06       14738.20839
         2.03e-06        14739.4541
        2.035e-06        14722.5041
         2.04e-06       14718.43007
        2.045e-06       14723.56341
         2.05e-06       14726.46811
        2.055e-06       14740.98979
         2.06e-06       14752.79655
        2.065e-06       14749.35622
         2.07e-06       14756.61909
        2.075e-06       14749.36227
         2.08e-06       14762.08191
        2.085e-06       14763.51552
         2.09e-06       14752.69492
        2.095e-06       14739.83799
          2.1e-06       14740.57008
        2.105e-06       14754.35986
         2.11e-06       14751.11464
        2.115e-06       14748.20186
         2.12e-06       14757.14913
        2.125e-06       14746.81442
         2.13e-06       14759.34209
        2.135e-06        14750.6567
         2.14e-06       14754.56062
        2.145e-06       14756.51921
         2.15e-06       14748.19072
        2.155e-06       14777.83929
         2.16e-06       14786.27184
        2.165e-06       14784.30466
         2.17e-06        14784.1751
        2.175e-06       14761.28243
         2.18e-06       14766.16395
        2.185e-06       14762.59963
         2.19e-06       14751.58433
        2.195e-06       14737.43541
          2.2e-06       14736.59643
        2.205e-06       14742.66732
         2.21e-06       14737.13015
        2.215e-06       14749.91468
         2.22e-06       14749.68182
        2.225e-06       14733.98637
         2.23e-06       14727.25184
        2.235e-06       14706.82036
         2.24e-06       14702.59247
        2.245e-06       14684.23163
         2.25e-06       14674.11408
        2.255e-06       14695.15181
         2.26e-06       14705.79952
        2.265e-06       14725.65166
         2.27e-06       14735.94706
        2.275e-06       14741.99998
         2.28e-06       14762.32079
        2.285e-06       14762.41607
         2.29e-06       14778.50849
        2.295e-06       14781.28522
          2.3e-06       14796.66672
        2.305e-06       14785.93396
         2.31e-06       14778.00263
        2.315e-06       14757.92911
         2.32e-06        14759.7858
        2.325e-06        14748.9844
         2.33e-06       14744.84035
        2.335e-06       14740.73229
         2.34e-06       14744.86534
        2.345e-06       14770.51933
         2.35e-06       14756.39315
        2.355e-06       14753.49749
         2.36e-06       14743.53768
        2.365e-06       14755.18526
         2.37e-06       14784.67725
        2.375e-06       14774.36833
         2.38e-06       14774.02377
        2.385e-06       14767.77197
         2.39e-06       14774.75118
        2.395e-06       14787.56827
          2.4e-06       14793.55722
        2.405e-06       14784.58276
         2.41e-06       14758.44067
        2.415e-06       14772.54635
         2.42e-06       14767.10645
        2.425e-06       14762.24127
         2.43e-06       14750.86564
        2.435e-06       14754.65116
         2.44e-06       14731.88772
        2.445e-06       14732.27038
         2.45e-06       14742.85343
        2.455e-06        14731.2663
         2.46e-06       14742.86769
        2.465e-06       14752.39048
         2.47e-06       14754.80095
        2.475e-06       14755.87949
         2.48e-06        14755.1761
        2.485e-06       14755.61465
         2.49e-06       14737.60395
        2.495e-06       14753.49576
          2.5e-06       14743.87328
        2.505e-06       14744.12137
         2.51e-06       14738.80113
        2.515e-06       14722.73944
         2.52e-06       14724.57489
        2.525e-06       14729.31796
         2.53e-06        14740.8498
        2.535e-06       14713.58677
         2.54e-06       14707.39199
        2.545e-06       14712.35764
         2.55e-06       14713.28141
        2.555e-06       14707.51223
         2.56e-06       14727.00469
        2.565e-06       14737.10275
         2.57e-06       14719.92853
        2.575e-06       14736.22308
         2.58e-06       14723.33176
        2.585e-06       14717.37734
         2.59e-06       14706.66113
        2.595e-06       14712.11188
          2.6e-06       14697.03635
        2.605e-06       14692.44422
         2.61e-06       14690.36534
        2.615e-06       14691.46116
         2.62e-06       14707.97621
        2.625e-06       14728.60197
         2.63e-06       14718.03946
        2.635e-06        14721.7481
         2.64e-06       14720.73592
        2.645e-06       14711.09034
         2.65e-06       14717.88414
        2.655e-06       14727.14545
         2.66e-06       14751.84448
        2.665e-06        14738.1494
         2.67e-06       14731.65633
        2.675e-06       14709.25019
         2.68e-06       14683.21205
        2.685e-06       14672.72377
         2.69e-06       14684.83602
        2.695e-06       14691.60686
          2.7e-06       14692.35465
        2.705e-06       14711.32379
         2.71e-06       14714.25077
        2.715e-06       14709.89096
         2.72e-06       14716.81005
        2.725e-06       14723.52962
         2.73e-06       14732.33962
        2.735e-06        14742.1486
         2.74e-06        14748.7169
        2.745e-06       14764.02763
         2.75e-06       14762.27462
        2.755e-06       14768.59763
         2.76e-06       14773.56194
        2.765e-06       14761.61699
         2.77e-06       14755.65686
        2.775e-06       14726.04704
         2.78e-06       14734.45869
        2.785e-06       14747.44668
         2.79e-06       14743.31789
        2.795e-06       14745.41141
          2.8e-06        14742.6388
        2.805e-06       14727.55978
         2.81e-06       14740.15143
        2.815e-06       14741.29732
         2.82e-06       14745.19201
        2.825e-06       14750.04814
         2.83e-06       14748.61015
        2.835e-06       14756.64791
         2.84e-06       14741.36424
        2.845e-06       14748.26772
         2.85e-06       14743.54665
        2.855e-06       14763.58789
         2.86e-06       14750.24382
        2.865e-06        14749.3119
         2.87e-06       14748.59522
        2.875e-06        14724.4535
         2.88e-06       14728.65193
        2.885e-06        14721.0452
         2.89e-06       14720.26807
        2.895e-06       14698.97623
          2.9e-06       14709.99419
        2.905e-06       14723.86904
         2.91e-06       14720.20611
        2.915e-06       14725.36698
         2.92e-06       14723.34462
        2.925e-06       14706.58335
         2.93e-06       14710.69899
        2.935e-06        14694.2633
         2.94e-06       14673.34644
        2.945e-06        14650.9466
         2.95e-06       14666.12243
        2.955e-06       14687.54363
         2.96e-06       14698.04855
        2.965e-06       14681.26038
         2.97e-06       14701.96895
        2.975e-06       14704.32314
         2.98e-06       14721.02514
        2.985e-06       14715.37787
         2.99e-06        14712.8255
        2.995e-06       14720.47756
            3e-06       14718.91665
        3.005e-06        14711.0967
         3.01e-06        14734.1172
        3.015e-06       14709.18562
         3.02e-06       14704.86836
        3.025e-06       14725.26191
         3.03e-06       14730.72554
        3.035e-06       14742.12599
         3.04e-06       14750.57029
        3.045e-06       14745.28839
         3.05e-06       14741.19395
        3.055e-06       14739.82722
         3.06e-06        14747.1399
        3.065e-06       14746.65806
         3.07e-06       14728.83004
        3.075e-06       14718.83033
         3.08e-06       14708.25331
        3.085e-06       14710.51319
         3.09e-06       14721.09111
        3.095e-06       14721.99603
          3.1e-06       14719.20983
        3.105e-06       14716.77293
         3.11e-06       14702.06459
        3.115e-06       14706.66479
         3.12e-06       14709.90463
        3.125e-06       14716.33533
         3.13e-06       14698.60764
        3.135e-06       14695.87464
         3.14e-06       14699.39915
        3.145e-06       14703.83982
         3.15e-06       14705.44491
        3.155e-06       14719.21655
         3.16e-06       14714.74555
        3.165e-06       14722.03953
         3.17e-06       14711.41899
        3.175e-06       14708.77099
         3.18e-06       14702.02597
        3.185e-06       14696.62046
         3.19e-06       14716.44716
        3.195e-06       14736.89758
          3.2e-06       14742.00283
        3.205e-06       14724.73252
         3.21e-06       14712.38625
        3.215e-06       14713.68378
         3.22e-06       14727.18186
        3.225e-06       14716.81427
         3.23e-06       14713.08664
        3.235e-06       14710.93514
         3.24e-06       14709.16119
        3.245e-06       14709.76469
         3.25e-06       14732.52803
        3.255e-06       14718.37376
         3.26e-06       14717.51281
        3.265e-06       14736.96739
         3.27e-06       14738.51195
        3.275e-06       14739.58343
         3.28e-06       14742.72208
        3.285e-06       14742.40384
         3.29e-06       14733.43627
        3.295e-06       14744.91792
          3.3e-06       14757.90912
        3.305e-06         14771.318
         3.31e-06       14756.44676
        3.315e-06       14739.86957
         3.32e-06       14739.40371
        3.325e-06       14749.70531
         3.33e-06       14759.37563
        3.335e-06       14743.65865
         3.34e-06       14742.06631
        3.345e-06       14748.27777
         3.35e-06       14753.35383
        3.355e-06       14762.92021
         3.36e-06       14750.67822
        3.365e-06        14738.9884
         3.37e-06       14728.56322
        3.375e-06       14733.24536
         3.38e-06       14734.00934
        3.385e-06       14752.49409
         3.39e-06       14743.02911
        3.395e-06       14732.16388
          3.4e-06       14717.40145
        3.405e-06       14702.23253
         3.41e-06       14713.75608
        3.415e-06       14719.52259
         3.42e-06       14736.05895
        3.425e-06       14729.87872
         3.43e-06       14724.96046
        3.435e-06       14742.74561
         3.44e-06       14750.16692
        3.445e-06         14751.551
         3.45e-06       14723.82767
        3.455e-06       14708.84114
         3.46e-06       14724.26722
        3.465e-06       14732.14124
         3.47e-06       14732.76248
        3.475e-06        14732.5883
         3.48e-06       14733.43349
        3.485e-06       14753.54516
         3.49e-06       14755.66764
        3.495e-06       14767.87921
          3.5e-06       14765.67276
        3.505e-06       14761.20613
         3.51e-06       14748.47931
        3.515e-06       14745.64129
         3.52e-06       14749.05231
        3.525e-06       14753.10937
         3.53e-06       14754.06337
        3.535e-06       14746.93245
         3.54e-06       14755.92087
        3.545e-06       14738.25128
         3.55e-06       14719.46976
        3.555e-06       14705.00545
         3.56e-06       14696.64168
        3.565e-06       14709.56432
         3.57e-06       14716.77459
        3.575e-06       14718.82362
         3.58e-06       14726.10381
        3.585e-06       14709.96961
         3.59e-06          14719.69
        3.595e-06       14722.75443
          3.6e-06         14724.482
        3.605e-06       14719.80292
         3.61e-06       14719.94741
        3.615e-06       14730.89304
         3.62e-06       14752.38664
        3.625e-06       14745.51946
         3.63e-06       14732.39343
        3.635e-06       14724.83398
         3.64e-06       14736.75102
        3.645e-06       14749.83011
         3.65e-06       14744.44108
        3.655e-06       14745.51493
         3.66e-06       14744.53888
        3.665e-06       14745.92923
         3.67e-06       14759.31733
        3.675e-06       14760.95134
         3.68e-06       14774.20682
        3.685e-06       14743.66748
         3.69e-06       14741.71054
        3.695e-06       14738.48256
          3.7e-06       14752.31054
        3.705e-06        14742.3952
         3.71e-06       14753.07484
        3.715e-06       14739.48876
         3.72e-06       14732.11849
        3.725e-06       14752.86043
         3.73e-06       14746.67746
        3.735e-06       14736.80366
         3.74e-06       14760.57719
        3.745e-06       14752.11167
         3.75e-06       14752.49915
        3.755e-06         14768.197
         3.76e-06       14767.90416
        3.765e-06       14765.08453
         3.77e-06       14784.01902
        3.775e-06       14784.37247
         3.78e-06        14773.5325
        3.785e-06       14756.58911
         3.79e-06       14739.60484
        3.795e-06       14739.31404
          3.8e-06       14741.85823
        3.805e-06       14734.46525
         3.81e-06       14739.17555
        3.815e-06       14717.00438
         3.82e-06       14727.08833
        3.825e-06       14746.08194
         3.83e-06       14733.92542
        3.835e-06       14736.80108
         3.84e-06       14741.14334
        3.845e-06       14735.92956
         3.85e-06       14743.03585
        3.855e-06       14745.58447
         3.86e-06        14749.6676
        3.865e-06       14756.12125
         3.87e-06       14764.67707
        3.875e-06       14738.48001
         3.88e-06       14732.98632
        3.885e-06       14740.74524
         3.89e-06       14748.60082
        3.895e-06        14754.2702
          3.9e-06       14736.24144
        3.905e-06       14755.95556
         3.91e-06       14772.26067
        3.915e-06       14779.25311
         3.92e-06       14772.17777
        3.925e-06       14778.51179
         3.93e-06       14775.96644
        3.935e-06       14789.08819
         3.94e-06       14783.88988
        3.945e-06       14792.87816
         3.95e-06       14797.99458
        3.955e-06       14769.98895
         3.96e-06       14752.13492
        3.965e-06       14750.03552
         3.97e-06       14747.44389
        3.975e-06       14750.76686
         3.98e-06       14769.59789
        3.985e-06       14761.55883
         3.99e-06       14766.37298
        3.995e-06        14763.5625
            4e-06       14777.88043
