/*--------------------------------*- C++ -*----------------------------------*\
| =========                 |                                                 |
| \\      /  F ield         | OpenFOAM: The Open Source CFD Toolbox           |
|  \\    /   O peration     | Version:  v1706                                 |
|   \\  /    A nd           | Web:      www.OpenFOAM.com                      |
|    \\/     M anipulation  |                                                 |
\*---------------------------------------------------------------------------*/
FoamFile
{
    version     2.0;
    format      ascii;
    class       volScalarField;
    location    "8";
    object      meanCollisionTime_N2;
}
// * * * * * * * * * * * * * * * * * * * * * * * * * * * * * * * * * * * * * //

dimensions      [0 0 1 0 0 0 0];


internalField   nonuniform List<scalar> 
500
(
4.350078241e-05
4.352174614e-05
4.349300957e-05
4.350248589e-05
4.350787822e-05
4.372094555e-05
4.37073382e-05
4.371449202e-05
4.369996153e-05
4.37103422e-05
4.387644473e-05
4.388370457e-05
4.388035235e-05
4.389444019e-05
4.3884693e-05
4.403972188e-05
4.404877263e-05
4.401522358e-05
4.403712355e-05
4.403863954e-05
4.418804194e-05
4.420061691e-05
4.41918615e-05
4.417503577e-05
4.419643712e-05
4.432512298e-05
4.434365994e-05
4.433893998e-05
4.433705876e-05
4.434385757e-05
4.448854473e-05
4.447303359e-05
4.448267015e-05
4.447071922e-05
4.448228058e-05
4.461671254e-05
4.461202847e-05
4.460906544e-05
4.461397616e-05
4.461565565e-05
4.476231135e-05
4.476903155e-05
4.476424678e-05
4.476648654e-05
4.475945079e-05
4.489352582e-05
4.490629493e-05
4.49039927e-05
4.491520805e-05
4.489861432e-05
4.505694336e-05
4.504313962e-05
4.503752434e-05
4.504953834e-05
4.504886864e-05
4.516948173e-05
4.518515979e-05
4.517666767e-05
4.520108001e-05
4.518713837e-05
4.53213492e-05
4.532256196e-05
4.532846582e-05
4.531017037e-05
4.532875432e-05
4.545955302e-05
4.545964117e-05
4.545784113e-05
4.545139557e-05
4.545765429e-05
4.559238382e-05
4.559584397e-05
4.558656366e-05
4.559908085e-05
4.558975791e-05
4.572232952e-05
4.572416695e-05
4.573596919e-05
4.57280991e-05
4.572299336e-05
4.586325782e-05
4.586891251e-05
4.586176014e-05
4.586320099e-05
4.586406737e-05
4.599510293e-05
4.59921559e-05
4.600809562e-05
4.599863692e-05
4.598380853e-05
4.611376933e-05
4.61340384e-05
4.613954265e-05
4.611883137e-05
4.613258611e-05
4.625117961e-05
4.625224909e-05
4.625900282e-05
4.626900694e-05
4.627224276e-05
4.639869252e-05
4.640115456e-05
4.638455516e-05
4.640928979e-05
4.641174751e-05
4.652967465e-05
4.652850485e-05
4.65053951e-05
4.652076934e-05
4.653053291e-05
4.666374226e-05
4.666662204e-05
4.665185698e-05
4.666355248e-05
4.665204449e-05
4.677626511e-05
4.679758015e-05
4.677815247e-05
4.677703354e-05
4.679129876e-05
4.691764064e-05
4.691722458e-05
4.690963022e-05
4.692318868e-05
4.691946521e-05
4.702526862e-05
4.702345853e-05
4.702681852e-05
4.704062835e-05
4.704617865e-05
4.716241204e-05
4.715382596e-05
4.715524894e-05
4.717655444e-05
4.716616975e-05
4.729703065e-05
4.728254086e-05
4.72961828e-05
4.729691623e-05
4.728861426e-05
4.742211844e-05
4.743995974e-05
4.742616857e-05
4.742007528e-05
4.741300294e-05
4.754483014e-05
4.754981656e-05
4.755763536e-05
4.753017433e-05
4.756748614e-05
4.768256837e-05
4.768672241e-05
4.765582914e-05
4.766834681e-05
4.766978808e-05
4.779781084e-05
4.779634751e-05
4.778800877e-05
4.779872537e-05
4.779039098e-05
4.792792196e-05
4.792829226e-05
4.791981737e-05
4.792133927e-05
4.790687554e-05
4.804302165e-05
4.803105503e-05
4.803757613e-05
4.804581446e-05
4.803413791e-05
4.816837306e-05
4.817540875e-05
4.816528633e-05
4.817006202e-05
4.815788473e-05
4.830243168e-05
4.830782947e-05
4.830129575e-05
4.82939186e-05
4.828820354e-05
4.840680905e-05
4.841905013e-05
4.843009211e-05
4.842306163e-05
4.843371182e-05
4.854707604e-05
4.855013261e-05
4.855117286e-05
4.854365803e-05
4.854033113e-05
4.86513048e-05
4.867549981e-05
4.866676484e-05
4.86754886e-05
4.866307156e-05
4.87906078e-05
4.878839932e-05
4.879270968e-05
4.880723806e-05
4.879173969e-05
4.891153538e-05
4.889650537e-05
4.891611861e-05
4.891793611e-05
4.890790322e-05
4.903031817e-05
4.904098535e-05
4.902533912e-05
4.90117476e-05
4.901927594e-05
4.915863426e-05
4.913898808e-05
4.914863122e-05
4.91455887e-05
4.914528717e-05
4.926469628e-05
4.925985422e-05
4.926176587e-05
4.92701076e-05
4.92747996e-05
4.938018798e-05
4.936863348e-05
4.9393863e-05
4.937521031e-05
4.937841223e-05
4.949190803e-05
4.949618648e-05
4.951337802e-05
4.950736786e-05
4.94818808e-05
4.962251865e-05
4.96081186e-05
4.962551629e-05
4.961650202e-05
4.960864869e-05
4.974913983e-05
4.974306884e-05
4.974979686e-05
4.973844695e-05
4.97488748e-05
4.987219132e-05
4.98569684e-05
4.984562054e-05
4.985568211e-05
4.985862704e-05
4.996842394e-05
4.998112858e-05
4.998051936e-05
4.997159105e-05
4.997980305e-05
5.009077701e-05
5.009653428e-05
5.011063151e-05
5.009516804e-05
5.00902918e-05
5.021463278e-05
5.01977986e-05
5.021682249e-05
5.021204205e-05
5.022577387e-05
5.034662967e-05
5.03308727e-05
5.033801087e-05
5.03174964e-05
5.032491946e-05
5.044393485e-05
5.04192818e-05
5.043370928e-05
5.043946832e-05
5.043538777e-05
5.055286426e-05
5.054888483e-05
5.054263046e-05
5.055630165e-05
5.055368006e-05
5.067049332e-05
5.065723013e-05
5.066530661e-05
5.067573258e-05
5.067786809e-05
5.079369162e-05
5.078354787e-05
5.079182957e-05
5.077066566e-05
5.076923951e-05
5.090639831e-05
5.090530603e-05
5.089688439e-05
5.09017525e-05
5.091168765e-05
5.1014858e-05
5.100759887e-05
5.101695442e-05
5.103279029e-05
5.102819059e-05
5.112812466e-05
5.111543712e-05
5.113978152e-05
5.112957157e-05
5.112399946e-05
5.124597575e-05
5.122886231e-05
5.12471012e-05
5.124520666e-05
5.124174923e-05
5.136397025e-05
5.134659037e-05
5.134021969e-05
5.133868312e-05
5.135453996e-05
5.146649498e-05
5.146433107e-05
5.146246196e-05
5.145936321e-05
5.146812824e-05
5.157753636e-05
5.159040777e-05
5.158335312e-05
5.157754051e-05
5.158059933e-05
5.167347472e-05
5.168750497e-05
5.169329633e-05
5.168161207e-05
5.16877898e-05
5.178947982e-05
5.178917981e-05
5.182256175e-05
5.18064267e-05
5.179236564e-05
5.191213418e-05
5.189707813e-05
5.190923641e-05
5.191258215e-05
5.191403646e-05
5.201695216e-05
5.200976051e-05
5.199391264e-05
5.200178477e-05
5.201557049e-05
5.212420816e-05
5.212686945e-05
5.211422081e-05
5.210310593e-05
5.210127707e-05
5.222883167e-05
5.224038737e-05
5.221284389e-05
5.223190616e-05
5.222746241e-05
5.235074121e-05
5.234254719e-05
5.233362751e-05
5.232741104e-05
5.234027029e-05
5.245655636e-05
5.243330479e-05
5.245177794e-05
5.243780998e-05
5.242234206e-05
5.255985689e-05
5.25591402e-05
5.254518009e-05
5.253707738e-05
5.255759794e-05
5.267284656e-05
5.265001569e-05
5.267423778e-05
5.265212786e-05
5.265292069e-05
5.276346036e-05
5.278048189e-05
5.278142896e-05
5.275028552e-05
5.276818316e-05
5.286621582e-05
5.285921934e-05
5.288638968e-05
5.288883981e-05
5.285768926e-05
5.297679378e-05
5.295967747e-05
5.297697042e-05
5.296288433e-05
5.297485377e-05
5.309222571e-05
5.306440764e-05
5.308938182e-05
5.308954859e-05
5.308824772e-05
5.316812347e-05
5.318732076e-05
5.318413486e-05
5.319162138e-05
5.318078752e-05
5.328939662e-05
5.328755905e-05
5.330120297e-05
5.329677494e-05
5.330388022e-05
5.339534359e-05
5.340023569e-05
5.342055285e-05
5.341321164e-05
5.340831437e-05
5.351653351e-05
5.351029625e-05
5.350011422e-05
5.34982087e-05
5.351171974e-05
5.362680841e-05
5.361603922e-05
5.361423205e-05
5.360967005e-05
5.361964237e-05
5.373420072e-05
5.372073941e-05
5.372922908e-05
5.372002035e-05
5.373251466e-05
5.382809005e-05
5.382717448e-05
5.382288208e-05
5.385124673e-05
5.383315078e-05
5.3923837e-05
5.392021168e-05
5.391359392e-05
5.394071781e-05
5.391598522e-05
5.402021437e-05
5.403466751e-05
5.404557224e-05
5.404345572e-05
5.403778501e-05
5.415852374e-05
5.412291952e-05
5.41505752e-05
5.413226772e-05
5.416646621e-05
5.424100154e-05
5.423671298e-05
5.425303107e-05
5.422713995e-05
5.427669544e-05
5.435030643e-05
5.435493179e-05
5.43556402e-05
5.436174585e-05
5.435441878e-05
5.444899632e-05
5.447594032e-05
5.446653897e-05
5.44576535e-05
5.445315951e-05
5.456531212e-05
5.458030195e-05
5.457800876e-05
5.45467602e-05
5.456815231e-05
5.469096138e-05
5.466854916e-05
5.467172027e-05
5.467837936e-05
5.467457318e-05
5.478705221e-05
5.476978683e-05
5.478005074e-05
5.479161848e-05
5.477933494e-05
5.488207453e-05
5.48788105e-05
5.486827747e-05
5.48754018e-05
5.487902731e-05
5.498934305e-05
5.499759066e-05
5.497966496e-05
5.498605584e-05
5.497407526e-05
5.512356946e-05
5.511208548e-05
5.511837565e-05
5.512875292e-05
5.509917051e-05
5.524075163e-05
5.52410909e-05
5.525411942e-05
5.522523735e-05
5.522942145e-05
5.540175543e-05
5.536809322e-05
5.53695197e-05
5.537099534e-05
5.534481313e-05
5.554685765e-05
5.552297316e-05
5.552183184e-05
5.552607694e-05
5.553750124e-05
)
;

boundaryField
{
    upperWall
    {
        type            calculated;
        value           nonuniform List<scalar> 5(5.554685765e-05 5.552297316e-05 5.552183184e-05 5.552607694e-05 5.553750124e-05);
    }
    lowerWall
    {
        type            calculated;
        value           nonuniform List<scalar> 5(4.350078241e-05 4.352174614e-05 4.349300957e-05 4.350248589e-05 4.350787822e-05);
    }
    periodicX_half0
    {
        type            cyclic;
    }
    periodicX_half1
    {
        type            cyclic;
    }
    frontAndBack
    {
        type            empty;
    }
}


// ************************************************************************* //
