/*--------------------------------*- C++ -*----------------------------------*\
| =========                 |                                                 |
| \\      /  F ield         | OpenFOAM: The Open Source CFD Toolbox           |
|  \\    /   O peration     | Version:  v1706                                 |
|   \\  /    A nd           | Web:      www.OpenFOAM.com                      |
|    \\/     M anipulation  |                                                 |
\*---------------------------------------------------------------------------*/
FoamFile
{
    version     2.0;
    format      ascii;
    class       volScalarField;
    location    "0.26";
    object      mfpCellRatio_Ar;
}
// * * * * * * * * * * * * * * * * * * * * * * * * * * * * * * * * * * * * * //

dimensions      [0 0 0 0 0 0 0];


internalField   nonuniform List<scalar> 
1000
(
1.901435003
1.903893296
1.901213122
1.903716538
1.899456574
1.901476278
1.901031829
1.898951105
1.900427086
1.897833948
1.894087188
1.896183501
1.89823428
1.899737875
1.898999676
1.891035347
1.898404677
1.898616492
1.8990211
1.898067427
1.896267129
1.897767454
1.900236978
1.899735538
1.900293541
1.900381653
1.902071864
1.898401347
1.896209658
1.897705892
1.902329244
1.899144887
1.897783414
1.89659875
1.8981168
1.900191879
1.897039923
1.902860119
1.901159906
1.903502025
1.900661609
1.901641663
1.904028239
1.900843181
1.903085002
1.90427166
1.903205973
1.902851195
1.901550054
1.899105791
1.902604875
1.902427215
1.905610957
1.900754836
1.900178565
1.898625259
1.903118585
1.904637456
1.905809905
1.907351206
1.9045567
1.902602363
1.905082793
1.899570746
1.906579971
1.905190297
1.899363479
1.900389651
1.90528079
1.904213149
1.906696248
1.909391765
1.907003544
1.909481366
1.911368023
1.909658969
1.90609568
1.901104588
1.908170014
1.908947465
1.905978929
1.907368351
1.904722242
1.908850173
1.911668508
1.908471861
1.907170753
1.906390096
1.910964702
1.909649049
1.907845993
1.906895281
1.906995084
1.905704388
1.91399841
1.911949248
1.909233282
1.911586603
1.911551985
1.90630124
1.908435157
1.907724508
1.909792367
1.909565913
1.904985553
1.907135999
1.907738099
1.907287865
1.910457412
1.907503683
1.904231108
1.904250025
1.905091957
1.905930809
1.908149191
1.909818309
1.911641374
1.905861106
1.908262577
1.910579983
1.910496926
1.91043601
1.907590395
1.903908308
1.90645197
1.907273821
1.908972302
1.910225445
1.910010225
1.906536303
1.906508554
1.905562995
1.908374606
1.907699544
1.907568939
1.909078128
1.910568851
1.900833785
1.905671757
1.907428609
1.904258503
1.90306167
1.904641933
1.906022196
1.905503562
1.904889461
1.904779529
1.904650814
1.906349907
1.904005773
1.905048835
1.906037587
1.906259813
1.903281301
1.904157494
1.900838667
1.907686132
1.908302135
1.910100819
1.903533075
1.90142404
1.898288232
1.908253984
1.906839352
1.902323126
1.903635422
1.902911797
1.90289247
1.902382658
1.908075375
1.902292671
1.906972398
1.903050413
1.902421118
1.911038475
1.900146951
1.897913301
1.903047577
1.905764233
1.908058147
1.904484947
1.900501377
1.903961279
1.900127558
1.900464469
1.899978313
1.899054685
1.901366225
1.904908361
1.902876462
1.898978848
1.8980679
1.903388141
1.899790897
1.906491565
1.898749068
1.896423687
1.897263042
1.897922632
1.90191867
1.898444903
1.900860971
1.903330204
1.900299226
1.896842282
1.900375871
1.902971505
1.898512243
1.898615187
1.898494699
1.895896853
1.895806382
1.894362775
1.900990648
1.896767567
1.896803677
1.899329956
1.898278769
1.896305724
1.894162689
1.899636764
1.90565553
1.900241704
1.901592363
1.901294753
1.90547186
1.89628855
1.894362088
1.894778402
1.893968157
1.896938575
1.892837123
1.897563241
1.896046029
1.902096365
1.899991705
1.900134132
1.902636296
1.905160526
1.901587367
1.903269953
1.900334375
1.903268568
1.901421832
1.90527629
1.904757294
1.904586302
1.903008613
1.899717959
1.904852308
1.901644784
1.900852987
1.901771206
1.900659152
1.900503304
1.900021223
1.901702509
1.905226163
1.907958482
1.90835032
1.911594086
1.908527255
1.907404093
1.905032955
1.904459651
1.906062337
1.90325139
1.903889976
1.905711525
1.908100163
1.910289973
1.909838466
1.90801922
1.906636826
1.908058163
1.906621928
1.907055767
1.905455529
1.907136002
1.905935797
1.907277202
1.907360958
1.905948164
1.907609412
1.911871649
1.910694961
1.907734398
1.909551304
1.906606015
1.906989801
1.908450654
1.906080679
1.906045392
1.91388025
1.909507266
1.908062892
1.910085551
1.910602153
1.908452956
1.909448933
1.908075243
1.912181119
1.91303531
1.908732863
1.910755186
1.909687177
1.910387976
1.909675144
1.904832304
1.904051583
1.90837434
1.906469502
1.907599929
1.908233325
1.910732995
1.911006345
1.911180429
1.906614704
1.909379172
1.908373736
1.908671008
1.908391502
1.909386434
1.90985813
1.907054688
1.91100705
1.908196163
1.907476168
1.90956793
1.905523007
1.905751162
1.90469597
1.907175298
1.907863118
1.906735691
1.910670419
1.905474422
1.905402521
1.906823397
1.90705118
1.904014995
1.901872721
1.906605144
1.910415217
1.908253978
1.90615634
1.90268039
1.905191684
1.90565067
1.906128767
1.903245858
1.902341613
1.900847065
1.903940983
1.902304982
1.903108356
1.90605748
1.909695472
1.903561772
1.90520006
1.902286303
1.904013891
1.905404942
1.907721454
1.905332536
1.905840784
1.905383799
1.902284645
1.904578762
1.899488273
1.903130868
1.901286762
1.900947897
1.904462913
1.903432056
1.901496188
1.902630573
1.899819574
1.901861211
1.90434499
1.903279081
1.902501392
1.903631367
1.899945971
1.897636345
1.901200008
1.90147079
1.903521503
1.902688603
1.906720085
1.899739806
1.902640665
1.900971203
1.902611165
1.904473729
1.903981411
1.902422001
1.903368938
1.899957584
1.899416911
1.899391278
1.900689415
1.900680078
1.900671943
1.902613777
1.905667193
1.905395029
1.903574667
1.901241593
1.896829004
1.892045946
1.894883285
1.893012637
1.896326668
1.897052921
1.898340194
1.897740508
1.897123458
1.896243098
1.897782269
1.902476389
1.90289477
1.897869245
1.89986277
1.897881565
1.897482908
1.89957136
1.896834618
1.903595258
1.89922529
1.894679971
1.898498482
1.898000778
1.900732893
1.898290197
1.897730418
1.902347794
1.902843153
1.900647458
1.896448985
1.903352299
1.904143114
1.903796666
1.901476287
1.902256481
1.9036924
1.904767914
1.901758041
1.899103732
1.903267412
1.902232231
1.901366067
1.902735713
1.898077844
1.899017755
1.902299467
1.899351711
1.904947421
1.906986967
1.908071072
1.905193023
1.906287013
1.907931733
1.905358911
1.907627823
1.905494464
1.905005431
1.90054489
1.906576017
1.902798257
1.907873998
1.909505364
1.910786715
1.908815839
1.907999714
1.906014465
1.907774376
1.91012302
1.903499208
1.909054473
1.905642006
1.904916546
1.90640613
1.907133857
1.907398288
1.908182244
1.91208379
1.913215998
1.907133876
1.908707238
1.907788713
1.909653323
1.908373118
1.911258426
1.911311048
1.90510121
1.909899759
1.907369148
1.912063167
1.910522009
1.909426528
1.909396689
1.908660022
1.912560981
1.913043891
1.906513112
1.90307941
1.908902522
1.906682096
1.906184967
1.907801364
1.908500577
1.906919474
1.906886002
1.909013348
1.910958375
1.909289462
1.90621862
1.910537973
1.907234098
1.910814714
1.910180287
1.90711575
1.906695773
1.905137515
1.90511859
1.904412742
1.907248462
1.90998289
1.90509445
1.906443514
1.904797934
1.904034092
1.906006132
1.903918292
1.907210395
1.903657002
1.902018406
1.905354192
1.906890263
1.906759797
1.904201846
1.903604862
1.902347259
1.903758677
1.898637626
1.904718871
1.90755747
1.905890647
1.91003298
1.904373852
1.902722505
1.902543877
1.902456329
1.905288695
1.905718476
1.904709949
1.904974668
1.902958009
1.904189671
1.903116115
1.90387916
1.907386281
1.904170183
1.906346788
1.906705643
1.906642086
1.907028299
1.902242317
1.900646139
1.90116042
1.902986224
1.902564326
1.90235777
1.907217343
1.904610056
1.909208692
1.905986427
1.904027034
1.900059623
1.900041655
1.904165941
1.902797101
1.904346847
1.903775553
1.900866592
1.907453769
1.905548517
1.902781155
1.90292114
1.899912225
1.902315806
1.903465407
1.904917299
1.898415219
1.899424261
1.900072924
1.906920917
1.901537186
1.895939254
1.902832947
1.902437125
1.900446091
1.902054619
1.902695923
1.902387278
1.903905276
1.901824381
1.899850862
1.896781841
1.897126054
1.895654563
1.894124876
1.896617155
1.898946757
1.89992612
1.89971592
1.902567238
1.897378417
1.898420129
1.903636358
1.899278137
1.901747294
1.902061962
1.896379261
1.89766115
1.897268655
1.899185325
1.899055118
1.89627896
1.90065893
1.898293069
1.899617953
1.896984009
1.895851777
1.898884153
1.902692122
1.903677086
1.899056172
1.900819421
1.900500476
1.902972138
1.905393785
1.905937329
1.903645112
1.903460263
1.904355581
1.90311427
1.898242401
1.898712159
1.906077238
1.905756349
1.901278336
1.894967259
1.902347147
1.909548123
1.903350866
1.902319377
1.907743617
1.906896439
1.903255301
1.903801078
1.909387636
1.908419262
1.905522462
1.904406308
1.906126521
1.90104529
1.903639528
1.904404544
1.909068122
1.905129362
1.909204769
1.908405875
1.908266518
1.90366008
1.905697941
1.906818428
1.902010771
1.904363123
1.905299626
1.90884658
1.907892493
1.909014942
1.908533142
1.91233111
1.909936906
1.910319812
1.907668383
1.908603951
1.912214495
1.909980363
1.910404249
1.911276376
1.912612876
1.9118224
1.910605928
1.909481136
1.909724621
1.907797854
1.911297703
1.909300623
1.908375994
1.912783985
1.906280637
1.910238562
1.906368959
1.911598901
1.909724884
1.908308654
1.907582438
1.90460056
1.908661633
1.906779158
1.903674346
1.906220494
1.906550773
1.907984666
1.905705026
1.903996835
1.907633814
1.909425887
1.911571728
1.906382523
1.906577868
1.907230837
1.904826179
1.909037528
1.909783928
1.904581634
1.907188155
1.901004935
1.906248155
1.906096389
1.902487414
1.902300962
1.903735038
1.903248546
1.901043719
1.905154499
1.906759501
1.903486414
1.900250826
1.903325835
1.900996401
1.901975022
1.907491472
1.904667594
1.905256484
1.905243372
1.905039348
1.902699937
1.903413655
1.903348831
1.906763288
1.913222197
1.907672272
1.905305964
1.903628395
1.901326009
1.900264829
1.906743336
1.906360136
1.908753324
1.907125062
1.905444102
1.904535788
1.904388446
1.902089105
1.898858861
1.896567217
1.900822752
1.90211532
1.903062901
1.899896561
1.905438702
1.904669504
1.905367503
1.902342135
1.905304424
1.899237912
1.900528354
1.903510616
1.901202383
1.905269503
1.901657361
1.898584256
1.899233203
1.90126277
1.900669297
1.898985392
1.901946924
1.901257567
1.900543183
1.898986203
1.89610896
1.89710258
1.899619679
1.901827146
1.901833292
1.90112383
1.901203929
1.905046628
1.900248416
1.9000892
1.897040743
1.9017578
1.902735825
1.905268456
1.900960831
1.899251658
1.896743709
1.895794812
1.89518265
1.901611551
1.897421922
1.896452833
1.902330445
1.897269267
1.898801223
1.902200867
1.90124084
1.904233262
1.900541696
1.899462453
1.89703584
1.897244604
1.899139868
1.898751009
1.89418236
1.89812833
1.897530486
1.897756914
1.901001944
1.896058178
1.900723822
1.900507566
1.901812658
1.901565866
1.905200578
1.902092955
1.90286817
1.904696473
1.900626434
1.904734508
1.901808939
1.906679894
1.903664406
1.899720825
1.903977264
1.904643984
1.906143939
1.901944296
1.901821561
1.900526211
1.907149347
1.902555292
1.902094967
1.900952255
1.903644154
1.906507855
1.908868645
1.90873219
1.909624017
1.902961299
1.909306341
1.908143727
1.90510854
1.904470907
1.904981642
1.905487588
1.909579194
1.907273129
1.906801911
1.906630879
1.907595123
1.905555714
1.906570521
1.906041296
1.901159992
1.903213797
1.90555634
1.906310988
1.902585049
1.907290784
1.91243059
1.913472657
1.908906969
1.908868717
1.913481909
1.907878104
1.907700616
1.910473251
1.909963801
1.909004466
1.907108604
1.908587289
1.908025868
1.912083617
1.910050869
1.913863162
1.910560323
1.911245032
1.909910493
1.906127316
1.908802717
1.907189183
1.909561577
1.910800413
1.906418506
1.906511503
1.906595465
1.908845049
1.907233168
1.910717084
1.909692985
1.908217717
1.902828573
1.905919302
1.905360074
1.905971671
1.909734561
1.910921118
1.907015465
1.910986095
1.910179454
1.910859178
1.910208172
1.910733916
1.909570968
1.902690382
1.904482381
1.90238879
1.905832091
1.905001177
1.90583294
1.90432322
1.901876582
1.904314953
1.901574115
1.904814886
1.905415736
1.904273292
1.905178985
1.903559176
1.902719795
1.904798255
1.906456393
1.907420067
1.903438924
1.909412026
1.912069188
1.904177148
1.90600347
1.904534896
1.90356452
1.907582125
1.905794457
1.903966707
1.899904704
1.904150008
1.903636512
1.9046334
1.905806061
1.908246106
1.904310928
1.901658463
1.905591406
1.90063206
1.906068272
1.904874915
1.902733884
1.899091439
1.900988325
1.901826021
1.903233165
1.904514499
1.900259914
1.902495424
1.902336242
1.902036376
1.900903879
1.902521197
1.901063678
1.898088504
1.897940135
1.896395338
1.900428158
1.902741911
1.903196467
1.898222203
1.901621249
1.902629194
1.901885444
1.899820618
1.901242294
1.900998754
1.897914916
1.89788407
1.900271243
)
;

boundaryField
{
    bottom
    {
        type            calculated;
        value           nonuniform List<scalar> 
200
(
1.901435003
1.903893296
1.901213122
1.903716538
1.899456574
1.901476278
1.901031829
1.898951105
1.900427086
1.897833948
1.894087188
1.896183501
1.89823428
1.899737875
1.898999676
1.891035347
1.898404677
1.898616492
1.8990211
1.898067427
1.896267129
1.897767454
1.900236978
1.899735538
1.900293541
1.900381653
1.902071864
1.898401347
1.896209658
1.897705892
1.902329244
1.899144887
1.897783414
1.89659875
1.8981168
1.900191879
1.897039923
1.902860119
1.901159906
1.903502025
1.900661609
1.901641663
1.904028239
1.900843181
1.903085002
1.90427166
1.903205973
1.902851195
1.901550054
1.899105791
1.902604875
1.902427215
1.905610957
1.900754836
1.900178565
1.898625259
1.903118585
1.904637456
1.905809905
1.907351206
1.9045567
1.902602363
1.905082793
1.899570746
1.906579971
1.905190297
1.899363479
1.900389651
1.90528079
1.904213149
1.906696248
1.909391765
1.907003544
1.909481366
1.911368023
1.909658969
1.90609568
1.901104588
1.908170014
1.908947465
1.905978929
1.907368351
1.904722242
1.908850173
1.911668508
1.908471861
1.907170753
1.906390096
1.910964702
1.909649049
1.907845993
1.906895281
1.906995084
1.905704388
1.91399841
1.911949248
1.909233282
1.911586603
1.911551985
1.90630124
1.908435157
1.907724508
1.909792367
1.909565913
1.904985553
1.907135999
1.907738099
1.907287865
1.910457412
1.907503683
1.904231108
1.904250025
1.905091957
1.905930809
1.908149191
1.909818309
1.911641374
1.905861106
1.908262577
1.910579983
1.910496926
1.91043601
1.907590395
1.903908308
1.90645197
1.907273821
1.908972302
1.910225445
1.910010225
1.906536303
1.906508554
1.905562995
1.908374606
1.907699544
1.907568939
1.909078128
1.910568851
1.900833785
1.905671757
1.907428609
1.904258503
1.90306167
1.904641933
1.906022196
1.905503562
1.904889461
1.904779529
1.904650814
1.906349907
1.904005773
1.905048835
1.906037587
1.906259813
1.903281301
1.904157494
1.900838667
1.907686132
1.908302135
1.910100819
1.903533075
1.90142404
1.898288232
1.908253984
1.906839352
1.902323126
1.903635422
1.902911797
1.90289247
1.902382658
1.908075375
1.902292671
1.906972398
1.903050413
1.902421118
1.911038475
1.900146951
1.897913301
1.903047577
1.905764233
1.908058147
1.904484947
1.900501377
1.903961279
1.900127558
1.900464469
1.899978313
1.899054685
1.901366225
1.904908361
1.902876462
1.898978848
1.8980679
1.903388141
1.899790897
1.906491565
1.898749068
1.896423687
1.897263042
1.897922632
1.90191867
)
;
    }
    top
    {
        type            calculated;
        value           nonuniform List<scalar> 
200
(
1.90112383
1.901203929
1.905046628
1.900248416
1.9000892
1.897040743
1.9017578
1.902735825
1.905268456
1.900960831
1.899251658
1.896743709
1.895794812
1.89518265
1.901611551
1.897421922
1.896452833
1.902330445
1.897269267
1.898801223
1.902200867
1.90124084
1.904233262
1.900541696
1.899462453
1.89703584
1.897244604
1.899139868
1.898751009
1.89418236
1.89812833
1.897530486
1.897756914
1.901001944
1.896058178
1.900723822
1.900507566
1.901812658
1.901565866
1.905200578
1.902092955
1.90286817
1.904696473
1.900626434
1.904734508
1.901808939
1.906679894
1.903664406
1.899720825
1.903977264
1.904643984
1.906143939
1.901944296
1.901821561
1.900526211
1.907149347
1.902555292
1.902094967
1.900952255
1.903644154
1.906507855
1.908868645
1.90873219
1.909624017
1.902961299
1.909306341
1.908143727
1.90510854
1.904470907
1.904981642
1.905487588
1.909579194
1.907273129
1.906801911
1.906630879
1.907595123
1.905555714
1.906570521
1.906041296
1.901159992
1.903213797
1.90555634
1.906310988
1.902585049
1.907290784
1.91243059
1.913472657
1.908906969
1.908868717
1.913481909
1.907878104
1.907700616
1.910473251
1.909963801
1.909004466
1.907108604
1.908587289
1.908025868
1.912083617
1.910050869
1.913863162
1.910560323
1.911245032
1.909910493
1.906127316
1.908802717
1.907189183
1.909561577
1.910800413
1.906418506
1.906511503
1.906595465
1.908845049
1.907233168
1.910717084
1.909692985
1.908217717
1.902828573
1.905919302
1.905360074
1.905971671
1.909734561
1.910921118
1.907015465
1.910986095
1.910179454
1.910859178
1.910208172
1.910733916
1.909570968
1.902690382
1.904482381
1.90238879
1.905832091
1.905001177
1.90583294
1.90432322
1.901876582
1.904314953
1.901574115
1.904814886
1.905415736
1.904273292
1.905178985
1.903559176
1.902719795
1.904798255
1.906456393
1.907420067
1.903438924
1.909412026
1.912069188
1.904177148
1.90600347
1.904534896
1.90356452
1.907582125
1.905794457
1.903966707
1.899904704
1.904150008
1.903636512
1.9046334
1.905806061
1.908246106
1.904310928
1.901658463
1.905591406
1.90063206
1.906068272
1.904874915
1.902733884
1.899091439
1.900988325
1.901826021
1.903233165
1.904514499
1.900259914
1.902495424
1.902336242
1.902036376
1.900903879
1.902521197
1.901063678
1.898088504
1.897940135
1.896395338
1.900428158
1.902741911
1.903196467
1.898222203
1.901621249
1.902629194
1.901885444
1.899820618
1.901242294
1.900998754
1.897914916
1.89788407
1.900271243
)
;
    }
    inlet
    {
        type            cyclic;
    }
    outlet
    {
        type            cyclic;
    }
    back
    {
        type            symmetry;
    }
    front
    {
        type            symmetry;
    }
}


// ************************************************************************* //
