/*--------------------------------*- C++ -*----------------------------------*\
| =========                 |                                                 |
| \\      /  F ield         | OpenFOAM: The Open Source CFD Toolbox           |
|  \\    /   O peration     | Version:  v1706                                 |
|   \\  /    A nd           | Web:      www.OpenFOAM.com                      |
|    \\/     M anipulation  |                                                 |
\*---------------------------------------------------------------------------*/
FoamFile
{
    version     2.0;
    format      ascii;
    class       volScalarField;
    location    "8";
    object      mfpCellRatio_N2;
}
// * * * * * * * * * * * * * * * * * * * * * * * * * * * * * * * * * * * * * //

dimensions      [0 0 0 0 0 0 0];


internalField   nonuniform List<scalar> 
500
(
5.448881068
5.452089392
5.448263483
5.450105617
5.44997394
5.495458573
5.493673873
5.496138141
5.493837975
5.494729126
5.532960689
5.533571079
5.533270022
5.535483654
5.533333917
5.568702982
5.569225569
5.564868055
5.567597732
5.568048363
5.600511577
5.603215998
5.60220906
5.59884871
5.60185384
5.632713981
5.63420733
5.634459693
5.633743782
5.634440399
5.666242417
5.664070619
5.665414598
5.663665616
5.665304777
5.696335395
5.695723988
5.694970266
5.695454112
5.695524514
5.727232518
5.728762587
5.727808386
5.729266849
5.725869431
5.757764797
5.758688783
5.758899064
5.759691756
5.75703646
5.790685637
5.788908236
5.788942926
5.789918577
5.790016473
5.817888338
5.819793739
5.819533032
5.822277659
5.820607066
5.849741125
5.850464646
5.850927152
5.848738288
5.85128431
5.880117532
5.880229338
5.880324073
5.879990694
5.880697377
5.910157222
5.909882026
5.908722476
5.910859073
5.909185846
5.938541542
5.938672816
5.940672923
5.939322025
5.937664047
5.968918301
5.969420722
5.968803787
5.968463593
5.969092721
5.997929002
5.997565707
6.000184269
5.998539298
5.996900605
6.025095508
6.028298854
6.028622855
6.026086281
6.028050808
6.05538208
6.055447992
6.055979515
6.057223952
6.057889759
6.086495181
6.087085695
6.083898844
6.087931469
6.088277463
6.115600393
6.114911798
6.112141686
6.113936829
6.1153641
6.144674277
6.145864348
6.142332786
6.144247115
6.143349578
6.171910474
6.174062563
6.170583133
6.171323466
6.173267506
6.201384966
6.20168212
6.200426263
6.201633097
6.201278787
6.226953706
6.227531002
6.227218323
6.229892961
6.230623886
6.257163196
6.255131165
6.256669776
6.259870146
6.258109257
6.286709094
6.285075761
6.286908652
6.2859608
6.285029359
6.314636406
6.317247592
6.315693167
6.314637854
6.312241202
6.341777802
6.343320049
6.343419468
6.3409315
6.344960191
6.372575361
6.372081468
6.368000742
6.37027074
6.370506809
6.398933312
6.399911048
6.398053892
6.399233802
6.398745233
6.426722291
6.428645953
6.426797335
6.426872333
6.425694619
6.454446234
6.454060091
6.45479642
6.455336906
6.453297362
6.482701574
6.484065201
6.482874837
6.482465003
6.482118599
6.512339521
6.51333288
6.511433044
6.510904707
6.510425035
6.538380623
6.538108026
6.540936026
6.540054647
6.540910794
6.568183538
6.569097412
6.568527116
6.568300585
6.566524855
6.594032038
6.596879872
6.595300278
6.598299004
6.595358811
6.624007689
6.623802961
6.624273174
6.62602141
6.624039042
6.651114425
6.650092528
6.65185107
6.652396817
6.651359848
6.677830312
6.680092079
6.678113551
6.676761781
6.678519102
6.706894416
6.705105786
6.705965183
6.706316233
6.706713503
6.733637866
6.733199951
6.732947167
6.733608752
6.734829511
6.759242657
6.758559374
6.762138902
6.758621826
6.759109484
6.787083678
6.786847633
6.789294082
6.788412091
6.784842417
6.814927138
6.812702829
6.815540709
6.814397397
6.812465279
6.844091665
6.842625236
6.842863857
6.841261354
6.843842884
6.871082388
6.868929762
6.867622092
6.868914425
6.869796365
6.895066946
6.897468858
6.899149966
6.896040834
6.897386192
6.922778703
6.925448644
6.927358526
6.923520847
6.924041116
6.951902496
6.950216594
6.952590091
6.951497895
6.953795364
6.981559352
6.9796587
6.980518384
6.976674361
6.978152264
7.005663274
7.002410153
7.003751972
7.003861246
7.004561598
7.031675155
7.030200818
7.030625496
7.031914032
7.031967321
7.059404466
7.057600828
7.058423755
7.059618615
7.059865277
7.08670863
7.085398589
7.085893528
7.08321432
7.083204383
7.113504163
7.113381016
7.112134341
7.112090447
7.113591114
7.139200812
7.138641545
7.139155586
7.140848119
7.14196506
7.166313002
7.163655058
7.166621724
7.165778079
7.164566369
7.193357833
7.190538809
7.193372278
7.192701161
7.192077434
7.219917292
7.217852929
7.216490475
7.217049374
7.218212883
7.245246242
7.244874118
7.243980285
7.244906533
7.245553432
7.271376342
7.274480695
7.272310252
7.271543539
7.272031259
7.295417544
7.297581752
7.298694981
7.296799322
7.29789689
7.321491519
7.321567571
7.327155435
7.324594349
7.322690408
7.35050284
7.347978175
7.350399239
7.350582966
7.351800623
7.376507757
7.375219809
7.373335974
7.374189941
7.375657111
7.401303719
7.403607922
7.401097204
7.398110162
7.398953139
7.42707745
7.428789002
7.425479493
7.42809507
7.42635251
7.454832801
7.453456361
7.453381926
7.45244356
7.454026146
7.481137142
7.477272293
7.480165694
7.478729117
7.476649253
7.506980134
7.506253598
7.503741875
7.503223218
7.506718411
7.533198731
7.529754016
7.533708975
7.529834543
7.530607284
7.556075387
7.558904703
7.559074996
7.554067167
7.557260758
7.581845117
7.580519685
7.583700579
7.584660521
7.581188664
7.608272056
7.604948978
7.607248102
7.605849755
7.608135458
7.63539894
7.631079053
7.635446055
7.634592367
7.634686312
7.655397733
7.658047388
7.658253954
7.658528433
7.65781462
7.684309654
7.684261141
7.686548741
7.68550695
7.686580079
7.710818068
7.711978897
7.714723423
7.711995506
7.710837171
7.738422117
7.7381392
7.736546884
7.735798993
7.73745378
7.765275355
7.763916058
7.763215962
7.763558493
7.763982734
7.790466421
7.788313387
7.790048414
7.788536049
7.791875105
7.815082977
7.815687778
7.813985904
7.818624759
7.815943949
7.83972098
7.83934301
7.838932336
7.841877433
7.83880886
7.865493201
7.866983854
7.868731979
7.868674803
7.866677379
7.895121769
7.89069524
7.894920721
7.891497396
7.897545625
7.917938908
7.918291062
7.918844183
7.916151224
7.923617998
7.944994494
7.945829485
7.947584848
7.946283862
7.945810408
7.971411947
7.974429135
7.974606228
7.97151831
7.970780926
7.999734189
8.002365905
8.000451015
7.996875121
7.998963962
8.029827857
8.026406106
8.026540199
8.027181053
8.026473453
8.054289652
8.052507309
8.053345037
8.05450372
8.053156659
8.080719778
8.08044625
8.078625167
8.079104404
8.078565764
8.107566134
8.109415522
8.107258856
8.106987865
8.106727241
8.140756745
8.138132504
8.1408701
8.14036771
8.137001296
8.171635582
8.170984727
8.172580632
8.169944266
8.169910987
8.208923119
8.205681293
8.205740013
8.206481077
8.202211952
8.250941885
8.245834263
8.246207999
8.247264599
8.247761221
)
;

boundaryField
{
    upperWall
    {
        type            calculated;
        value           nonuniform List<scalar> 5(8.250941885 8.245834263 8.246207999 8.247264599 8.247761221);
    }
    lowerWall
    {
        type            calculated;
        value           nonuniform List<scalar> 5(5.448881068 5.452089392 5.448263483 5.450105617 5.44997394);
    }
    periodicX_half0
    {
        type            cyclic;
    }
    periodicX_half1
    {
        type            cyclic;
    }
    frontAndBack
    {
        type            empty;
    }
}


// ************************************************************************* //
