/*--------------------------------*- C++ -*----------------------------------*\
| =========                 |                                                 |
| \\      /  F ield         | OpenFOAM: The Open Source CFD Toolbox           |
|  \\    /   O peration     | Version:  v1706                                 |
|   \\  /    A nd           | Web:      www.OpenFOAM.com                      |
|    \\/     M anipulation  |                                                 |
\*---------------------------------------------------------------------------*/
FoamFile
{
    version     2.0;
    format      ascii;
    class       volScalarField;
    location    "8";
    object      mfpCellRatio_O2;
}
// * * * * * * * * * * * * * * * * * * * * * * * * * * * * * * * * * * * * * //

dimensions      [0 0 0 0 0 0 0];


internalField   nonuniform List<scalar> 
500
(
22.79546303
22.80448763
22.80106144
22.79638315
22.78928736
22.99036727
22.9768529
23.00293479
22.98618646
22.99762613
23.1571949
23.15765433
23.15420801
23.14517625
23.16527866
23.30324735
23.32608899
23.31519304
23.31653963
23.31015632
23.45291986
23.46104834
23.4685538
23.4528151
23.45702294
23.59477199
23.61406461
23.60465968
23.60547837
23.59651842
23.72829737
23.72767703
23.75085172
23.73693066
23.75433937
23.87548414
23.87024339
23.87692121
23.87608905
23.87377222
24.00736627
24.01343136
24.02008497
24.00400165
24.00164832
24.15161801
24.15582856
24.16086772
24.14735133
24.13356168
24.28318212
24.28438184
24.2839069
24.28432631
24.27580916
24.40450218
24.4182187
24.40931382
24.41017008
24.41809649
24.52594318
24.53922111
24.5377113
24.53339596
24.54051945
24.6734996
24.64384068
24.66988939
24.66694797
24.67805134
24.80009448
24.79407647
24.802949
24.81179852
24.79668155
24.92642944
24.94021723
24.92610315
24.93984991
24.94093624
25.0656832
25.04652186
25.05711715
25.05311302
25.0550254
25.18225489
25.17593282
25.17915314
25.19465468
25.1760645
25.32360314
25.31316896
25.31644664
25.32084751
25.31678264
25.43816002
25.4313628
25.44532118
25.43408404
25.44121528
25.56819746
25.57279032
25.56024571
25.56236964
25.56135526
25.6977147
25.70141168
25.69856031
25.71380897
25.70545884
25.82701698
25.82361789
25.82237436
25.83167939
25.84236289
25.95087337
25.9396064
25.94560086
25.95014758
25.96481573
26.07612491
26.0845131
26.06397462
26.0819216
26.06957709
26.22276232
26.22076824
26.21912428
26.22707341
26.20397973
26.33838879
26.34607407
26.34935096
26.33320756
26.33931984
26.46130394
26.46598061
26.47236772
26.47228171
26.46344217
26.58072041
26.58189377
26.61377731
26.58501069
26.57043228
26.70068399
26.70727344
26.72347872
26.69853787
26.70477306
26.83664816
26.83452485
26.83026702
26.83735996
26.81257592
26.94434555
26.94244267
26.93538458
26.95913556
26.95499884
27.08697869
27.08789885
27.0744118
27.09316905
27.06466895
27.19650754
27.2183289
27.20166019
27.20858169
27.19731023
27.35249209
27.34189983
27.32292473
27.32144146
27.31619016
27.44851396
27.43471318
27.45712143
27.43648827
27.43551346
27.56106638
27.55037467
27.57044488
27.56409536
27.54810953
27.69921336
27.70175269
27.6759829
27.68375748
27.69171036
27.80377296
27.81277536
27.81450502
27.79918624
27.80228521
27.92456335
27.92359053
27.91489502
27.91980136
27.91196357
28.04420515
28.0584181
28.05399637
28.06377472
28.04512326
28.19053535
28.19156313
28.17962766
28.19250719
28.18885478
28.28041688
28.29866999
28.30011123
28.31275527
28.30247422
28.40517195
28.4157176
28.42262719
28.43669141
28.43086481
28.54219273
28.53739103
28.53627307
28.54372132
28.53916937
28.66403465
28.66803307
28.6560534
28.66699802
28.65966303
28.79203138
28.77643094
28.78702181
28.77988609
28.78601688
28.89852289
28.90939794
28.8985286
28.89955981
28.90975703
29.01163538
29.00231567
29.00745853
29.03363403
28.99790724
29.11455308
29.13551763
29.13649022
29.12736396
29.13018761
29.25432529
29.23573272
29.24774831
29.24352069
29.26259471
29.36539203
29.37803438
29.35603447
29.36436009
29.3593222
29.48033542
29.47344207
29.4861407
29.48741932
29.4899464
29.60237836
29.58626518
29.61580786
29.62530045
29.60177289
29.73635353
29.73570704
29.73094218
29.72698377
29.72701535
29.8310066
29.87143723
29.85912798
29.85010413
29.83562401
29.96372982
29.96467188
29.96019147
29.9753656
29.94304528
30.07615559
30.09117398
30.07760783
30.07948644
30.06843843
30.19767783
30.18235254
30.18932797
30.19167313
30.19688239
30.31259642
30.30197646
30.3301118
30.33371891
30.30528192
30.43717254
30.41332699
30.40963151
30.42015648
30.43707203
30.54376916
30.54159415
30.52506085
30.53100393
30.52246362
30.65979994
30.65214486
30.66118467
30.66443366
30.66512877
30.78453878
30.77352953
30.78719322
30.78528192
30.77163403
30.89175253
30.864925
30.90340524
30.89004449
30.89296719
30.99569828
31.01846296
31.01032733
30.98842297
31.02347847
31.13813476
31.12586479
31.11432361
31.11409698
31.11737273
31.24509625
31.24101694
31.21934469
31.25149876
31.22663883
31.35633818
31.34747255
31.33750193
31.33870606
31.33086664
31.4496376
31.45619067
31.46417587
31.45765695
31.46231875
31.55342967
31.5706992
31.56907486
31.57011183
31.56077816
31.69045638
31.67586055
31.6972751
31.66664521
31.67116663
31.79005283
31.7948707
31.78665706
31.78388721
31.77055692
31.90807811
31.89588588
31.88181856
31.89402646
31.88158797
32.03898292
32.02436826
32.01355549
31.99357861
32.0147729
32.15394032
32.16241442
32.13863536
32.12610584
32.12118173
32.24923678
32.25958147
32.26180569
32.27890584
32.23698687
32.36572689
32.37830726
32.3798795
32.36452818
32.35519318
32.4858335
32.47736841
32.48008777
32.48566144
32.47079958
32.60026199
32.58463225
32.57889205
32.56308041
32.57142916
32.71444569
32.71710576
32.69484399
32.70084302
32.67952113
32.80920234
32.83154212
32.7864857
32.82654489
32.83877571
32.94113031
32.92997072
32.9498763
32.95004539
32.93313534
33.07078683
33.05244252
33.07015492
33.04712345
33.06202119
33.1354738
33.17072536
33.14215284
33.15381032
33.16841814
33.27246745
33.27682279
33.29578804
33.2728233
33.27821851
33.39355029
33.41283651
33.37947415
33.40026602
33.40877092
33.50038358
33.49441005
33.48687789
33.5111044
33.52907288
33.60864964
33.59328577
33.58727362
33.61306695
33.62624781
33.71449039
33.72331607
33.71936462
33.73000098
33.74772091
33.82526497
33.84775319
33.84015711
33.85919458
33.84918942
33.96872881
33.94025818
33.96104936
33.96171388
33.96902704
34.06166311
34.06187935
34.1003515
34.09809421
34.08558637
34.2049615
34.2057792
34.21533828
34.21991146
34.20426967
34.33239598
34.32538515
34.34461383
34.31760092
34.32674057
34.45744634
34.4555866
34.45922064
34.44933713
34.45145657
34.60694934
34.59146781
34.5794051
34.59299619
34.59071605
34.71972982
34.73759068
34.72509897
34.74508164
34.72349293
34.84268083
34.86958497
34.85811043
34.86809064
34.84990201
35.03636623
35.04053123
35.0563484
35.01943213
35.04986809
)
;

boundaryField
{
    upperWall
    {
        type            calculated;
        value           nonuniform List<scalar> 5(35.03636623 35.04053123 35.0563484 35.01943213 35.04986809);
    }
    lowerWall
    {
        type            calculated;
        value           nonuniform List<scalar> 5(22.79546303 22.80448763 22.80106144 22.79638315 22.78928736);
    }
    periodicX_half0
    {
        type            cyclic;
    }
    periodicX_half1
    {
        type            cyclic;
    }
    frontAndBack
    {
        type            empty;
    }
}


// ************************************************************************* //
