/*--------------------------------*- C++ -*----------------------------------*\
| =========                 |                                                 |
| \\      /  F ield         | OpenFOAM: The Open Source CFD Toolbox           |
|  \\    /   O peration     | Version:  v1706                                 |
|   \\  /    A nd           | Web:      www.OpenFOAM.com                      |
|    \\/     M anipulation  |                                                 |
\*---------------------------------------------------------------------------*/
FoamFile
{
    version     2.0;
    format      ascii;
    class       volScalarField;
    location    "8";
    object      rotationalT_N2;
}
// * * * * * * * * * * * * * * * * * * * * * * * * * * * * * * * * * * * * * //

dimensions      [0 0 0 1 0 0 0];


internalField   nonuniform List<scalar> 
500
(
2065.061822
2065.664381
2065.496834
2065.262272
2065.030596
2081.06076
2080.910228
2081.499397
2081.330447
2080.998053
2093.835725
2094.451398
2093.984282
2094.590666
2093.815817
2106.007691
2106.313707
2106.594904
2106.364138
2105.909864
2117.639777
2117.329186
2117.450258
2117.493082
2117.936072
2128.875779
2128.661063
2128.901615
2128.83131
2128.587399
2138.815965
2139.276572
2139.969465
2139.740525
2139.600159
2149.997755
2150.110275
2150.056864
2149.93517
2149.495376
2159.475622
2160.150518
2160.913545
2160.161682
2159.900958
2169.632925
2170.305072
2169.973905
2169.551542
2169.717574
2180.714921
2179.646608
2180.191675
2180.797511
2180.005594
2190.505612
2189.676897
2190.142559
2189.815383
2190.225023
2199.461457
2200.111483
2200.446302
2199.952386
2199.867442
2208.961288
2208.581488
2208.480176
2208.381456
2208.772608
2218.264595
2218.770985
2217.906987
2218.479587
2218.310541
2227.528408
2227.342204
2227.666384
2227.95208
2227.209686
2237.307534
2236.36767
2237.611805
2237.019089
2237.244737
2246.150139
2245.382638
2246.271315
2245.850297
2246.530871
2255.195101
2255.142228
2255.338628
2254.941791
2255.644993
2264.012701
2265.227913
2264.133652
2264.27285
2264.280361
2273.615981
2273.841717
2273.629563
2272.63671
2273.20486
2282.162737
2282.210736
2282.192025
2282.804535
2282.691301
2291.886309
2290.870972
2290.899809
2291.972949
2292.083728
2300.069272
2299.669366
2300.733232
2300.66814
2300.02471
2309.458502
2308.425063
2308.7399
2309.130641
2308.873581
2317.625392
2318.09595
2318.553111
2317.490855
2317.364057
2326.08848
2326.911608
2326.793124
2327.309456
2326.213145
2334.905378
2335.363889
2335.060065
2335.006967
2335.663228
2344.107602
2344.169869
2344.216438
2343.32487
2343.513533
2352.720878
2352.419008
2351.591588
2352.147262
2352.449418
2360.508031
2360.962896
2361.086694
2360.486001
2359.97085
2369.066097
2369.038622
2368.878854
2368.622605
2369.149862
2377.211728
2378.355622
2378.038295
2378.762614
2378.056899
2386.737109
2386.335178
2385.588556
2386.774932
2387.143918
2396.17806
2394.730868
2394.543671
2394.776816
2395.382481
2404.162602
2403.617502
2404.051817
2403.748109
2403.992227
2412.823849
2411.897427
2411.628659
2411.999857
2411.958087
2420.7615
2419.726921
2420.32982
2419.633826
2421.550483
2428.712723
2428.712419
2428.950072
2429.048001
2428.225384
2436.163572
2437.136602
2437.597084
2435.994596
2436.97776
2445.705827
2445.482128
2445.882297
2445.391963
2446.415542
2453.263319
2453.104123
2453.262412
2453.25038
2453.288891
2461.946603
2461.25374
2461.275555
2461.940756
2461.305193
2469.491853
2470.354321
2469.309505
2470.153219
2470.03272
2477.320942
2477.94752
2477.814918
2477.320835
2478.607926
2486.42353
2485.953185
2486.321279
2486.265273
2485.827146
2494.28212
2494.420694
2493.781429
2494.309575
2494.04731
2502.488752
2502.562964
2501.83265
2501.694128
2502.661027
2510.447506
2510.693772
2510.182645
2509.629204
2510.192953
2518.210417
2517.425778
2518.177081
2518.027185
2518.949124
2526.682647
2527.316772
2525.846266
2526.037705
2526.167744
2535.058405
2533.283428
2535.114407
2533.461687
2533.830372
2542.475687
2542.207381
2542.778559
2541.14797
2542.297492
2550.048781
2550.131746
2551.020176
2550.439057
2551.12615
2559.017579
2559.529976
2559.577012
2559.098114
2558.336614
2566.553188
2567.121498
2566.599205
2567.2634
2566.712052
2574.477088
2574.20238
2574.09095
2574.458258
2572.83058
2582.330184
2581.70203
2581.995007
2582.251026
2582.537429
2590.824877
2591.314578
2590.64593
2589.031141
2590.259271
2598.827463
2597.893497
2597.906093
2597.505322
2597.306175
2605.725401
2605.092886
2605.489082
2605.342487
2606.047572
2613.364351
2612.335642
2612.131613
2613.314229
2612.99998
2620.258093
2620.620629
2620.374294
2621.189978
2620.623538
2628.086213
2629.136064
2628.736241
2627.65896
2627.043688
2635.981604
2636.743211
2636.751664
2635.674462
2634.797363
2644.478026
2644.616396
2644.968909
2644.24634
2644.889377
2651.10931
2652.090136
2652.013754
2652.962796
2652.740794
2659.683151
2659.634524
2660.458649
2659.654879
2659.566716
2667.805298
2667.23378
2667.823398
2667.678719
2667.459785
2675.797081
2674.735669
2676.067631
2675.822841
2675.823366
2682.302438
2682.337894
2683.897343
2683.126339
2681.940952
2691.075533
2689.986334
2691.752374
2691.250015
2691.370754
2698.498008
2699.524629
2698.75858
2698.202202
2698.197325
2706.583612
2707.070202
2706.161385
2706.238786
2706.706122
2713.906218
2714.340826
2714.381706
2713.157645
2714.616473
2722.775367
2721.897837
2721.905772
2722.260923
2721.980506
2730.353763
2729.876443
2729.63809
2729.196073
2728.949462
2737.116025
2737.561293
2737.282387
2738.089062
2737.885767
2744.805117
2744.995122
2745.058894
2745.292902
2745.696866
2752.288332
2751.773088
2753.336586
2753.748005
2753.168693
2761.69881
2760.844112
2760.373103
2760.493953
2761.89706
2769.045474
2768.185515
2767.994363
2768.049939
2768.38311
2775.948881
2775.225381
2775.868763
2776.217926
2775.283244
2783.983816
2784.401121
2783.260291
2784.847577
2784.067106
2791.426214
2792.346184
2792.213461
2791.822619
2792.376128
2799.146562
2799.586228
2799.43921
2799.792406
2798.780322
2808.370346
2806.232622
2806.539482
2806.962254
2806.835967
2816.246705
2815.79154
2814.9401
2815.32566
2816.515996
2824.152221
2824.436325
2823.818167
2824.18307
2823.941108
2831.318947
2831.657807
2831.740454
2832.305615
2830.815058
2840.176182
2840.30552
2840.623707
2840.634819
2840.537903
2848.342148
2848.463206
2848.67606
2848.430894
2848.250235
2856.761461
2856.608575
2856.506016
2856.419452
2856.187364
2865.251691
2866.291289
2866.070215
2865.921115
2865.897863
2874.770832
2873.937296
2874.814861
2874.851001
2873.976317
2883.2894
2883.170973
2883.198983
2883.710778
2884.386569
2891.351419
2892.597412
2893.608349
2892.648456
2891.842046
2902.520893
2901.937167
2902.333379
2903.110117
2903.284673
2915.215293
2913.590048
2914.366553
2914.738511
2912.979738
2926.959176
2927.117452
2927.74443
2927.04068
2926.889759
)
;

boundaryField
{
    upperWall
    {
        type            calculated;
        value           nonuniform List<scalar> 5(2937.019337 2940.003847 2938.153395 2935.029641 2936.825126);
    }
    lowerWall
    {
        type            calculated;
        value           nonuniform List<scalar> 5(2051.890909 2054.443092 2053.685071 2054.469665 2053.793513);
    }
    periodicX_half0
    {
        type            cyclic;
    }
    periodicX_half1
    {
        type            cyclic;
    }
    frontAndBack
    {
        type            empty;
    }
}


// ************************************************************************* //
