/*--------------------------------*- C++ -*----------------------------------*\
| =========                 |                                                 |
| \\      /  F ield         | OpenFOAM: The Open Source CFD Toolbox           |
|  \\    /   O peration     | Version:  v1706                                 |
|   \\  /    A nd           | Web:      www.OpenFOAM.com                      |
|    \\/     M anipulation  |                                                 |
\*---------------------------------------------------------------------------*/
FoamFile
{
    version     2.0;
    format      ascii;
    class       volScalarField;
    location    "0.0014";
    object      wallHeatFlux;
}
// * * * * * * * * * * * * * * * * * * * * * * * * * * * * * * * * * * * * * //

dimensions      [1 0 -3 0 0 0 0];


internalField   uniform 0;

boundaryField
{
    inlet
    {
        type            calculated;
        value           uniform 0;
    }
    object
    {
        type            calculated;
        value           nonuniform List<scalar> 
400
(
774015.2722
774428.5786
774594.2889
774694.0703
774761.6382
774808.9993
774841.8753
774863.4593
774875.7242
774879.973
774877.122
774867.8356
774852.6201
774831.8678
774805.8934
774774.9524
774739.2633
774699.003
774654.3332
774605.3879
774552.2904
774495.1486
774434.0594
774369.1127
774300.3894
774227.9624
774151.9007
774072.2698
773989.1244
773902.5218
773812.5124
773719.1418
773622.4554
773522.4925
773419.2922
773312.8888
773203.3162
773090.6026
772974.7799
772855.871
772733.9003
772608.8925
772480.8679
772349.8435
772215.8406
772078.8717
771938.9553
771796.1024
771650.3286
771501.6451
771350.0606
771195.5921
771038.2453
770878.0165
770714.9477
770549.0071
770380.2315
770208.6116
770034.1785
769856.9012
769676.8376
769493.9521
769308.2696
769119.7952
768928.5357
768734.5096
768537.7112
768338.1721
768135.8745
767930.8207
767723.0646
767512.5744
767299.3753
767083.4871
766864.9054
766643.642
766419.7187
766193.12
765963.8932
765732.0331
765497.5405
765260.4516
765020.7489
764778.4689
764533.6043
764286.1731
764036.1808
763783.6502
763528.5897
763270.9923
763010.8997
762748.2843
762483.2007
762215.6154
761945.5562
761673.0449
761398.0861
761120.6685
760840.8369
760558.5542
760273.8727
759986.7891
759697.3057
759405.4175
759111.1657
758814.551
758515.5576
758214.2274
757910.544
757604.5497
757296.2218
756985.5715
756672.6534
756357.4233
756039.8989
755720.1228
755398.0953
755073.818
754747.3137
754418.5797
754087.6468
753754.5195
753419.2112
753081.719
752742.09
752400.3231
752056.4405
751710.4359
751362.3592
751012.187
750659.9786
750305.7245
749949.4491
749591.1716
749230.9117
748868.6943
748504.5437
748138.4644
747770.4778
747400.6406
747028.9277
746655.3852
746280.0414
745902.9145
745524.049
745143.4129
744761.0961
744377.103
743991.4519
743604.1804
743215.3056
742824.8702
742432.8968
742039.4064
741644.4547
741248.0524
740850.2397
740451.029
740050.4955
739648.6466
739245.5302
738841.1508
738435.5823
738028.8571
737620.995
737212.0657
736802.0884
736391.1004
735979.1825
735566.3511
735152.6525
734738.1144
734322.8566
733906.8876
733490.2636
733073.0602
732655.3151
732237.1031
731818.5074
731399.5848
730980.4032
730561.0287
730141.6038
729722.1777
729302.8681
728883.7689
728465.0081
728046.7166
727629.0169
727212.1097
726796.1375
726381.3249
725967.8949
725556.1531
725146.3903
724738.9708
724334.3289
723932.8251
723534.6443
723140.2947
722968.5929
722937.5429
722888.9408
722830.4688
722768.4081
722706.6613
722647.4809
722592.2774
722541.8911
722496.9421
722457.8009
722424.7676
722398.0273
722377.7791
722364.1189
722357.1428
722356.9411
722363.5564
722377.0092
722397.3324
722424.5683
722458.6892
722499.7253
722547.6205
722602.4209
722664.0794
722732.5688
722807.8501
722889.934
722978.738
723074.2302
723176.3955
723285.1487
723400.4625
723522.2432
723650.4742
723785.0642
723925.9553
724073.0338
724226.2719
724385.5818
724550.8305
724721.9629
724898.8605
725081.4362
725269.5534
725463.0707
725661.9286
725865.9493
726074.9992
726288.9552
726507.5955
726730.763
726958.2738
727189.9753
727425.6066
727664.998
727907.8817
728154.0184
728403.1583
728654.931
728909.1451
729165.3388
729423.2387
729682.4406
729942.5624
730203.1204
730463.5737
730723.4931
730982.2709
731239.3027
731493.8335
731745.2559
731992.6424
732235.1819
732471.8802
732701.6088
732923.2754
733135.4036
733336.6507
733525.2579
733699.4587
733856.9972
733995.6299
734112.5416
734204.4784
734267.8258
734298.2704
734290.7959
734239.289
734136.3605
733973.0961
733738.1884
733417.3205
732991.8556
732436.6898
731716.7347
730780.8241
729549.2886
727878.1689
722063.367
715194.871
708463.0987
701893.5599
695460.1838
689129.2056
682869.5524
676655.383
670466.6717
664288.4554
658109.8471
651923.2149
645723.4643
639507.2815
633272.9168
627019.601
620747.4496
614456.793
608146.9958
601784.7786
595285.2846
588877.5999
582475.2979
576071.8906
569668.3787
563267.3389
556871.399
550482.8911
544104.2144
537737.5792
531385.1517
525049.0902
518731.5295
512434.4663
506160.0786
499910.3941
493687.3467
487492.8839
481328.9013
475197.2591
469099.7512
463038.0953
457014.0237
451029.0792
445084.8093
439182.706
433324.1446
427510.4527
421742.9341
416022.8185
410351.1868
404729.1626
399157.7644
393637.845
388170.3769
382756.1053
377395.8025
372090.1651
366839.8065
361645.2964
356507.1578
351425.8642
346401.8163
341435.3724
336526.8304
331676.4642
326884.5055
322151.1144
317476.4642
312860.6297
308303.6719
303805.6414
299366.5038
294986.2431
290664.7739
286402.0282
282197.8772
278052.1695
273964.7142
269935.3537
265963.8497
262049.9666
258193.4629
254394.0589
250651.4751
246965.4217
243335.5562
239761.5414
236243.0529
232779.7301
229371.2029
226017.0963
222717.0122
219470.5735
216277.3598
213136.9689
210048.9797
207012.9691
204028.5972
201104.5218
)
;
    }
    outlet
    {
        type            calculated;
        value           uniform 0;
    }
    front
    {
        type            wedge;
    }
    back
    {
        type            wedge;
    }
}


// ************************************************************************* //
