/*--------------------------------*- C++ -*----------------------------------*\
| =========                 |                                                 |
| \\      /  F ield         | OpenFOAM: The Open Source CFD Toolbox           |
|  \\    /   O peration     | Version:  v1706                                 |
|   \\  /    A nd           | Web:      www.OpenFOAM.com                      |
|    \\/     M anipulation  |                                                 |
\*---------------------------------------------------------------------------*/
FoamFile
{
    version     2.0;
    format      ascii;
    class       volScalarField;
    location    "8";
    object      dsmcRhoNMean_O2;
}
// * * * * * * * * * * * * * * * * * * * * * * * * * * * * * * * * * * * * * //

dimensions      [0 -3 0 0 0 0 0];


internalField   nonuniform List<scalar> 
500
(
23.998236
23.985916
23.991264
23.99408
24.002062
23.837754
23.852676
23.823408
23.845184
23.830952
23.704248
23.70636
23.709728
23.718098
23.693556
23.589858
23.567224
23.577826
23.580874
23.583646
23.471514
23.4633
23.45753
23.474396
23.46881
23.35926
23.344194
23.356078
23.352206
23.360162
23.261668
23.2617
23.240932
23.254472
23.23821
23.144376
23.15117
23.145356
23.146988
23.149368
23.044432
23.042348
23.034436
23.049654
23.049664
22.9388
22.935268
22.929242
22.943306
22.952714
22.843482
22.839406
22.839524
22.839142
22.845604
22.75428
22.739662
22.74962
22.747186
22.739962
22.66683
22.652144
22.653104
22.6593
22.652508
22.553066
22.576416
22.559566
22.561748
22.5521
22.465626
22.471342
22.464856
22.456006
22.46821
22.375544
22.362828
22.37676
22.36281
22.36385
22.27735
22.29312
22.284024
22.284878
22.286862
22.19548
22.204386
22.200018
22.187706
22.201494
22.10098
22.107728
22.105304
22.102636
22.104464
22.022946
22.026802
22.016262
22.023724
22.01734
21.930416
21.92787
21.93945
21.936344
21.939776
21.844404
21.84137
21.842984
21.831416
21.837544
21.75787
21.759694
21.759782
21.75354
21.743548
21.67617
21.684322
21.67998
21.677028
21.665996
21.596714
21.58706
21.603324
21.590426
21.597878
21.496926
21.497292
21.501302
21.49191
21.507986
21.42607
21.417594
21.416644
21.425148
21.421098
21.346138
21.340002
21.337898
21.335818
21.342482
21.269296
21.267194
21.243656
21.26704
21.277598
21.192188
21.18795
21.17664
21.198054
21.192784
21.108522
21.108912
21.111548
21.106168
21.127086
21.04258
21.04357
21.05079
21.029788
21.034356
20.953424
20.952834
20.961006
20.949298
20.97177
20.886256
20.87417
20.884234
20.8778
20.890338
20.791122
20.799548
20.812494
20.81177
20.814162
20.734974
20.745296
20.727066
20.741054
20.744582
20.66904
20.676068
20.662768
20.669158
20.681102
20.585116
20.58614
20.604706
20.59544
20.590532
20.524352
20.522482
20.520186
20.530808
20.526356
20.458664
20.459764
20.462846
20.458736
20.464016
20.387688
20.374826
20.380172
20.37536
20.386968
20.299728
20.3026
20.312
20.30077
20.299718
20.250182
20.239626
20.240854
20.23304
20.238088
20.18294
20.173834
20.168296
20.16014
20.1645
20.104258
20.106732
20.108242
20.105312
20.103404
20.034838
20.03284
20.038744
20.034094
20.039898
19.965518
19.976462
19.96813
19.97392
19.970034
19.908472
19.902168
19.90572
19.908892
19.898502
19.84709
19.853854
19.850122
19.832562
19.856578
19.790592
19.778778
19.779232
19.785282
19.785356
19.716776
19.730618
19.719338
19.724404
19.711818
19.659876
19.650874
19.666768
19.661318
19.664506
19.600538
19.602328
19.598392
19.5931
19.59596
19.53786
19.546766
19.529236
19.521698
19.535832
19.464124
19.464522
19.467348
19.47429
19.469702
19.417098
19.395358
19.400108
19.40981
19.415356
19.34965
19.350698
19.351888
19.342924
19.362556
19.291602
19.285814
19.293002
19.291984
19.296298
19.23187
19.238264
19.233904
19.234692
19.228922
19.171832
19.177988
19.15996
19.156526
19.17568
19.110822
19.121276
19.124384
19.120562
19.110378
19.059292
19.057432
19.069868
19.066074
19.069748
19.003132
19.006204
19.001436
18.996956
18.999072
18.93829
18.943162
18.938422
18.938816
18.947196
18.89058
18.902198
18.879698
18.888328
18.887966
18.838752
18.82773
18.828252
18.840906
18.825812
18.768866
18.777102
18.780394
18.781968
18.781168
18.717256
18.720176
18.7335
18.715374
18.726646
18.664046
18.67006
18.673338
18.676734
18.678596
18.624518
18.621388
18.614184
18.62307
18.616828
18.57542
18.567448
18.565952
18.5659
18.573618
18.512506
18.52003
18.506186
18.526514
18.52152
18.467524
18.4629
18.470552
18.471568
18.477596
18.411838
18.418786
18.424178
18.421232
18.426844
18.350268
18.3589
18.36436
18.376874
18.362916
18.300042
18.296778
18.307922
18.313864
18.319024
18.260376
18.253942
18.248832
18.242786
18.263
18.207832
18.199956
18.199936
18.208138
18.212164
18.150226
18.157014
18.15731
18.152954
18.161708
18.103628
18.110728
18.116532
18.121456
18.11755
18.052676
18.050666
18.065364
18.060644
18.070196
18.013102
18.000672
18.023558
18.004488
17.998682
17.955244
17.960604
17.950356
17.950674
17.959296
17.89887
17.907842
17.899118
17.91015
17.905604
17.876834
17.86092
17.872648
17.865146
17.858388
17.81472
17.811724
17.8034
17.816486
17.810534
17.76226
17.754554
17.770488
17.761652
17.758878
17.719866
17.722938
17.72673
17.715116
17.7054
17.675254
17.68482
17.686926
17.673884
17.670106
17.632182
17.627966
17.630862
17.627024
17.61576
17.589558
17.580644
17.580774
17.574398
17.577124
17.527888
17.541652
17.533278
17.530546
17.527282
17.495712
17.490716
17.474838
17.476526
17.482704
17.433514
17.434836
17.429814
17.42836
17.431968
17.380122
17.38396
17.376342
17.389052
17.383552
17.334904
17.33363
17.332378
17.334676
17.333624
17.274636
17.27928
17.285902
17.27901
17.27944
17.231062
17.223588
17.22985
17.220962
17.230234
17.18759
17.173968
17.180998
17.174726
17.1838
17.113484
17.10899
17.101934
17.119294
17.10689
)
;

boundaryField
{
    upperWall
    {
        type            calculated;
        value           uniform 0;
    }
    lowerWall
    {
        type            calculated;
        value           uniform 0;
    }
    periodicX_half0
    {
        type            cyclic;
    }
    periodicX_half1
    {
        type            cyclic;
    }
    frontAndBack
    {
        type            empty;
    }
}


// ************************************************************************* //
