/*--------------------------------*- C++ -*----------------------------------*\
| =========                 |                                                 |
| \\      /  F ield         | OpenFOAM: The Open Source CFD Toolbox           |
|  \\    /   O peration     | Version:  v1706                                 |
|   \\  /    A nd           | Web:      www.OpenFOAM.com                      |
|    \\/     M anipulation  |                                                 |
\*---------------------------------------------------------------------------*/
FoamFile
{
    version     2.0;
    format      ascii;
    class       volScalarField;
    location    "8";
    object      variableHardSphereMeanFreePath_N2;
}
// * * * * * * * * * * * * * * * * * * * * * * * * * * * * * * * * * * * * * //

dimensions      [0 1 0 0 0 0 0];


internalField   nonuniform List<scalar> 
500
(
0.05448881068
0.05452089392
0.05448263483
0.05450105617
0.0544997394
0.05495458573
0.05493673873
0.05496138141
0.05493837975
0.05494729126
0.05532960689
0.05533571079
0.05533270022
0.05535483654
0.05533333917
0.05568702982
0.05569225569
0.05564868055
0.05567597732
0.05568048363
0.05600511577
0.05603215998
0.0560220906
0.0559884871
0.0560185384
0.05632713981
0.0563420733
0.05634459693
0.05633743782
0.05634440399
0.05666242417
0.05664070619
0.05665414598
0.05663665616
0.05665304777
0.05696335395
0.05695723988
0.05694970266
0.05695454112
0.05695524514
0.05727232518
0.05728762587
0.05727808386
0.05729266849
0.05725869431
0.05757764797
0.05758688783
0.05758899064
0.05759691756
0.0575703646
0.05790685637
0.05788908236
0.05788942926
0.05789918577
0.05790016473
0.05817888338
0.05819793739
0.05819533032
0.05822277659
0.05820607066
0.05849741125
0.05850464646
0.05850927152
0.05848738288
0.0585128431
0.05880117532
0.05880229338
0.05880324073
0.05879990694
0.05880697377
0.05910157222
0.05909882026
0.05908722476
0.05910859073
0.05909185846
0.05938541542
0.05938672816
0.05940672923
0.05939322025
0.05937664047
0.05968918301
0.05969420722
0.05968803787
0.05968463593
0.05969092721
0.05997929002
0.05997565707
0.06000184269
0.05998539298
0.05996900605
0.06025095508
0.06028298854
0.06028622855
0.06026086281
0.06028050808
0.0605538208
0.06055447992
0.06055979515
0.06057223952
0.06057889759
0.06086495181
0.06087085695
0.06083898844
0.06087931469
0.06088277463
0.06115600393
0.06114911798
0.06112141686
0.06113936829
0.061153641
0.06144674277
0.06145864348
0.06142332786
0.06144247115
0.06143349578
0.06171910474
0.06174062563
0.06170583133
0.06171323466
0.06173267506
0.06201384966
0.0620168212
0.06200426263
0.06201633097
0.06201278787
0.06226953706
0.06227531002
0.06227218323
0.06229892961
0.06230623886
0.06257163196
0.06255131165
0.06256669776
0.06259870146
0.06258109257
0.06286709094
0.06285075761
0.06286908652
0.062859608
0.06285029359
0.06314636406
0.06317247592
0.06315693167
0.06314637854
0.06312241202
0.06341777802
0.06343320049
0.06343419468
0.063409315
0.06344960191
0.06372575361
0.06372081468
0.06368000742
0.0637027074
0.06370506809
0.06398933312
0.06399911048
0.06398053892
0.06399233802
0.06398745233
0.06426722291
0.06428645953
0.06426797335
0.06426872333
0.06425694619
0.06454446234
0.06454060091
0.0645479642
0.06455336906
0.06453297362
0.06482701574
0.06484065201
0.06482874837
0.06482465003
0.06482118599
0.06512339521
0.0651333288
0.06511433044
0.06510904707
0.06510425035
0.06538380623
0.06538108026
0.06540936026
0.06540054647
0.06540910794
0.06568183538
0.06569097412
0.06568527116
0.06568300585
0.06566524855
0.06594032038
0.06596879872
0.06595300278
0.06598299004
0.06595358811
0.06624007689
0.06623802961
0.06624273174
0.0662602141
0.06624039042
0.06651114425
0.06650092528
0.0665185107
0.06652396817
0.06651359848
0.06677830312
0.06680092079
0.06678113551
0.06676761781
0.06678519102
0.06706894416
0.06705105786
0.06705965183
0.06706316233
0.06706713503
0.06733637866
0.06733199951
0.06732947167
0.06733608752
0.06734829511
0.06759242657
0.06758559374
0.06762138902
0.06758621826
0.06759109484
0.06787083678
0.06786847633
0.06789294082
0.06788412091
0.06784842417
0.06814927138
0.06812702829
0.06815540709
0.06814397397
0.06812465279
0.06844091665
0.06842625236
0.06842863857
0.06841261354
0.06843842884
0.06871082388
0.06868929762
0.06867622092
0.06868914425
0.06869796365
0.06895066946
0.06897468858
0.06899149966
0.06896040834
0.06897386192
0.06922778703
0.06925448644
0.06927358526
0.06923520847
0.06924041116
0.06951902496
0.06950216594
0.06952590091
0.06951497895
0.06953795364
0.06981559352
0.069796587
0.06980518384
0.06976674361
0.06978152264
0.07005663274
0.07002410153
0.07003751972
0.07003861246
0.07004561598
0.07031675155
0.07030200818
0.07030625496
0.07031914032
0.07031967321
0.07059404466
0.07057600828
0.07058423755
0.07059618615
0.07059865277
0.0708670863
0.07085398589
0.07085893528
0.0708321432
0.07083204383
0.07113504163
0.07113381016
0.07112134341
0.07112090447
0.07113591114
0.07139200812
0.07138641545
0.07139155586
0.07140848119
0.0714196506
0.07166313002
0.07163655058
0.07166621724
0.07165778079
0.07164566369
0.07193357833
0.07190538809
0.07193372278
0.07192701161
0.07192077434
0.07219917292
0.07217852929
0.07216490475
0.07217049374
0.07218212883
0.07245246242
0.07244874118
0.07243980285
0.07244906533
0.07245553432
0.07271376342
0.07274480695
0.07272310252
0.07271543539
0.07272031259
0.07295417544
0.07297581752
0.07298694981
0.07296799322
0.0729789689
0.07321491519
0.07321567571
0.07327155435
0.07324594349
0.07322690408
0.0735050284
0.07347978175
0.07350399239
0.07350582966
0.07351800623
0.07376507757
0.07375219809
0.07373335974
0.07374189941
0.07375657111
0.07401303719
0.07403607922
0.07401097204
0.07398110162
0.07398953139
0.0742707745
0.07428789002
0.07425479493
0.0742809507
0.0742635251
0.07454832801
0.07453456361
0.07453381926
0.0745244356
0.07454026146
0.07481137142
0.07477272293
0.07480165694
0.07478729117
0.07476649253
0.07506980134
0.07506253598
0.07503741875
0.07503223218
0.07506718411
0.07533198731
0.07529754016
0.07533708975
0.07529834543
0.07530607284
0.07556075387
0.07558904703
0.07559074996
0.07554067167
0.07557260758
0.07581845117
0.07580519685
0.07583700579
0.07584660521
0.07581188664
0.07608272056
0.07604948978
0.07607248102
0.07605849755
0.07608135458
0.0763539894
0.07631079053
0.07635446055
0.07634592367
0.07634686312
0.07655397733
0.07658047388
0.07658253954
0.07658528433
0.0765781462
0.07684309654
0.07684261141
0.07686548741
0.0768550695
0.07686580079
0.07710818068
0.07711978897
0.07714723423
0.07711995506
0.07710837171
0.07738422117
0.077381392
0.07736546884
0.07735798993
0.0773745378
0.07765275355
0.07763916058
0.07763215962
0.07763558493
0.07763982734
0.07790466421
0.07788313387
0.07790048414
0.07788536049
0.07791875105
0.07815082977
0.07815687778
0.07813985904
0.07818624759
0.07815943949
0.0783972098
0.0783934301
0.07838932336
0.07841877433
0.0783880886
0.07865493201
0.07866983854
0.07868731979
0.07868674803
0.07866677379
0.07895121769
0.0789069524
0.07894920721
0.07891497396
0.07897545625
0.07917938908
0.07918291062
0.07918844183
0.07916151224
0.07923617998
0.07944994494
0.07945829485
0.07947584848
0.07946283862
0.07945810408
0.07971411947
0.07974429135
0.07974606228
0.0797151831
0.07970780926
0.07999734189
0.08002365905
0.08000451015
0.07996875121
0.07998963962
0.08029827857
0.08026406106
0.08026540199
0.08027181053
0.08026473453
0.08054289652
0.08052507309
0.08053345037
0.0805450372
0.08053156659
0.08080719778
0.0808044625
0.08078625167
0.08079104404
0.08078565764
0.08107566134
0.08109415522
0.08107258856
0.08106987865
0.08106727241
0.08140756745
0.08138132504
0.081408701
0.0814036771
0.08137001296
0.08171635582
0.08170984727
0.08172580632
0.08169944266
0.08169910987
0.08208923119
0.08205681293
0.08205740013
0.08206481077
0.08202211952
0.08250941885
0.08245834263
0.08246207999
0.08247264599
0.08247761221
)
;

boundaryField
{
    upperWall
    {
        type            calculated;
        value           nonuniform List<scalar> 5(0.08250941885 0.08245834263 0.08246207999 0.08247264599 0.08247761221);
    }
    lowerWall
    {
        type            calculated;
        value           nonuniform List<scalar> 5(0.05448881068 0.05452089392 0.05448263483 0.05450105617 0.0544997394);
    }
    periodicX_half0
    {
        type            cyclic;
    }
    periodicX_half1
    {
        type            cyclic;
    }
    frontAndBack
    {
        type            empty;
    }
}


// ************************************************************************* //
