/*--------------------------------*- C++ -*----------------------------------*\
| =========                 |                                                 |
| \\      /  F ield         | OpenFOAM: The Open Source CFD Toolbox           |
|  \\    /   O peration     | Version:  v1706                                 |
|   \\  /    A nd           | Web:      www.OpenFOAM.com                      |
|    \\/     M anipulation  |                                                 |
\*---------------------------------------------------------------------------*/
FoamFile
{
    version     2.0;
    format      ascii;
    class       labelField;
    location    "80/lagrangian/pd";
    object      origId;
}
// * * * * * * * * * * * * * * * * * * * * * * * * * * * * * * * * * * * * * //


8192
(
7705
6918
4739
1682
5667
2295
4573
7812
7366
1456
5994
2694
2075
7764
2275
157
2191
4320
4522
2441
5563
3930
627
4237
7622
4332
5445
843
3499
353
7777
13
2313
7842
1286
847
7365
4234
7535
3099
2849
3581
7828
357
2276
4807
3846
4451
6603
6925
4566
7595
5483
1653
8027
2740
1047
5300
3563
7202
1252
3191
5573
3880
1236
3843
8042
2375
7424
90
2492
5760
6570
463
601
381
2265
3676
1366
2190
1172
826
6190
4727
7225
845
4192
1631
1600
2762
1937
4225
3241
931
770
2049
3905
977
6405
1175
7836
6342
5904
4984
5286
8025
415
6482
3858
1461
272
5694
8157
1151
1835
1216
6081
8006
4283
236
545
1363
1096
1052
873
6748
3539
3070
5678
2908
1649
5514
5756
2024
6957
1126
3012
2414
7486
2259
5174
2174
2510
1676
5037
5304
347
287
1932
4148
1087
1378
7996
4248
3734
1595
1870
2390
296
1360
5382
4166
7902
1594
6040
2392
1611
5209
3349
4137
3935
548
5549
6571
6573
531
3347
1876
3844
6222
2836
7269
6545
6847
5036
7780
1838
4875
2971
4024
1744
624
40
7408
5170
9
1023
4434
1297
1048
7661
5282
56
6159
861
7910
7556
4040
3061
1140
6001
3907
6224
5740
337
2883
2145
3140
4207
2854
1713
5121
4197
4268
813
3876
1924
602
7101
1189
7199
7507
1436
526
6714
4992
6743
3866
2450
3412
7077
2083
6730
247
3593
6946
2102
1857
4384
2429
522
5184
148
3404
7733
5464
7760
2786
2824
1267
2225
5047
3014
4420
6136
2287
7095
4396
4261
4953
3583
2583
4156
2566
6530
7284
1098
6604
7646
3764
6327
6324
4083
7700
3311
6084
2838
820
5812
412
7548
4311
4916
972
2503
2096
1751
7237
3592
1006
4695
4110
5186
7846
4579
3655
1065
231
4760
2991
7393
2875
7170
4282
7552
3714
4142
4065
4767
4291
3436
6284
8147
1602
6111
3
5869
6415
6486
7051
6251
4829
3868
7306
8066
420
6204
597
788
1481
5461
7251
6838
736
6199
3833
6295
816
5616
2257
1008
6932
2519
5938
3529
7370
1789
4369
2215
162
833
6861
7574
3018
5437
2401
6079
7346
1878
6004
361
6372
59
1388
6969
167
4896
652
1421
3748
6707
2939
2014
7663
3503
7526
5340
1701
7623
656
3584
3464
2613
6862
2312
1038
5519
4344
6548
3287
1629
385
2423
3468
1283
3448
430
6728
6425
1503
7970
3743
7070
3859
6461
571
1424
7302
1819
4637
1872
4072
1760
7245
1368
4467
4018
867
5510
6528
4259
5665
2494
352
3546
6892
3557
4856
1582
6256
7449
3902
1656
1886
6497
6890
2473
8022
6554
428
8138
2793
2008
6978
2541
193
7559
4045
2907
6668
904
2189
3874
1441
2718
5671
5916
7384
1612
400
1715
687
6927
6711
5728
1465
7796
143
3002
470
7594
2719
895
5350
4109
1795
3010
6924
761
5945
7222
5867
7147
523
437
2561
1579
1003
3627
393
469
7401
3297
2025
2166
4212
4487
897
1737
2731
7702
5236
5430
7528
3348
1759
7801
2111
8117
3418
7675
2961
1280
4788
2490
4598
2927
3139
4249
6491
5017
4087
631
6439
7554
1001
4583
7728
4732
7509
6594
8166
7951
6429
817
3946
4864
4454
5466
6869
110
4749
5574
3823
693
284
1118
5779
2683
3147
5767
8081
3405
1977
6789
3125
269
1215
5538
7673
4437
1524
834
5113
477
1322
1262
3157
6962
4768
7738
3862
6220
6493
132
2549
3518
6739
3043
3471
5737
4356
2258
7120
6460
3190
6803
3211
4725
6454
5710
4827
1916
5643
6032
5957
1316
105
4565
5285
1392
7512
369
3036
2899
2544
3210
3344
6374
7117
7558
3849
7042
4527
2706
4590
782
5419
5272
4791
6076
7469
7093
2859
4846
4838
323
5762
4092
1906
3981
5597
1152
7581
2005
7028
397
5996
7277
2163
3188
2890
6446
6346
6681
3986
4683
923
590
2869
1431
3527
5544
314
7293
6839
540
4034
549
3491
2600
6098
7475
6642
755
798
2082
7412
5266
2477
7019
5958
878
7787
5843
1509
2346
7159
139
4802
39
4222
536
4468
1419
7256
1855
3004
3738
7789
6442
1265
7039
6325
8119
6463
6834
1757
877
8126
5135
2556
3504
5639
7561
7308
7060
3914
6241
7457
6729
529
3034
5454
309
1301
207
77
4037
386
3376
1123
5317
5416
8080
3432
5766
3106
6278
4009
1648
1584
7271
41
7883
7375
5495
2796
2305
4555
2789
2074
2316
2281
136
2527
7929
7230
6184
2299
3603
2067
1107
3828
7394
2294
7006
1311
4735
5886
5276
976
5899
6257
1399
5050
6444
749
3484
5389
2491
5882
956
7392
709
688
5823
5213
2866
5950
7002
735
7138
4046
5771
5650
938
1681
2404
444
4817
2932
4229
7352
3388
4447
3252
37
262
4606
1231
5205
3598
7809
6057
5588
1028
5249
2846
5076
2524
4366
5091
2044
2636
7709
2592
2855
8167
5617
3407
7553
8051
4135
4577
2172
5288
1185
2350
1486
524
436
1747
4932
799
3266
933
503
7355
6147
2000
2750
114
4297
1698
36
3308
7947
7390
980
723
7635
7542
6167
7575
5870
3788
7956
486
1093
4399
4843
4499
6164
2359
30
642
7813
943
939
5657
2573
7232
3489
4199
2815
740
6038
781
889
6281
708
2946
3082
7168
1271
1781
4250
2405
2007
8178
7923
2308
1230
7541
3041
7115
4016
3780
2768
3220
1072
2425
1577
6916
8109
786
7109
2267
1933
875
7008
5004
4443
702
4502
703
1516
2850
7040
6153
8
3892
2810
5140
2072
7884
265
6607
787
6562
221
6937
1936
2328
2391
804
950
7614
6115
1206
4861
5212
4007
4090
6784
6314
2605
5520
171
6453
6305
6316
5081
2079
5783
6348
1572
206
4642
2438
6521
1319
2667
7857
3176
7643
4371
3755
4299
260
700
8060
2360
5260
6609
6574
2823
7332
1031
363
2590
6026
1309
3901
4504
7339
1810
6036
8121
2705
4647
3327
2137
1674
1774
6623
202
3368
2832
6756
6155
210
2847
249
771
6531
3323
5744
6448
2336
2982
6447
5734
3145
464
3374
898
7731
2262
1349
2714
6496
7971
1002
7948
2006
6753
6706
2937
7243
4564
1688
6054
1125
6823
6995
6769
232
5192
4770
3059
4180
4557
2399
2282
6742
433
6435
454
1621
6977
667
3328
8133
753
1818
7022
879
1717
6498
559
5505
669
8057
1129
6137
1171
7333
4373
5784
1877
7072
2460
8100
713
6085
4280
3888
368
1104
6052
8149
2101
2319
6006
2834
3133
7645
3795
4115
6507
552
3631
984
1889
2266
8095
6750
2729
7297
4891
1544
10
7454
6859
7772
5625
3832
3950
7856
6041
6511
3262
542
7169
6283
4466
2668
7603
1919
1976
4640
5333
982
1269
6787
7987
673
2702
82
1942
1409
7699
6375
6061
4335
1474
1128
3091
5066
5409
2562
7179
682
5394
5346
8017
355
7273
2626
2378
778
2053
1598
7917
358
4304
6972
7514
3033
6935
3760
6423
4535
7533
3684
2056
1083
4761
220
3103
5324
7267
4789
2797
5782
6846
2708
129
5251
5714
964
376
6140
98
2407
6333
2467
4821
5649
3273
7419
334
1811
5467
7
2538
4290
7066
7188
413
7672
3048
2058
4837
1034
1243
3238
2112
6945
4907
4882
3706
43
527
1848
5238
7437
2618
5730
6703
5310
7710
7937
4050
7746
2913
4484
5803
2086
4036
4844
1414
5805
1620
3154
1282
7299
7761
2028
8031
1191
5206
3852
1654
4358
5688
5138
3385
7555
5177
1695
7360
4255
3319
2532
2864
4536
6939
177
6074
3310
914
1373
1303
1643
7020
380
6519
205
1468
7735
7876
3426
1995
6362
2280
1917
7426
5465
6917
2171
6960
3454
7461
1308
303
1576
4930
5560
7955
6751
7703
797
5054
3261
7588
2765
3949
3522
124
6357
4547
7286
4673
190
429
1864
3459
4414
6068
3226
4586
3205
7743
1312
5898
3672
7347
8021
1604
5143
4439
6852
4532
637
4981
1196
6556
4563
6768
4686
8183
2365
971
1578
5628
2488
6895
6398
4150
313
408
727
5119
7518
3917
3736
1918
4060
4834
6626
718
6261
5059
3729
2548
4088
3482
4331
7718
2317
2741
5125
4656
7329
1964
7802
457
3974
6250
6237
996
5715
1726
2442
747
7994
1663
1416
6997
5044
1709
913
3716
3194
7963
3579
3173
7498
1437
6165
84
4349
6301
111
2304
5033
2327
6817
348
5146
5030
6983
6369
4933
6735
1242
5450
870
3653
3715
5345
2508
6856
6058
5090
2038
1817
1860
779
4575
5876
3542
307
1482
8072
188
2091
5369
109
1981
7516
6071
7901
5021
4780
1895
2558
6193
1873
7123
1526
5681
3293
2992
1032
3115
661
990
7029
2911
1831
6781
6438
5357
6195
7985
3334
6822
6387
5048
3332
5689
1020
2080
974
584
7695
6125
1972
6480
916
7149
623
3225
5872
4697
7190
1890
4935
1845
7073
962
364
1210
2513
4546
960
5112
156
2650
2095
418
89
5295
3396
2303
45
5201
1429
6678
5535
6790
1132
5254
1091
7210
7405
1626
2436
5523
4141
1029
1277
4348
6206
6214
5398
5604
3502
630
3322
969
2831
7793
7446
3875
5629
2728
1512
2182
5849
5548
5875
5460
6989
6542
4865
4389
7472
3417
5331
4386
7218
7433
442
2383
6981
5654
6630
8044
5492
6825
5290
5641
7148
1635
4025
2495
2576
2292
6865
4822
1836
2178
6693
6922
5915
1638
72
3835
6050
2993
4587
7756
6225
6313
7174
4773
3174
4352
7841
219
6134
5833
5924
7270
1707
6303
26
5392
3124
7052
7578
6285
3227
3345
6853
2606
2638
2226
712
5433
919
3590
6951
7825
2654
4548
1998
6909
7888
6145
4744
3355
3969
1396
5888
7432
6229
5754
1058
2035
5347
5567
7162
1428
1345
6027
1807
6455
2462
2435
4806
1721
3192
5575
2550
2150
6300
1753
5489
4911
6075
1124
1567
7930
958
76
3478
1459
440
8123
5294
3727
2183
4966
4099
5379
1473
4617
2059
6235
1842
7389
4263
7484
5813
1971
6245
3663
484
302
4687
1155
6889
7726
6188
7221
2742
55
8106
4363
632
7866
874
2691
4830
1365
7219
1390
270
5929
1690
6963
446
6718
299
3430
4979
2481
2483
240
699
1167
4336
2586
3628
2123
1989
6121
47
4511
1133
1784
5530
633
1076
2941
7779
2533
4252
1386
2984
5164
4067
7254
538
6631
7715
2040
8090
6008
2201
168
6782
5114
809
6941
14
5889
4968
4581
7502
6720
4620
6842
5911
7032
5788
6107
2998
5685
4772
491
8124
8103
4039
367
3320
7000
389
489
1951
2107
7749
11
528
1069
1224
7913
6173
6230
2560
4951
3996
7681
4517
1706
3682
3068
1771
1839
7213
7784
5280
1696
4716
5440
6144
5660
405
1017
1043
7479
5579
4888
5720
4978
5188
1854
5679
3549
1157
1452
6168
3366
908
1528
803
4674
7349
2806
1011
5564
6934
6613
6492
2852
2148
5189
1841
7122
151
5159
2973
532
4746
5765
4903
2515
4227
7759
4023
1637
2063
379
6116
1934
3078
3932
937
1954
3141
2415
1443
1044
4008
2322
3044
2954
3881
7879
1090
2546
1687
4201
6704
1000
6538
1569
4324
2173
2231
3246
245
7686
6231
724
3168
2046
7247
5971
61
6611
7445
7312
4740
6684
1402
3594
3641
261
3492
6767
7012
3431
5080
1397
3463
4798
3721
4296
2620
1095
2381
1646
4714
6863
35
3268
6065
7334
5726
3510
6588
3363
3330
2977
7367
1804
4004
5101
126
144
3422
3512
2453
4258
4972
4602
4572
1504
5122
3466
891
3056
6536
3927
398
2963
4426
7834
556
3616
310
1530
6821
1665
3548
7492
694
7376
3810
2743
324
5334
103
2344
449
6489
3873
7569
587
8159
7135
1039
3101
5750
1060
4406
7434
6018
5098
4947
3856
5531
7886
7482
2724
2389
4327
6474
2223
6747
3414
2108
1218
7750
3090
5415
3649
1546
7897
7503
3299
3177
4816
1798
1642
1385
5273
3063
113
1797
6755
2015
7378
5082
7739
5344
6070
5
3058
5718
6508
6175
1186
4845
174
5561
4728
6708
6270
416
6973
5061
2021
5478
4300
1369
6186
2345
1122
5073
341
4710
5469
2004
7896
4257
5099
2809
7075
7413
250
3281
3352
5627
6619
1406
6701
4128
5699
4982
2951
3359
6218
396
3731
3393
1141
3792
6699
6035
2863
1593
4711
8091
6306
81
7386
1982
8063
5902
7919
7892
765
1102
292
1327
426
5214
6694
5376
1552
4251
7055
7564
7755
6949
851
4785
940
3629
6811
720
2410
4818
7026
2335
5264
701
6124
1868
6286
2981
4171
2129
3435
1490
934
6129
4288
7908
5227
3708
7692
6282
7410
7087
1221
6355
3403
4654
2512
6976
3509
4591
5320
581
2032
453
6672
4562
5634
4751
6793
149
7741
612
3652
3500
3158
7474
3383
3911
5516
4140
3533
7973
792
3107
2018
5463
2504
5448
6872
1066
2619
6652
905
1268
203
1968
6691
492
639
5774
2180
7920
3955
5087
7619
6094
7572
1407
5618
806
1401
5791
5632
7997
5703
1405
1464
6513
1070
3909
4417
7294
279
6056
3216
5965
6954
1628
2871
959
234
4186
5933
6984
2138
2329
2804
6525
5107
4206
7409
133
6761
4041
7244
6143
5892
1592
3253
3127
2748
4274
5986
4385
4904
2208
7327
6223
1234
7098
5459
2553
3565
7831
475
4196
3705
6696
65
7310
4390
2578
5406
7982
7079
5083
12
2437
3011
2184
7968
7696
4492
4626
4418
5405
1514
3988
5624
1711
6903
4924
4627
1573
6875
1644
1294
2674
1548
569
3097
2270
8179
3964
1491
6228
2440
3896
5687
722
1121
3290
5094
6575
291
2962
7279
5747
3797
2661
4877
4848
7792
3904
8028
6583
4355
6039
2033
7078
7972
8129
7538
3247
3055
6928
5955
3921
3351
3341
3046
1616
448
4956
4223
7989
4459
2094
3666
7590
7134
5969
2858
2827
4253
480
5824
5793
3445
5452
3305
3395
832
4470
1384
5556
1601
678
7187
6332
4123
1235
3150
3062
6689
6009
776
5026
443
1921
3249
6148
7069
3132
901
1523
2031
44
5034
7939
6876
5828
4159
176
2417
3920
5569
5255
2611
1149
3021
1138
1326
7862
3803
7551
6434
2206
4129
1064
100
2514
1391
7932
2133
1702
3536
5864
6994
3551
4797
6320
8142
4200
7203
7983
4652
7768
7895
7185
2408
3248
1169
6045
1824
7481
6615
7063
6451
4643
4866
5247
2581
884
3027
494
3687
2213
7752
4056
5414
3885
1251
3919
7690
5877
439
3719
4512
4254
2579
808
6956
5043
5596
641
1174
6622
4952
521
3473
6452
1466
5587
6914
2916
6808
654
2664
1119
4184
4943
5012
3131
921
7775
3778
7291
3525
1005
3456
1875
6456
7015
2502
5311
3670
4043
7940
5800
7986
8085
1510
2353
3421
7439
3978
811
3957
857
316
6785
1427
1177
5211
1012
4461
3645
345
4472
3006
4722
8114
4035
4603
4613
1559
5967
1953
2949
5224
5590
3913
467
744
4075
3916
7342
7617
6100
7336
2938
6638
502
6537
5341
7618
6365
5117
8094
5426
823
4202
5858
696
3793
3052
6273
957
3370
2682
3831
6464
7165
5753
6414
3342
7613
4397
8030
4133
5506
6792
152
6516
3092
450
2411
7539
5859
5594
4063
1342
7081
4592
2158
683
3219
3989
8125
4663
1105
6477
7863
4528
2529
404
746
6462
658
6236
293
929
5566
1075
1948
7771
7998
7358
3065
5896
979
3637
5704
6046
3944
6680
2693
2845
3984
7404
4062
6484
7824
5589
6690
5427
7914
7949
4181
6318
2104
6558
7043
3303
7860
2164
3057
3291
422
3636
1178
7130
4919
729
7104
1394
5018
3047
1219
7189
876
4542
1752
5180
3531
1814
7053
6635
4813
8181
1749
6688
6341
7966
1393
5079
4273
5358
4554
674
7184
7400
8035
7164
3756
74
160
6007
263
8184
251
4264
5313
5355
3505
6296
5931
894
4733
22
7654
5672
7799
5473
7753
392
7807
2278
5070
6059
2077
3943
3001
4915
2394
6564
6123
2563
356
421
5431
3845
2474
7716
4558
2678
978
5422
6958
6800
333
3095
4923
3224
5936
5906
5790
2882
2233
6101
8055
5348
5606
235
6773
5051
2517
1722
6644
2569
7463
383
3148
1323
4152
2935
163
7688
6221
2736
2042
2707
6428
4889
5421
7808
8049
3443
8186
3586
441
3749
6385
7770
6326
7427
7873
1260
7639
4787
3547
7037
8065
4850
5451
8112
5655
5258
7391
1501
1806
3737
2432
6013
3834
5852
4994
5326
6430
3951
3601
2775
4920
242
2355
7839
728
3869
6950
7157
7624
6938
5668
7021
1515
3457
1238
2247
555
2994
5664
7447
7693
2930
2152
329
276
3488
4387
8011
6788
1103
70
5780
7351
58
6670
5092
5841
3326
4860
8104
201
6883
7064
1856
5438
5302
4659
3060
6171
6208
4458
7205
3469
2147
2735
285
5444
2944
5388
6634
1475
3152
4033
1389
4870
6749
5846
4051
4322
1484
1499
3884
2181
2272
5149
605
1745
2688
6207
7301
2135
6666
1813
5769
1581
2893
7747
7231
4361
7126
1590
2334
6152
7444
6605
3284
116
3746
4808
7491
3077
5712
1372
3977
5577
7275
1743
5393
2229
5226
3541
1180
7981
434
6233
7047
2428
6112
3554
6366
3175
2917
4671
7025
4076
1994
2964
818
1894
4474
7850
7172
5281
7356
4914
5309
8020
4343
2439
340
4759
1085
1275
1625
7648
4465
7671
1304
4853
7838
8061
1021
4918
3900
5652
865
4477
1051
7361
1292
6156
1439
1042
2884
3851
6930
5568
7707
6911
239
8016
1970
2843
5185
1923
846
5960
5000
1302
751
732
5796
7181
4693
5470
5913
1703
5515
5402
5110
5200
8073
6189
6712
1332
6996
1531
4460
7992
2877
5155
4278
5242
6529
7414
6837
4433
2637
6465
7859
5550
1822
1591
1883
4842
6275
2205
6565
290
3329
3519
5581
4425
5972
537
7153
6279
6874
123
8141
1131
4266
5557
5908
7494
5964
7918
3144
5088
6033
6967
5384
5773
5582
6260
5449
7313
7211
1673
501
7848
622
1808
6717
6923
6904
46
4104
2403
2965
7861
1766
3526
5179
4078
6726
2302
4175
5684
308
1166
5074
7374
328
4762
4351
4941
6066
551
7519
5785
1335
6437
5032
1939
1763
4959
7727
5182
3561
2185
6692
1453
1769
7573
3822
2598
4398
5521
5975
1296
8088
1794
6370
3619
717
5191
5608
2756
6587
7657
1762
4665
4226
5046
258
660
1036
2734
4424
2565
7852
7180
2140
1137
7935
4285
1106
7714
2862
6133
6533
7124
802
3292
5010
2798
7224
6515
7453
7139
7625
7811
4376
1605
2609
4315
557
6093
5216
6499
4743
3397
2597
1718
2744
4585
2818
3634
6138
5947
6710
6597
4391
4899
6410
6277
518
8053
158
7298
3595
2623
7903
6328
5193
8161
4131
6675
6287
932
893
3088
4449
1639
2370
7041
7732
1329
5343
8135
8139
5832
1586
1380
6344
672
6292
3372
5053
23
2234
5794
1442
3604
7965
3669
2456
2121
6469
3694
6664
4690
5365
3169
4635
2364
6832
1463
5269
3624
2447
7773
4430
6867
6268
2149
6568
8158
3741
4894
5014
2254
1194
178
317
5502
7835
4676
5638
4432
1081
5854
1237
1983
3718
479
1521
1852
6766
3356
7418
3611
1449
142
7382
5881
4623
3552
4151
5578
5439
6679
4942
7086
468
5923
504
4638
20
6117
3560
2687
5399
5102
1165
6178
1645
1900
7757
4776
657
1355
662
7317
2487
1914
941
3890
7266
6598
1055
3979
5669
1801
2333
1652
5368
4970
5063
5609
2380
4989
3325
7765
8003
2639
7387
7450
3296
8172
7344
1837
3726
2241
83
2909
5591
8128
2710
2774
1375
5722
7830
5536
5477
7197
3717
128
2726
2216
6382
6783
7114
2118
2881
4271
3700
2119
4126
3692
3496
7265
7131
4600
5821
2220
2310
7891
7600
115
1204
3553
6885
999
3804
6660
289
8168
445
756
5853
4014
6974
4771
7647
8012
7748
6979
5946
842
5312
7411
737
2568
3264
4379
1960
2193
1307
5507
2901
6595
6658
6087
5953
1161
8007
7152
6247
8148
7016
500
6025
1208
2384
180
3673
3801
248
5075
6309
5256
7416
4010
3811
3867
5024
2657
4403
1647
6433
5948
6265
7296
4463
5274
5732
5605
6322
4946
635
7993
6312
4734
2043
2518
1746
1057
1395
4962
7762
7058
5943
6378
6877
676
2065
2232
2685
6807
482
731
3965
32
2943
2271
1288
5218
766
7045
1145
6709
4922
4323
7085
1333
1450
7341
1422
4493
3391
4270
4521
4402
2430
1199
6096
4679
3632
5462
2520
2321
3752
6196
2146
5991
414
1574
4906
3877
325
7820
1793
223
520
2588
3343
4047
1116
3104
7399
7031
3237
4012
4867
5874
3455
15
2956
6566
1697
7483
6737
3817
3460
4670
8087
1266
7034
3170
4380
2625
2662
1978
3703
4495
7576
377
2230
1477
3971
31
5432
3771
7534
1993
1404
5367
8164
7451
5187
5673
6656
1871
2839
3042
6866
5631
2222
7680
6073
4895
7071
6738
791
2669
2776
7871
4909
5680
6813
4646
7234
1073
4301
8151
3562
5418
8089
2644
948
97
2210
3805
2918
4809
680
2635
2608
7132
2204
7318
4098
3899
3774
5115
2211
2357
5691
6975
2461
2950
5498
7577
1651
860
5494
3837
2554
4569
5134
5887
5315
6685
6352
6227
5141
617
2062
4498
5804
2551
2990
8127
4509
431
1425
6905
7872
1799
216
7214
2472
589
241
5547
4157
5885
3166
4757
6999
1729
2692
3693
3442
1247
3156
6926
95
2999
5456
3313
4685
75
3940
3200
1881
5339
4539
28
1583
4375
6219
1506
7080
4681
7207
2722
4980
6544
2787
1755
1241
968
5619
6053
2651
1358
1094
1619
5542
7403
1007
6476
2603
3789
5700
7957
3037
507
7315
7557
6988
7362
2001
3204
3947
691
3193
5377
4928
7024
5305
7517
2983
697
4019
1941
953
4091
1742
7471
2480
6555
6590
3763
5928
7829
7791
6719
3187
7942
3392
7832
4913
382
7975
8013
2273
1931
4926
2826
7885
7142
6146
2754
4580
1502
4500
2446
2286
3242
4795
6901
4318
591
3910
344
4871
4221
7952
6907
7493
5243
1289
6540
2496
4281
1536
1699
2507
4736
1539
5457
73
947
2739
481
5363
1834
5165
2506
1692
5232
7395
5292
6192
777
3609
4550
6416
4634
7252
330
4476
2803
4505
7874
2027
2997
6191
5011
6062
909
7443
6242
2045
5229
4193
1016
4811
4005
4441
5570
4408
1159
2050
7082
6262
5183
7216
1623
2684
7407
2057
4347
4588
4401
7513
944
4413
1493
3434
8037
6269
721
4715
7396
7011
954
5601
4560
7912
3240
8077
354
7462
2120
7059
2085
2571
4457
1850
5204
1272
6632
812
1279
6166
6349
170
147
4531
5262
7870
2989
4815
2660
7689
6778
5246
4325
2727
4973
2227
2675
4541
7815
7173
6661
4185
1226
131
6299
3333
6234
3922
7950
6409
5949
3973
6252
4448
3079
1110
659
2985
1893
5615
6509
5745
5935
1361
5539
6350
3301
6213
5758
7280
391
4326
4108
5199
514
1724
7345
6308
1351
4475
7062
4340
6360
6805
4778
4
2010
3640
525
7652
7146
2622
4950
7385
6238
1211
338
6665
7167
7524
7817
3667
3270
5987
6639
8188
2479
1403
2645
7591
7183
3761
1966
2656
955
963
4194
3235
2552
4835
5725
3206
1469
5161
1201
7116
1318
3675
6810
757
2892
7803
3399
2036
4969
6187
4628
2711
5786
1455
534
2443
5039
5810
4321
2134
7946
3781
6424
7706
6426
1867
6139
6485
5829
3790
985
2341
4179
194
5366
3109
8058
7592
2896
758
5006
7373
2343
1281
3353
4365
4216
3800
7127
2469
5275
1632
5241
4608
3745
3446
6906
4810
3449
5518
7669
508
1716
4662
1892
3882
595
6539
2543
1901
4031
3535
6578
1527
4483
7420
460
4519
7186
6089
754
1666
1079
7927
2865
5396
7023
7287
4804
752
2243
4781
2545
6043
7723
5827
5825
3498
2813
3970
8162
2034
4028
689
7511
6011
2371
3232
6103
3260
6466
7679
4549
5811
266
2940
613
3558
2055
7631
6319
8071
5795
7100
561
3381
6503
1609
7567
6943
410
5137
7795
2771
7010
3938
6608
4048
3134
3288
4568
2952
6210
3149
3776
6602
7636
4707
3346
4146
17
1820
8120
2671
5533
7143
8023
7790
3470
5391
670
6723
643
4931
3263
1708
4995
497
3961
3364
3114
8136
4306
4027
6467
903
3513
2386
7674
5259
7904
2011
4021
6662
2117
306
4170
2589
2306
6113
8153
663
5529
8064
5978
5817
5675
5360
5706
7107
6912
5739
6371
7650
3117
7969
1284
2393
6401
2816
1962
6776
3785
7233
7877
6843
705
0
1613
1529
4116
3142
3425
4400
7701
3895
4629
1200
3633
6731
7664
2886
5633
2288
6721
2955
3815
3975
6417
7242
4545
7711
5178
2766
3135
7713
5708
5171
3864
3475
7911
719
8036
2534
4533
4552
784
2808
4279
2640
7428
6522
1046
3053
4006
6174
1353
4884
7530
7607
6682
1248
2459
4692
5298
2126
1710
3218
3171
6677
4287
4720
88
3384
298
2400
7182
647
6848
8086
6128
2873
2790
4859
1444
2187
3571
5323
5105
5181
2277
7845
1381
3222
666
7869
6364
6559
1756
4114
5359
1025
4883
7586
5293
3272
4824
4162
3530
5250
7304
7264
5543
7017
7579
5028
2575
6127
1078
1347
1426
7644
5926
2833
5085
5702
297
2898
5743
2979
6408
2151
6760
8001
7571
388
1298
6809
1733
5970
7961
7736
7278
3585
5593
6044
5610
6671
6010
101
4490
7272
8002
2274
4593
5620
3340
5894
2629
1255
4621
4750
1990
2029
4130
553
4284
6772
2547
6854
1935
7129
4775
5385
2713
3373
6857
472
5240
6593
6944
6915
4436
6931
2486
7166
2856
3008
6985
3582
4330
6142
6122
4534
1532
365
6060
3076
2402
4276
4624
3600
5023
5322
7508
1830
7092
5656
60
6294
7311
2239
4442
3185
1587
3003
2891
2825
2186
3072
1765
2196
4704
1150
3080
1866
2372
4664
5676
5222
3540
1974
7303
2737
7383
4503
7906
1571
146
2874
92
6614
1950
4745
2953
7478
153
4831
1829
769
1331
483
789
6505
7786
6654
7781
7849
711
1564
6596
2122
1009
6095
3280
7978
119
4127
1779
2811
7634
5019
375
4277
6450
7510
336
2807
2509
6502
493
5603
4337
5318
6541
7452
7665
1377
5705
458
3485
268
1359
1511
3285
4872
7659
4516
1535
1538
7236
935
4473
7466
8191
3987
2783
4803
4293
1158
7677
3197
6197
3506
6397
5801
6029
5029
5856
7818
5741
278
1657
7536
3855
5528
2574
2268
677
5257
5807
4294
8093
1728
2256
1790
3276
6560
5132
6396
8004
3897
4497
2758
5434
6323
4724
3543
6651
7540
4422
679
839
1720
3994
3534
2449
3458
3824
7369
275
1607
3807
5497
2426
1847
6177
7381
5352
3419
2048
6412
1984
3686
4444
2497
51
3437
3069
169
5253
2695
6504
5778
213
4954
5640
1056
5145
2666
1719
7111
983
1844
2464
6873
4971
7223
1472
3137
5770
4119
3360
7926
3128
7150
1668
3304
3998
8033
7621
5611
6829
4055
3024
6757
4538
165
2198
6752
1063
2003
1520
4124
5130
6650
5907
7959
927
5534
764
7288
5373
6468
7546
1325
1522
4416
6304
3214
3709
4415
7840
6987
991
4660
5198
4833
2155
1467
2745
2002
7415
7642
4286
134
6878
5035
4215
2621
5802
5621
3966
5602
3447
3607
2458
7887
1383
2957
1300
4717
4020
18
273
4265
5751
2311
7309
6400
3160
3926
1541
3783
6005
730
6470
1408
401
6291
7637
511
7458
3339
5814
2466
3094
4805
4705
2212
140
5541
218
796
4940
3165
4655
4486
1659
5167
6158
7587
2699
5476
7894
7054
1214
7676
6763
4440
1382
2712
4719
2388
1460
7402
4456
2801
638
5487
3829
6629
6109
3777
4053
3336
7354
5956
6198
71
815
2194
63
5917
5648
5278
1192
8180
6180
5296
1704
7460
2857
3126
6628
1030
7324
1082
6543
8018
3207
4085
7612
3411
7725
8145
6351
6449
5977
3515
7110
7335
4345
5901
2910
50
1313
4134
5472
649
1683
1471
6998
3433
2761
7133
1276
7314
2914
6077
1086
1986
2584
6445
2070
563
5988
1317
195
1562
6797
3318
7397
7704
981
4996
1134
5855
4731
4898
7909
4963
4455
6160
3762
692
5890
1664
2925
3413
640
4876
3878
1899
6796
6655
5626
7112
8048
6083
5142
4669
6896
5151
311
7238
4677
2157
3066
4049
546
3183
8174
655
4917
853
6557
838
1310
3728
4462
6212
7274
5504
5993
1988
4618
2830
5215
5903
3022
7050
2485
715
6794
665
1321
4730
2291
6799
3064
3378
3071
5585
2986
3967
5752
8029
3698
3054
48
4721
3040
2362
7009
3005
5148
841
1026
1341
3683
698
7543
7683
1154
3259
3254
7822
3520
6388
1054
8076
424
2680
6347
1660
2078
2013
186
3217
3647
3130
3622
7537
768
5027
2054
3679
4313
5471
1350
5532
6759
4530
516
1858
1979
1088
3324
5998
6154
3848
3380
3427
2867
5338
7794
7763
6126
2168
1170
6271
4174
5327
1207
2988
4244
5372
7916
2582
339
836
3490
1768
2451
3155
6457
7797
7881
4158
7121
3982
2781
5446
7258
6948
3424
3362
2860
4022
3650
3668
4307
1691
5351
1805
4612
7875
3680
7253
578
7241
6441
4790
517
869
42
3196
2779
831
4427
3819
4841
3045
4709
135
7953
8101
2690
949
1809
215
5349
8026
4095
7038
233
1887
997
2463
6908
1606
2746
107
6919
2521
2498
3382
6673
618
465
7697
6764
7945
7476
4886
814
994
2261
3481
4766
4610
3990
7691
3493
2936
4333
634
1537
1259
3081
3497
6028
2320
6990
7337
4057
1849
6255
7489
2023
554
5571
7259
4878
4506
6104
6298
3244
1270
5690
7531
6506
6840
5677
5695
3439
478
726
4782
2679
5798
79
1782
2064
6775
7379
2591
3766
7804
707
664
5559
544
7525
5525
2416
4650
1622
5944
1909
2071
4712
5995
3545
2721
2499
1879
1739
1694
4887
4061
568
741
7459
3495
7194
2525
7640
6902
3724
7934
2318
6600
738
5572
192
3409
106
3279
6479
3688
1775
7527
3912
3842
5755
4002
5999
1957
4869
6395
7532
6899
8024
3891
7108
8165
3315
1162
4764
1045
3689
5540
3754
7833
3893
5930
2218
1865
4675
5545
5202
5775
822
5153
4068
4077
6633
1967
6741
86
2919
7730
2784
7468
4854
1705
6086
229
5065
7678
5865
5410
155
1624
3178
1334
1517
1053
8115
2325
8082
5168
1904
166
5002
3711
3608
3934
4191
4873
7488
1874
2802
1828
3578
3416
593
2373
6893
6897
2895
6373
264
3138
5613
7323
1725
1217
4921
975
4488
5558
970
4188
7638
5284
1254
8010
6986
1880
120
5245
1478
1193
2144
5219
4639
300
495
304
1164
4494
6569
3596
2792
1640
4537
7737
2842
7593
3450
2889
8189
6343
7560
6258
987
3537
6936
5635
6880
2528
476
4661
881
4718
5844
892
4479
4314
2356
7204
2555
5424
7563
4120
4977
1997
5759
2894
1074
5442
3120
6002
2136
7319
952
6884
6475
3903
1969
6585
4765
3786
4796
7295
1220
332
6953
7843
5836
4378
6293
7568
1800
6459
6315
4381
7570
7350
6386
4241
684
598
5644
7521
3821
8156
1496
6546
2455
5816
5040
7262
3825
5954
8176
3613
7847
6047
7893
5239
2788
403
3501
6621
3739
2051
4187
6203
1792
259
7605
4823
855
6582
6648
5509
704
1338
1354
402
6288
1785
3256
547
1658
1346
2577
1184
7235
3782
3375
7046
5757
1840
6379
2624
4480
8113
7898
1975
625
7685
2677
2968
5194
2260
423
1554
3588
7844
1492
1861
49
825
7782
3494
6000
4247
1943
2039
4625
4029
6149
6599
2795
3644
3657
7338
4510
4556
1497
452
509
21
342
4236
2298
5195
4481
1454
2170
145
5124
2888
154
4559
5925
6267
8070
3820
4507
2794
6980
3660
4058
742
3753
4524
4632
2236
6458
1772
1992
759
6552
2632
1945
620
1061
3699
7880
1689
432
1344
117
3620
1712
8005
3302
3574
3937
1092
6830
800
173
5100
490
6169
3487
7240
7105
1232
2805
2263
1250
4597
5314
7140
629
4168
961
7977
989
2634
499
1183
4944
2723
4235
1589
6020
6826
390
6421
7068
1558
6311
4525
5921
8014
3307
4081
33
2387
5701
4214
7774
1203
3159
6991
112
1181
4421
68
7305
4636
1748
7722
2103
6833
4667
8032
5353
5576
3929
3597
6244
5207
1641
829
6135
7430
5614
7417
197
2061
794
844
3712
5847
1227
462
2596
161
4269
650
7191
6413
2643
577
3358
6481
4849
8083
2709
7837
8056
4317
586
4145
3300
4316
395
6733
4863
1228
541
138
2143
3787
1911
5123
3401
3556
2092
4093
5162
8134
4189
2926
3429
8059
6620
3361
1376
7325
3089
7667
5072
5845
4763
868
3215
125
5062
5387
3039
2557
5126
773
7496
2947
3394
4912
5868
2631
3049
8155
8190
487
5912
7281
4893
2945
2269
3962
7890
4163
2376
8187
7119
7106
3251
3007
7615
5231
4644
4167
1670
6209
3744
1896
3750
3691
6334
5584
7363
7641
1462
628
5428
1557
5403
4026
6687
2821
2777
5764
2
8069
1314
3275
118
6023
5038
6418
1112
4934
6088
890
7330
710
8118
6003
7931
1634
4032
1147
7094
3697
4769
6527
7003
1187
1556
5404
2109
4275
2642
5069
1101
6551
1903
5429
3119
4132
1570
1097
4783
1930
3723
4680
7589
4595
4814
1430
6624
4908
3863
6253
6831
4801
675
102
8039
5380
5900
7626
2559
7616
1907
2084
2127
7582
277
5197
2870
6567
3664
1843
8110
5261
5071
3087
6118
585
887
4868
3172
1786
2445
127
7925
3257
5417
5822
4064
5395
885
4955
4388
3511
4395
411
1213
4105
2920
5443
1198
6211
5374
4616
616
6022
2156
466
6432
4419
4551
343
2912
5147
1700
7864
4857
301
2897
1222
2037
5329
530
6520
7776
53
2616
4446
966
3985
7628
6514
7584
4945
5501
706
5068
1507
2363
821
2237
3038
2433
2851
2633
7649
1777
2837
619
883
3772
2251
3102
3980
7208
4242
6120
6762
6181
6758
1156
1130
6106
1508
471
96
3564
3993
7694
1019
6302
2470
1891
4224
7606
4464
62
1826
7520
5307
2398
4074
455
2698
7785
2009
7160
2903
5866
5252
4154
3654
7322
2246
2673
5878
1440
2409
4489
2434
1888
3591
8045
2725
6722
2523
2966
1495
4173
3757
4394
767
3198
915
3587
435
4205
1305
2324
1041
4183
2331
644
7229
886
7261
4975
3462
1049
6201
6579
995
5031
7398
8099
7922
7128
3730
4059
6744
3408
3796
2659
6051
2500
3025
257
1202
4164
1662
3956
2876
384
4965
4544
3444
8182
3410
5423
2755
5989
7067
1117
2696
6641
3853
4102
6404
4967
5233
790
6105
6031
4342
4367
6363
5662
2285
6524
2820
1980
725
3524
1263
6381
7990
286
2602
3369
4112
2489
2330
5381
1922
4103
6845
1791
6606
1500
2958
863
4044
2924
4672
5612
3740
2567
6512
4100
3182
5937
1089
3732
3317
2290
510
609
6067
2019
911
780
6427
6900
1736
252
1547
3923
1991
5303
3642
3032
5175
1253
3521
5332
7388
1519
1758
2284
181
5277
7177
907
6274
2646
6264
4122
5196
3350
3480
3685
7944
2099
1827
4496
253
281
3570
2289
3199
4993
4619
4508
2526
714
8074
1362
6814
2686
4094
7161
807
2812
565
1603
6716
3702
2770
1987
2878
6248
1575
3314
6971
7467
6185
750
6942
922
5850
6591
187
387
2087
6910
7962
4812
3203
16
4013
2665
1229
4143
5698
7905
1245
3312
6353
4976
5007
2382
2395
4874
2627
1925
5156
4862
7033
3516
4609
5265
3026
5918
7882
7257
4983
4404
4594
7720
2751
6674
3050
2309
2570
254
3621
2604
3306
4383
2995
3710
2752
2587
5922
2192
1357
2026
1435
2315
8050
3871
2097
5120
2612
1488
8132
3735
6359
4614
121
6338
6367
3357
4089
3942
3770
5763
6801
6734
7662
327
3020
8169
1851
2747
967
6955
2030
1205
4561
7967
185
5683
936
3517
5815
66
1825
8185
4478
4136
2738
1802
7487
6340
5983
572
4605
4678
4303
1209
3093
7609
3906
2972
5735
6501
4003
6618
5169
3000
6698
6376
2374
5940
346
6420
3617
7359
5524
7938
2969
4267
1534
2105
4359
3023
2142
350
6669
5600
4346
1438
7206
2904
3538
6849
91
4203
3428
859
5263
671
6141
2880
6240
7340
3870
3167
2987
3100
4741
2106
3646
5005
5709
108
7629
1955
4080
582
6170
2649
1956
1773
5661
772
1555
5139
840
4998
2016
5133
7175
7145
5230
5984
7810
7455
78
459
5666
2052
3122
1615
2068
6063
2996
7083
6727
5716
3153
5058
4708
6361
6625
6959
3461
3550
4121
1599
5425
4125
8078
2607
7806
5163
6384
2093
2116
2764
3818
5289
6307
3019
3784
1109
603
1273
1803
7734
7597
4030
1735
4645
2484
3941
7943
7545
3514
918
6487
5674
6695
2967
3186
4482
1071
1938
2124
4523
5871
1618
6391
1672
7423
1489
900
739
5468
130
2800
5203
6131
447
1239
5861
204
5089
6161
137
2457
351
610
2663
1540
4310
1059
1315
852
2366
7610
3963
6550
5997
8154
942
372
3887
3367
5474
3234
7854
69
179
5397
3129
2342
6601
7602
4649
1173
3720
6097
2648
87
5503
7136
8098
4350
6736
427
6686
3997
1417
4607
2297
1764
2162
5279
5108
5378
5234
558
1965
5291
438
7565
6436
899
1328
3212
8043
567
6151
606
564
3798
3406
4073
775
6383
5962
3250
7798
6732
4939
2468
872
6795
6091
2406
6882
5839
5116
1264
4885
2887
2199
3953
1033
3643
1336
6055
3271
1077
7651
3791
2396
6617
1944
3113
322
4799
6232
7580
2641
3523
6182
1685
2471
5818
2595
5128
4106
4213
2244
7766
4161
4852
5400
8130
3779
5136
6683
2242
6490
6064
3479
7611
8177
7858
2339
1014
3671
6368
5777
6725
8111
6317
6616
880
1374
4172
3335
4604
3773
5693
1291
8105
1926
2542
1142
3960
3635
519
993
7721
734
5095
7246
2217
8140
3704
7097
7178
5420
2377
230
1040
4165
5490
5884
2848
6705
2113
562
6746
5537
8131
998
7632
2658
580
451
5565
6855
7504
6015
3228
4949
7995
2976
5306
5493
406
371
7653
743
6887
2017
648
1004
211
2676
4729
928
7348
4368
1566
4298
3808
1451
1853
4147
3566
5806
3769
4289
5067
217
6523
2537
4208
2114
7088
1783
4469
2240
1776
3580
2653
5659
5583
4149
4501
191
5325
871
2337
4393
4747
5441
4423
1113
945
8084
926
6806
3995
6965
2630
1127
2733
5863
3879
2347
122
6329
906
3674
2928
2332
2249
4514
2165
2970
8079
1627
5052
6816
5500
5974
6581
6431
5546
4453
1188
6176
5607
5512
2012
246
856
7769
4653
7566
6099
745
3599
543
2110
4071
4938
3651
6254
3031
1274
1370
25
6393
550
1727
6676
6779
7438
7523
1859
4927
4198
4231
360
4211
6740
7212
7283
4819
4748
4190
6561
4633
3577
830
3221
4786
6921
3854
2829
2431
274
6078
3948
2923
1788
5963
3233
5980
3354
1114
3274
7364
4364
4851
5479
189
6150
6339
5301
419
331
6643
1778
5060
5897
4117
1410
4334
6637
3839
1679
7250
3438
5267
574
5651
1447
5020
6024
6034
2922
8052
5001
7141
7999
5093
2235
5176
2368
1179
3278
7099
5919
3615
4101
6858
7448
1533
5707
5361
8067
651
5016
4999
7742
5217
2530
7209
2349
7144
7562
7227
5499
3954
2203
7988
3096
349
6108
1261
2921
4890
4752
5485
1160
1068
3775
5883
3331
7915
7633
2879
3573
5220
7924
1037
604
1946
3972
3794
7933
2482
8173
2885
3827
5225
4641
5408
7941
5356
7717
4589
5729
4138
5157
785
5003
4410
5636
4611
5961
6377
5736
8038
3931
611
810
5064
5173
6102
7480
3239
4689
6162
282
4897
2948
52
5488
3809
1513
1257
5129
6290
5837
498
2352
3472
19
1770
4584
5527
6297
1458
7522
4826
6030
2069
7268
4262
2975
3201
5496
575
5190
7406
7215
5646
2238
6110
6259
3751
4991
7357
4784
2760
4245
4723
6263
6850
3337
1108
7936
485
8097
8102
7783
5842
7550
94
5696
7708
4756
4699
7599
1446
7326
4515
7698
6612
7684
3625
1223
4855
3209
4658
2224
225
2572
244
5022
626
6913
7505
2670
5316
6864
7960
4631
3013
5223
3610
1295
3338
5097
200
3213
3035
5486
5851
566
3075
5697
2828
4178
7778
7630
7044
2780
513
1780
6715
4929
3659
6663
7158
7195
4901
2089
850
4900
6780
7176
645
2974
1815
399
7499
8096
1678
3116
7712
6835
1902
3696
3806
5513
2536
4839
5386
8116
34
686
1915
5723
5862
5968
5228
5481
1483
409
2763
3453
2617
1543
3111
3872
8108
2915
3118
2703
3269
5927
7102
5526
6272
8137
6549
335
2412
3992
1432
3420
4292
3841
7744
7495
4777
4232
5015
3838
2478
7226
1168
4702
4011
2022
7800
3630
4370
5830
1731
67
3661
1846
6804
5746
4526
512
6172
1630
7263
6358
5909
4240
1655
8062
2476
5893
1352
6518
4988
5118
6266
7035
172
2822
7464
3555
1816
3658
7485
6037
2522
3074
4957
4204
2264
4319
4925
2594
2835
6119
7320
2177
7285
7049
1761
3639
930
5990
2615
5586
4382
4985
4471
7030
4905
1730
3230
592
2195
6163
5645
3567
5742
1671
7307
6982
1617
1940
6526
4295
2255
5692
1013
7470
3968
7666
6337
5647
4256
2420
7549
685
3605
473
1306
7171
1897
3528
6517
7249
2098
1929
6243
4217
1293
6657
1339
4329
2535
4936
3051
1010
763
4742
7220
2782
7604
4574
3474
6202
6330
8175
849
5154
1734
3830
5413
5109
2253
7456
5595
1596
7113
8146
6870
243
1379
1661
5401
4713
7853
7091
7855
2154
3983
3765
2081
4758
924
3991
4195
2424
1400
3894
288
5630
6403
7991
828
7300
6130
2020
1723
2293
3836
7805
2397
1445
3377
4576
5235
7865
6828
2697
4354
920
5131
6940
6419
6488
3121
6042
7192
2160
4260
1136
4438
6016
2076
5959
4070
4754
7976
4160
7585
2715
7719
5879
1910
6472
6786
3690
1062
1823
7620
7979
4144
7061
793
2505
774
5727
2454
2179
6345
3143
4774
1494
5480
2422
1898
93
295
2700
1741
6577
3189
2539
7598
80
2757
3112
7751
4309
6090
4079
4054
2585
4302
6226
7974
4097
5096
6246
4001
2167
1278
1550
3231
3415
2367
1947
7767
7343
4111
362
7490
2209
5337
4540
1885
3136
5482
7670
4651
910
5973
4691
6483
4706
1485
3236
2369
7090
8144
5390
2844
5719
4960
1650
6280
579
4698
3812
1413
6851
4238
2799
6478
6964
2169
5731
3612
1246
417
3108
7353
2501
5658
1135
5208
3486
7868
3245
5738
4230
5939
6547
6553
5553
4017
5375
3898
5508
6646
2759
5781
5713
6157
4682
5435
1348
1371
6844
4069
1182
5084
6399
8107
4879
7984
5789
2516
6422
2060
2931
2153
5484
4086
3146
6080
6871
1143
2716
3707
3379
912
5328
1667
5008
5150
3695
5554
7729
5857
2872
359
1470
8163
5799
5848
3606
5768
4793
4529
7421
7076
6920
5013
2704
3028
6584
951
4328
1258
3440
3015
6217
5622
1195
7282
2245
224
7889
946
4233
2340
5598
7928
7163
7228
3179
283
3085
5330
2900
3282
5041
3618
3265
4997
2296
5078
3656
3067
57
1024
4357
255
5362
5895
6072
164
570
3814
783
6815
1675
2610
319
212
6966
222
1597
1285
3423
1999
5966
7425
5049
2689
2348
3976
3725
3908
2351
3626
7193
4937
474
2354
5838
6713
2753
4880
925
748
4578
8143
3309
2814
4411
1677
3925
6471
3850
1669
7658
6802
4113
6961
2358
1952
7036
7422
1912
5321
2906
6336
4567
2175
8046
3016
6765
5826
6276
5724
1330
5268
318
7899
4066
7084
1551
607
4910
6886
535
576
3681
1148
4182
6069
3390
7441
4753
7154
506
2197
837
5160
4615
1787
4435
3952
5831
3084
2791
615
5776
214
1287
695
1067
7239
2868
8041
3365
7826
5354
2652
6645
5717
2131
1633
4738
1197
1244
1190
4338
5711
5670
3840
5873
2531
3387
320
7372
2200
668
1580
1560
4518
2840
2421
3017
6702
3544
7958
1476
1364
7201
1084
6321
1367
902
6881
6777
321
3648
2599
2073
6500
1754
7501
2672
2861
4543
227
1563
7506
7290
3283
3162
4491
2090
827
599
3277
305
7878
3924
5455
6331
6627
5271
5056
312
5522
3918
2066
4648
4990
54
3572
2929
6354
5152
6200
7118
6535
3161
6402
4820
2115
2493
4139
6092
6380
986
4832
7198
373
2100
1115
8009
1608
280
8170
7477
1411
5283
7289
6563
2959
5364
104
3294
2942
7331
8152
6891
653
1869
5555
4571
2419
7014
4881
2214
4726
3959
3933
1714
6443
7431
198
7547
2418
7096
3733
7544
4360
6770
917
4948
3532
4000
5412
3662
488
2841
2047
7687
3452
3243
3802
2300
5562
1434
7954
6440
4407
7473
3747
2250
7004
5447
4246
4305
4377
6841
4684
646
1299
8054
835
6114
3451
2323
1565
7907
1423
6771
3813
2413
7057
1340
4452
2141
8075
6774
1163
3665
6406
4107
5663
4840
2647
5992
6589
5592
5127
819
5834
1561
1750
5761
7655
7156
7005
1290
988
5934
3476
7018
8047
4450
1035
4341
1767
539
2452
3722
7125
1050
2361
1480
5103
496
2819
4428
5942
1139
2817
1099
4964
4312
5244
456
4701
716
5370
6824
965
2444
3163
4696
596
7656
3441
6653
4169
6407
6820
2681
3767
5371
5077
6356
5551
3507
7745
5475
1337
2379
1144
7754
5951
3289
1356
1588
5642
5797
2326
5840
5025
3799
4239
6888
1884
600
1256
762
3073
141
3295
2978
6289
4847
4828
5511
7465
6933
6860
5772
6836
3208
7827
1448
3202
7435
6411
7814
5436
5297
6205
608
7065
2161
2338
6495
5009
7048
1415
4485
3009
2934
5952
1542
1959
2132
7515
795
1693
5981
6586
3267
6572
3195
1821
6819
681
2252
1240
7137
3569
461
5819
1111
1398
7380
4520
6667
1996
85
7436
2960
636
1433
7001
3386
256
1796
1738
2207
7682
6494
5166
5319
2564
2221
862
858
4362
6389
4429
8122
7980
1018
7500
1457
7328
7371
208
2980
1015
2614
2701
2219
3398
5045
4596
5749
7529
6532
4987
7074
2905
3465
4737
6970
594
7788
8040
3861
4209
8015
6473
1684
5237
805
505
3677
2628
5055
1958
2785
6390
3151
1832
271
3400
7103
6724
3865
4668
175
5299
228
1680
8008
1120
27
1022
3860
196
7867
4958
183
4445
2540
6179
7823
7276
407
1027
6968
4177
6310
801
2465
6700
1505
8068
4153
3389
3098
5792
5809
1928
3164
3889
2041
4902
38
1324
6993
5682
3759
573
1833
5910
1387
6194
864
5086
6249
6649
326
3614
6592
4657
1146
4096
1525
4599
1686
4228
2773
1732
7196
4700
7497
3316
1905
4570
6012
4392
7596
7260
7608
2475
3958
6019
4372
1176
5335
3402
8092
4694
4218
1920
4666
4836
5880
6640
5552
4155
1153
733
1636
2593
7248
6868
1610
3847
374
896
199
614
5517
5787
1927
3321
3181
1882
6636
7758
6827
6798
315
6132
1614
5407
2139
7668
5721
1487
4038
3030
3483
3180
7368
2720
7627
5733
2601
7155
5158
7200
4892
3602
2767
882
5914
4601
378
2176
6183
4794
5920
4800
7089
2749
366
8160
1949
4622
6215
7660
5057
992
5221
5270
4431
2125
6812
5580
5905
5637
5932
5808
4353
3915
6239
5411
159
5860
2159
3371
1963
3883
5835
4405
4210
7821
5458
973
1518
64
2130
6335
294
184
2655
2307
6576
1225
7292
267
1549
4825
3713
588
3123
3184
824
3568
5104
6048
4792
1961
5979
1418
4703
560
5144
7740
5042
7442
866
4219
5891
1320
6392
2772
1212
5982
4409
3223
4339
3623
6659
29
237
1863
5172
425
8019
621
3086
182
4176
2314
7583
7316
6947
1913
2853
4052
2301
2385
7900
5248
1479
7151
1740
4118
3255
1249
515
7819
2717
7255
5985
5653
3768
2933
1568
5106
1498
4582
5623
3286
1908
6818
6791
1862
4688
7056
2902
4374
1553
150
1985
3477
3742
3701
6647
4243
99
4961
1343
5210
2732
5686
6014
7217
6929
583
5287
888
7377
1100
2778
7440
3575
226
2188
3678
6534
7921
3083
3939
6082
3110
8000
1412
3945
209
7964
6952
4755
1812
5599
6754
3589
6992
2088
2228
3105
3857
2248
2730
3029
2279
7816
4553
3928
5748
2448
3936
6745
5308
1233
4272
533
5820
5491
7724
1545
5383
6017
7429
3508
370
4986
6021
4308
7601
2283
848
7013
3826
3576
5453
690
7321
8171
5336
7027
6697
6610
7851
2580
4412
5111
3999
1080
1420
2769
3886
6
4220
4042
854
6580
24
6879
4858
5342
1
2202
4630
2511
4082
6216
1585
6510
6049
6898
4974
3298
6894
3758
3638
394
760
8150
6394
3559
5941
1973
8034
4084
3229
3258
5976
3467
4015
2128
7007
2427
238
3816
4513
4779
)


// ************************************************************************* //
