/*--------------------------------*- C++ -*----------------------------------*\
| =========                 |                                                 |
| \\      /  F ield         | OpenFOAM: The Open Source CFD Toolbox           |
|  \\    /   O peration     | Version:  v1706                                 |
|   \\  /    A nd           | Web:      www.OpenFOAM.com                      |
|    \\/     M anipulation  |                                                 |
\*---------------------------------------------------------------------------*/
FoamFile
{
    version     2.0;
    format      ascii;
    class       volScalarField;
    location    "0.1";
    object      dsmcSigmaTcRMax;
}
// * * * * * * * * * * * * * * * * * * * * * * * * * * * * * * * * * * * * * //

dimensions      [0 3 -1 0 0 0 0];


internalField   nonuniform List<scalar> 
1000
(
4.771644029e-16
4.863134725e-16
4.712918999e-16
4.700401897e-16
4.803152549e-16
4.762899433e-16
4.855799327e-16
4.754602553e-16
4.686286161e-16
4.722530151e-16
4.775436884e-16
4.764279682e-16
4.772399126e-16
4.753326284e-16
4.853157978e-16
4.709041152e-16
4.816703258e-16
4.761825698e-16
4.807790108e-16
4.710650555e-16
4.694427974e-16
4.8890621e-16
4.786906935e-16
4.792863295e-16
4.841006833e-16
4.982485812e-16
4.727830194e-16
4.836141383e-16
4.764904916e-16
4.955258256e-16
4.647725969e-16
4.763582674e-16
4.720993063e-16
4.688123067e-16
4.833608014e-16
4.701214116e-16
4.950632779e-16
4.673248538e-16
4.952306282e-16
4.866209691e-16
4.794306549e-16
4.764074769e-16
4.756858514e-16
4.773823379e-16
4.750225901e-16
4.735461516e-16
4.798270703e-16
4.765114401e-16
4.726136155e-16
4.907303846e-16
4.761481445e-16
4.792739268e-16
4.916715822e-16
4.718247416e-16
4.747247998e-16
4.741390973e-16
4.872283592e-16
4.706866129e-16
4.847078434e-16
4.751398941e-16
4.784679771e-16
4.725962205e-16
4.745919208e-16
4.776980539e-16
4.716961409e-16
4.925631838e-16
4.841311181e-16
4.724796383e-16
4.742006326e-16
4.633525882e-16
4.943900441e-16
4.656006096e-16
4.846556107e-16
4.738943329e-16
5.178337891e-16
4.805924433e-16
4.759068765e-16
4.73823122e-16
4.82385318e-16
4.705009232e-16
4.800102737e-16
4.749534502e-16
4.787697459e-16
4.852714618e-16
4.762159075e-16
4.767586827e-16
4.730188992e-16
4.72917843e-16
4.800967799e-16
4.652408171e-16
4.794785299e-16
4.866658965e-16
4.72091877e-16
4.672135905e-16
4.987276165e-16
4.756855525e-16
4.727199811e-16
4.860923082e-16
4.738816698e-16
4.780726931e-16
4.81099114e-16
4.818481381e-16
4.765066585e-16
4.882795214e-16
4.719869437e-16
4.755323121e-16
4.697905027e-16
4.907763874e-16
4.748304359e-16
4.753486758e-16
4.837597843e-16
4.790043255e-16
4.892808512e-16
4.734014737e-16
4.770319496e-16
4.84646954e-16
4.800304083e-16
4.780968071e-16
4.811471344e-16
4.845950211e-16
4.860067723e-16
4.709303547e-16
4.689693813e-16
4.746530347e-16
4.745615979e-16
4.767437339e-16
4.845291159e-16
4.911335861e-16
4.71858161e-16
4.779366535e-16
4.720072841e-16
4.807500419e-16
4.737554581e-16
4.831306023e-16
4.795622368e-16
4.821241016e-16
4.762345463e-16
4.728180158e-16
4.882077328e-16
4.764059714e-16
4.76098713e-16
4.786024844e-16
4.892941266e-16
4.756384703e-16
4.811630535e-16
4.727467818e-16
4.742430198e-16
4.802542909e-16
4.747679922e-16
4.821245908e-16
4.960139024e-16
4.795587169e-16
4.755998446e-16
4.676341039e-16
4.767031367e-16
4.816937166e-16
4.75224593e-16
4.816143003e-16
4.962477045e-16
4.865893832e-16
4.745869874e-16
4.88146074e-16
4.762724884e-16
4.761671748e-16
4.778747141e-16
4.833218601e-16
4.782325031e-16
4.762717506e-16
4.777066143e-16
4.713313025e-16
4.92732784e-16
4.789840041e-16
4.890337637e-16
4.919419169e-16
4.735838346e-16
4.758221237e-16
4.667064734e-16
4.694567365e-16
4.803396879e-16
4.732378394e-16
4.796786032e-16
4.669653782e-16
4.661041761e-16
4.721313114e-16
4.778428802e-16
5.117309871e-16
4.711729405e-16
4.749590197e-16
4.801323167e-16
4.710698145e-16
4.902363553e-16
4.709311848e-16
4.690694034e-16
4.776134376e-16
4.81432819e-16
4.807902595e-16
4.749743052e-16
4.749679284e-16
4.733252378e-16
4.88430803e-16
4.705044076e-16
4.730284184e-16
4.842790034e-16
4.735575892e-16
4.796386029e-16
4.687776622e-16
4.655488996e-16
4.703389329e-16
4.762471779e-16
4.74683524e-16
4.78886728e-16
4.882093888e-16
4.717357143e-16
4.769451475e-16
4.762961579e-16
4.775894738e-16
4.698008606e-16
4.780803171e-16
4.835224651e-16
4.87057418e-16
4.786146267e-16
4.700024282e-16
4.945650906e-16
4.875502813e-16
4.931841408e-16
4.694646534e-16
4.895533374e-16
4.755931374e-16
4.734974565e-16
4.725840037e-16
4.774338726e-16
4.805917856e-16
4.689602507e-16
4.867947383e-16
4.749642682e-16
4.731445232e-16
4.682720833e-16
4.768117797e-16
4.88045851e-16
4.891538905e-16
4.760108898e-16
4.759909846e-16
4.789034312e-16
4.732063275e-16
4.802307895e-16
4.758926648e-16
4.676772956e-16
4.813261603e-16
4.753275972e-16
4.725983797e-16
4.735055348e-16
4.921006932e-16
4.784384809e-16
4.753493341e-16
4.795602848e-16
4.734166252e-16
4.741244177e-16
4.81885897e-16
4.761103835e-16
4.699285412e-16
4.807360663e-16
4.936349944e-16
4.733509441e-16
4.794129629e-16
4.798724212e-16
4.888874968e-16
4.913011286e-16
4.841243215e-16
4.776190135e-16
4.77809761e-16
4.836189023e-16
4.851885935e-16
4.786293082e-16
4.713672529e-16
4.754813319e-16
4.78528794e-16
4.747464887e-16
4.742872283e-16
4.996298517e-16
4.819692195e-16
4.715014546e-16
4.736468948e-16
4.837283381e-16
4.765127897e-16
4.771828073e-16
4.741396822e-16
4.665124012e-16
4.807974475e-16
4.810352641e-16
4.762237497e-16
4.768411268e-16
4.777889525e-16
4.809589564e-16
4.668427443e-16
4.735617185e-16
4.708158217e-16
4.694125304e-16
4.690991261e-16
4.779729269e-16
4.795723143e-16
4.774956477e-16
4.649757279e-16
4.67187554e-16
4.774513985e-16
4.71239503e-16
4.898675832e-16
4.752753305e-16
4.774567899e-16
4.858707275e-16
4.827443831e-16
4.671529678e-16
4.78600162e-16
4.830814799e-16
4.748583868e-16
4.854099177e-16
4.71784061e-16
4.953640686e-16
4.70503773e-16
4.710356939e-16
4.837859481e-16
4.792804133e-16
4.799357365e-16
4.916489502e-16
4.679399e-16
4.749889801e-16
4.771230659e-16
4.983182114e-16
4.804295449e-16
4.779045243e-16
4.829312068e-16
4.717698184e-16
4.760201467e-16
4.86103339e-16
4.854941577e-16
4.914482449e-16
4.751705271e-16
4.699910459e-16
4.694527755e-16
4.775148437e-16
4.70806335e-16
4.799021609e-16
4.938940294e-16
4.772342495e-16
4.824116855e-16
4.757216157e-16
4.840530077e-16
4.721535513e-16
4.74284314e-16
4.690432731e-16
4.776075549e-16
4.669477463e-16
4.741006392e-16
4.761192209e-16
4.891981243e-16
4.804450258e-16
5.006735584e-16
4.879656132e-16
4.72597647e-16
4.896383803e-16
4.713423014e-16
4.790363178e-16
4.813651351e-16
4.841836229e-16
4.76788356e-16
4.82135097e-16
4.740923483e-16
4.642984162e-16
4.750404765e-16
4.827271134e-16
4.729989465e-16
4.882461133e-16
4.873977217e-16
4.682199314e-16
4.780074727e-16
4.789941644e-16
4.69255533e-16
4.704646816e-16
4.766475916e-16
4.826045957e-16
4.651371347e-16
4.674437911e-16
4.896731744e-16
4.792077959e-16
4.836165715e-16
4.70777364e-16
4.704512565e-16
4.685036513e-16
4.806451417e-16
4.837311167e-16
4.922757998e-16
4.85299441e-16
4.755663141e-16
4.83729666e-16
4.809184643e-16
4.784836828e-16
4.800181339e-16
4.779363056e-16
4.735456317e-16
4.781821695e-16
4.813719568e-16
4.725866216e-16
4.788019553e-16
4.807864864e-16
4.859329522e-16
4.637629155e-16
4.745783725e-16
4.74213052e-16
4.775688309e-16
4.772947222e-16
4.782646966e-16
4.777965908e-16
4.873460174e-16
4.738592341e-16
4.795308022e-16
4.767448703e-16
4.805663136e-16
4.76898505e-16
4.741645605e-16
4.768881146e-16
4.839966074e-16
4.877343959e-16
4.763305696e-16
4.682055377e-16
4.883848679e-16
4.861516749e-16
4.762177073e-16
4.69418319e-16
4.847680739e-16
4.797523254e-16
4.758107163e-16
4.73057042e-16
4.804404806e-16
4.780249707e-16
4.743304274e-16
4.907494502e-16
4.642616563e-16
4.793805568e-16
4.826432611e-16
4.68076288e-16
4.805628317e-16
4.784499391e-16
4.934041558e-16
4.735884539e-16
4.773730503e-16
4.789746571e-16
4.947533184e-16
4.867018366e-16
5.025099293e-16
4.713393887e-16
4.823077003e-16
4.811779502e-16
4.850662102e-16
4.786130456e-16
5.12319919e-16
4.892518554e-16
4.836360769e-16
4.725242496e-16
4.83343144e-16
4.786602375e-16
4.74397053e-16
4.777710794e-16
4.775358852e-16
4.710063916e-16
4.766268204e-16
4.64136154e-16
4.727947486e-16
4.913847671e-16
4.738322399e-16
4.736662491e-16
4.855030202e-16
4.74277909e-16
5.020952529e-16
4.730080162e-16
4.815770755e-16
4.628367368e-16
4.761172581e-16
4.80855777e-16
4.730227276e-16
4.779184936e-16
4.726029834e-16
4.74456582e-16
4.772892947e-16
4.741101701e-16
4.764855205e-16
4.679487886e-16
4.827821752e-16
4.68902698e-16
4.917289098e-16
4.758947153e-16
4.733655965e-16
4.933921141e-16
4.748605637e-16
4.751221372e-16
4.952631783e-16
4.785207963e-16
4.849120118e-16
4.709352209e-16
4.769157242e-16
4.752502643e-16
4.875306401e-16
4.76993813e-16
4.820459818e-16
4.804537587e-16
4.762221326e-16
4.893486847e-16
4.651001619e-16
4.646291684e-16
4.764320014e-16
4.814541193e-16
4.695729238e-16
4.684950789e-16
4.677429095e-16
4.708445139e-16
4.837463834e-16
5.00033326e-16
4.705138062e-16
4.831406048e-16
4.80096454e-16
4.935098815e-16
4.731785125e-16
4.806787623e-16
4.67405854e-16
4.946610597e-16
4.816909498e-16
4.711683939e-16
4.699363052e-16
4.88163587e-16
4.738827202e-16
4.744539151e-16
4.654501702e-16
4.845604513e-16
4.763796319e-16
4.852985323e-16
4.717463784e-16
4.70154834e-16
4.776807237e-16
4.778445646e-16
4.768844304e-16
4.762592858e-16
4.85101774e-16
4.754276582e-16
4.82495444e-16
4.784337865e-16
4.826802149e-16
4.765640932e-16
4.878186651e-16
4.820810882e-16
4.75017777e-16
4.724094962e-16
4.732524709e-16
4.951717781e-16
4.83815571e-16
4.842149366e-16
4.981787116e-16
4.821605535e-16
4.689435615e-16
4.722418746e-16
4.704218153e-16
4.755789785e-16
4.773649705e-16
4.605125781e-16
5.011371902e-16
4.776989766e-16
4.795507375e-16
4.770690823e-16
4.773688772e-16
4.718848906e-16
4.828379797e-16
4.680425469e-16
4.872496201e-16
4.792023606e-16
4.711660197e-16
4.73130727e-16
4.928647853e-16
4.717469252e-16
4.799476147e-16
4.724356949e-16
4.691450361e-16
4.676140896e-16
4.767255107e-16
4.923829596e-16
4.864175313e-16
4.788797525e-16
4.741895198e-16
4.764493143e-16
4.697786464e-16
4.751976563e-16
4.735412454e-16
4.856264173e-16
4.880106262e-16
4.803373522e-16
4.7565539e-16
4.852188167e-16
4.830479432e-16
4.695830785e-16
4.772682078e-16
4.83334413e-16
4.851385998e-16
4.84342226e-16
4.769039147e-16
4.935367088e-16
4.895725365e-16
4.932988855e-16
4.885619608e-16
4.708894486e-16
4.788412509e-16
4.804634189e-16
4.718106355e-16
4.835236709e-16
4.839964288e-16
4.761481157e-16
4.736334937e-16
4.716344834e-16
4.866467511e-16
4.756191105e-16
4.826456336e-16
4.758476772e-16
4.691068501e-16
4.764153903e-16
4.841665155e-16
4.913795431e-16
4.791157467e-16
4.860416894e-16
4.650735585e-16
4.693343534e-16
4.672329564e-16
4.805007398e-16
4.789431902e-16
4.852706301e-16
4.710196187e-16
4.760323898e-16
4.69212332e-16
4.732451544e-16
4.923807195e-16
4.74698826e-16
4.886247703e-16
4.802741678e-16
4.714334192e-16
4.826741128e-16
4.753863178e-16
4.726854826e-16
5.060235035e-16
4.852472584e-16
4.84906412e-16
4.833278219e-16
4.809948832e-16
4.928570756e-16
4.834421292e-16
4.857266706e-16
4.768662645e-16
4.801882637e-16
4.730777229e-16
4.750748519e-16
4.862283745e-16
4.95656503e-16
4.730782338e-16
4.881019525e-16
4.652228081e-16
4.809101343e-16
4.815175259e-16
4.803247449e-16
4.733278123e-16
4.958704653e-16
4.903059793e-16
4.749477617e-16
4.829299558e-16
5.036796787e-16
4.790619833e-16
4.793187742e-16
4.74138358e-16
4.777569102e-16
4.66755742e-16
4.741151257e-16
4.782437809e-16
4.812796746e-16
4.813294232e-16
4.854051118e-16
5.052563811e-16
4.835719122e-16
4.849408008e-16
4.763649663e-16
4.796157766e-16
4.697997152e-16
4.736817379e-16
4.724933846e-16
4.744362633e-16
4.802888715e-16
4.825533319e-16
4.838167847e-16
4.687495178e-16
4.765589013e-16
4.916871897e-16
4.76365018e-16
4.69855749e-16
4.755200399e-16
4.801390908e-16
4.79758961e-16
4.870747722e-16
4.85369262e-16
4.772074211e-16
4.72330136e-16
4.784293525e-16
4.837635266e-16
4.805196362e-16
4.849376033e-16
4.706353966e-16
4.736898183e-16
4.692978445e-16
4.684616122e-16
4.745295937e-16
4.835481982e-16
4.727339246e-16
4.692383554e-16
4.811177305e-16
4.70162078e-16
4.664928805e-16
4.745641432e-16
4.802731477e-16
4.750537693e-16
4.797259922e-16
4.891987362e-16
4.738084129e-16
4.86161429e-16
4.884191102e-16
4.82103167e-16
4.707283619e-16
4.803318352e-16
4.765252542e-16
4.714841182e-16
4.822166527e-16
4.750260931e-16
4.812715665e-16
4.894490631e-16
4.722610769e-16
4.697960188e-16
4.823626635e-16
4.903920167e-16
4.811621747e-16
4.749968575e-16
4.673865395e-16
4.826592812e-16
4.949785684e-16
4.762889674e-16
4.721519019e-16
4.959960469e-16
4.794024278e-16
4.776688638e-16
4.945865083e-16
4.751366435e-16
4.731863583e-16
4.77150581e-16
4.633716183e-16
5.035856378e-16
4.792678469e-16
4.820905125e-16
4.855582823e-16
4.816942707e-16
4.821861715e-16
4.710325073e-16
4.795613968e-16
4.822996763e-16
4.703947001e-16
4.955191897e-16
4.776747896e-16
4.77332593e-16
4.762420781e-16
4.951952388e-16
4.826281869e-16
4.764653208e-16
4.731672191e-16
4.740476205e-16
4.673689199e-16
4.76376943e-16
4.784107108e-16
4.68711491e-16
4.847004714e-16
4.768819751e-16
4.80759964e-16
4.85323625e-16
4.711522228e-16
4.965453766e-16
4.8332197e-16
4.741659245e-16
4.676183598e-16
4.801633453e-16
4.757988594e-16
4.831427421e-16
4.77828054e-16
4.854459124e-16
4.735806521e-16
4.713218125e-16
4.644257963e-16
4.749867814e-16
4.882166693e-16
4.785640956e-16
4.693886367e-16
4.769689297e-16
4.722623816e-16
4.696279241e-16
4.699069944e-16
4.774124261e-16
4.827367927e-16
4.923970291e-16
4.813827163e-16
4.837860001e-16
4.721900524e-16
4.660749049e-16
4.809457352e-16
4.761760124e-16
4.935027843e-16
4.704984374e-16
4.77648865e-16
4.999858099e-16
4.820236458e-16
4.712757834e-16
4.744551408e-16
4.743852632e-16
4.725767521e-16
4.794265896e-16
4.863565825e-16
4.741489084e-16
4.854360752e-16
4.801546582e-16
4.695723574e-16
4.866284848e-16
4.919499838e-16
4.83428632e-16
4.677987572e-16
4.74418571e-16
4.856402511e-16
4.980109783e-16
5.076241981e-16
4.74517999e-16
4.763613497e-16
4.782449991e-16
4.795411506e-16
4.778586452e-16
4.877141338e-16
4.795928757e-16
4.923294402e-16
4.871268364e-16
4.720526072e-16
4.77174965e-16
4.80555391e-16
4.800524841e-16
4.761594772e-16
4.810126474e-16
4.722493678e-16
4.764003622e-16
4.719121767e-16
4.74779317e-16
5.026053e-16
4.73290776e-16
4.851680367e-16
4.951007874e-16
4.721715759e-16
4.879276241e-16
4.716345649e-16
4.785749814e-16
4.678924025e-16
4.758091965e-16
4.883989476e-16
4.730728481e-16
4.953692023e-16
4.854389786e-16
4.829533842e-16
5.017618833e-16
4.875179608e-16
4.812882397e-16
4.881801573e-16
4.751138341e-16
4.672226521e-16
4.749065936e-16
4.724089928e-16
4.787160848e-16
4.688067882e-16
4.79766543e-16
4.661891227e-16
4.734205948e-16
4.733924977e-16
4.81632452e-16
4.724966975e-16
4.843921914e-16
4.767793134e-16
4.820277731e-16
4.854677009e-16
4.686173614e-16
4.738104971e-16
4.90507621e-16
4.741593448e-16
4.815831547e-16
4.753659941e-16
4.867708415e-16
4.956460026e-16
4.701872204e-16
4.775940074e-16
4.786384972e-16
4.657878123e-16
4.701226886e-16
4.733144125e-16
4.847109049e-16
4.958033543e-16
4.772967535e-16
4.811151482e-16
4.87554838e-16
4.728304664e-16
4.781730212e-16
4.71692203e-16
4.688780525e-16
4.79124215e-16
4.761530328e-16
4.910095487e-16
4.914370302e-16
4.762291021e-16
4.677168826e-16
4.831259234e-16
4.819435419e-16
4.75723981e-16
4.91922073e-16
4.761892802e-16
4.746774484e-16
4.690029094e-16
4.852284728e-16
4.83576023e-16
4.757812728e-16
4.76479184e-16
4.74863708e-16
4.824076132e-16
4.672590875e-16
4.822978775e-16
4.846807545e-16
4.78421011e-16
4.905873934e-16
4.854132083e-16
4.709527424e-16
4.784219458e-16
4.815964928e-16
4.752599606e-16
4.71751165e-16
4.896550861e-16
4.807235448e-16
4.844660577e-16
4.8601275e-16
4.890935079e-16
4.964720424e-16
4.764991505e-16
4.777643401e-16
4.759449345e-16
4.851673702e-16
4.778434283e-16
4.935285646e-16
4.852862478e-16
4.84498305e-16
4.858738287e-16
4.727722342e-16
4.869920345e-16
4.716247662e-16
4.837619211e-16
4.800345675e-16
4.780215015e-16
4.847758477e-16
4.819838123e-16
4.766231949e-16
4.770308032e-16
4.685735295e-16
4.761812527e-16
4.903599887e-16
4.72040122e-16
4.719663172e-16
4.747003087e-16
4.777439956e-16
4.732793731e-16
4.761254374e-16
4.839775623e-16
5.004643667e-16
4.713226122e-16
4.790625408e-16
4.738946584e-16
4.803612614e-16
4.724869582e-16
4.803477819e-16
4.761223369e-16
4.786762236e-16
4.722009295e-16
4.718060916e-16
4.803579986e-16
4.682792351e-16
4.766708247e-16
4.799050538e-16
4.815542874e-16
4.764500526e-16
4.683531954e-16
4.687360054e-16
4.742911138e-16
4.70157975e-16
4.754594181e-16
4.693344298e-16
4.690524136e-16
4.772880822e-16
4.790210392e-16
)
;

boundaryField
{
    bottom
    {
        type            zeroGradient;
    }
    top
    {
        type            zeroGradient;
    }
    inlet
    {
        type            zeroGradient;
    }
    outlet
    {
        type            zeroGradient;
    }
    back
    {
        type            symmetry;
    }
    front
    {
        type            symmetry;
    }
}


// ************************************************************************* //
