/*--------------------------------*- C++ -*----------------------------------*\
| =========                 |                                                 |
| \\      /  F ield         | OpenFOAM: The Open Source CFD Toolbox           |
|  \\    /   O peration     | Version:  v1706                                 |
|   \\  /    A nd           | Web:      www.OpenFOAM.com                      |
|    \\/     M anipulation  |                                                 |
\*---------------------------------------------------------------------------*/
FoamFile
{
    version     2.0;
    format      ascii;
    class       volScalarField;
    location    "0.1";
    object      mctTimeStepRatio_Ar;
}
// * * * * * * * * * * * * * * * * * * * * * * * * * * * * * * * * * * * * * //

dimensions      [0 0 0 0 0 0 0];


internalField   nonuniform List<scalar> 
1000
(
2.437385866
2.437275059
2.43255463
2.404369369
2.403489451
2.417095389
2.44727303
2.452829553
2.438382155
2.426616902
2.434637909
2.42291811
2.422992867
2.42883098
2.42796538
2.426925215
2.433506241
2.430390549
2.43980488
2.446033691
2.436553804
2.433331045
2.440215079
2.438690384
2.442305616
2.417419876
2.416669899
2.437364064
2.431464565
2.427035023
2.44203373
2.444600247
2.439022074
2.445500541
2.422645571
2.425472122
2.421612063
2.422642484
2.416713946
2.418478629
2.430749358
2.425497942
2.437073766
2.432700908
2.449639195
2.439318089
2.442496816
2.421733773
2.444108554
2.423842473
2.416418565
2.416911207
2.436686011
2.430399832
2.438678611
2.432535725
2.441168219
2.429949803
2.421351009
2.438555686
2.426568091
2.456512185
2.446485601
2.456223804
2.428965533
2.451130737
2.44339527
2.442703801
2.433118794
2.432158257
2.459062298
2.445115508
2.4465084
2.447122109
2.446011965
2.431430704
2.447504192
2.434378365
2.440609458
2.443892789
2.416481246
2.421850016
2.430520337
2.429619726
2.43430779
2.436298606
2.413009629
2.414989981
2.409492541
2.404535633
2.410512487
2.411691396
2.4188903
2.44059663
2.43686277
2.45119167
2.436418288
2.458897847
2.445377393
2.446185101
2.462725836
2.447425834
2.438333171
2.439153158
2.445893584
2.435932406
2.441532057
2.445559205
2.429385142
2.418666359
2.434938963
2.439805537
2.436030779
2.440117628
2.440176306
2.441728968
2.421908805
2.430770805
2.438924051
2.440406556
2.427755617
2.422316403
2.427937165
2.409523345
2.441117205
2.42516068
2.43119175
2.410219912
2.428538825
2.416682601
2.427154253
2.437186123
2.405684925
2.396631134
2.41430907
2.416921238
2.428062221
2.427855695
2.432672145
2.443608576
2.43184962
2.41673532
2.432342149
2.430401703
2.41623862
2.434477808
2.418169705
2.429624082
2.425837189
2.4350994
2.420811176
2.441445532
2.430768033
2.439393797
2.44759577
2.455592945
2.432185791
2.44115469
2.441502767
2.427477501
2.431527572
2.446665791
2.437557025
2.4351933
2.445135131
2.424482948
2.423087919
2.427707982
2.424802641
2.420384507
2.415840814
2.427595131
2.434934949
2.445118747
2.440840648
2.425820469
2.426665514
2.433592774
2.424001559
2.446274065
2.43194283
2.413920945
2.42568352
2.443125565
2.43180462
2.439796381
2.436930979
2.433135476
2.433711142
2.431932663
2.425210196
2.435171474
2.452415498
2.445376762
2.422586296
2.437127864
2.429681608
2.43467305
2.437723232
2.423134815
2.414681981
2.415330865
2.429638184
2.427959784
2.434910291
2.424636661
2.432761599
2.446518533
2.427159252
2.424047708
2.449454704
2.411613896
2.403398397
2.425509117
2.419900937
2.428490639
2.419088452
2.440779656
2.420473641
2.435934052
2.421037382
2.426224886
2.433504214
2.43442958
2.435025753
2.42377826
2.42910806
2.427721273
2.426223522
2.425002986
2.431516554
2.435252839
2.437943627
2.441848376
2.446915409
2.420026564
2.426983268
2.409113557
2.432845695
2.423309984
2.428877626
2.432508009
2.429407947
2.434652809
2.438574071
2.446074758
2.424507877
2.413907876
2.454539195
2.436775961
2.443453109
2.421108249
2.428382133
2.439679968
2.454067778
2.433116292
2.436510218
2.445320248
2.426840415
2.432444902
2.449231894
2.441274487
2.4524848
2.43816735
2.451717228
2.45411846
2.430792918
2.421590807
2.452908654
2.437250728
2.430174242
2.451662883
2.430427506
2.427991777
2.424427122
2.432535178
2.430321339
2.422171028
2.417675268
2.430425567
2.426353168
2.42312328
2.435464051
2.407834667
2.429472431
2.437508807
2.409843173
2.416882124
2.406573652
2.414417396
2.442572325
2.433704001
2.406403002
2.427755357
2.449505717
2.445293139
2.434508593
2.430717788
2.434606906
2.448765941
2.442566078
2.460452178
2.448421808
2.431180993
2.437686426
2.430254318
2.437749213
2.43695856
2.43827445
2.444048085
2.445008541
2.453018556
2.429450439
2.453063581
2.421251467
2.41378232
2.414515328
2.440020573
2.443717955
2.414046161
2.416870304
2.443071447
2.430532395
2.422954098
2.421798284
2.416922809
2.419250936
2.431891467
2.420460649
2.445639423
2.427385788
2.413059383
2.41389334
2.417002818
2.416677848
2.424239053
2.420770433
2.441579151
2.450973282
2.465573712
2.419446521
2.424097167
2.42199903
2.439080564
2.441853472
2.433066548
2.427153787
2.433759646
2.441468744
2.429628426
2.431341201
2.444761277
2.447590197
2.442643876
2.432215824
2.446460029
2.447641592
2.445371637
2.439757451
2.415959933
2.417915912
2.431035004
2.442070826
2.443394648
2.430333322
2.399322107
2.421425402
2.425290155
2.421340215
2.425182074
2.449546182
2.413749987
2.437176294
2.446227349
2.428748643
2.438459182
2.421961673
2.43841269
2.455271626
2.461372606
2.436702041
2.446636632
2.430424651
2.431162119
2.431464697
2.415002964
2.438139748
2.464292968
2.434462675
2.425598446
2.439007189
2.434894752
2.442523351
2.433816262
2.444152548
2.428046671
2.426622325
2.446477184
2.439507528
2.450259065
2.428076603
2.426839215
2.416476495
2.422751201
2.431501454
2.421500668
2.438548937
2.426437018
2.431506699
2.431006278
2.426693818
2.416330482
2.421454384
2.440065252
2.424438377
2.431824135
2.417024221
2.418271757
2.431234538
2.431555958
2.424858154
2.405130294
2.431885406
2.404983973
2.418896886
2.415458123
2.419360313
2.435451373
2.443220572
2.438516085
2.430506895
2.417599572
2.426744788
2.442906748
2.447286007
2.426870281
2.420273188
2.427132975
2.435738715
2.424951056
2.425543152
2.439036366
2.431765954
2.448080127
2.432831924
2.437304046
2.441620709
2.430975481
2.453807353
2.444594787
2.423394972
2.445076424
2.444228347
2.42970889
2.432883727
2.449959741
2.454412485
2.447710162
2.458468605
2.439156513
2.439942268
2.451330005
2.454834522
2.461031697
2.442255548
2.435925074
2.414925074
2.453331848
2.452921847
2.451204656
2.450317629
2.439718503
2.435931429
2.432146474
2.418030844
2.433227606
2.414649193
2.420598776
2.409459545
2.423705951
2.427390977
2.42088258
2.425315719
2.434856814
2.438913843
2.435201072
2.427205026
2.418286403
2.423405579
2.428732781
2.42822989
2.431981465
2.419079586
2.439184473
2.454238555
2.427070303
2.430574075
2.449250056
2.434874772
2.447370376
2.449621448
2.453919039
2.451460806
2.426981614
2.436546141
2.426237977
2.43238
2.4154883
2.438469821
2.443818261
2.426249898
2.428880657
2.452252987
2.438053472
2.418342258
2.447642797
2.459948376
2.441560714
2.457140015
2.412114917
2.435103412
2.431150257
2.434990292
2.414580718
2.428680645
2.412489035
2.422137714
2.432776273
2.416465658
2.449317587
2.413416654
2.42767476
2.433474807
2.427335011
2.420457337
2.429251191
2.407619862
2.425588006
2.423967664
2.439733736
2.422810982
2.4187896
2.423355618
2.401411731
2.447803035
2.439755021
2.435455553
2.442959285
2.43624088
2.428226344
2.442943037
2.445757132
2.443720726
2.448488806
2.43938733
2.420921166
2.423605951
2.436143434
2.422343609
2.430325099
2.431207874
2.438876028
2.461217354
2.427952287
2.431492092
2.43805335
2.441677864
2.443828687
2.42695638
2.422198103
2.416675916
2.43034429
2.435460532
2.447417258
2.437140426
2.439988661
2.42545926
2.428628899
2.450300818
2.433408299
2.432179576
2.439289665
2.433590379
2.429740359
2.432883493
2.443593761
2.440528142
2.436024922
2.435020564
2.418665419
2.422462895
2.439507983
2.436494826
2.42310708
2.431334385
2.428389593
2.41807877
2.42355499
2.43682213
2.423366534
2.441004615
2.417824982
2.424205911
2.421505183
2.417385323
2.431183651
2.416070238
2.430342168
2.427154017
2.446889888
2.413701199
2.421050004
2.436989455
2.436462384
2.427276485
2.428947114
2.434025217
2.442902546
2.424234889
2.434632642
2.440877642
2.419705008
2.400009823
2.413753745
2.419105396
2.429428852
2.431272635
2.435010789
2.432245379
2.416017523
2.4278471
2.419517707
2.428064812
2.445162307
2.446765814
2.454253606
2.438826614
2.423270895
2.418915713
2.433355734
2.432270959
2.406708954
2.419994121
2.433257158
2.431139921
2.455062636
2.462603554
2.447962404
2.448886338
2.443610201
2.437453283
2.443812143
2.433721354
2.432866773
2.438216753
2.432705831
2.439462917
2.47044227
2.456819976
2.431751405
2.455839298
2.445136737
2.450470586
2.452352032
2.458670516
2.435299055
2.436375276
2.433396161
2.436724957
2.439792752
2.438462832
2.431790731
2.432408696
2.434564927
2.407733265
2.43805623
2.435006018
2.426934991
2.427999674
2.440139608
2.426071165
2.438015853
2.414881611
2.416773993
2.42220077
2.419492397
2.420701678
2.42300067
2.424810317
2.416567558
2.421142699
2.43299074
2.440636778
2.443445599
2.440934284
2.43703546
2.441871083
2.438801381
2.439387236
2.441639887
2.434224109
2.440715706
2.439901743
2.422226509
2.427432215
2.420589814
2.426711311
2.437069649
2.434667196
2.445094163
2.454290726
2.446887269
2.433977773
2.44267766
2.424920454
2.430525258
2.413626878
2.437170876
2.433691041
2.42509394
2.437996853
2.442086057
2.419154545
2.412129541
2.417029473
2.417300915
2.437875351
2.424639463
2.417110204
2.430800661
2.42949614
2.413113188
2.436980058
2.432653324
2.422283296
2.406899398
2.415965743
2.425058008
2.416815397
2.423622988
2.421681809
2.436041628
2.425748815
2.413445703
2.440405928
2.427984084
2.432860076
2.433449978
2.418182791
2.449613819
2.449715509
2.44478527
2.439350726
2.446323158
2.443937546
2.404325979
2.433863324
2.423146277
2.420313685
2.426915666
2.435647568
2.414149604
2.422773273
2.422085302
2.432952174
2.408116071
2.446088107
2.447183014
2.442102075
2.429801056
2.442109161
2.409256774
2.438758816
2.414937616
2.42312695
2.424876204
2.440201198
2.432054223
2.421217202
2.417624933
2.409966041
2.436584574
2.441674751
2.418384081
2.436302904
2.429049648
2.422664948
2.432474953
2.435473269
2.427317207
2.428421761
2.422892707
2.429687609
2.417203163
2.439579516
2.409412004
2.426511094
2.424695716
2.430124926
2.430525246
2.439510025
2.427125081
2.423194446
2.423520307
2.430917026
2.443871067
2.440678871
2.439816022
2.440373728
2.426489211
2.432502655
2.435413474
2.43119583
2.425140375
2.425518019
2.445144298
2.447808887
2.440072167
2.425044903
2.414244936
2.429750246
2.435050741
2.40921293
2.408905196
2.42006576
2.417833333
2.420876716
2.424785245
2.426860729
2.430080901
2.402706859
2.421018422
2.444696711
2.446475788
2.456176284
2.4518115
2.438489985
2.430608618
2.428373323
2.416204642
2.424504761
2.419922571
2.428718099
2.429092438
2.460594267
2.464388403
2.444079302
2.458771228
2.441476284
2.443734465
2.461076279
2.440914842
2.441767855
2.458423805
2.457766387
2.447091067
2.448122411
2.450733481
2.439320066
2.437790217
2.444952405
2.426483422
2.441746806
2.437695735
2.43907948
2.423498822
2.441405354
2.434823978
2.419540866
2.439814976
2.441328612
2.432877601
2.433397783
2.431607069
2.408699882
2.44278043
2.449082966
2.438960932
2.436628489
2.429646162
2.438501023
2.445047612
2.429441873
2.434515225
2.434974429
2.423170238
2.444191062
2.434241104
2.445142296
2.442383852
2.443250555
2.453623001
2.452738551
2.431034959
2.451572852
2.456444378
2.449510418
2.427200687
2.441253856
2.437123179
2.455671005
2.427449076
2.42330498
2.428488898
2.432240846
2.447377642
2.427075806
2.430913843
2.441988013
2.43057637
2.440365316
2.430550826
2.441630452
2.448636289
2.430651338
2.409912111
2.430694151
2.423180927
2.418444848
2.420067893
2.423816779
2.415717634
2.407129713
2.406196545
2.422331272
2.426395006
2.437845103
2.421936406
2.411617872
2.427601617
2.422936538
2.416598439
2.432565305
2.423852071
2.43324577
2.436213818
2.42899223
2.423127898
2.423262366
2.40621964
2.419729353
2.428682998
2.440836798
2.436875064
2.440317577
2.418276292
2.425342343
2.43127793
2.438291483
2.434871562
2.458150428
2.449532459
2.432594865
2.427539193
2.425067868
2.427290789
2.432617636
2.419643108
2.426409864
2.433589952
2.425191472
2.433589998
2.411304018
2.415834533
2.408397483
2.418794978
2.445020958
2.44654638
2.447995261
2.435267108
2.427195458
2.432605292
2.442290382
2.453095315
2.450092185
2.436751689
2.434256713
2.42307134
2.412184168
2.41209186
2.413194265
2.423301328
2.425164171
2.443932294
2.444961446
2.438146519
2.441779346
2.422932611
2.433494353
2.412373409
2.399252324
2.422083912
2.411642606
2.435930231
2.428232007
2.424988958
2.416469845
2.435705225
2.438035265
2.428639284
)
;

boundaryField
{
    bottom
    {
        type            calculated;
        value           nonuniform List<scalar> 
200
(
2.437385866
2.437275059
2.43255463
2.404369369
2.403489451
2.417095389
2.44727303
2.452829553
2.438382155
2.426616902
2.434637909
2.42291811
2.422992867
2.42883098
2.42796538
2.426925215
2.433506241
2.430390549
2.43980488
2.446033691
2.436553804
2.433331045
2.440215079
2.438690384
2.442305616
2.417419876
2.416669899
2.437364064
2.431464565
2.427035023
2.44203373
2.444600247
2.439022074
2.445500541
2.422645571
2.425472122
2.421612063
2.422642484
2.416713946
2.418478629
2.430749358
2.425497942
2.437073766
2.432700908
2.449639195
2.439318089
2.442496816
2.421733773
2.444108554
2.423842473
2.416418565
2.416911207
2.436686011
2.430399832
2.438678611
2.432535725
2.441168219
2.429949803
2.421351009
2.438555686
2.426568091
2.456512185
2.446485601
2.456223804
2.428965533
2.451130737
2.44339527
2.442703801
2.433118794
2.432158257
2.459062298
2.445115508
2.4465084
2.447122109
2.446011965
2.431430704
2.447504192
2.434378365
2.440609458
2.443892789
2.416481246
2.421850016
2.430520337
2.429619726
2.43430779
2.436298606
2.413009629
2.414989981
2.409492541
2.404535633
2.410512487
2.411691396
2.4188903
2.44059663
2.43686277
2.45119167
2.436418288
2.458897847
2.445377393
2.446185101
2.462725836
2.447425834
2.438333171
2.439153158
2.445893584
2.435932406
2.441532057
2.445559205
2.429385142
2.418666359
2.434938963
2.439805537
2.436030779
2.440117628
2.440176306
2.441728968
2.421908805
2.430770805
2.438924051
2.440406556
2.427755617
2.422316403
2.427937165
2.409523345
2.441117205
2.42516068
2.43119175
2.410219912
2.428538825
2.416682601
2.427154253
2.437186123
2.405684925
2.396631134
2.41430907
2.416921238
2.428062221
2.427855695
2.432672145
2.443608576
2.43184962
2.41673532
2.432342149
2.430401703
2.41623862
2.434477808
2.418169705
2.429624082
2.425837189
2.4350994
2.420811176
2.441445532
2.430768033
2.439393797
2.44759577
2.455592945
2.432185791
2.44115469
2.441502767
2.427477501
2.431527572
2.446665791
2.437557025
2.4351933
2.445135131
2.424482948
2.423087919
2.427707982
2.424802641
2.420384507
2.415840814
2.427595131
2.434934949
2.445118747
2.440840648
2.425820469
2.426665514
2.433592774
2.424001559
2.446274065
2.43194283
2.413920945
2.42568352
2.443125565
2.43180462
2.439796381
2.436930979
2.433135476
2.433711142
2.431932663
2.425210196
2.435171474
2.452415498
2.445376762
2.422586296
2.437127864
2.429681608
2.43467305
2.437723232
2.423134815
)
;
    }
    top
    {
        type            calculated;
        value           nonuniform List<scalar> 
200
(
2.439510025
2.427125081
2.423194446
2.423520307
2.430917026
2.443871067
2.440678871
2.439816022
2.440373728
2.426489211
2.432502655
2.435413474
2.43119583
2.425140375
2.425518019
2.445144298
2.447808887
2.440072167
2.425044903
2.414244936
2.429750246
2.435050741
2.40921293
2.408905196
2.42006576
2.417833333
2.420876716
2.424785245
2.426860729
2.430080901
2.402706859
2.421018422
2.444696711
2.446475788
2.456176284
2.4518115
2.438489985
2.430608618
2.428373323
2.416204642
2.424504761
2.419922571
2.428718099
2.429092438
2.460594267
2.464388403
2.444079302
2.458771228
2.441476284
2.443734465
2.461076279
2.440914842
2.441767855
2.458423805
2.457766387
2.447091067
2.448122411
2.450733481
2.439320066
2.437790217
2.444952405
2.426483422
2.441746806
2.437695735
2.43907948
2.423498822
2.441405354
2.434823978
2.419540866
2.439814976
2.441328612
2.432877601
2.433397783
2.431607069
2.408699882
2.44278043
2.449082966
2.438960932
2.436628489
2.429646162
2.438501023
2.445047612
2.429441873
2.434515225
2.434974429
2.423170238
2.444191062
2.434241104
2.445142296
2.442383852
2.443250555
2.453623001
2.452738551
2.431034959
2.451572852
2.456444378
2.449510418
2.427200687
2.441253856
2.437123179
2.455671005
2.427449076
2.42330498
2.428488898
2.432240846
2.447377642
2.427075806
2.430913843
2.441988013
2.43057637
2.440365316
2.430550826
2.441630452
2.448636289
2.430651338
2.409912111
2.430694151
2.423180927
2.418444848
2.420067893
2.423816779
2.415717634
2.407129713
2.406196545
2.422331272
2.426395006
2.437845103
2.421936406
2.411617872
2.427601617
2.422936538
2.416598439
2.432565305
2.423852071
2.43324577
2.436213818
2.42899223
2.423127898
2.423262366
2.40621964
2.419729353
2.428682998
2.440836798
2.436875064
2.440317577
2.418276292
2.425342343
2.43127793
2.438291483
2.434871562
2.458150428
2.449532459
2.432594865
2.427539193
2.425067868
2.427290789
2.432617636
2.419643108
2.426409864
2.433589952
2.425191472
2.433589998
2.411304018
2.415834533
2.408397483
2.418794978
2.445020958
2.44654638
2.447995261
2.435267108
2.427195458
2.432605292
2.442290382
2.453095315
2.450092185
2.436751689
2.434256713
2.42307134
2.412184168
2.41209186
2.413194265
2.423301328
2.425164171
2.443932294
2.444961446
2.438146519
2.441779346
2.422932611
2.433494353
2.412373409
2.399252324
2.422083912
2.411642606
2.435930231
2.428232007
2.424988958
2.416469845
2.435705225
2.438035265
2.428639284
)
;
    }
    inlet
    {
        type            calculated;
        value           nonuniform List<scalar> 5(2.437385866 2.414681981 2.428076603 2.441004615 2.439510025);
    }
    outlet
    {
        type            calculated;
        value           nonuniform List<scalar> 5(2.423134815 2.450259065 2.423366534 2.430525246 2.428639284);
    }
    back
    {
        type            symmetry;
    }
    front
    {
        type            symmetry;
    }
}


// ************************************************************************* //
