/*--------------------------------*- C++ -*----------------------------------*\
| =========                 |                                                 |
| \\      /  F ield         | OpenFOAM: The Open Source CFD Toolbox           |
|  \\    /   O peration     | Version:  v1706                                 |
|   \\  /    A nd           | Web:      www.OpenFOAM.com                      |
|    \\/     M anipulation  |                                                 |
\*---------------------------------------------------------------------------*/
FoamFile
{
    version     2.0;
    format      ascii;
    class       volScalarField;
    location    "0.1";
    object      variableHardSphereMeanFreePath_Ar;
}
// * * * * * * * * * * * * * * * * * * * * * * * * * * * * * * * * * * * * * //

dimensions      [0 1 0 0 0 0 0];


internalField   nonuniform List<scalar> 
1000
(
0.009264527662
0.009286118408
0.00925507975
0.00917472356
0.009150733056
0.009208197297
0.00934821295
0.009340692943
0.009318676164
0.009234396613
0.00927605526
0.009174837828
0.009196657657
0.009225653036
0.009227526719
0.009240973539
0.009247421453
0.00922896586
0.009267392426
0.009297193614
0.009242574389
0.009258287569
0.009278957041
0.009266751139
0.009277090493
0.009184146179
0.009141976042
0.00927170698
0.009250065671
0.009232799423
0.009310383756
0.009333265009
0.00925564537
0.009317240079
0.00920749609
0.009213587624
0.009195293692
0.009219198871
0.009197184363
0.009184506577
0.009252251332
0.009238351264
0.00927678262
0.009268731215
0.009361317012
0.009324508581
0.009327296448
0.009244790077
0.009313963821
0.009206534504
0.009213150279
0.009209590302
0.009284484245
0.00924390485
0.009276392056
0.009280322098
0.009319829059
0.009239693581
0.00920286337
0.009283709885
0.009229209995
0.009357702637
0.00932814412
0.009342094431
0.009242301297
0.009320148213
0.009295592817
0.009311792977
0.009254838359
0.009276128969
0.009389610149
0.009329547455
0.009289189574
0.00932138898
0.009334909829
0.009266077572
0.009328169909
0.009286989712
0.009279032216
0.009322668641
0.009187494552
0.00921715467
0.009236155107
0.009266797624
0.009283648572
0.009290677344
0.009160183073
0.009170324518
0.009159607119
0.009111749317
0.009144939774
0.00912026906
0.009149162196
0.009320852518
0.00927859704
0.00935292338
0.009288166664
0.009376225877
0.009327154383
0.009330268299
0.009368629758
0.009317976956
0.00929039198
0.009260110872
0.009299582185
0.009269271315
0.009316294795
0.009339258185
0.009281074256
0.009210345071
0.009278967047
0.009310567618
0.009279987982
0.009311411305
0.009310285937
0.009322427834
0.009222262597
0.009252118136
0.009282935432
0.009290134909
0.009230075138
0.009236172146
0.009239186685
0.009157696017
0.00927033944
0.009200356885
0.009249254109
0.009160012041
0.009229709697
0.009187481747
0.009230811689
0.009257473044
0.009133197635
0.009102780374
0.009178738485
0.009215484563
0.009268210684
0.009258461464
0.009268658722
0.009334863462
0.009263222354
0.009210187711
0.009277500321
0.009271976778
0.009249359965
0.009306061105
0.009242048068
0.0092655155
0.009255493699
0.009293346766
0.009231577059
0.00928621
0.009254892001
0.009276489869
0.009338296388
0.009366238984
0.009271431534
0.009292562837
0.009246077355
0.009174889221
0.009240912499
0.009286697261
0.009284113677
0.009281919493
0.009315956926
0.009205547
0.009225145169
0.009223636311
0.009199594265
0.009197201125
0.009159884028
0.009240560887
0.009265658551
0.009308700567
0.009272305208
0.009189577637
0.00922137641
0.009259172536
0.009213750396
0.009340665238
0.009280237573
0.009232936148
0.009244692426
0.009344496611
0.009262999962
0.009326095033
0.009295325834
0.009292713025
0.009254172542
0.009256684435
0.009193846896
0.00926243147
0.009358093523
0.00934370829
0.009242228353
0.009272166227
0.009241607771
0.009275836817
0.009269981541
0.009221368107
0.00918432522
0.009206522268
0.00926618073
0.00924104563
0.009259029181
0.009208321702
0.009256804694
0.009341946124
0.009255529354
0.009243372813
0.009309956676
0.009154568209
0.009122687885
0.009253280585
0.009221306884
0.009248252778
0.009203257921
0.009279994134
0.009183526555
0.00928008534
0.009209277075
0.009220122688
0.009241673806
0.009264273205
0.009243015914
0.009230075694
0.009244417755
0.009263058322
0.009250086343
0.009225709989
0.009268055278
0.009275001977
0.009280955391
0.009288508717
0.009317336928
0.009199420738
0.009227631688
0.009167368495
0.009267077456
0.009218040959
0.009253358884
0.009268673946
0.009230561539
0.009271182177
0.009306081688
0.009326630047
0.009225544177
0.009211162339
0.00935716481
0.009276365506
0.009293716103
0.009211569375
0.009248676735
0.009295155029
0.009353698066
0.009268913667
0.009268954419
0.009283151275
0.009216058533
0.009255259372
0.009364624976
0.009312573159
0.009309720703
0.009280826349
0.00931930883
0.009342900885
0.009251730267
0.009228720773
0.009361423021
0.009302432763
0.009270628941
0.009329066206
0.009234481478
0.00923559998
0.009228787042
0.009272526698
0.00925967371
0.00925130991
0.009236406869
0.009245997483
0.009217584257
0.009238886863
0.009283511533
0.009170637369
0.009248160752
0.009283404629
0.009140746187
0.00915664457
0.009153651834
0.009167218246
0.009282755003
0.009273054633
0.009151276513
0.009251821749
0.009370086515
0.009325644495
0.009271575211
0.009268000211
0.00928153578
0.009346314047
0.00931518589
0.009375813441
0.009337743251
0.009225817609
0.009293151127
0.009228312013
0.009300087693
0.009308553173
0.009307188228
0.009330852826
0.009322331757
0.009344115018
0.009256563165
0.009361226603
0.009234569473
0.009195845376
0.009215565686
0.009318860592
0.009294855012
0.009161637911
0.00916287343
0.009306212193
0.009272168419
0.009225727415
0.009217475906
0.009175864198
0.009205473683
0.009273765235
0.009211615532
0.00931409197
0.009264896398
0.009168490292
0.009141940071
0.009199105429
0.009197408504
0.009264448428
0.009237563627
0.009299029123
0.009335133685
0.009421888166
0.009234091679
0.009246812979
0.009224689034
0.009277173439
0.009341483212
0.009313098591
0.009241052982
0.009295130774
0.009306296988
0.009271765877
0.009286754737
0.009316250248
0.009311876712
0.009277012142
0.009275016206
0.009313563121
0.009324771479
0.009302314214
0.009273982058
0.009145868363
0.009153701984
0.009247973032
0.009308632469
0.009303443934
0.009249073714
0.009123809335
0.009209849317
0.009224426073
0.009162609501
0.009184602376
0.009320061796
0.009203967194
0.009253516533
0.009300551672
0.009216192605
0.009273723201
0.00922068994
0.009306833503
0.009348262023
0.009370607606
0.009316482695
0.00934376002
0.009286675083
0.009273778429
0.009245557007
0.009204596275
0.009291089544
0.009383858922
0.009254778446
0.009230988628
0.009260512299
0.009281004991
0.009333487081
0.009293264099
0.009345224854
0.009233760983
0.009254863508
0.009325907142
0.009277044369
0.009322758944
0.009248323083
0.009213825737
0.009194697725
0.009233218514
0.009259613866
0.009191771431
0.009267376521
0.009233017513
0.00927490233
0.009260684
0.009220702667
0.009179781368
0.00921637897
0.009297562925
0.009230212951
0.009257107651
0.009192535535
0.009192716119
0.009242729815
0.009240736485
0.009213164556
0.009131010057
0.009219462374
0.00913240539
0.00919057255
0.009186179637
0.009178057813
0.009276789019
0.009303512281
0.009256769015
0.009232740169
0.00919663903
0.009243844234
0.009314081049
0.009326218939
0.009228332639
0.00920880619
0.009250935922
0.009277521261
0.009221548109
0.00921513782
0.009292839116
0.009267257981
0.009335027294
0.009259629863
0.009283668468
0.00931878718
0.009263133832
0.009354038389
0.009287646499
0.009232208321
0.009323688325
0.009310428859
0.009278302193
0.009284450814
0.009314444922
0.009338776537
0.009305296044
0.009393310015
0.009306505111
0.009295546555
0.009345929975
0.009317549319
0.009380440984
0.009295080379
0.009285685907
0.00918751079
0.00935315858
0.009381601358
0.009337776091
0.009344312977
0.00927926455
0.009280605519
0.009261628727
0.009177396123
0.009259682672
0.009176875828
0.00921746705
0.009186900959
0.009183821141
0.009207672839
0.009223165139
0.009253483417
0.00929864476
0.009324492007
0.009291199747
0.009232243497
0.009202782173
0.009214462887
0.00923150229
0.009232374595
0.009260144261
0.009219700259
0.009302535286
0.009372877366
0.009217372973
0.009250333647
0.009329790022
0.009302322224
0.009339954533
0.009345837587
0.009369481021
0.009368138999
0.009246873111
0.009276281994
0.009270793859
0.009235379214
0.009161572758
0.00931255444
0.009307399641
0.009249421929
0.009239827907
0.00937140221
0.009337229454
0.009245461838
0.009342847696
0.009381776364
0.009326269725
0.009385886014
0.009154659829
0.009255321176
0.00927033373
0.009279403407
0.009230561037
0.009278172854
0.009172273522
0.009213379729
0.009250695835
0.009196497759
0.009348495422
0.009175886756
0.009234071344
0.009243107843
0.009245426894
0.009250746759
0.009278388212
0.009160907177
0.009233548272
0.009203275283
0.00928648602
0.009238084678
0.009207842223
0.00920235009
0.009130119852
0.009341594836
0.009309615621
0.009318687835
0.009318067568
0.009263585441
0.00925365084
0.009330362515
0.00933777034
0.009309273253
0.009308077692
0.009272498929
0.009196848613
0.009183696732
0.009237850324
0.009194728111
0.009226375958
0.009227897881
0.009280711782
0.009371572042
0.009224615086
0.00923588062
0.009286326374
0.009291083157
0.009311645033
0.009221815544
0.009199348863
0.009198658699
0.009263796031
0.009283785453
0.009308127919
0.00926177618
0.009277840409
0.009203226792
0.009234144215
0.00937588893
0.009276151214
0.009266444751
0.009300616074
0.009281563373
0.009243744452
0.009267345042
0.009308794841
0.009281302304
0.009250361891
0.009235787938
0.009180630458
0.009222553923
0.009312420568
0.009283655829
0.009248228207
0.009277986993
0.009255892134
0.009205063388
0.009222991559
0.009274064362
0.009223414748
0.009304119188
0.009193754695
0.009211488658
0.009209354239
0.009171766316
0.009281441838
0.009195735135
0.009254028843
0.009248552997
0.009333773499
0.009166975433
0.009211682526
0.009317983667
0.009273025746
0.009227309277
0.009233169318
0.009258747373
0.009299158199
0.009221011966
0.009245952187
0.009273335769
0.009176418746
0.009093279019
0.009167881396
0.009211837818
0.009229433396
0.009259530438
0.009275751131
0.009276593025
0.009211426671
0.009254756926
0.009204313812
0.009236395572
0.009333836308
0.009338876553
0.009354589534
0.009283288316
0.009210574854
0.009201850557
0.009291845064
0.009259098748
0.009151830978
0.009242399018
0.009251221712
0.009260355169
0.009381607682
0.009395396534
0.009343918097
0.009347351149
0.009305651396
0.009271153263
0.009286685793
0.009258374402
0.009252640982
0.009288086555
0.009258154454
0.009287410812
0.009429437394
0.009359376612
0.009270614639
0.009387049189
0.009312140017
0.00931661381
0.009340852116
0.009375841154
0.009258877163
0.009264008374
0.009252866519
0.009254806792
0.009288391527
0.009305002936
0.00925706432
0.009264016185
0.009287089
0.009164872561
0.009290346469
0.009263207119
0.009222446529
0.009245548701
0.009264815079
0.00924003388
0.009287316365
0.009166313704
0.009215655711
0.009214728457
0.009203478756
0.009176429556
0.009219960995
0.009218686486
0.009167703837
0.009186064878
0.009281769804
0.00931426154
0.009333334764
0.00933424246
0.009278280076
0.009301770015
0.009288239281
0.009293436981
0.009294857905
0.009284169286
0.009315291274
0.009299844045
0.009245717011
0.00925308014
0.009220506749
0.009228071906
0.009261963717
0.009295281336
0.0093503166
0.009327286998
0.009308879984
0.009296295336
0.009320074317
0.009243190259
0.009270202839
0.009182724776
0.009308748457
0.009267855245
0.0092343716
0.009283902666
0.009315636451
0.009207312727
0.009182642721
0.009195720652
0.009180188666
0.009274324322
0.009218003936
0.009162128638
0.009254939975
0.009262798523
0.00917900298
0.009266793389
0.00923393625
0.009222922823
0.009177190931
0.009183524807
0.009240336577
0.009220614314
0.009241769426
0.009235880836
0.009242236966
0.009209634783
0.009205117462
0.009301009081
0.009253905022
0.009298719342
0.009290249252
0.009218318243
0.009341546664
0.009336068787
0.009353775641
0.009297202066
0.009342143667
0.009335358131
0.00915951371
0.009242202718
0.009224035576
0.009193180323
0.009223563235
0.00927985081
0.009171834846
0.009224609376
0.009205010889
0.009251108385
0.009124020311
0.009279659856
0.00932253578
0.009280118139
0.009237866366
0.00931625366
0.00918668188
0.00928825136
0.009205746069
0.009211964705
0.009220269411
0.00926116334
0.009264210305
0.009241267519
0.009213094291
0.009170197198
0.009282845836
0.009284535209
0.009218308806
0.009291155324
0.009267082494
0.009212096577
0.009242545937
0.009247761488
0.009209372988
0.009215974908
0.009214909645
0.009230575641
0.009199595351
0.00929881321
0.009173884167
0.009263072168
0.009216410736
0.009256130578
0.009241375452
0.009278037128
0.009218029678
0.009224981583
0.009220468353
0.00923894552
0.009303017512
0.009291980373
0.009300377158
0.009276208137
0.009207287342
0.009231869902
0.009286094798
0.009287408848
0.009240324015
0.009244221941
0.009343373177
0.009367874741
0.009320822231
0.009207532056
0.009185308755
0.00926523248
0.009252386151
0.009131665744
0.009140670935
0.009220282221
0.009188506329
0.009202579545
0.009201191408
0.009226646209
0.009232632884
0.009125751734
0.009238513599
0.009329102544
0.009327187585
0.009376723108
0.00934702183
0.00928613626
0.00925187266
0.00921627484
0.009148288158
0.009224317834
0.009222416026
0.009259863937
0.009259039832
0.009373644769
0.009400808922
0.009316683487
0.009355455694
0.009272145582
0.009308934342
0.009394588908
0.009342251255
0.009317363524
0.009364279847
0.009406200896
0.009310659955
0.009327889012
0.009342236524
0.009260585426
0.009282160458
0.009296811601
0.009235225441
0.009252856816
0.009268893918
0.009256797335
0.009213884465
0.009311505248
0.009285728973
0.009236993088
0.009305697491
0.009294768683
0.009261605216
0.009258375177
0.009248179301
0.009144393193
0.009304220976
0.009322683711
0.009259541977
0.00925540462
0.009254093687
0.009258872389
0.009333787051
0.009216385166
0.00923491247
0.0092455886
0.009208962608
0.009311928745
0.009264438559
0.009311344348
0.009287712143
0.009291938438
0.009332958963
0.009328250099
0.009264019015
0.009350039649
0.00937299917
0.009354958924
0.009232520014
0.009288662467
0.009274461086
0.009340414627
0.009208556735
0.009209369477
0.009253020269
0.009308645791
0.009321834646
0.009224065763
0.009247222658
0.009294718694
0.009243810267
0.009296961865
0.009245470344
0.009328883951
0.009330804149
0.009224355576
0.009157496777
0.009249588086
0.009223322373
0.009211721502
0.009231219915
0.009249808291
0.009200153735
0.009144318386
0.009139325262
0.009178959196
0.009220562397
0.009270232108
0.009190311721
0.009163640908
0.009217816742
0.00920842419
0.009181331091
0.009267312742
0.009244340277
0.009250039078
0.009247937846
0.009245137024
0.009213201777
0.009222567664
0.009136489933
0.009205480949
0.009220087259
0.009299342187
0.00930097997
0.009310419894
0.009201357601
0.009241066626
0.009307836189
0.009320255836
0.00930259493
0.009380363517
0.009350732989
0.009278443894
0.009261433748
0.009248772027
0.009231960857
0.009244915882
0.009194116959
0.009214494718
0.009259692069
0.009221550803
0.009274014954
0.009147155562
0.009186068382
0.009157309588
0.009195165824
0.009292337548
0.009302627061
0.009312663127
0.009253804312
0.009210375459
0.009261288427
0.009294358307
0.009346959284
0.009339336198
0.009282311266
0.009267105757
0.009210321331
0.009179096194
0.009195969255
0.009201234348
0.00924327149
0.009251674377
0.009313791178
0.009320084149
0.009292057446
0.009296014686
0.009217646562
0.009208522519
0.00917348372
0.009121804708
0.009234127209
0.009190854057
0.009279101447
0.009236107302
0.009219818915
0.009192017029
0.009270681947
0.009313742676
0.009244827347
)
;

boundaryField
{
    bottom
    {
        type            calculated;
        value           nonuniform List<scalar> 
200
(
0.009264527662
0.009286118408
0.00925507975
0.00917472356
0.009150733056
0.009208197297
0.00934821295
0.009340692943
0.009318676164
0.009234396613
0.00927605526
0.009174837828
0.009196657657
0.009225653036
0.009227526719
0.009240973539
0.009247421453
0.00922896586
0.009267392426
0.009297193614
0.009242574389
0.009258287569
0.009278957041
0.009266751139
0.009277090493
0.009184146179
0.009141976042
0.00927170698
0.009250065671
0.009232799423
0.009310383756
0.009333265009
0.00925564537
0.009317240079
0.00920749609
0.009213587624
0.009195293692
0.009219198871
0.009197184363
0.009184506577
0.009252251332
0.009238351264
0.00927678262
0.009268731215
0.009361317012
0.009324508581
0.009327296448
0.009244790077
0.009313963821
0.009206534504
0.009213150279
0.009209590302
0.009284484245
0.00924390485
0.009276392056
0.009280322098
0.009319829059
0.009239693581
0.00920286337
0.009283709885
0.009229209995
0.009357702637
0.00932814412
0.009342094431
0.009242301297
0.009320148213
0.009295592817
0.009311792977
0.009254838359
0.009276128969
0.009389610149
0.009329547455
0.009289189574
0.00932138898
0.009334909829
0.009266077572
0.009328169909
0.009286989712
0.009279032216
0.009322668641
0.009187494552
0.00921715467
0.009236155107
0.009266797624
0.009283648572
0.009290677344
0.009160183073
0.009170324518
0.009159607119
0.009111749317
0.009144939774
0.00912026906
0.009149162196
0.009320852518
0.00927859704
0.00935292338
0.009288166664
0.009376225877
0.009327154383
0.009330268299
0.009368629758
0.009317976956
0.00929039198
0.009260110872
0.009299582185
0.009269271315
0.009316294795
0.009339258185
0.009281074256
0.009210345071
0.009278967047
0.009310567618
0.009279987982
0.009311411305
0.009310285937
0.009322427834
0.009222262597
0.009252118136
0.009282935432
0.009290134909
0.009230075138
0.009236172146
0.009239186685
0.009157696017
0.00927033944
0.009200356885
0.009249254109
0.009160012041
0.009229709697
0.009187481747
0.009230811689
0.009257473044
0.009133197635
0.009102780374
0.009178738485
0.009215484563
0.009268210684
0.009258461464
0.009268658722
0.009334863462
0.009263222354
0.009210187711
0.009277500321
0.009271976778
0.009249359965
0.009306061105
0.009242048068
0.0092655155
0.009255493699
0.009293346766
0.009231577059
0.00928621
0.009254892001
0.009276489869
0.009338296388
0.009366238984
0.009271431534
0.009292562837
0.009246077355
0.009174889221
0.009240912499
0.009286697261
0.009284113677
0.009281919493
0.009315956926
0.009205547
0.009225145169
0.009223636311
0.009199594265
0.009197201125
0.009159884028
0.009240560887
0.009265658551
0.009308700567
0.009272305208
0.009189577637
0.00922137641
0.009259172536
0.009213750396
0.009340665238
0.009280237573
0.009232936148
0.009244692426
0.009344496611
0.009262999962
0.009326095033
0.009295325834
0.009292713025
0.009254172542
0.009256684435
0.009193846896
0.00926243147
0.009358093523
0.00934370829
0.009242228353
0.009272166227
0.009241607771
0.009275836817
0.009269981541
0.009221368107
)
;
    }
    top
    {
        type            calculated;
        value           nonuniform List<scalar> 
200
(
0.009278037128
0.009218029678
0.009224981583
0.009220468353
0.00923894552
0.009303017512
0.009291980373
0.009300377158
0.009276208137
0.009207287342
0.009231869902
0.009286094798
0.009287408848
0.009240324015
0.009244221941
0.009343373177
0.009367874741
0.009320822231
0.009207532056
0.009185308755
0.00926523248
0.009252386151
0.009131665744
0.009140670935
0.009220282221
0.009188506329
0.009202579545
0.009201191408
0.009226646209
0.009232632884
0.009125751734
0.009238513599
0.009329102544
0.009327187585
0.009376723108
0.00934702183
0.00928613626
0.00925187266
0.00921627484
0.009148288158
0.009224317834
0.009222416026
0.009259863937
0.009259039832
0.009373644769
0.009400808922
0.009316683487
0.009355455694
0.009272145582
0.009308934342
0.009394588908
0.009342251255
0.009317363524
0.009364279847
0.009406200896
0.009310659955
0.009327889012
0.009342236524
0.009260585426
0.009282160458
0.009296811601
0.009235225441
0.009252856816
0.009268893918
0.009256797335
0.009213884465
0.009311505248
0.009285728973
0.009236993088
0.009305697491
0.009294768683
0.009261605216
0.009258375177
0.009248179301
0.009144393193
0.009304220976
0.009322683711
0.009259541977
0.00925540462
0.009254093687
0.009258872389
0.009333787051
0.009216385166
0.00923491247
0.0092455886
0.009208962608
0.009311928745
0.009264438559
0.009311344348
0.009287712143
0.009291938438
0.009332958963
0.009328250099
0.009264019015
0.009350039649
0.00937299917
0.009354958924
0.009232520014
0.009288662467
0.009274461086
0.009340414627
0.009208556735
0.009209369477
0.009253020269
0.009308645791
0.009321834646
0.009224065763
0.009247222658
0.009294718694
0.009243810267
0.009296961865
0.009245470344
0.009328883951
0.009330804149
0.009224355576
0.009157496777
0.009249588086
0.009223322373
0.009211721502
0.009231219915
0.009249808291
0.009200153735
0.009144318386
0.009139325262
0.009178959196
0.009220562397
0.009270232108
0.009190311721
0.009163640908
0.009217816742
0.00920842419
0.009181331091
0.009267312742
0.009244340277
0.009250039078
0.009247937846
0.009245137024
0.009213201777
0.009222567664
0.009136489933
0.009205480949
0.009220087259
0.009299342187
0.00930097997
0.009310419894
0.009201357601
0.009241066626
0.009307836189
0.009320255836
0.00930259493
0.009380363517
0.009350732989
0.009278443894
0.009261433748
0.009248772027
0.009231960857
0.009244915882
0.009194116959
0.009214494718
0.009259692069
0.009221550803
0.009274014954
0.009147155562
0.009186068382
0.009157309588
0.009195165824
0.009292337548
0.009302627061
0.009312663127
0.009253804312
0.009210375459
0.009261288427
0.009294358307
0.009346959284
0.009339336198
0.009282311266
0.009267105757
0.009210321331
0.009179096194
0.009195969255
0.009201234348
0.00924327149
0.009251674377
0.009313791178
0.009320084149
0.009292057446
0.009296014686
0.009217646562
0.009208522519
0.00917348372
0.009121804708
0.009234127209
0.009190854057
0.009279101447
0.009236107302
0.009219818915
0.009192017029
0.009270681947
0.009313742676
0.009244827347
)
;
    }
    inlet
    {
        type            calculated;
        value           nonuniform List<scalar> 5(0.009264527662 0.00918432522 0.009248323083 0.009304119188 0.009278037128);
    }
    outlet
    {
        type            calculated;
        value           nonuniform List<scalar> 5(0.009221368107 0.009322758944 0.009223414748 0.009241375452 0.009244827347);
    }
    back
    {
        type            symmetry;
    }
    front
    {
        type            symmetry;
    }
}


// ************************************************************************* //
