/*--------------------------------*- C++ -*----------------------------------*\
| =========                 |                                                 |
| \\      /  F ield         | OpenFOAM: The Open Source CFD Toolbox           |
|  \\    /   O peration     | Version:  v1706                                 |
|   \\  /    A nd           | Web:      www.OpenFOAM.com                      |
|    \\/     M anipulation  |                                                 |
\*---------------------------------------------------------------------------*/
FoamFile
{
    version     2.0;
    format      ascii;
    class       volVectorField;
    location    "80";
    object      E;
}
// * * * * * * * * * * * * * * * * * * * * * * * * * * * * * * * * * * * * * //

dimensions      [1 1 -3 0 0 -1 0];


internalField   nonuniform List<vector> 
256
(
(0.040374719202 0 0)
(0.0276640898986 0 0)
(0.0247687009637 0 0)
(0.0231399697916 0 0)
(0.0200636297478 0 0)
(0.0175301430309 0 0)
(0.017439496285 0 0)
(0.0174393250937 0 0)
(0.0159010694761 0 0)
(0.0147247160765 0 0)
(0.0140007404493 0 0)
(0.0129148626041 0 0)
(0.0122813625314 0 0)
(0.0111050091317 0 0)
(0.010471509059 0 0)
(0.0107427645311 0 0)
(0.00947593557696 0 0)
(0.00703292441452 0 0)
(0.00540419324245 0 0)
(0.00458974206074 0 0)
(0.00477052197836 0 0)
(0.00504177745048 0 0)
(0.00495113070466 0 0)
(0.00486048395883 0 0)
(0.00522221498543 0 0)
(0.00531251934857 0 0)
(0.00558377482069 0 0)
(0.00576455473832 0 0)
(0.00513105466557 0 0)
(0.00494993236526 0 0)
(0.00440690784702 0 0)
(0.00422578554671 0 0)
(0.00386371213743 0 0)
(0.00386354094608 0 0)
(0.00458717419062 0 0)
(0.00558223409862 0 0)
(0.0060344406797 0 0)
(0.00549141616145 0 0)
(0.00431506276181 0 0)
(0.00259585603525 0 0)
(0.00196235596251 0 0)
(0.00214313588015 0 0)
(0.00150963580741 0 0)
(0.000695184625686 0 0)
(0.000875964543315 0 0)
(0.00241387777823 0 0)
(0.00349941324071 0 0)
(0.00313733983142 0 0)
(0.003680021967 0 0)
(0.00431317965705 0 0)
(0.00422253291123 0 0)
(0.00467473949231 0 0)
(0.00576027495479 0 0)
(0.00711723708072 0 0)
(0.0082027725432 0 0)
(0.0085645035698 0 0)
(0.00883575904192 0 0)
(0.00955939228645 0 0)
(0.00946874554061 0 0)
(0.00883524546788 0 0)
(0.00811126984068 0 0)
(0.00657301422309 0 0)
(0.00512523415999 0 0)
(0.00422030742379 0 0)
(0.00331538068759 0 0)
(0.00268188061486 0 0)
(0.00132457610625 0 0)
(-0.000485106174793 0 0)
(-0.000666228475115 0 0)
(-0.00012354633955 0 0)
(0.000509611350511 0 0)
(0.00132372014954 0 0)
(0.00259020672098 0 0)
(0.0022281333117 0 0)
(0.00168510879345 0 0)
(0.00240874203799 0 0)
(0.00204666862872 0 0)
(0.00150364411047 0 0)
(0.00023681515633 0 0)
(-0.000758587134354 0 0)
(-0.000215904998785 0 0)
(-0.000125600635637 0 0)
(-0.000668625153889 0 0)
(-0.000397369681778 0 0)
(-0.001121345309 0 0)
(-0.00157389427276 0 0)
(-0.00130263880065 0 0)
(-0.00211708998235 0 0)
(-0.00103155451987 0 0)
(0.00077778537849 0 0)
(0.00113951640508 0 0)
(0.00122982076823 0 0)
(0.00122964957688 0 0)
(0.00122947838554 0 0)
(0.000324551649359 0 0)
(-0.000399423977859 0 0)
(-0.000218644060237 0 0)
(-0.000761668578492 0 0)
(-0.000761839769834 0 0)
(-0.00139533984257 0 0)
(-0.00374787545053 0 0)
(-0.0053766066226 0 0)
(-0.00646248446775 0 0)
(-0.00781978897637 0 0)
(-0.00881519126705 0 0)
(-0.00981059355773 0 0)
(-0.0104440936305 0 0)
(-0.0107156914853 0 0)
(-0.011349191558 0 0)
(-0.0119826916307 0 0)
(-0.0129780939214 0 0)
(-0.0133401673307 0 0)
(-0.0130689118586 0 0)
(-0.0145166919217 0 0)
(-0.0161454230938 0 0)
(-0.0165979720575 0 0)
(-0.0164171921399 0 0)
(-0.0175935455395 0 0)
(-0.0203079833654 0 0)
(-0.022027190092 0 0)
(-0.0236559212641 0 0)
(-0.0250132257727 0 0)
(-0.0258276769544 0 0)
(-0.0270945059085 0 0)
(-0.0283613348626 0 0)
(-0.0296281638168 0 0)
(-0.0309854683254 0 0)
(-0.032704674037 0 0)
(-0.0263057664833 0 0)
(-0.0199068599445 0 0)
(-0.0217165422256 0 0)
(-0.0233452733976 0 0)
(-0.0252454312332 0 0)
(-0.0274170157322 0 0)
(-0.0295886002311 0 0)
(-0.0312173314032 0 0)
(-0.0326651114663 0 0)
(-0.0341128915294 0 0)
(-0.0361940004739 0 0)
(-0.0381846338639 0 0)
(-0.0391800361546 0 0)
(-0.0397230606728 0 0)
(-0.0398137074187 0 0)
(-0.0400853052735 0 0)
(-0.0408997564552 0 0)
(-0.0407189765375 0 0)
(-0.0402667699565 0 0)
(-0.0411716966926 0 0)
(-0.0418051967654 0 0)
(-0.0422577457292 0 0)
(-0.0428007702474 0 0)
(-0.0431628436567 0 0)
(-0.0440677703929 0 0)
(-0.0449726971291 0 0)
(-0.0455157216473 0 0)
(-0.0459682706111 0 0)
(-0.0459684418024 0 0)
(-0.0463305152117 0 0)
(-0.0479592463838 0 0)
(-0.0493165508924 0 0)
(-0.0499500509651 0 0)
(-0.0505835510379 0 0)
(-0.0504932466747 0 0)
(-0.0496791378757 0 0)
(-0.0484126513043 0 0)
(-0.0463318847424 0 0)
(-0.0447939715075 0 0)
(-0.044070338263 0 0)
(-0.0422609983646 0 0)
(-0.0400897562483 0 0)
(-0.037918514132 0 0)
(-0.0354758453523 0 0)
(-0.0342998343353 0 0)
(-0.0334857255363 0 0)
(-0.0315859100835 0 0)
(-0.0310432279479 0 0)
(-0.0305005458123 0 0)
(-0.028329303696 0 0)
(-0.0269723415701 0 0)
(-0.0259772816621 0 0)
(-0.0242584173182 0 0)
(-0.0219966996474 0 0)
(-0.0200968841946 0 0)
(-0.0185589709597 0 0)
(-0.0166591555068 0 0)
(-0.014759340054 0 0)
(-0.013583329037 0 0)
(-0.012769220238 0 0)
(-0.0114122581121 0 0)
(-0.0100552959861 0 0)
(-0.00896976052367 0 0)
(-0.0077937495067 0 0)
(-0.00688916515319 0 0)
(-0.00625600746313 0 0)
(-0.0048990453372 0 0)
(-0.0039944609837 0 0)
(-0.00390415662056 0 0)
(-0.00299957226706 0 0)
(-0.00191403680457 0 0)
(-0.000466599124143 0 0)
(0.00079988744731 0 0)
(0.00233780068222 0 0)
(0.00387571391711 0 0)
(0.00414696938924 0 0)
(0.00487060263378 0 0)
(0.00577518698728 0 0)
(0.00704167355873 0 0)
(0.00830816013018 0 0)
(0.00848894004782 0 0)
(0.00975542661926 0 0)
(0.0117457176266 0 0)
(0.0138264841884 0 0)
(0.0168120062951 0 0)
(0.0190737239658 0 0)
(0.0196164061014 0 0)
(0.0200686126825 0 0)
(0.0216065259174 0 0)
(0.0235063413702 0 0)
(0.0255871079321 0 0)
(0.0281202522663 0 0)
(0.0297486410557 0 0)
(0.0312865542906 0 0)
(0.0334577964069 0 0)
(0.0354480874142 0 0)
(0.0368050495402 0 0)
(0.0380715361116 0 0)
(0.03988087601 0 0)
(0.0418711670173 0 0)
(0.0438614580246 0 0)
(0.0457612734775 0 0)
(0.0480229911483 0 0)
(0.050646611037 0 0)
(0.0530892798167 0 0)
(0.0547176686061 0 0)
(0.0558936796231 0 0)
(0.0569792150856 0 0)
(0.058064750548 0 0)
(0.0586979082381 0 0)
(0.0590596392647 0 0)
(0.0599642236182 0 0)
(0.0614116612986 0 0)
(0.0622257700977 0 0)
(0.0617732211339 0 0)
(0.0611397210612 0 0)
(0.0609585987608 0 0)
(0.0607774764605 0 0)
(0.0608677808237 0 0)
(0.0612295118503 0 0)
(0.060686487332 0 0)
(0.0601434628138 0 0)
(0.0592385360776 0 0)
(0.057338378242 0 0)
(0.0551667937431 0 0)
(0.0525428314717 0 0)
(0.051185526963 0 0)
(0.0510044077075 0 0)
)
;

boundaryField
{
    periodic_1
    {
        type            cyclic;
    }
    bottom
    {
        type            empty;
    }
    top
    {
        type            empty;
    }
    periodic_2
    {
        type            cyclic;
    }
    front
    {
        type            empty;
    }
    back
    {
        type            empty;
    }
}


// ************************************************************************* //
