/*--------------------------------*- C++ -*----------------------------------*\
| =========                 |                                                 |
| \\      /  F ield         | OpenFOAM: The Open Source CFD Toolbox           |
|  \\    /   O peration     | Version:  v1706                                 |
|   \\  /    A nd           | Web:      www.OpenFOAM.com                      |
|    \\/     M anipulation  |                                                 |
\*---------------------------------------------------------------------------*/
FoamFile
{
    version     2.0;
    format      ascii;
    class       volScalarField;
    location    "0.29";
    object      Ma_Ar;
}
// * * * * * * * * * * * * * * * * * * * * * * * * * * * * * * * * * * * * * //

dimensions      [0 0 0 0 0 0 0];


internalField   nonuniform List<scalar> 
1000
(
0.0005531666882
0.0004404709006
0.0006917051636
0.0006995499477
0.0009812223222
0.0007074780802
0.0005646905905
0.001177392216
0.0006716089586
0.001229886579
0.001443063871
0.001379431138
0.001535137618
0.0004393926189
0.0003496470674
0.0005823024899
0.0005449590653
0.001073088413
0.000595267572
0.0005431068221
0.000730107925
0.0009255890462
0.001328228328
0.0008943587504
0.00040929327
0.0003172524341
0.0005037033815
0.000323738125
0.0003252990863
0.0006608351668
0.0008097606195
0.0005088710722
0.001619169045
0.001443177435
0.0008362626779
0.001041215971
0.0007593135273
0.0005852939351
0.0002317180789
0.0004917969085
0.0004511357445
0.0006921068339
0.001072324175
0.0008509224867
0.0009856258555
0.0009369376548
0.0003883228543
0.000435331403
0.0004973377523
0.0007227369218
0.0009619082986
0.0006943659646
0.0005029296663
0.00108611396
0.0004934062174
0.0006522558472
0.0008599310553
0.0004323062014
0.0003550091307
0.0005815186194
0.001265557204
0.001417170754
0.0007452022458
0.0008509846483
0.0005641290867
0.0008282813847
0.001123904972
0.00157671584
0.0004989016774
0.0006091911006
0.0007263624017
0.0003952361529
0.0006535458023
0.0007894146371
0.001696021599
0.001809147089
0.00127173553
0.0009177140039
0.0002827528859
0.0005398196026
0.0006470685988
0.0004542531955
0.000816584725
0.0005001652843
0.0004964638415
0.0009469866055
0.001353121093
0.0007099614518
0.0005479800197
0.0007578260858
0.0007538766216
0.0009646102946
0.000680880446
0.0009089031484
0.0005438389657
0.001556823715
0.001502508504
0.0006774211155
0.001410776963
0.0005391080859
0.0008959066608
0.0003759463073
0.0003849728271
0.000746154797
0.000434032857
0.0006351182269
0.001302395548
0.0009826671804
0.0005710221146
0.0006877816883
0.000937247631
0.0007946459901
0.00139351286
0.0008259266633
0.001424708125
0.0004891633481
0.000269625588
0.0006171666243
0.0005126233562
0.0004590168186
0.0005975993515
0.0008548807457
0.001237167309
0.0009326244872
0.0008012495359
0.000446635382
0.000952628678
0.001646381933
0.001297578174
0.001094535726
0.000776034149
0.0008407683565
0.0006349916981
0.0009803068478
0.000252278352
0.0005407888462
0.0007629458591
0.0007092140531
0.0007805953157
0.001333458692
0.000304799908
0.000376786858
0.0009214954114
0.0007311564848
0.001134772593
0.0009548342607
0.0003047380953
7.24028703e-05
0.001276410988
0.0006234824664
0.000688697215
0.0003474605304
0.0006425270372
0.0007903907618
0.000757687436
0.0005374167261
0.0003178154956
0.0002170647775
0.001107924259
0.001193005608
0.0009039326796
0.0005796966141
0.001239673234
0.0009805866137
0.001164264253
0.0002827017822
0.0007838365486
0.000899866833
0.0006876548703
0.0005856389735
0.0007126646056
0.0002236332252
0.0004612653912
0.000830960592
0.0006043154144
0.0008794052566
0.0008768344242
0.0004820668467
0.000854982618
0.001343126719
0.001555893643
0.001816778081
0.001324732018
0.0008906498138
0.001037218815
0.001000440307
0.000672004666
0.0004360107709
0.0004337563129
0.0008340096576
0.0007194813782
0.0006527963547
0.0008816601847
0.0004771863861
0.0004032062853
0.0009456405424
0.001508549349
0.0009666708633
0.0004439257146
0.0006571756715
0.0006940239227
0.0006984298906
0.0007296219459
0.001019153811
0.000419296132
0.0009632575126
0.0007213554863
0.0004068699001
0.0004517753762
0.001122411389
0.0003874118755
0.001178032672
0.001173718789
0.001264640656
0.0007151530521
0.0008147226654
0.0005078002529
0.0009539316975
0.001122556085
0.0006451383612
0.0008935999777
0.001312098529
0.001407628503
0.0006850300979
0.0009625343673
0.001318974566
0.001357979442
0.0008517645033
0.001903563804
0.0008691836145
0.000695549402
0.0007635147811
0.0007123013023
0.00138243233
0.0009151588492
0.0009954077374
0.0006167110916
0.00141147064
0.001260961847
0.0009051638069
0.0007520487379
0.0005485735553
0.000936289936
0.0006977831786
0.000703499052
0.0005194592689
0.001400992025
0.0012214045
0.0009022101323
0.0001782009245
0.001044145713
0.0008644327755
0.001017402224
0.001399121409
0.000877951348
0.00116461426
0.0008674421342
0.001009542656
0.0004150987002
0.001052303418
0.0005992702547
0.0005726374364
0.0007644293704
0.001025210903
0.0009682206926
0.0005149971203
0.0005358251257
0.0005341304799
0.0008049905575
0.0009086849656
0.0008029596916
0.0009289079838
0.0004338364969
0.00068146243
0.00164958161
0.0006208330814
0.001370660176
0.0005068868837
0.001281603858
0.000974385303
0.0006552878607
0.0009819711674
0.001130271102
0.0006773495796
0.0008829877731
0.001927703786
0.0005521568441
0.001343412529
0.0006722129678
0.0009170388194
0.001088974816
0.0006007344263
0.0004785151425
0.001318746018
0.0008785430452
0.0005478578557
0.001051019268
0.001231353613
0.001222244468
0.0009539563149
0.0007803277883
0.001248890536
0.001284610693
0.0008214687658
0.001098443336
0.0004936415736
0.001093665207
0.0006947495946
0.001094619707
0.001282716359
0.0003964712233
0.001387529383
0.0007604768778
0.0005838828099
0.0006939146368
0.0001710579008
0.001352291662
0.001006213829
0.0003393892894
0.0011253176
0.0006880139772
0.0009690787444
0.0006378721259
0.00055337403
0.0008210777629
0.0007023547073
0.0004990741953
0.0007199984772
0.00127261395
0.0007971672195
0.0003772311811
0.001102095402
0.001334262747
0.001113003257
0.0004382207716
0.0009882865187
0.0007042910665
0.00159093859
0.001599333666
0.00141167364
0.0009862119323
0.00178872957
0.001904895723
0.0008187123318
0.0006596618922
0.001479555731
0.0007161338284
0.0006270961052
0.0007338181887
0.0007103066042
0.0007730367989
0.001003862855
0.0008276589167
0.0003005134637
0.0006871380585
0.00133157277
0.0003384767575
0.0009654160614
0.0007226088658
0.0005427440433
0.0006138945055
0.00128800345
0.0007322979872
0.0003354707776
0.0003280175182
0.001640502868
0.0009590177232
0.0006298685731
0.001353291925
0.001519558183
0.001281518606
0.0006678967317
0.001630884238
0.0005013077478
0.001195829274
0.0004079769555
0.0002901256655
0.0003442860751
0.001031099323
0.001218832825
0.001072338131
0.0008801485887
0.0004827612615
0.0005124536844
0.0006058067389
0.0009192144623
0.001000410048
0.0007374375908
0.0006831274834
0.001169168868
0.0008212061256
0.0007354094298
0.0002461326452
0.0008255014656
0.0005168463516
0.0008336691726
0.0007175242565
0.0006045100447
0.001666984673
0.0008641376751
0.0004536748807
0.0009873553548
0.001420681743
0.0009973550947
0.0005899242023
0.001305588615
0.001007837172
0.001204846398
0.001758476752
0.0002337937012
0.001415418298
0.0008066195816
0.001278414278
0.001027700649
0.0004163253682
0.0003713295142
0.0006762502966
0.0006517584067
0.0009049025879
0.0004847553208
0.001114777642
0.0008850675034
0.001115864588
0.001113424565
0.0009173106807
0.0007963118885
0.000223331373
0.0004315153165
0.0002907422114
0.0005992243977
0.0005656903906
0.0007260709428
0.0007379928823
0.0006461069367
0.0009978860245
0.0009583471461
0.001499794859
0.001644870826
0.001591351781
0.0008336391614
0.001092348017
0.0008136912109
0.001034713398
0.0004794489443
0.0007211312587
0.001131500932
0.001380275993
0.001129879548
0.0004511379838
0.001302397594
0.0009969125437
0.0002838802865
0.0004385656477
0.0005700695037
0.0006625269139
0.001208805945
0.00191603302
0.0008510484767
0.001019865259
0.0005262925548
0.001256792129
0.0007609543022
0.0004293997304
0.0009163331356
0.0008966576037
0.001044579955
0.0008196666412
0.0005391115085
0.00117874
0.0005378158952
0.0005630016244
0.0005993718221
0.001234841161
0.0008280242847
0.0005171166359
0.001070992083
0.0009986848131
0.0006281539609
0.001379695971
0.000940460548
0.001056488577
0.001060802227
0.0005332912118
0.0004614851384
0.000985917823
0.0003564508653
0.001040830577
0.0004537429293
0.001653224358
0.0005255414314
0.0007588353872
0.0005078236008
0.0006169032709
0.0009165704701
0.0005298571482
0.0009806305966
0.001130141941
0.0003223699368
0.000828572325
0.00089038954
0.0008972101125
0.001209846997
0.0009459329897
0.0006286149058
0.001281181263
0.0009874240586
0.001768026025
0.001620523035
0.0005056150805
0.0008754122611
0.0007704521183
0.001226815502
0.000802117322
0.000732479364
0.0004916437231
0.001325490547
0.001447589801
0.0007467318064
0.001059634547
0.0002704700231
0.0008110676758
0.0006107993189
0.0004987625793
0.0005476794081
0.0007971999075
0.0009828476391
0.0007242490503
0.001249448746
0.0004230923453
0.0008337967584
0.0009081935962
0.0007286324985
0.0008300000993
0.0008309504726
0.0008750207096
0.0004292648932
0.0004574259737
0.0007689728262
0.001091450114
0.0009830934509
0.001197969865
0.0009408930273
0.001456567958
0.001424707391
0.001284432758
0.001042205044
0.0006066427406
0.001115095238
0.001148490713
0.001595213857
0.001818888563
0.002145493745
0.001414979678
0.0008310056499
0.0007382163054
0.001080602866
0.001378172885
0.0008273488802
0.000270450289
0.0008097830021
0.0009001514872
0.001355651712
0.000321233736
0.001320335302
0.001554640706
0.0008670628761
0.0004050734662
0.0003866371407
0.0006503566501
0.0006667948519
0.0005675666951
0.001333192157
0.0007570186444
0.001259002214
0.0005118511808
0.0007046768441
0.0002932145575
0.0009881679159
0.0007892211762
0.0005186872048
0.001030713687
0.0006819058019
0.0008269731835
0.000648984246
0.000820757109
0.0003183829292
0.0003784810838
0.0003628191077
0.0009772577531
0.000639343138
0.0004686022313
0.0003477494175
0.0005661231312
0.0009011858473
0.0009292704892
0.001034930024
0.0009082189787
0.0008728104106
0.001465905353
0.0009126957058
0.0007764939119
0.001333955111
0.001091568449
0.001352990924
0.001040532479
0.0009605315554
0.0008952504602
0.0008307302957
0.0008809419419
0.001207329152
0.0004408293215
0.0006068595708
0.0009049945236
0.001062232468
0.0006493808482
0.0005944931179
0.0009614511137
0.001285151929
0.0009841542485
0.0005942536382
0.001147352076
0.001531442029
0.00100948415
0.0008315616912
0.0003905356918
0.0002908948081
0.0009870485893
0.0002495194215
0.001229162978
0.0004248490524
0.00102482177
0.0003338891507
0.0007687716852
0.0002833839508
0.0003999765305
0.001441636586
0.0005066980333
0.0004531509468
0.0008261589155
0.001157146637
0.0004587875573
0.0004082608752
0.001301767483
0.0009878886838
0.001239931224
0.001160598641
0.0009067014701
0.0004264867329
0.0006384902115
0.0006299182815
0.0007773915965
0.001081488528
0.0007346739768
0.0005063752228
0.0007395098208
0.0006062354424
0.0009235999471
0.0005182420843
0.001464044329
0.001186027086
0.0004662207105
0.0004165262283
0.0007101596378
0.0007722337255
0.001217607934
0.0008564720586
0.001087511077
0.0005190760913
0.001160375167
0.00118536893
0.001140482007
0.001594582008
0.0007431393091
0.001006586914
0.001439977066
0.0006361743712
0.0003031825245
0.0003892687967
0.0009507105428
0.001282417543
0.0003535740899
0.0007756765698
0.0007936755475
0.001041875964
0.001495452633
0.001092768108
0.001284635757
0.0005520278026
0.0006529093168
0.001264088855
0.001093449746
0.001312585755
0.0006031261187
0.0006272578078
0.0005177944666
0.0005386155817
0.0007750360149
0.0008474109626
0.001712103854
0.001733573092
0.001037920065
0.0006527949095
0.000991554334
0.0005838988293
0.001538090278
0.001236616582
0.001346504224
0.001992276369
0.001403665059
0.0006731445116
0.0006575435354
0.0004520016719
0.0008045471498
0.0006652279716
0.0007570633196
0.000982093517
0.001167470025
0.001078755407
0.0003142322531
0.001440907051
0.0006576098656
0.000680891742
0.0004064388311
0.0007855473109
0.0005049826172
0.0007020990538
0.000595276422
0.000606956149
0.0007942749318
0.0003926012547
0.0005213271173
0.0004227905388
0.0003806293103
0.001392779908
0.00203724575
0.001814884134
0.0005946974884
0.0009867331043
0.0009797107237
0.0008672991826
0.0006912161396
0.0007536656291
0.001384079313
0.001687236269
0.001465830222
0.00124529133
0.0003505213971
0.0003133672771
0.0007182211906
0.001195065362
0.0009089565724
0.0006260146551
0.0007822653296
0.000516724687
0.001302324605
0.0004239984762
0.001073524464
0.0007442104623
0.0007201077631
0.0004806147604
0.001517757148
0.0004320279625
0.0004734533826
0.0007484679612
0.001250527608
0.0008595716519
0.0009726189243
0.0004398094525
0.000675242443
0.000587083426
0.0004724867429
0.001049245636
0.001113550282
0.0005373431358
0.0005362559889
0.0003180860901
0.001096268068
0.001636184385
0.0005391381396
0.001120172571
0.0006968034849
0.0007444744586
0.001374101649
0.000649359937
0.0005421869485
0.00114730171
0.0004375769859
0.001010523774
0.0009757516562
0.0006306730468
0.0004215357556
0.0006110670427
0.0003203325149
0.0004870198516
0.001045240746
0.0008014098894
0.0004166501455
0.0006674422718
0.0007027763637
0.001586567269
0.001461002982
0.001415412124
0.0006655239713
0.0005395458564
0.0008459678088
0.0008256999238
0.001132217444
0.0005993939074
0.0009871554827
0.0003721423928
0.0006679185704
0.0001881112386
0.0008719940297
0.00110077164
0.0006695391453
0.0008178062301
0.000321018733
0.0002874293116
0.0004919738984
0.001009533084
0.000620695941
0.0005995941949
0.0008038769078
0.0008642053262
0.0004772255603
0.001117545829
0.0009098949506
0.0004438347399
0.0006797424071
0.001790460413
0.0004337246107
0.0005700815537
0.0005865530326
0.000841242769
0.0003537767228
0.0003906987489
0.0004809748225
0.0007471067078
0.0006862374862
0.001340446085
0.001404548624
0.001303750699
0.0007359653338
0.001039080598
0.001040570376
0.001118372216
0.001217749349
0.001638560486
0.0008122105997
0.0007828943219
0.0004192204286
0.0004903755755
0.0007154144342
0.0008816415977
0.0003309825353
0.0005734258461
0.0004634813747
0.0007653291744
0.0004550350232
0.0006189303823
0.001089346195
0.0005662961673
0.0004014591394
0.0003651596131
0.0007174379741
0.0007296253692
0.0007105837207
0.000745976622
0.0008092267614
0.000581189196
0.001717615806
0.001016805773
0.0005804629555
0.0004369361015
0.001097318335
0.00190283883
0.001292975761
0.001308254834
0.001261599336
0.0009166727411
0.001005031674
0.0009609113727
0.0004388472307
0.0005806994217
0.000787290544
0.001057439798
0.0008380226618
0.001083108736
0.0009460357655
0.0004820886814
0.0006921222273
0.0004012832462
0.001216782067
0.001343944509
0.0008684602747
0.001026896359
0.001288526494
0.0006871797922
0.001138419821
0.0007812438027
0.0002723455873
0.0003020265165
0.0006648955016
0.0005393678101
0.000894214893
0.001087069857
0.0005194820063
0.0008968530756
0.0007958881924
0.001350344384
0.001393993214
0.0009434357892
0.00097780676
0.001576831632
0.0005031699099
0.001136009718
0.001790825765
0.001840086751
0.001516377939
0.0008890540861
0.0003183865218
0.0008962652525
0.0007043031679
0.0004315275248
0.0006716601555
0.001106942648
0.0007552616784
0.0002542830352
0.0007606354469
0.0003891542584
0.0007988744747
0.0005928851281
0.0007719598984
0.0005703221242
0.001157387171
0.00051857037
0.001065667925
0.0009910241143
0.001344676316
0.001065009395
0.000960871848
0.0003148682781
0.001169128498
0.001534041652
0.001643504812
0.001071508543
0.001019030678
0.000251199015
0.001233313259
0.001360272923
0.0009292887958
0.0004506147906
0.0007178822963
0.001348090527
0.0008561186459
0.001006541525
0.001999731347
0.002175992474
0.001829489869
0.0009375287697
0.0009654364263
0.000615849473
0.0005291456055
0.0006489532705
0.001256774958
0.000323797171
0.0008491464678
0.0003996928678
0.0006407852499
0.001034724366
0.0009836878371
0.0006346903395
0.0009653741047
0.001176281657
0.001724176696
0.001483701141
0.001095224013
0.0007649796387
0.0006539344165
0.0003808147378
0.0003751020801
0.0006796785101
0.0009115720362
0.0004924685548
0.0006187801509
0.0002622595965
0.001202892669
0.0007734985792
0.0006335125028
0.001329237875
0.001306923245
0.001120882489
0.001182288209
0.0007924033944
0.0007543950468
0.0005718930012
0.0001248913777
0.0008960841833
0.0001914256181
0.0008179522294
)
;

boundaryField
{
    bottom
    {
        type            calculated;
        value           nonuniform List<scalar> 
200
(
0.0005531666882
0.0004404709006
0.0006917051636
0.0006995499477
0.0009812223222
0.0007074780802
0.0005646905905
0.001177392216
0.0006716089586
0.001229886579
0.001443063871
0.001379431138
0.001535137618
0.0004393926189
0.0003496470674
0.0005823024899
0.0005449590653
0.001073088413
0.000595267572
0.0005431068221
0.000730107925
0.0009255890462
0.001328228328
0.0008943587504
0.00040929327
0.0003172524341
0.0005037033815
0.000323738125
0.0003252990863
0.0006608351668
0.0008097606195
0.0005088710722
0.001619169045
0.001443177435
0.0008362626779
0.001041215971
0.0007593135273
0.0005852939351
0.0002317180789
0.0004917969085
0.0004511357445
0.0006921068339
0.001072324175
0.0008509224867
0.0009856258555
0.0009369376548
0.0003883228543
0.000435331403
0.0004973377523
0.0007227369218
0.0009619082986
0.0006943659646
0.0005029296663
0.00108611396
0.0004934062174
0.0006522558472
0.0008599310553
0.0004323062014
0.0003550091307
0.0005815186194
0.001265557204
0.001417170754
0.0007452022458
0.0008509846483
0.0005641290867
0.0008282813847
0.001123904972
0.00157671584
0.0004989016774
0.0006091911006
0.0007263624017
0.0003952361529
0.0006535458023
0.0007894146371
0.001696021599
0.001809147089
0.00127173553
0.0009177140039
0.0002827528859
0.0005398196026
0.0006470685988
0.0004542531955
0.000816584725
0.0005001652843
0.0004964638415
0.0009469866055
0.001353121093
0.0007099614518
0.0005479800197
0.0007578260858
0.0007538766216
0.0009646102946
0.000680880446
0.0009089031484
0.0005438389657
0.001556823715
0.001502508504
0.0006774211155
0.001410776963
0.0005391080859
0.0008959066608
0.0003759463073
0.0003849728271
0.000746154797
0.000434032857
0.0006351182269
0.001302395548
0.0009826671804
0.0005710221146
0.0006877816883
0.000937247631
0.0007946459901
0.00139351286
0.0008259266633
0.001424708125
0.0004891633481
0.000269625588
0.0006171666243
0.0005126233562
0.0004590168186
0.0005975993515
0.0008548807457
0.001237167309
0.0009326244872
0.0008012495359
0.000446635382
0.000952628678
0.001646381933
0.001297578174
0.001094535726
0.000776034149
0.0008407683565
0.0006349916981
0.0009803068478
0.000252278352
0.0005407888462
0.0007629458591
0.0007092140531
0.0007805953157
0.001333458692
0.000304799908
0.000376786858
0.0009214954114
0.0007311564848
0.001134772593
0.0009548342607
0.0003047380953
7.24028703e-05
0.001276410988
0.0006234824664
0.000688697215
0.0003474605304
0.0006425270372
0.0007903907618
0.000757687436
0.0005374167261
0.0003178154956
0.0002170647775
0.001107924259
0.001193005608
0.0009039326796
0.0005796966141
0.001239673234
0.0009805866137
0.001164264253
0.0002827017822
0.0007838365486
0.000899866833
0.0006876548703
0.0005856389735
0.0007126646056
0.0002236332252
0.0004612653912
0.000830960592
0.0006043154144
0.0008794052566
0.0008768344242
0.0004820668467
0.000854982618
0.001343126719
0.001555893643
0.001816778081
0.001324732018
0.0008906498138
0.001037218815
0.001000440307
0.000672004666
0.0004360107709
0.0004337563129
0.0008340096576
0.0007194813782
0.0006527963547
0.0008816601847
0.0004771863861
0.0004032062853
0.0009456405424
0.001508549349
0.0009666708633
0.0004439257146
0.0006571756715
)
;
    }
    top
    {
        type            calculated;
        value           nonuniform List<scalar> 
200
(
0.001461002982
0.001415412124
0.0006655239713
0.0005395458564
0.0008459678088
0.0008256999238
0.001132217444
0.0005993939074
0.0009871554827
0.0003721423928
0.0006679185704
0.0001881112386
0.0008719940297
0.00110077164
0.0006695391453
0.0008178062301
0.000321018733
0.0002874293116
0.0004919738984
0.001009533084
0.000620695941
0.0005995941949
0.0008038769078
0.0008642053262
0.0004772255603
0.001117545829
0.0009098949506
0.0004438347399
0.0006797424071
0.001790460413
0.0004337246107
0.0005700815537
0.0005865530326
0.000841242769
0.0003537767228
0.0003906987489
0.0004809748225
0.0007471067078
0.0006862374862
0.001340446085
0.001404548624
0.001303750699
0.0007359653338
0.001039080598
0.001040570376
0.001118372216
0.001217749349
0.001638560486
0.0008122105997
0.0007828943219
0.0004192204286
0.0004903755755
0.0007154144342
0.0008816415977
0.0003309825353
0.0005734258461
0.0004634813747
0.0007653291744
0.0004550350232
0.0006189303823
0.001089346195
0.0005662961673
0.0004014591394
0.0003651596131
0.0007174379741
0.0007296253692
0.0007105837207
0.000745976622
0.0008092267614
0.000581189196
0.001717615806
0.001016805773
0.0005804629555
0.0004369361015
0.001097318335
0.00190283883
0.001292975761
0.001308254834
0.001261599336
0.0009166727411
0.001005031674
0.0009609113727
0.0004388472307
0.0005806994217
0.000787290544
0.001057439798
0.0008380226618
0.001083108736
0.0009460357655
0.0004820886814
0.0006921222273
0.0004012832462
0.001216782067
0.001343944509
0.0008684602747
0.001026896359
0.001288526494
0.0006871797922
0.001138419821
0.0007812438027
0.0002723455873
0.0003020265165
0.0006648955016
0.0005393678101
0.000894214893
0.001087069857
0.0005194820063
0.0008968530756
0.0007958881924
0.001350344384
0.001393993214
0.0009434357892
0.00097780676
0.001576831632
0.0005031699099
0.001136009718
0.001790825765
0.001840086751
0.001516377939
0.0008890540861
0.0003183865218
0.0008962652525
0.0007043031679
0.0004315275248
0.0006716601555
0.001106942648
0.0007552616784
0.0002542830352
0.0007606354469
0.0003891542584
0.0007988744747
0.0005928851281
0.0007719598984
0.0005703221242
0.001157387171
0.00051857037
0.001065667925
0.0009910241143
0.001344676316
0.001065009395
0.000960871848
0.0003148682781
0.001169128498
0.001534041652
0.001643504812
0.001071508543
0.001019030678
0.000251199015
0.001233313259
0.001360272923
0.0009292887958
0.0004506147906
0.0007178822963
0.001348090527
0.0008561186459
0.001006541525
0.001999731347
0.002175992474
0.001829489869
0.0009375287697
0.0009654364263
0.000615849473
0.0005291456055
0.0006489532705
0.001256774958
0.000323797171
0.0008491464678
0.0003996928678
0.0006407852499
0.001034724366
0.0009836878371
0.0006346903395
0.0009653741047
0.001176281657
0.001724176696
0.001483701141
0.001095224013
0.0007649796387
0.0006539344165
0.0003808147378
0.0003751020801
0.0006796785101
0.0009115720362
0.0004924685548
0.0006187801509
0.0002622595965
0.001202892669
0.0007734985792
0.0006335125028
0.001329237875
0.001306923245
0.001120882489
0.001182288209
0.0007924033944
0.0007543950468
0.0005718930012
0.0001248913777
0.0008960841833
0.0001914256181
0.0008179522294
)
;
    }
    inlet
    {
        type            cyclic;
    }
    outlet
    {
        type            cyclic;
    }
    back
    {
        type            symmetry;
    }
    front
    {
        type            symmetry;
    }
}


// ************************************************************************* //
