/*--------------------------------*- C++ -*----------------------------------*\
| =========                 |                                                 |
| \\      /  F ield         | OpenFOAM: The Open Source CFD Toolbox           |
|  \\    /   O peration     | Version:  v1706                                 |
|   \\  /    A nd           | Web:      www.OpenFOAM.com                      |
|    \\/     M anipulation  |                                                 |
\*---------------------------------------------------------------------------*/
FoamFile
{
    version     2.0;
    format      ascii;
    class       volScalarField;
    location    "0.29";
    object      mctTimeStepRatio_Ar;
}
// * * * * * * * * * * * * * * * * * * * * * * * * * * * * * * * * * * * * * //

dimensions      [0 0 0 0 0 0 0];


internalField   nonuniform List<scalar> 
1000
(
2.502720591
2.505227562
2.500244856
2.501784906
2.496576578
2.497650506
2.500203304
2.497143556
2.498958279
2.496758431
2.49281877
2.494746427
2.496658106
2.500004159
2.497761523
2.490099292
2.496421774
2.496798704
2.499340125
2.497542601
2.494556484
2.495559659
2.498845777
2.499062942
2.499403086
2.499153362
2.501343731
2.497856045
2.495204705
2.496607358
2.50118033
2.497325597
2.497296986
2.495643786
2.496653484
2.499242052
2.495436131
2.501814367
2.498190355
2.500203282
2.497202056
2.497338338
2.500444358
2.498164926
2.500594379
2.499631304
2.498138837
2.500574905
2.5005479
2.49718678
2.501154036
2.499674746
2.50321177
2.499092581
2.498618207
2.498647626
2.501774375
2.504167066
2.50428975
2.505648652
2.5030951
2.501425626
2.505304478
2.498583351
2.503958479
2.501740742
2.495612149
2.497836867
2.503024577
2.50347942
2.502983825
2.505189887
2.504651116
2.504606094
2.509498436
2.506611686
2.502811967
2.497132656
2.505174099
2.50436115
2.501768885
2.501341087
2.500301826
2.504738058
2.508092244
2.504952134
2.503059811
2.503161051
2.50711237
2.506107122
2.505398994
2.505079145
2.501466956
2.501942001
2.51057074
2.509907766
2.504685471
2.507580311
2.51041314
2.50584305
2.506708565
2.505073868
2.506580696
2.50830834
2.502195641
2.50569247
2.5065252
2.506091827
2.507994717
2.505346423
2.500423991
2.500060088
2.502611084
2.501230452
2.504045231
2.507607219
2.506796485
2.501683863
2.505628528
2.506686872
2.507679285
2.50561002
2.503735322
2.50058306
2.503039435
2.503879555
2.505495795
2.506335562
2.506843465
2.503793853
2.504709378
2.505162002
2.507459048
2.50636698
2.504585141
2.508136788
2.509799092
2.49979521
2.505719512
2.506749687
2.501673826
2.501572558
2.502756318
2.503704124
2.505142911
2.50402288
2.503868093
2.503288527
2.504547551
2.503574285
2.505164288
2.503685858
2.505396941
2.503419773
2.502111869
2.499113244
2.505464499
2.506361643
2.50754188
2.500271053
2.499626089
2.495494463
2.504485133
2.504533003
2.50016269
2.499523181
2.500049471
2.499537991
2.501751778
2.505833126
2.502410508
2.504882854
2.502469301
2.500676404
2.508710378
2.500984692
2.497950889
2.50118559
2.502327893
2.506008204
2.500747811
2.498305629
2.49970035
2.499071095
2.501819285
2.499194497
2.499633284
2.499761898
2.50213186
2.502891816
2.497556311
2.494727364
2.500406833
2.498808607
2.505511907
2.498255917
2.498471898
2.496902468
2.495829868
2.501988691
2.496488408
2.500224204
2.50053804
2.499611487
2.496855693
2.498644208
2.500363969
2.497671209
2.4965386
2.49688615
2.495625474
2.494645388
2.493605986
2.503104839
2.496247188
2.498529208
2.498266758
2.497151772
2.493864168
2.49341865
2.498880766
2.504358126
2.497977469
2.501257452
2.501640445
2.504445771
2.495221067
2.49558972
2.493665318
2.49463028
2.496198719
2.491312449
2.496415854
2.493286824
2.500073239
2.499085077
2.497521194
2.49944169
2.503142209
2.498930207
2.497915662
2.49696715
2.497915596
2.498828048
2.502143426
2.501802049
2.501318891
2.500331678
2.499777416
2.502931067
2.500647381
2.497786117
2.497662044
2.498875929
2.50090598
2.49652807
2.498906731
2.502356469
2.505988988
2.505316745
2.507855638
2.505338489
2.505552624
2.50194843
2.49984257
2.505270671
2.500460575
2.499911049
2.502753246
2.505024527
2.506720244
2.504558257
2.503668757
2.504479799
2.503311579
2.501985874
2.502417865
2.501006812
2.502756818
2.50261544
2.502213693
2.502846699
2.501824839
2.504589693
2.507645193
2.506837907
2.50536831
2.505103645
2.5031663
2.503636393
2.504237343
2.504461405
2.503597156
2.5096296
2.506627974
2.504790731
2.507097633
2.506678236
2.508452891
2.507226305
2.505280011
2.508452049
2.507790022
2.505589171
2.507614253
2.506510438
2.50974622
2.508119095
2.503129948
2.500676533
2.504217051
2.50299418
2.50590414
2.504377295
2.508331232
2.508518957
2.507170779
2.50100662
2.505804654
2.504918183
2.505114409
2.506642549
2.505915642
2.505418601
2.504151503
2.506862502
2.504910518
2.50397856
2.508807567
2.504230754
2.50334309
2.503741457
2.505802052
2.505802224
2.504602077
2.505707323
2.502658216
2.503394117
2.505447586
2.504815394
2.502922957
2.499650369
2.502804232
2.507793023
2.505841497
2.506657329
2.502459348
2.505317768
2.504466952
2.506128578
2.500776313
2.502846866
2.500071216
2.502700067
2.500731723
2.50191288
2.506139397
2.50709078
2.500644472
2.50294332
2.498812235
2.501240592
2.501576095
2.504467049
2.502620561
2.503716149
2.502315613
2.49962916
2.503201149
2.498352191
2.503336076
2.500020905
2.499656544
2.501943827
2.500948642
2.49939589
2.499989101
2.499318725
2.500787244
2.503558821
2.500101846
2.500077803
2.503230357
2.498241044
2.495326427
2.501076601
2.500028499
2.502014816
2.499882363
2.503064019
2.498352533
2.499371377
2.498148703
2.498794758
2.503173472
2.503164533
2.501925378
2.502806114
2.500058877
2.498494929
2.500183561
2.498021495
2.499927494
2.502113782
2.500345211
2.504384695
2.502783897
2.500666261
2.497384031
2.49722639
2.490172942
2.492491867
2.492203409
2.494497694
2.497257597
2.496482845
2.496854378
2.494987172
2.494071515
2.497737308
2.500527361
2.501341264
2.497289824
2.499543491
2.49711795
2.496025414
2.497316124
2.494837584
2.503965458
2.497045877
2.494320186
2.497106167
2.497480867
2.498974964
2.497488485
2.494824493
2.500236845
2.5013479
2.498785571
2.49383518
2.500387705
2.501883539
2.500346272
2.496998444
2.500277373
2.499681233
2.502202359
2.499446951
2.496096493
2.500843528
2.499221259
2.499391907
2.498548288
2.494583992
2.496064554
2.498913577
2.495902207
2.502124817
2.503478862
2.504852728
2.499696928
2.50330609
2.504922056
2.50236561
2.504139389
2.501892807
2.502625608
2.499871195
2.503469324
2.499031562
2.505901563
2.506003231
2.50677788
2.507306991
2.50475272
2.502714998
2.503684098
2.505935156
2.500968957
2.506062893
2.501329977
2.500389075
2.50290932
2.505508815
2.504399937
2.502679354
2.50803804
2.507974907
2.502481714
2.50569626
2.505062817
2.508729692
2.506260214
2.50659295
2.508422473
2.50241035
2.505705031
2.504630552
2.507853619
2.508196854
2.504984499
2.505424354
2.507011067
2.509883647
2.509590715
2.502701837
2.501620678
2.505324107
2.504609738
2.502109816
2.506031328
2.502716386
2.505356114
2.505054656
2.506903718
2.50621431
2.506842976
2.503180443
2.50805488
2.504579222
2.507236998
2.508034167
2.504309368
2.503793409
2.501726838
2.502980396
2.501415338
2.505126722
2.507155161
2.500670629
2.503844811
2.503746259
2.502989906
2.503541449
2.503111116
2.506402286
2.501789282
2.501301326
2.503873872
2.503261943
2.503020859
2.499923752
2.501265857
2.501094518
2.501909574
2.498756217
2.504438796
2.506200159
2.504755766
2.508034087
2.502258059
2.501964402
2.499385097
2.500941283
2.502654942
2.504120753
2.503182879
2.503974883
2.500757143
2.500571381
2.500231233
2.499888112
2.506901132
2.499151443
2.502818975
2.502543171
2.502805374
2.504871192
2.500917733
2.499109249
2.499242405
2.502016666
2.501003132
2.49962528
2.503600535
2.503309566
2.507211161
2.50190734
2.503471915
2.499309351
2.500235486
2.500500635
2.500499882
2.501383887
2.501572099
2.497752046
2.506345722
2.50341744
2.500597951
2.501135537
2.498815529
2.50169425
2.501258604
2.504961779
2.498119629
2.497128795
2.498583148
2.504521669
2.500941625
2.495730489
2.504081021
2.50322236
2.499585994
2.500002849
2.499582604
2.499993967
2.502114814
2.499039877
2.4985264
2.494886442
2.494128049
2.496761695
2.496228584
2.496972117
2.498629406
2.498571313
2.497218631
2.501474793
2.494953796
2.495702612
2.500916331
2.495295205
2.500187437
2.499763832
2.494768508
2.496254603
2.496094007
2.497141865
2.498466603
2.494434439
2.500478604
2.49802624
2.498994452
2.495973223
2.495149488
2.498510005
2.500653306
2.500278236
2.495696561
2.499380722
2.499045628
2.500872806
2.503370955
2.504218266
2.500725552
2.500449836
2.502094854
2.499270198
2.49642817
2.495054707
2.502148683
2.501988689
2.498373338
2.490512214
2.501082522
2.505971738
2.499129455
2.4986182
2.504465452
2.504937931
2.500276412
2.50069736
2.504964284
2.505058082
2.500870363
2.502540559
2.502987303
2.498896915
2.501398947
2.501206594
2.508584387
2.502257931
2.505537332
2.504192694
2.503700321
2.502154606
2.504523032
2.502135811
2.498805228
2.500484092
2.501496077
2.506096054
2.505249086
2.505531886
2.501680977
2.508979779
2.505145518
2.506133534
2.503626824
2.505434934
2.50781044
2.508365278
2.50600774
2.508068156
2.508448105
2.509296884
2.506584644
2.506793836
2.507181449
2.504800561
2.508344854
2.50586865
2.504696499
2.5087141
2.502979143
2.505180192
2.504856431
2.507689001
2.505787191
2.505806838
2.504950229
2.503251783
2.507994354
2.506013835
2.50020317
2.504585153
2.503150706
2.506279448
2.50418375
2.504105115
2.507099411
2.507221902
2.508805268
2.503954512
2.505816383
2.505499302
2.501815823
2.505705209
2.508047725
2.503562814
2.505707605
2.500051504
2.50150977
2.50449575
2.502244722
2.499608128
2.502736928
2.50175919
2.500202004
2.502864701
2.504766715
2.500630841
2.500592237
2.502782715
2.501595054
2.500022806
2.50748077
2.504148033
2.503336848
2.504244882
2.502611944
2.501894237
2.500365003
2.500623333
2.503839437
2.509922774
2.502273665
2.502321608
2.501405969
2.497494896
2.496668091
2.50313855
2.501467414
2.50270961
2.50371516
2.503962318
2.500998765
2.501602057
2.501338153
2.498272581
2.494802552
2.499439747
2.501417832
2.501477592
2.498760809
2.504209319
2.504191462
2.503728155
2.502953231
2.50463717
2.500631889
2.499511736
2.502184051
2.500736475
2.504834775
2.499527016
2.496999796
2.4976316
2.500791006
2.498444435
2.49670407
2.503475623
2.502339082
2.499967307
2.499410271
2.496240919
2.497138627
2.498771468
2.501168015
2.499938954
2.498448417
2.503039897
2.504762787
2.498085326
2.499379006
2.494791873
2.500268608
2.502794605
2.503209428
2.499111619
2.499373889
2.497407586
2.49544214
2.493178567
2.50004635
2.497178383
2.494816773
2.4993411
2.494204772
2.496520857
2.498344582
2.499991672
2.501557475
2.499120641
2.497878702
2.49559193
2.495426462
2.496181002
2.496240931
2.493776829
2.499137806
2.497003762
2.498510133
2.500442181
2.495399387
2.499432956
2.498251216
2.500786927
2.501118401
2.503317136
2.502776794
2.500735729
2.501614158
2.49662955
2.500808028
2.499531763
2.503648187
2.502757515
2.496931139
2.500390303
2.49943592
2.503012144
2.500860233
2.499329728
2.496461932
2.503556112
2.500257429
2.499259419
2.5008473
2.50318464
2.503901691
2.504142101
2.504128356
2.507579481
2.501022879
2.50539676
2.504004212
2.501227965
2.500881165
2.501184497
2.50144604
2.504897773
2.503813532
2.504283245
2.502450798
2.505040574
2.502126797
2.50366349
2.503688492
2.498281976
2.50111091
2.504006227
2.50392857
2.498529597
2.50188845
2.506914013
2.507818979
2.504970417
2.504558326
2.508087851
2.502981349
2.505971484
2.506628486
2.506072386
2.506280727
2.504730859
2.507077109
2.506648489
2.510063115
2.506366556
2.510042269
2.506205998
2.506686409
2.507808033
2.501082544
2.507087927
2.504310145
2.506026346
2.508734742
2.504187891
2.5037638
2.504153685
2.508082928
2.505154513
2.508178048
2.505649277
2.505334169
2.498653623
2.501534343
2.50105769
2.501818455
2.506317581
2.506599946
2.504583796
2.50812217
2.508216323
2.507303713
2.50916948
2.507648808
2.506922544
2.501785798
2.501300987
2.501301789
2.505748355
2.50292716
2.503683015
2.500653723
2.50053831
2.504536716
2.500392404
2.504355157
2.505196287
2.50514192
2.504164442
2.502090215
2.502573485
2.504290623
2.505780125
2.507697718
2.503043088
2.507219539
2.50999224
2.501256476
2.502210504
2.503086055
2.499679627
2.504473278
2.504653402
2.501700594
2.496318762
2.501211966
2.500816047
2.502791554
2.501962002
2.503875678
2.503162494
2.500071259
2.503673973
2.501306624
2.505071663
2.504216223
2.50268663
2.496400444
2.499741721
2.499017885
2.501616343
2.502215327
2.498777978
2.501508583
2.503423334
2.501937863
2.498601574
2.501904922
2.501100282
2.496611943
2.49839891
2.496418042
2.499831475
2.500191491
2.501765456
2.497293812
2.503855297
2.503483574
2.500921292
2.497933156
2.501255667
2.501515582
2.498473171
2.496876355
2.499018613
)
;

boundaryField
{
    bottom
    {
        type            calculated;
        value           nonuniform List<scalar> 
200
(
2.502720591
2.505227562
2.500244856
2.501784906
2.496576578
2.497650506
2.500203304
2.497143556
2.498958279
2.496758431
2.49281877
2.494746427
2.496658106
2.500004159
2.497761523
2.490099292
2.496421774
2.496798704
2.499340125
2.497542601
2.494556484
2.495559659
2.498845777
2.499062942
2.499403086
2.499153362
2.501343731
2.497856045
2.495204705
2.496607358
2.50118033
2.497325597
2.497296986
2.495643786
2.496653484
2.499242052
2.495436131
2.501814367
2.498190355
2.500203282
2.497202056
2.497338338
2.500444358
2.498164926
2.500594379
2.499631304
2.498138837
2.500574905
2.5005479
2.49718678
2.501154036
2.499674746
2.50321177
2.499092581
2.498618207
2.498647626
2.501774375
2.504167066
2.50428975
2.505648652
2.5030951
2.501425626
2.505304478
2.498583351
2.503958479
2.501740742
2.495612149
2.497836867
2.503024577
2.50347942
2.502983825
2.505189887
2.504651116
2.504606094
2.509498436
2.506611686
2.502811967
2.497132656
2.505174099
2.50436115
2.501768885
2.501341087
2.500301826
2.504738058
2.508092244
2.504952134
2.503059811
2.503161051
2.50711237
2.506107122
2.505398994
2.505079145
2.501466956
2.501942001
2.51057074
2.509907766
2.504685471
2.507580311
2.51041314
2.50584305
2.506708565
2.505073868
2.506580696
2.50830834
2.502195641
2.50569247
2.5065252
2.506091827
2.507994717
2.505346423
2.500423991
2.500060088
2.502611084
2.501230452
2.504045231
2.507607219
2.506796485
2.501683863
2.505628528
2.506686872
2.507679285
2.50561002
2.503735322
2.50058306
2.503039435
2.503879555
2.505495795
2.506335562
2.506843465
2.503793853
2.504709378
2.505162002
2.507459048
2.50636698
2.504585141
2.508136788
2.509799092
2.49979521
2.505719512
2.506749687
2.501673826
2.501572558
2.502756318
2.503704124
2.505142911
2.50402288
2.503868093
2.503288527
2.504547551
2.503574285
2.505164288
2.503685858
2.505396941
2.503419773
2.502111869
2.499113244
2.505464499
2.506361643
2.50754188
2.500271053
2.499626089
2.495494463
2.504485133
2.504533003
2.50016269
2.499523181
2.500049471
2.499537991
2.501751778
2.505833126
2.502410508
2.504882854
2.502469301
2.500676404
2.508710378
2.500984692
2.497950889
2.50118559
2.502327893
2.506008204
2.500747811
2.498305629
2.49970035
2.499071095
2.501819285
2.499194497
2.499633284
2.499761898
2.50213186
2.502891816
2.497556311
2.494727364
2.500406833
2.498808607
2.505511907
2.498255917
2.498471898
2.496902468
2.495829868
2.501988691
)
;
    }
    top
    {
        type            calculated;
        value           nonuniform List<scalar> 
200
(
2.498448417
2.503039897
2.504762787
2.498085326
2.499379006
2.494791873
2.500268608
2.502794605
2.503209428
2.499111619
2.499373889
2.497407586
2.49544214
2.493178567
2.50004635
2.497178383
2.494816773
2.4993411
2.494204772
2.496520857
2.498344582
2.499991672
2.501557475
2.499120641
2.497878702
2.49559193
2.495426462
2.496181002
2.496240931
2.493776829
2.499137806
2.497003762
2.498510133
2.500442181
2.495399387
2.499432956
2.498251216
2.500786927
2.501118401
2.503317136
2.502776794
2.500735729
2.501614158
2.49662955
2.500808028
2.499531763
2.503648187
2.502757515
2.496931139
2.500390303
2.49943592
2.503012144
2.500860233
2.499329728
2.496461932
2.503556112
2.500257429
2.499259419
2.5008473
2.50318464
2.503901691
2.504142101
2.504128356
2.507579481
2.501022879
2.50539676
2.504004212
2.501227965
2.500881165
2.501184497
2.50144604
2.504897773
2.503813532
2.504283245
2.502450798
2.505040574
2.502126797
2.50366349
2.503688492
2.498281976
2.50111091
2.504006227
2.50392857
2.498529597
2.50188845
2.506914013
2.507818979
2.504970417
2.504558326
2.508087851
2.502981349
2.505971484
2.506628486
2.506072386
2.506280727
2.504730859
2.507077109
2.506648489
2.510063115
2.506366556
2.510042269
2.506205998
2.506686409
2.507808033
2.501082544
2.507087927
2.504310145
2.506026346
2.508734742
2.504187891
2.5037638
2.504153685
2.508082928
2.505154513
2.508178048
2.505649277
2.505334169
2.498653623
2.501534343
2.50105769
2.501818455
2.506317581
2.506599946
2.504583796
2.50812217
2.508216323
2.507303713
2.50916948
2.507648808
2.506922544
2.501785798
2.501300987
2.501301789
2.505748355
2.50292716
2.503683015
2.500653723
2.50053831
2.504536716
2.500392404
2.504355157
2.505196287
2.50514192
2.504164442
2.502090215
2.502573485
2.504290623
2.505780125
2.507697718
2.503043088
2.507219539
2.50999224
2.501256476
2.502210504
2.503086055
2.499679627
2.504473278
2.504653402
2.501700594
2.496318762
2.501211966
2.500816047
2.502791554
2.501962002
2.503875678
2.503162494
2.500071259
2.503673973
2.501306624
2.505071663
2.504216223
2.50268663
2.496400444
2.499741721
2.499017885
2.501616343
2.502215327
2.498777978
2.501508583
2.503423334
2.501937863
2.498601574
2.501904922
2.501100282
2.496611943
2.49839891
2.496418042
2.499831475
2.500191491
2.501765456
2.497293812
2.503855297
2.503483574
2.500921292
2.497933156
2.501255667
2.501515582
2.498473171
2.496876355
2.499018613
)
;
    }
    inlet
    {
        type            cyclic;
    }
    outlet
    {
        type            cyclic;
    }
    back
    {
        type            symmetry;
    }
    front
    {
        type            symmetry;
    }
}


// ************************************************************************* //
