/*--------------------------------*- C++ -*----------------------------------*\
| =========                 |                                                 |
| \\      /  F ield         | OpenFOAM: The Open Source CFD Toolbox           |
|  \\    /   O peration     | Version:  v1706                                 |
|   \\  /    A nd           | Web:      www.OpenFOAM.com                      |
|    \\/     M anipulation  |                                                 |
\*---------------------------------------------------------------------------*/
FoamFile
{
    version     2.0;
    format      ascii;
    class       volScalarField;
    location    "0.29";
    object      mfpCellRatio_Ar;
}
// * * * * * * * * * * * * * * * * * * * * * * * * * * * * * * * * * * * * * //

dimensions      [0 0 0 0 0 0 0];


internalField   nonuniform List<scalar> 
1000
(
1.903062438
1.905335191
1.901370388
1.903378711
1.898888682
1.900585306
1.901249797
1.89875894
1.899523942
1.897127559
1.894605795
1.896739062
1.899326562
1.901475112
1.898135928
1.891406874
1.899180789
1.89844358
1.90002958
1.898181422
1.895912223
1.896914797
1.899465499
1.899420251
1.899799143
1.898510011
1.901458782
1.899690479
1.897227058
1.896945875
1.901528482
1.898502697
1.898086251
1.896853859
1.896443884
1.89993793
1.897452111
1.902259722
1.899480161
1.901278151
1.898384312
1.899758719
1.90217787
1.899733588
1.901451056
1.902530921
1.900973896
1.902611218
1.902225985
1.898520598
1.901114274
1.900454837
1.904869175
1.900358429
1.900365819
1.899737385
1.903568634
1.905765348
1.905560509
1.906798322
1.904664246
1.902277397
1.905638032
1.900422135
1.9065979
1.905203106
1.897911016
1.899194485
1.903923543
1.904307407
1.904730262
1.906960543
1.906790784
1.906689022
1.910880208
1.907789875
1.905072655
1.899768238
1.907707667
1.906544358
1.904263422
1.904093557
1.902893549
1.906439725
1.909881846
1.907249288
1.906379164
1.907632804
1.90985181
1.908039374
1.907717594
1.907485927
1.906451017
1.906873505
1.913924758
1.912688927
1.909587207
1.911243472
1.911800965
1.907711812
1.909372128
1.909626452
1.909983408
1.909668309
1.904742918
1.908479995
1.908772531
1.908334712
1.9104469
1.907620701
1.904105942
1.903130486
1.905641459
1.906071333
1.90719966
1.910029776
1.910233502
1.905289084
1.909417377
1.910602686
1.911144582
1.91028787
1.908571106
1.90518619
1.907105035
1.907412133
1.908487533
1.909662315
1.909792919
1.906971057
1.906643957
1.906550524
1.909873422
1.909179824
1.907540922
1.909986884
1.911234745
1.902671949
1.908202949
1.908570434
1.905706059
1.904701734
1.905662257
1.908103529
1.907124049
1.906721522
1.908072797
1.908199553
1.908234236
1.905683145
1.90607034
1.906630089
1.907680689
1.906483462
1.906071501
1.901837875
1.907531008
1.908962597
1.909748525
1.903922595
1.901460555
1.898936742
1.907481133
1.906681261
1.902337796
1.902916019
1.902798979
1.902670796
1.902976707
1.907522465
1.903364229
1.907171029
1.902274167
1.901218538
1.909566565
1.902061178
1.898570439
1.902784715
1.905579943
1.907539569
1.902728153
1.900085542
1.90207453
1.901110216
1.902707433
1.901057252
1.900593373
1.901780146
1.904964214
1.904667443
1.900073344
1.899018073
1.904074854
1.901240006
1.905973811
1.899481483
1.898420004
1.897743599
1.898529086
1.903383382
1.899476336
1.901938744
1.902406148
1.901352301
1.898051374
1.901243707
1.902146818
1.898767324
1.898144947
1.897624855
1.895369529
1.896133632
1.895461461
1.903430763
1.8969497
1.897531972
1.899220095
1.897825375
1.895843237
1.894996373
1.898608759
1.905272164
1.89915271
1.9016312
1.902516958
1.905080255
1.896488713
1.896951284
1.895580684
1.895185819
1.896666962
1.892816285
1.896710217
1.894605561
1.900838182
1.899266633
1.899196907
1.900946516
1.903600626
1.899684948
1.900854722
1.898623554
1.899768855
1.900427599
1.904121648
1.903230813
1.902791639
1.901644056
1.900351438
1.903797102
1.901171733
1.898607418
1.899963864
1.9001244
1.901413223
1.898896721
1.901606173
1.90340509
1.907477944
1.906899388
1.909872659
1.907102423
1.907377712
1.904256732
1.903485785
1.906413407
1.902846966
1.902096366
1.903720712
1.907065152
1.908122187
1.9076072
1.905887449
1.905714059
1.905897861
1.90545603
1.905925286
1.904532832
1.906208577
1.904370228
1.905172982
1.904688488
1.904884412
1.906551723
1.909055829
1.908452072
1.907227527
1.908327962
1.906647394
1.907026577
1.907276372
1.906200909
1.906028903
1.91230151
1.909222027
1.908263011
1.910880822
1.910817791
1.909925935
1.910316488
1.908863231
1.912062097
1.91098271
1.908770703
1.910537398
1.909949964
1.91087369
1.9099847
1.905128201
1.903215951
1.906686132
1.906511064
1.908352959
1.907799229
1.910910129
1.91198769
1.910185584
1.90569358
1.909031632
1.90988376
1.908492213
1.908995401
1.909473064
1.909647686
1.907757727
1.910215131
1.907886134
1.907959564
1.911021743
1.906798309
1.906451784
1.906499711
1.908227588
1.908571727
1.908118227
1.910426
1.905701015
1.907708879
1.908725122
1.908602942
1.906656494
1.902023224
1.905620232
1.910651442
1.909422567
1.908948505
1.906136263
1.908322794
1.907608907
1.908374596
1.904091862
1.905097094
1.902553863
1.905668707
1.90371929
1.904897437
1.907269248
1.909011349
1.904305889
1.90581494
1.902575744
1.903163799
1.904297512
1.906835458
1.905253536
1.90541291
1.90524314
1.902537945
1.904665932
1.900262798
1.904734525
1.901731116
1.901403146
1.903323355
1.902795193
1.901354077
1.902764882
1.901123074
1.902879918
1.904709432
1.903440852
1.902288356
1.903554599
1.901201948
1.897957261
1.901720379
1.902083556
1.903656649
1.903187595
1.906030363
1.900808761
1.90201648
1.901395018
1.902505884
1.905426247
1.90406884
1.90246888
1.905189251
1.901376703
1.89986372
1.901409397
1.900801701
1.901897192
1.903597126
1.903328433
1.905945942
1.904921679
1.902973395
1.899549767
1.897270336
1.891207713
1.895032888
1.893573035
1.895865915
1.897477001
1.89859864
1.897510084
1.897190987
1.895269782
1.897294949
1.902190419
1.902875155
1.898736144
1.899971066
1.897530702
1.897244237
1.898920874
1.896933988
1.904224449
1.897763391
1.894452622
1.898166485
1.89820583
1.900288846
1.897368842
1.897457932
1.901776999
1.902164446
1.899572803
1.896486101
1.902381214
1.902865571
1.901880987
1.900013151
1.902038444
1.902115704
1.904081245
1.901214452
1.898076598
1.902190557
1.901385648
1.901040965
1.900304572
1.896855982
1.898628862
1.901643429
1.898573992
1.903153306
1.905047024
1.906389291
1.903682016
1.905377468
1.907413742
1.904479388
1.907143987
1.904629521
1.904659194
1.900485525
1.904322123
1.901002464
1.906440535
1.907159991
1.908122988
1.908501373
1.907367758
1.905987042
1.906634466
1.908500861
1.904097141
1.908024144
1.903926087
1.902617248
1.904999857
1.906113393
1.905832909
1.905867251
1.909940404
1.911885423
1.905804384
1.908701222
1.907813058
1.910261097
1.908426017
1.910082383
1.911086964
1.905840561
1.908848279
1.908284528
1.911407172
1.91084191
1.908840144
1.909001908
1.909408952
1.912681475
1.912224365
1.90725103
1.904718438
1.909277949
1.907593628
1.90515555
1.907372759
1.907526406
1.907290884
1.908290175
1.909856384
1.910493923
1.910166914
1.906297115
1.911134933
1.908063332
1.909775984
1.910578094
1.907263548
1.907021978
1.905017092
1.906854368
1.905631551
1.908522964
1.91072357
1.90537894
1.907494752
1.907071812
1.905619253
1.907089825
1.906387636
1.909228131
1.904570185
1.904125469
1.9071191
1.907603747
1.90771731
1.903590075
1.904401064
1.904707877
1.904838161
1.901588249
1.906590243
1.908366822
1.907149261
1.910026606
1.905563926
1.903922344
1.9037094
1.90315783
1.906070419
1.906299994
1.904859134
1.905520423
1.903035117
1.903239595
1.902219999
1.903379017
1.908617084
1.903033184
1.905761597
1.905266575
1.904877519
1.90724029
1.902353636
1.900980096
1.900486048
1.903032121
1.903735887
1.901749216
1.904968129
1.905136956
1.908400965
1.904836565
1.904533113
1.900945208
1.901255627
1.904148286
1.902944335
1.903817647
1.903129875
1.90091201
1.907602701
1.905766367
1.903747911
1.903320419
1.900055691
1.903648457
1.90360203
1.906595484
1.899739755
1.899831757
1.900936204
1.90721664
1.90344551
1.897996509
1.904760942
1.90385069
1.901375224
1.902808885
1.903280691
1.902577808
1.903554355
1.901704513
1.89968543
1.896849518
1.897246048
1.897614154
1.895833953
1.897381473
1.899481517
1.899577505
1.899515818
1.901403051
1.897353909
1.898139676
1.90261059
1.898677927
1.901480861
1.90094758
1.896212921
1.897263879
1.897154832
1.899184913
1.899870577
1.895571601
1.900873421
1.898744357
1.899298524
1.89633911
1.896148112
1.898511874
1.902167124
1.90244296
1.898062494
1.900490803
1.90063005
1.902874062
1.905275046
1.905240145
1.90298924
1.902906115
1.903059514
1.901584177
1.897521868
1.897764761
1.903822421
1.903964268
1.90016256
1.894386066
1.901835129
1.907324019
1.901584583
1.900642299
1.90634694
1.905928841
1.901884848
1.90298715
1.907628634
1.907238183
1.90462154
1.904382346
1.90522225
1.900801535
1.902164362
1.902924479
1.908541599
1.903688989
1.907771518
1.90671639
1.906918663
1.904116505
1.905284051
1.905241314
1.902096143
1.903199599
1.903761314
1.906972428
1.906092053
1.907388129
1.905530984
1.910856111
1.907721258
1.90824561
1.906156185
1.907657601
1.91123436
1.910494094
1.909600037
1.910973311
1.911574158
1.912109788
1.909923594
1.909731629
1.909372883
1.907325848
1.910277708
1.908329065
1.908627945
1.912143335
1.906711437
1.909698341
1.907929238
1.911200662
1.909079672
1.908607671
1.908536203
1.90552803
1.909755228
1.90892085
1.904707964
1.908115149
1.907474803
1.908722422
1.907141435
1.90604143
1.908263308
1.909531213
1.912373319
1.907091168
1.908861266
1.907939344
1.905684845
1.909640313
1.911469305
1.906603449
1.908283534
1.902877166
1.906119954
1.908193399
1.904828398
1.90346718
1.905924789
1.905357264
1.902670651
1.905851358
1.90744459
1.90375727
1.902853665
1.905533226
1.904424704
1.903587055
1.910070493
1.906080056
1.906932427
1.905819719
1.905638203
1.904673636
1.904083156
1.903321298
1.907759975
1.912903735
1.906393308
1.905347206
1.90468144
1.899657943
1.899420699
1.905561487
1.904436873
1.906825365
1.906849858
1.904370424
1.903616865
1.90336773
1.901716415
1.899502139
1.897374488
1.900724604
1.902018798
1.902668863
1.900497973
1.905004088
1.9064289
1.905513941
1.902669075
1.905610602
1.901249787
1.901484821
1.904097423
1.901850232
1.904816253
1.903153393
1.898987297
1.899668823
1.90217723
1.901561459
1.89896954
1.904211586
1.903559873
1.90157097
1.900946299
1.89836004
1.899080232
1.901501775
1.903288826
1.902571965
1.901634942
1.903087693
1.90613972
1.900511305
1.900453741
1.896932127
1.901842214
1.903529601
1.905545637
1.901785411
1.900322928
1.897688461
1.895210972
1.894304711
1.900662439
1.897620811
1.896304838
1.901491805
1.895297365
1.896970644
1.900437658
1.901348965
1.902286128
1.899257338
1.899797233
1.896835723
1.896377161
1.897758952
1.898221008
1.894955051
1.900287083
1.89937369
1.898585624
1.900467707
1.895571688
1.900687298
1.899367688
1.901395261
1.901681605
1.904285898
1.902289927
1.901421723
1.903038383
1.89977079
1.903414961
1.901425101
1.904998626
1.903182558
1.899909644
1.901298888
1.901034268
1.903630958
1.902318127
1.900941702
1.898120592
1.904929251
1.901302489
1.900959256
1.902133538
1.904100697
1.905060069
1.906201242
1.907151126
1.90950634
1.902609232
1.907089209
1.904801605
1.902671028
1.903302315
1.903469186
1.903812528
1.907724429
1.9062066
1.905842114
1.904509095
1.907299372
1.905202227
1.905487047
1.906075206
1.900247645
1.901850058
1.904643861
1.905129493
1.90090251
1.904283155
1.909779898
1.91009177
1.907910341
1.907841614
1.9109928
1.906743722
1.908370177
1.91033035
1.910156434
1.909372634
1.907375199
1.910422871
1.909593894
1.912152297
1.909026718
1.911925044
1.908649138
1.910212197
1.910476737
1.905389322
1.909528618
1.907021625
1.909704238
1.9109979
1.908530117
1.906922995
1.90793253
1.910576836
1.907723234
1.911148926
1.909400359
1.908901208
1.903715116
1.90608503
1.90632553
1.906051202
1.909829589
1.909013222
1.906865646
1.910978719
1.911092547
1.911167506
1.91089307
1.910909863
1.910223963
1.904828005
1.906156425
1.903437069
1.907167498
1.905423789
1.906900752
1.90463733
1.903645167
1.906630661
1.90294252
1.906332859
1.908594406
1.907210729
1.907211427
1.905171157
1.90518519
1.905830765
1.907632136
1.909221114
1.904046952
1.910160122
1.913229309
1.905844337
1.90586579
1.905690129
1.904203412
1.908381383
1.907009168
1.904575462
1.900080576
1.903463457
1.903140921
1.904138484
1.904775222
1.907362184
1.905332713
1.901679521
1.904487804
1.90161381
1.905445503
1.905185808
1.903397159
1.897853724
1.899555503
1.900912723
1.903415489
1.90591667
1.901539444
1.903341874
1.905164079
1.903411539
1.901558045
1.902780112
1.902170718
1.899094739
1.899769621
1.898542168
1.901872513
1.903412428
1.903863591
1.898861608
1.903880336
1.904853127
1.90246046
1.900661023
1.90327386
1.903376845
1.900029977
1.898379841
1.901096945
)
;

boundaryField
{
    bottom
    {
        type            calculated;
        value           nonuniform List<scalar> 
200
(
1.903062438
1.905335191
1.901370388
1.903378711
1.898888682
1.900585306
1.901249797
1.89875894
1.899523942
1.897127559
1.894605795
1.896739062
1.899326562
1.901475112
1.898135928
1.891406874
1.899180789
1.89844358
1.90002958
1.898181422
1.895912223
1.896914797
1.899465499
1.899420251
1.899799143
1.898510011
1.901458782
1.899690479
1.897227058
1.896945875
1.901528482
1.898502697
1.898086251
1.896853859
1.896443884
1.89993793
1.897452111
1.902259722
1.899480161
1.901278151
1.898384312
1.899758719
1.90217787
1.899733588
1.901451056
1.902530921
1.900973896
1.902611218
1.902225985
1.898520598
1.901114274
1.900454837
1.904869175
1.900358429
1.900365819
1.899737385
1.903568634
1.905765348
1.905560509
1.906798322
1.904664246
1.902277397
1.905638032
1.900422135
1.9065979
1.905203106
1.897911016
1.899194485
1.903923543
1.904307407
1.904730262
1.906960543
1.906790784
1.906689022
1.910880208
1.907789875
1.905072655
1.899768238
1.907707667
1.906544358
1.904263422
1.904093557
1.902893549
1.906439725
1.909881846
1.907249288
1.906379164
1.907632804
1.90985181
1.908039374
1.907717594
1.907485927
1.906451017
1.906873505
1.913924758
1.912688927
1.909587207
1.911243472
1.911800965
1.907711812
1.909372128
1.909626452
1.909983408
1.909668309
1.904742918
1.908479995
1.908772531
1.908334712
1.9104469
1.907620701
1.904105942
1.903130486
1.905641459
1.906071333
1.90719966
1.910029776
1.910233502
1.905289084
1.909417377
1.910602686
1.911144582
1.91028787
1.908571106
1.90518619
1.907105035
1.907412133
1.908487533
1.909662315
1.909792919
1.906971057
1.906643957
1.906550524
1.909873422
1.909179824
1.907540922
1.909986884
1.911234745
1.902671949
1.908202949
1.908570434
1.905706059
1.904701734
1.905662257
1.908103529
1.907124049
1.906721522
1.908072797
1.908199553
1.908234236
1.905683145
1.90607034
1.906630089
1.907680689
1.906483462
1.906071501
1.901837875
1.907531008
1.908962597
1.909748525
1.903922595
1.901460555
1.898936742
1.907481133
1.906681261
1.902337796
1.902916019
1.902798979
1.902670796
1.902976707
1.907522465
1.903364229
1.907171029
1.902274167
1.901218538
1.909566565
1.902061178
1.898570439
1.902784715
1.905579943
1.907539569
1.902728153
1.900085542
1.90207453
1.901110216
1.902707433
1.901057252
1.900593373
1.901780146
1.904964214
1.904667443
1.900073344
1.899018073
1.904074854
1.901240006
1.905973811
1.899481483
1.898420004
1.897743599
1.898529086
1.903383382
)
;
    }
    top
    {
        type            calculated;
        value           nonuniform List<scalar> 
200
(
1.901634942
1.903087693
1.90613972
1.900511305
1.900453741
1.896932127
1.901842214
1.903529601
1.905545637
1.901785411
1.900322928
1.897688461
1.895210972
1.894304711
1.900662439
1.897620811
1.896304838
1.901491805
1.895297365
1.896970644
1.900437658
1.901348965
1.902286128
1.899257338
1.899797233
1.896835723
1.896377161
1.897758952
1.898221008
1.894955051
1.900287083
1.89937369
1.898585624
1.900467707
1.895571688
1.900687298
1.899367688
1.901395261
1.901681605
1.904285898
1.902289927
1.901421723
1.903038383
1.89977079
1.903414961
1.901425101
1.904998626
1.903182558
1.899909644
1.901298888
1.901034268
1.903630958
1.902318127
1.900941702
1.898120592
1.904929251
1.901302489
1.900959256
1.902133538
1.904100697
1.905060069
1.906201242
1.907151126
1.90950634
1.902609232
1.907089209
1.904801605
1.902671028
1.903302315
1.903469186
1.903812528
1.907724429
1.9062066
1.905842114
1.904509095
1.907299372
1.905202227
1.905487047
1.906075206
1.900247645
1.901850058
1.904643861
1.905129493
1.90090251
1.904283155
1.909779898
1.91009177
1.907910341
1.907841614
1.9109928
1.906743722
1.908370177
1.91033035
1.910156434
1.909372634
1.907375199
1.910422871
1.909593894
1.912152297
1.909026718
1.911925044
1.908649138
1.910212197
1.910476737
1.905389322
1.909528618
1.907021625
1.909704238
1.9109979
1.908530117
1.906922995
1.90793253
1.910576836
1.907723234
1.911148926
1.909400359
1.908901208
1.903715116
1.90608503
1.90632553
1.906051202
1.909829589
1.909013222
1.906865646
1.910978719
1.911092547
1.911167506
1.91089307
1.910909863
1.910223963
1.904828005
1.906156425
1.903437069
1.907167498
1.905423789
1.906900752
1.90463733
1.903645167
1.906630661
1.90294252
1.906332859
1.908594406
1.907210729
1.907211427
1.905171157
1.90518519
1.905830765
1.907632136
1.909221114
1.904046952
1.910160122
1.913229309
1.905844337
1.90586579
1.905690129
1.904203412
1.908381383
1.907009168
1.904575462
1.900080576
1.903463457
1.903140921
1.904138484
1.904775222
1.907362184
1.905332713
1.901679521
1.904487804
1.90161381
1.905445503
1.905185808
1.903397159
1.897853724
1.899555503
1.900912723
1.903415489
1.90591667
1.901539444
1.903341874
1.905164079
1.903411539
1.901558045
1.902780112
1.902170718
1.899094739
1.899769621
1.898542168
1.901872513
1.903412428
1.903863591
1.898861608
1.903880336
1.904853127
1.90246046
1.900661023
1.90327386
1.903376845
1.900029977
1.898379841
1.901096945
)
;
    }
    inlet
    {
        type            cyclic;
    }
    outlet
    {
        type            cyclic;
    }
    back
    {
        type            symmetry;
    }
    front
    {
        type            symmetry;
    }
}


// ************************************************************************* //
