/*--------------------------------*- C++ -*----------------------------------*\
| =========                 |                                                 |
| \\      /  F ield         | OpenFOAM: The Open Source CFD Toolbox           |
|  \\    /   O peration     | Version:  v1706                                 |
|   \\  /    A nd           | Web:      www.OpenFOAM.com                      |
|    \\/     M anipulation  |                                                 |
\*---------------------------------------------------------------------------*/
FoamFile
{
    version     2.0;
    format      ascii;
    class       volScalarField;
    location    "0.29";
    object      p_Ar;
}
// * * * * * * * * * * * * * * * * * * * * * * * * * * * * * * * * * * * * * //

dimensions      [1 -1 -2 0 0 0 0];


internalField   nonuniform List<scalar> 
1000
(
0.5267702614
0.5264071324
0.5273774599
0.5274285682
0.5282911224
0.5284602118
0.5273462369
0.5279184756
0.5272585919
0.5273969543
0.5284435906
0.5283367621
0.5284432751
0.5275575702
0.5272959387
0.5285081727
0.5285086372
0.5279674468
0.527274865
0.5274375228
0.5280690326
0.5279650307
0.527294505
0.5271541183
0.5271364807
0.5266950001
0.5268103369
0.5279433663
0.5283026857
0.5273987382
0.5269318015
0.5277022695
0.5275305948
0.5278909291
0.5271471428
0.5272878703
0.528275831
0.5269100843
0.5276636317
0.5273589899
0.5277173571
0.5282608984
0.5276300253
0.5277917605
0.5272205838
0.5282385841
0.528364562
0.5277525742
0.5275944039
0.5277871913
0.5267603771
0.5272810811
0.5273094903
0.5275595993
0.527825383
0.5275263726
0.5275196453
0.5271841622
0.5270247195
0.5268301107
0.5272819783
0.5271325867
0.5265003307
0.5278700159
0.5276724571
0.5282722227
0.5283851727
0.527730696
0.5269887299
0.5269099675
0.5273730071
0.527155561
0.5273766455
0.5273558869
0.5265361379
0.5267434043
0.5276215019
0.5283791948
0.5274988954
0.5274262008
0.5278346315
0.5279948745
0.5280305155
0.5271714141
0.5268636994
0.5274160069
0.5280707981
0.5285774599
0.5273899395
0.5271329643
0.5273792918
0.5274519493
0.5289845486
0.5289112679
0.5273053167
0.5271184636
0.5286111736
0.5277545229
0.5264443184
0.5271318843
0.527397896
0.5284140628
0.5277419813
0.5266493807
0.5278140362
0.5275588456
0.5272306604
0.5272735824
0.527169949
0.5273648913
0.5285079727
0.5282708364
0.5279877532
0.5289449056
0.5278943649
0.5271968814
0.5277348916
0.5283423148
0.528013984
0.527960613
0.5276557193
0.5284142299
0.5286808717
0.5289056319
0.5284078361
0.5280811782
0.5276707282
0.5277334702
0.5275118197
0.5279307073
0.5272787243
0.5269873235
0.5272085848
0.5275001583
0.5277492113
0.5268861238
0.526529116
0.5282112686
0.5274198724
0.5270165581
0.5285352012
0.528140047
0.5279168165
0.5284883177
0.527254689
0.5276923248
0.5283838607
0.5287613315
0.5280807526
0.5274744022
0.526771063
0.527837444
0.5273638965
0.52791867
0.5284569327
0.5282136674
0.5272596148
0.5274058726
0.527107111
0.5285102237
0.5277601094
0.5289132122
0.5277776269
0.5273927321
0.5278576668
0.5284716989
0.5281276488
0.5283531756
0.5272664113
0.5270525973
0.5270766758
0.5274191657
0.5265553391
0.527070846
0.5263828478
0.5272790083
0.527386733
0.5274929556
0.5281167006
0.5269637849
0.5277095137
0.5278722764
0.5279951054
0.5279096326
0.5271082839
0.5278175193
0.5273662681
0.5278286779
0.5279486397
0.5273956224
0.5282818192
0.5293761491
0.5285034954
0.5281133387
0.5265364008
0.5276279467
0.5270309856
0.5275946711
0.5285431408
0.5273181198
0.5286049142
0.5276442843
0.5276808083
0.5277195116
0.5277591958
0.5282060477
0.527660517
0.5276300989
0.5279770032
0.5275502255
0.5272320271
0.5281196262
0.5283929846
0.5267235317
0.5275998553
0.5266000141
0.5275043314
0.5274935016
0.5284220506
0.5282869424
0.5268899413
0.5268578436
0.5276340727
0.5269353439
0.527121521
0.5267235784
0.5279605833
0.5279648201
0.5284138857
0.5277004031
0.5274993021
0.5284714887
0.5273985861
0.5281836141
0.5272331529
0.527072821
0.5279065645
0.5276309699
0.5267790771
0.527346514
0.5284345798
0.5279552077
0.5279456745
0.527737053
0.5275640132
0.5273527102
0.5274224163
0.5274524449
0.5271778747
0.5269836146
0.5270658525
0.5274945319
0.5281739235
0.5275741755
0.5270315069
0.5283216399
0.5282237742
0.5271248296
0.5269467923
0.527058246
0.526989836
0.5271371731
0.5271423936
0.5277323923
0.5285510928
0.5268660457
0.5279217518
0.5278883387
0.5270474577
0.5272935936
0.5268322693
0.5277937604
0.5275138608
0.5269887305
0.5277157532
0.5282502153
0.5282219963
0.5283772002
0.5281617394
0.527414878
0.5279971296
0.527429972
0.5280825639
0.5273034159
0.526740556
0.5269150261
0.5271767528
0.5278156717
0.5281323001
0.5280426077
0.5278226598
0.5272169922
0.5276168205
0.5270985482
0.5273751539
0.527959335
0.5278584734
0.5280616768
0.5266849576
0.5275350152
0.5279581398
0.5276400489
0.5275222854
0.5277460351
0.5274200042
0.5277657681
0.5263970411
0.5268948863
0.5274708268
0.5279681234
0.5275692684
0.5281662714
0.5273852262
0.5279797766
0.5271916879
0.527569917
0.5275070619
0.5288990906
0.5277439913
0.5286154802
0.5278833269
0.5272657136
0.5278804362
0.5282331064
0.5280859032
0.5276902587
0.5277243021
0.5282719984
0.5269793389
0.5276119876
0.5279468287
0.5277482667
0.5273853883
0.527539382
0.5279986279
0.5284223639
0.5279884318
0.528482679
0.5278037571
0.5280980786
0.5282709237
0.5279996931
0.5278714789
0.5273724982
0.5278987438
0.5272365851
0.5282937787
0.5276951739
0.5278449405
0.527271176
0.5283065838
0.5276131917
0.5280054078
0.5279507996
0.5281638026
0.5280397275
0.526770558
0.5270259012
0.528475782
0.527881994
0.5287125306
0.5276328121
0.5279565277
0.5274982227
0.5278084092
0.5272749509
0.5279722827
0.5282429307
0.5272242096
0.5279262754
0.5271805155
0.5276633791
0.5277174504
0.5273159529
0.5276286105
0.5278395833
0.5281457308
0.5277783882
0.5277558994
0.5270463878
0.5283872857
0.5278823996
0.526709846
0.5284106067
0.5285645652
0.5270752182
0.5278176067
0.5274263413
0.5283949263
0.5279119593
0.5281718266
0.5281510908
0.5285487243
0.528690769
0.5275804802
0.5269766788
0.5269426799
0.5276770488
0.527483091
0.5276676874
0.5274288646
0.5283520496
0.5277896967
0.5273449732
0.5282020099
0.527145058
0.5275692677
0.5278648031
0.5281414576
0.52720233
0.5283770756
0.5288182591
0.5283186414
0.5280807445
0.5272781011
0.5282123635
0.5275161238
0.5284071
0.5280481037
0.5269309086
0.5275897781
0.5274475577
0.5278272014
0.5271361754
0.5273795385
0.5278554313
0.5278958298
0.5283741403
0.5266048779
0.5275242001
0.5275415057
0.5276723509
0.5274826696
0.5275933603
0.5271017185
0.5286178508
0.5275646057
0.5271247947
0.527376052
0.5287284599
0.5277527303
0.5271437844
0.5275508421
0.5285639761
0.5276596936
0.528024201
0.5275133253
0.5277485426
0.5281912346
0.5274151034
0.5279504218
0.5277009773
0.5278365229
0.5284796718
0.5284579391
0.5282367479
0.528523258
0.5271397184
0.5272418439
0.5270855974
0.5287200684
0.5274853784
0.5275062765
0.5276018368
0.5278174002
0.5279305181
0.5275389156
0.5271863172
0.5269221317
0.5278830396
0.5265307236
0.5267966616
0.5268008919
0.5266788293
0.527579112
0.5280854242
0.527840379
0.5274343386
0.5282023438
0.5271505227
0.5279257891
0.5278580539
0.5275350763
0.5266005726
0.5270860089
0.5280513603
0.5269197043
0.5278240759
0.5281324094
0.5276558266
0.527607508
0.5266824111
0.5272216343
0.5277795246
0.5272204767
0.5281881132
0.527716847
0.5280574483
0.5276770555
0.5272351984
0.5281109892
0.5279405793
0.5272476561
0.5271284082
0.5270854979
0.5286601625
0.5281209336
0.5281196172
0.5277592549
0.5280467355
0.5268763965
0.5287757686
0.5272118474
0.5278257838
0.527506999
0.5281727625
0.5276794497
0.5279673121
0.5274443999
0.5279866428
0.5272873425
0.5272068692
0.5277771393
0.5279537899
0.5281963602
0.5283279752
0.5286448253
0.527890308
0.5277563756
0.5289437885
0.5281374345
0.5280021908
0.5277684516
0.52812345
0.5280462423
0.5275023116
0.5279611097
0.5280312006
0.5279528959
0.5285086037
0.5286929679
0.5285530339
0.528174637
0.5284073235
0.5280149371
0.5282990741
0.5274039221
0.5272282414
0.527479528
0.5269604067
0.5281481258
0.5275734513
0.5289052386
0.52779559
0.5281560529
0.5274493335
0.5273209328
0.5271804028
0.5278422775
0.5280369209
0.527766807
0.5284778406
0.5269540126
0.5287304112
0.5279267703
0.5278570267
0.5275375941
0.5274566288
0.5274473506
0.5278299861
0.5275341297
0.5271450373
0.5280211044
0.5278903565
0.5271393455
0.5273755993
0.5266866803
0.5280154554
0.5270152819
0.5277035836
0.5273310727
0.5284845694
0.5279437706
0.5278472726
0.5274344062
0.5285510813
0.5268061235
0.5275983149
0.5282506986
0.5277612311
0.5275766801
0.5275997522
0.5278196897
0.5271178281
0.5278196108
0.5284099554
0.5281014681
0.5276389103
0.5279246524
0.5283580866
0.5267815497
0.5268469848
0.5277439203
0.5281579078
0.5286028496
0.5280589214
0.5273252091
0.5281942901
0.5275700594
0.5283089178
0.5289089766
0.5276143054
0.5271075153
0.5273930429
0.5274213515
0.5274966616
0.5282178178
0.5267130134
0.5284991359
0.5284381169
0.5275635445
0.5289070745
0.5274588367
0.5274533194
0.5280871144
0.5277373154
0.5277771345
0.5281112903
0.5276864464
0.5279830212
0.5270250723
0.5274233147
0.52713724
0.5274764289
0.5278466557
0.527051242
0.5275096961
0.5278410245
0.5284066642
0.5274597827
0.5277077365
0.5277059629
0.5274036396
0.5269205944
0.5278391334
0.5279542772
0.5271141716
0.5280126375
0.5277574265
0.5286285225
0.5274268099
0.5275788529
0.5278694563
0.5296272879
0.5271234721
0.5268874104
0.5280907318
0.5279497957
0.527280192
0.5268324229
0.5275911981
0.5278537853
0.5275792532
0.5273525921
0.5284926094
0.5274616639
0.5275917794
0.5278671672
0.5270965738
0.527544118
0.5259944208
0.5273066045
0.5273271517
0.5275962762
0.5279588811
0.5275555289
0.5267722846
0.5280708706
0.5285005204
0.5280672388
0.5277599511
0.5266616222
0.5267340698
0.5271584892
0.5284525857
0.5268105989
0.5275207513
0.5272107118
0.5276575177
0.5273326052
0.5276235721
0.5269870189
0.5278864713
0.5273648274
0.5274241083
0.5271960424
0.5277130299
0.5275117556
0.5271376536
0.527533933
0.5269015693
0.5273940979
0.5281749689
0.5275319666
0.5282645151
0.5283875292
0.5277734735
0.5276754459
0.5277751418
0.5275529318
0.5279936949
0.5275828908
0.5268609893
0.5275789824
0.5289010677
0.5280065955
0.5285122612
0.5273436905
0.5277917586
0.5273420697
0.5266866388
0.5271861817
0.5275845244
0.5278958243
0.5276612251
0.5274232775
0.5284470794
0.5280715166
0.5275978476
0.5278934654
0.5274625226
0.5281616794
0.5288120286
0.5280910613
0.5278252836
0.5286726146
0.5280453591
0.5283312635
0.5279855456
0.5279417814
0.5276058165
0.5282367021
0.5278519391
0.5278443247
0.528003171
0.5284968099
0.527284748
0.5273357022
0.5281659226
0.5271656076
0.5279858164
0.527949537
0.5285303941
0.5280448992
0.5282593724
0.5272061101
0.5285119329
0.5280156872
0.5282230882
0.5281287549
0.5284801686
0.5276604305
0.5280792281
0.5284647356
0.5279198233
0.526672007
0.5279700409
0.5275246479
0.5269290539
0.5276280212
0.528592371
0.5275322655
0.5270208057
0.5272796313
0.5278059213
0.5268197685
0.5274680915
0.5273136185
0.5264656558
0.5268556444
0.5271094636
0.5278342839
0.5275306994
0.5273213864
0.5263910929
0.5285763734
0.5281009855
0.5280579229
0.5274381387
0.5284597584
0.5282568848
0.5268691107
0.5272038706
0.5276210326
0.5276482502
0.5282389368
0.5280659283
0.528251708
0.5277290849
0.5280867393
0.5284906344
0.5266055404
0.5270233967
0.5281859288
0.5274440677
0.5283986661
0.5275763529
0.5269389323
0.5276141768
0.5281909621
0.5273880831
0.5272903182
0.5272620548
0.5281078233
0.5271690425
0.5273866698
0.5281018158
0.5279318464
0.5279866402
0.5274577736
0.528009189
0.5275077764
0.5270637157
0.5270489909
0.5279788815
0.5279114918
0.5277964397
0.5280012077
0.5281762583
0.5280695126
0.5275025027
0.5282728747
0.527084339
0.5268629645
0.5274483129
0.5275192472
0.527579342
0.5270891788
0.5270347313
0.5269898242
0.5263929254
0.5271293369
0.5273700987
0.5286593575
0.5279848184
0.5277963488
0.5271267296
0.5268037631
0.5285546559
0.527264967
0.5276736202
0.5268643977
0.5274631745
0.5276907346
0.5280085107
0.527146423
0.5273400031
0.5277375241
0.5273874082
0.5269798719
0.5270144525
0.5273932905
0.5278266938
0.5269781221
0.5275040516
0.5270991351
0.5268421063
0.5274184881
0.5278937502
0.5278009896
0.5278106116
0.5276588794
0.5275770383
0.5271544845
0.5275681126
0.5273896575
0.5280583045
0.5273372442
0.5275871554
0.5279583302
0.5271145
0.5267703176
0.5270307425
0.5281159589
0.5277774042
0.5274671009
0.5271079707
0.5277020872
0.5278987954
0.5273626904
0.5282777859
0.5273558021
0.527870918
0.5280999716
0.5276340348
0.5275945106
0.5276648702
0.5275302568
0.5267934722
0.5274318627
0.5267035119
0.5273513816
0.5277860742
0.5272861123
0.5287202465
0.527258835
0.5276682637
0.5279228667
0.5270087668
0.5284121933
0.5279257541
0.5281630874
0.5271794532
0.5275166737
0.5273827973
0.5279949055
0.5279452532
0.5293135787
0.5287827237
0.5291549396
0.5286102096
0.5278182793
0.5272971676
0.5274473301
0.52733749
0.5273365098
0.5278730822
0.5267227581
0.527567539
0.5276610993
0.5280788224
0.5289440778
0.5277217219
0.5269404232
0.5277154158
0.5279604084
0.5286196745
0.5282375222
0.5273680099
0.5280024134
0.5273347256
0.5278839131
0.5272940575
0.5278338012
0.5280645814
0.5278037487
0.5271453307
0.5271308988
0.5267855283
0.5270338561
0.5274687942
0.5273132426
0.528828445
0.5283099753
0.5277471356
0.5289642731
0.5281877602
0.5274732358
0.5280125191
0.5289715225
0.5277832291
0.5278572442
0.5272136978
0.5279576867
0.5280609178
0.5275445875
0.5276123449
0.5268835471
0.5269003987
0.5265423501
0.5268973762
0.5269390983
0.5279223208
0.5268399336
0.5278502386
0.5275381981
0.5283301559
0.5282650555
0.527564685
0.5273249702
0.5273588257
0.5283711496
0.5270936293
0.5272643529
0.5283643859
0.5276784786
0.5282228349
0.5278317171
0.5283248688
0.5276569979
0.5278814955
0.5265114086
0.527152313
0.5274933666
0.5283376542
0.5276739122
0.5275765208
0.5277545359
0.5278957154
0.52793271
)
;

boundaryField
{
    bottom
    {
        type            calculated;
        value           nonuniform List<scalar> 
200
(
0.5267702614
0.5264071324
0.5273774599
0.5274285682
0.5282911224
0.5284602118
0.5273462369
0.5279184756
0.5272585919
0.5273969543
0.5284435906
0.5283367621
0.5284432751
0.5275575702
0.5272959387
0.5285081727
0.5285086372
0.5279674468
0.527274865
0.5274375228
0.5280690326
0.5279650307
0.527294505
0.5271541183
0.5271364807
0.5266950001
0.5268103369
0.5279433663
0.5283026857
0.5273987382
0.5269318015
0.5277022695
0.5275305948
0.5278909291
0.5271471428
0.5272878703
0.528275831
0.5269100843
0.5276636317
0.5273589899
0.5277173571
0.5282608984
0.5276300253
0.5277917605
0.5272205838
0.5282385841
0.528364562
0.5277525742
0.5275944039
0.5277871913
0.5267603771
0.5272810811
0.5273094903
0.5275595993
0.527825383
0.5275263726
0.5275196453
0.5271841622
0.5270247195
0.5268301107
0.5272819783
0.5271325867
0.5265003307
0.5278700159
0.5276724571
0.5282722227
0.5283851727
0.527730696
0.5269887299
0.5269099675
0.5273730071
0.527155561
0.5273766455
0.5273558869
0.5265361379
0.5267434043
0.5276215019
0.5283791948
0.5274988954
0.5274262008
0.5278346315
0.5279948745
0.5280305155
0.5271714141
0.5268636994
0.5274160069
0.5280707981
0.5285774599
0.5273899395
0.5271329643
0.5273792918
0.5274519493
0.5289845486
0.5289112679
0.5273053167
0.5271184636
0.5286111736
0.5277545229
0.5264443184
0.5271318843
0.527397896
0.5284140628
0.5277419813
0.5266493807
0.5278140362
0.5275588456
0.5272306604
0.5272735824
0.527169949
0.5273648913
0.5285079727
0.5282708364
0.5279877532
0.5289449056
0.5278943649
0.5271968814
0.5277348916
0.5283423148
0.528013984
0.527960613
0.5276557193
0.5284142299
0.5286808717
0.5289056319
0.5284078361
0.5280811782
0.5276707282
0.5277334702
0.5275118197
0.5279307073
0.5272787243
0.5269873235
0.5272085848
0.5275001583
0.5277492113
0.5268861238
0.526529116
0.5282112686
0.5274198724
0.5270165581
0.5285352012
0.528140047
0.5279168165
0.5284883177
0.527254689
0.5276923248
0.5283838607
0.5287613315
0.5280807526
0.5274744022
0.526771063
0.527837444
0.5273638965
0.52791867
0.5284569327
0.5282136674
0.5272596148
0.5274058726
0.527107111
0.5285102237
0.5277601094
0.5289132122
0.5277776269
0.5273927321
0.5278576668
0.5284716989
0.5281276488
0.5283531756
0.5272664113
0.5270525973
0.5270766758
0.5274191657
0.5265553391
0.527070846
0.5263828478
0.5272790083
0.527386733
0.5274929556
0.5281167006
0.5269637849
0.5277095137
0.5278722764
0.5279951054
0.5279096326
0.5271082839
0.5278175193
0.5273662681
0.5278286779
0.5279486397
0.5273956224
0.5282818192
0.5293761491
0.5285034954
0.5281133387
0.5265364008
0.5276279467
0.5270309856
0.5275946711
0.5285431408
0.5273181198
)
;
    }
    top
    {
        type            calculated;
        value           nonuniform List<scalar> 
200
(
0.5284906344
0.5266055404
0.5270233967
0.5281859288
0.5274440677
0.5283986661
0.5275763529
0.5269389323
0.5276141768
0.5281909621
0.5273880831
0.5272903182
0.5272620548
0.5281078233
0.5271690425
0.5273866698
0.5281018158
0.5279318464
0.5279866402
0.5274577736
0.528009189
0.5275077764
0.5270637157
0.5270489909
0.5279788815
0.5279114918
0.5277964397
0.5280012077
0.5281762583
0.5280695126
0.5275025027
0.5282728747
0.527084339
0.5268629645
0.5274483129
0.5275192472
0.527579342
0.5270891788
0.5270347313
0.5269898242
0.5263929254
0.5271293369
0.5273700987
0.5286593575
0.5279848184
0.5277963488
0.5271267296
0.5268037631
0.5285546559
0.527264967
0.5276736202
0.5268643977
0.5274631745
0.5276907346
0.5280085107
0.527146423
0.5273400031
0.5277375241
0.5273874082
0.5269798719
0.5270144525
0.5273932905
0.5278266938
0.5269781221
0.5275040516
0.5270991351
0.5268421063
0.5274184881
0.5278937502
0.5278009896
0.5278106116
0.5276588794
0.5275770383
0.5271544845
0.5275681126
0.5273896575
0.5280583045
0.5273372442
0.5275871554
0.5279583302
0.5271145
0.5267703176
0.5270307425
0.5281159589
0.5277774042
0.5274671009
0.5271079707
0.5277020872
0.5278987954
0.5273626904
0.5282777859
0.5273558021
0.527870918
0.5280999716
0.5276340348
0.5275945106
0.5276648702
0.5275302568
0.5267934722
0.5274318627
0.5267035119
0.5273513816
0.5277860742
0.5272861123
0.5287202465
0.527258835
0.5276682637
0.5279228667
0.5270087668
0.5284121933
0.5279257541
0.5281630874
0.5271794532
0.5275166737
0.5273827973
0.5279949055
0.5279452532
0.5293135787
0.5287827237
0.5291549396
0.5286102096
0.5278182793
0.5272971676
0.5274473301
0.52733749
0.5273365098
0.5278730822
0.5267227581
0.527567539
0.5276610993
0.5280788224
0.5289440778
0.5277217219
0.5269404232
0.5277154158
0.5279604084
0.5286196745
0.5282375222
0.5273680099
0.5280024134
0.5273347256
0.5278839131
0.5272940575
0.5278338012
0.5280645814
0.5278037487
0.5271453307
0.5271308988
0.5267855283
0.5270338561
0.5274687942
0.5273132426
0.528828445
0.5283099753
0.5277471356
0.5289642731
0.5281877602
0.5274732358
0.5280125191
0.5289715225
0.5277832291
0.5278572442
0.5272136978
0.5279576867
0.5280609178
0.5275445875
0.5276123449
0.5268835471
0.5269003987
0.5265423501
0.5268973762
0.5269390983
0.5279223208
0.5268399336
0.5278502386
0.5275381981
0.5283301559
0.5282650555
0.527564685
0.5273249702
0.5273588257
0.5283711496
0.5270936293
0.5272643529
0.5283643859
0.5276784786
0.5282228349
0.5278317171
0.5283248688
0.5276569979
0.5278814955
0.5265114086
0.527152313
0.5274933666
0.5283376542
0.5276739122
0.5275765208
0.5277545359
0.5278957154
0.52793271
)
;
    }
    inlet
    {
        type            cyclic;
    }
    outlet
    {
        type            cyclic;
    }
    back
    {
        type            symmetry;
    }
    front
    {
        type            symmetry;
    }
}


// ************************************************************************* //
