/*--------------------------------*- C++ -*----------------------------------*\
| =========                 |                                                 |
| \\      /  F ield         | OpenFOAM: The Open Source CFD Toolbox           |
|  \\    /   O peration     | Version:  v1706                                 |
|   \\  /    A nd           | Web:      www.OpenFOAM.com                      |
|    \\/     M anipulation  |                                                 |
\*---------------------------------------------------------------------------*/
FoamFile
{
    version     2.0;
    format      ascii;
    class       volScalarField;
    location    "0.29";
    object      rhoN_Ar;
}
// * * * * * * * * * * * * * * * * * * * * * * * * * * * * * * * * * * * * * //

dimensions      [0 -3 0 0 0 0 0];


internalField   nonuniform List<scalar> 
1000
(
1.399672678e+20
1.398169831e+20
1.401005288e+20
1.399908814e+20
1.402977356e+20
1.40212739e+20
1.401053492e+20
1.402816271e+20
1.401969966e+20
1.403408746e+20
1.405493695e+20
1.404219661e+20
1.402826034e+20
1.401059593e+20
1.402776e+20
1.40734861e+20
1.402949288e+20
1.403024949e+20
1.40169539e+20
1.402839458e+20
1.404518644e+20
1.403886508e+20
1.402025492e+20
1.401962644e+20
1.401738102e+20
1.402186576e+20
1.400598915e+20
1.40230678e+20
1.403922508e+20
1.403512475e+20
1.400636136e+20
1.402824814e+20
1.402951729e+20
1.403874305e+20
1.403637559e+20
1.401755186e+20
1.403778508e+20
1.400211458e+20
1.402249424e+20
1.401045559e+20
1.402901085e+20
1.402467864e+20
1.400709966e+20
1.402187186e+20
1.400861288e+20
1.400893627e+20
1.401848542e+20
1.40054339e+20
1.400660542e+20
1.402868136e+20
1.40076122e+20
1.401459864e+20
1.398997831e+20
1.401689288e+20
1.401852203e+20
1.402018169e+20
1.39985939e+20
1.398416949e+20
1.398431593e+20
1.397616407e+20
1.399095458e+20
1.400341424e+20
1.39805878e+20
1.401848542e+20
1.398257085e+20
1.399414576e+20
1.403588136e+20
1.40245261e+20
1.399326712e+20
1.399061898e+20
1.399115593e+20
1.397729898e+20
1.397963593e+20
1.398007525e+20
1.395152542e+20
1.397007458e+20
1.399079593e+20
1.402536814e+20
1.397527322e+20
1.39813261e+20
1.399667186e+20
1.399863051e+20
1.400559254e+20
1.398031322e+20
1.395914644e+20
1.397731729e+20
1.398629288e+20
1.398244881e+20
1.39626122e+20
1.397112407e+20
1.39744678e+20
1.397621898e+20
1.399161356e+20
1.398878847e+20
1.393939525e+20
1.394510034e+20
1.397173424e+20
1.395713288e+20
1.394582034e+20
1.397294847e+20
1.396533966e+20
1.397028203e+20
1.396408271e+20
1.39589939e+20
1.399385288e+20
1.397133153e+20
1.396764e+20
1.397035525e+20
1.39579139e+20
1.397491932e+20
1.400177898e+20
1.400576949e+20
1.398990508e+20
1.399349288e+20
1.39805939e+20
1.396040949e+20
1.396264271e+20
1.399410305e+20
1.396894576e+20
1.396199593e+20
1.395706576e+20
1.396659051e+20
1.397784814e+20
1.399820949e+20
1.398434034e+20
1.398057559e+20
1.397199051e+20
1.396582169e+20
1.396370441e+20
1.398210102e+20
1.397984339e+20
1.397853763e+20
1.396135525e+20
1.396705424e+20
1.397777492e+20
1.395870102e+20
1.394950576e+20
1.40079722e+20
1.397200881e+20
1.396742644e+20
1.399297424e+20
1.399612881e+20
1.398934373e+20
1.397925763e+20
1.39770061e+20
1.398200339e+20
1.397877559e+20
1.398042915e+20
1.397597492e+20
1.398645153e+20
1.39798678e+20
1.398342508e+20
1.397457763e+20
1.398475525e+20
1.399043593e+20
1.401267661e+20
1.397476068e+20
1.396767661e+20
1.396141627e+20
1.400282237e+20
1.401195051e+20
1.403341017e+20
1.397828746e+20
1.398034983e+20
1.400763051e+20
1.400823458e+20
1.400673356e+20
1.400886915e+20
1.400032678e+20
1.397350983e+20
1.399695864e+20
1.397777492e+20
1.399980203e+20
1.400897898e+20
1.395788949e+20
1.400554983e+20
1.402588068e+20
1.400282847e+20
1.399105831e+20
1.397285695e+20
1.400450644e+20
1.402039525e+20
1.400997356e+20
1.401486102e+20
1.400084542e+20
1.401458034e+20
1.401435458e+20
1.401058373e+20
1.399345627e+20
1.399165017e+20
1.402303729e+20
1.403585695e+20
1.400192542e+20
1.401541017e+20
1.397893424e+20
1.402226237e+20
1.402448949e+20
1.403185424e+20
1.403338576e+20
1.399836814e+20
1.402843119e+20
1.400853356e+20
1.400613559e+20
1.401230441e+20
1.403115254e+20
1.401597153e+20
1.400746576e+20
1.402630169e+20
1.403199458e+20
1.403224475e+20
1.404298373e+20
1.404425288e+20
1.404977492e+20
1.399436542e+20
1.403636949e+20
1.402678373e+20
1.402295797e+20
1.403075593e+20
1.404779797e+20
1.405173966e+20
1.402253695e+20
1.398488339e+20
1.40241539e+20
1.40058061e+20
1.400199864e+20
1.398511525e+20
1.404124475e+20
1.403865763e+20
1.404923186e+20
1.404697424e+20
1.403733356e+20
1.406525492e+20
1.403645492e+20
1.405330169e+20
1.401213966e+20
1.401998034e+20
1.402561831e+20
1.401403119e+20
1.399376136e+20
1.401934576e+20
1.401959593e+20
1.402915729e+20
1.402264068e+20
1.401761898e+20
1.399576881e+20
1.399944203e+20
1.400234644e+20
1.400898508e+20
1.401453153e+20
1.399394441e+20
1.400921085e+20
1.402635051e+20
1.402297627e+20
1.401830237e+20
1.400763661e+20
1.402992e+20
1.401404339e+20
1.399703186e+20
1.397309492e+20
1.397703051e+20
1.395998847e+20
1.397638983e+20
1.397488271e+20
1.39960678e+20
1.400553153e+20
1.397854373e+20
1.400517153e+20
1.400918034e+20
1.399477424e+20
1.397757966e+20
1.396877492e+20
1.397768339e+20
1.398555458e+20
1.398322983e+20
1.398676271e+20
1.399258983e+20
1.398978305e+20
1.399856339e+20
1.398781831e+20
1.399343797e+20
1.399258983e+20
1.39917478e+20
1.399474373e+20
1.398051458e+20
1.396298441e+20
1.396745085e+20
1.397593831e+20
1.397379051e+20
1.398517627e+20
1.398249153e+20
1.397971525e+20
1.398193627e+20
1.398540814e+20
1.39471322e+20
1.396603525e+20
1.397505356e+20
1.395980542e+20
1.396142847e+20
1.395777966e+20
1.396092814e+20
1.397169153e+20
1.395185492e+20
1.395713288e+20
1.397088e+20
1.395897559e+20
1.396441831e+20
1.395068949e+20
1.395876814e+20
1.398953898e+20
1.400338983e+20
1.398142983e+20
1.398615254e+20
1.397095322e+20
1.397777492e+20
1.395546712e+20
1.395183051e+20
1.396148339e+20
1.399532339e+20
1.396940949e+20
1.397010508e+20
1.397329627e+20
1.396661492e+20
1.396779864e+20
1.396903119e+20
1.397867186e+20
1.396246576e+20
1.397568814e+20
1.397870847e+20
1.395351458e+20
1.398106983e+20
1.398510915e+20
1.398359593e+20
1.397165492e+20
1.397069695e+20
1.397610915e+20
1.396587051e+20
1.398957559e+20
1.398142983e+20
1.397149627e+20
1.397402237e+20
1.39859939e+20
1.401029085e+20
1.398929492e+20
1.395804203e+20
1.396819525e+20
1.396669424e+20
1.398905085e+20
1.397306441e+20
1.397799458e+20
1.397011729e+20
1.400059525e+20
1.399060678e+20
1.400734373e+20
1.398952068e+20
1.400179119e+20
1.399440203e+20
1.397315593e+20
1.396502237e+20
1.400045492e+20
1.398826983e+20
1.401165763e+20
1.400157763e+20
1.399724542e+20
1.398014847e+20
1.399095458e+20
1.39867139e+20
1.399204068e+20
1.400892407e+20
1.399058237e+20
1.401973627e+20
1.398992339e+20
1.400982102e+20
1.401200542e+20
1.399869153e+20
1.400362169e+20
1.401304881e+20
1.400703864e+20
1.401396407e+20
1.400394508e+20
1.398922169e+20
1.400475661e+20
1.400806373e+20
1.399358441e+20
1.401749085e+20
1.40367478e+20
1.400618441e+20
1.400880814e+20
1.39975139e+20
1.400622712e+20
1.398725085e+20
1.401820475e+20
1.401127932e+20
1.401727119e+20
1.40119139e+20
1.398855661e+20
1.399237627e+20
1.400114441e+20
1.399049085e+20
1.401068136e+20
1.402035864e+20
1.401015661e+20
1.401937627e+20
1.400968068e+20
1.399733695e+20
1.400422576e+20
1.398291254e+20
1.399131458e+20
1.400410373e+20
1.402510576e+20
1.403205559e+20
1.407379119e+20
1.405487593e+20
1.406000136e+20
1.404552203e+20
1.40313661e+20
1.403091458e+20
1.403267797e+20
1.404008542e+20
1.404868881e+20
1.403020678e+20
1.400677627e+20
1.400203525e+20
1.402771729e+20
1.401641085e+20
1.403170169e+20
1.403631458e+20
1.402710712e+20
1.404133017e+20
1.398916678e+20
1.403129898e+20
1.405012271e+20
1.402995661e+20
1.402854102e+20
1.401749695e+20
1.403086576e+20
1.403990237e+20
1.400894237e+20
1.4004e+20
1.402016339e+20
1.404608949e+20
1.400672746e+20
1.400018034e+20
1.400827119e+20
1.402514847e+20
1.400806983e+20
1.400992475e+20
1.399567729e+20
1.401326237e+20
1.403372746e+20
1.400567797e+20
1.401356746e+20
1.401393966e+20
1.401893695e+20
1.404243458e+20
1.403228746e+20
1.401391525e+20
1.403300746e+20
1.399853898e+20
1.398855661e+20
1.398005695e+20
1.400548881e+20
1.398823322e+20
1.397696339e+20
1.399399932e+20
1.398042305e+20
1.399521966e+20
1.399259593e+20
1.401382983e+20
1.399061288e+20
1.401530034e+20
1.39762861e+20
1.397393085e+20
1.396857356e+20
1.396569356e+20
1.397767729e+20
1.398858102e+20
1.398341898e+20
1.397043458e+20
1.399991186e+20
1.397131932e+20
1.399913695e+20
1.400606237e+20
1.399066169e+20
1.397855593e+20
1.398317492e+20
1.398903864e+20
1.395917085e+20
1.395399051e+20
1.398989898e+20
1.397070305e+20
1.397536475e+20
1.395589424e+20
1.396951932e+20
1.396376542e+20
1.395466169e+20
1.399004542e+20
1.397026373e+20
1.39755478e+20
1.395573559e+20
1.395612e+20
1.397277763e+20
1.397080678e+20
1.396419254e+20
1.394520407e+20
1.394748e+20
1.398510305e+20
1.399591525e+20
1.397038576e+20
1.397754305e+20
1.399299864e+20
1.397324136e+20
1.398428542e+20
1.397580407e+20
1.397406508e+20
1.396332e+20
1.396393017e+20
1.396266712e+20
1.398610373e+20
1.395579661e+20
1.397634102e+20
1.396239254e+20
1.395741356e+20
1.397950169e+20
1.398196068e+20
1.399471322e+20
1.398524339e+20
1.399407864e+20
1.397316814e+20
1.396004339e+20
1.399736746e+20
1.398046576e+20
1.398198508e+20
1.398865424e+20
1.398264407e+20
1.398609153e+20
1.396679797e+20
1.399574441e+20
1.399867932e+20
1.398141153e+20
1.398218034e+20
1.398269898e+20
1.400495797e+20
1.399803254e+20
1.399777017e+20
1.399457898e+20
1.401461695e+20
1.398092949e+20
1.396989153e+20
1.397827525e+20
1.395894508e+20
1.399134508e+20
1.399694644e+20
1.400649559e+20
1.400263322e+20
1.398855661e+20
1.398283932e+20
1.399010644e+20
1.398551797e+20
1.400361559e+20
1.400368881e+20
1.400772203e+20
1.400567186e+20
1.396677356e+20
1.400919864e+20
1.398884949e+20
1.399118644e+20
1.399136339e+20
1.397762237e+20
1.400496407e+20
1.401509288e+20
1.401601424e+20
1.399925288e+20
1.400080271e+20
1.401114508e+20
1.398835525e+20
1.39888922e+20
1.396630373e+20
1.399459119e+20
1.399001492e+20
1.401449492e+20
1.401040678e+20
1.400139458e+20
1.400476271e+20
1.399925288e+20
1.400052203e+20
1.402000475e+20
1.397151458e+20
1.398676271e+20
1.400217559e+20
1.400150441e+20
1.401870508e+20
1.399864881e+20
1.400029017e+20
1.397910508e+20
1.40220122e+20
1.402520339e+20
1.401704542e+20
1.397889763e+20
1.40018278e+20
1.403522847e+20
1.398726915e+20
1.399278508e+20
1.401232881e+20
1.40068678e+20
1.400700814e+20
1.400754508e+20
1.399745288e+20
1.401330508e+20
1.402074915e+20
1.404139729e+20
1.404292881e+20
1.403270847e+20
1.403957288e+20
1.403262915e+20
1.402096271e+20
1.402089559e+20
1.402577695e+20
1.400569017e+20
1.403974373e+20
1.403492339e+20
1.400425017e+20
1.403483186e+20
1.400994305e+20
1.401290847e+20
1.40436e+20
1.403546034e+20
1.403632678e+20
1.402697288e+20
1.402043797e+20
1.404657153e+20
1.401063254e+20
1.402513017e+20
1.40202061e+20
1.403904203e+20
1.404245288e+20
1.402409898e+20
1.400640407e+20
1.400693492e+20
1.403516136e+20
1.401552e+20
1.401629492e+20
1.400366441e+20
1.398829424e+20
1.398545695e+20
1.400385356e+20
1.400504339e+20
1.399890508e+20
1.401284136e+20
1.403413017e+20
1.403823661e+20
1.399658644e+20
1.399674508e+20
1.401994373e+20
1.406362576e+20
1.400584271e+20
1.397358305e+20
1.401332949e+20
1.401774712e+20
1.398151525e+20
1.398104542e+20
1.400850305e+20
1.400395729e+20
1.397621898e+20
1.397698169e+20
1.399878915e+20
1.399366373e+20
1.398977085e+20
1.401633153e+20
1.400382305e+20
1.400236475e+20
1.39611722e+20
1.399658034e+20
1.397383932e+20
1.398142983e+20
1.398257085e+20
1.399574441e+20
1.398427932e+20
1.399266915e+20
1.401302441e+20
1.400410373e+20
1.399902102e+20
1.39741322e+20
1.39795139e+20
1.397492542e+20
1.399343797e+20
1.395338034e+20
1.397533424e+20
1.397045898e+20
1.398495051e+20
1.397451051e+20
1.395636407e+20
1.395650441e+20
1.396712746e+20
1.395619932e+20
1.395322169e+20
1.394881017e+20
1.396423525e+20
1.39640461e+20
1.396370441e+20
1.397762847e+20
1.395717559e+20
1.397114237e+20
1.397436407e+20
1.39507261e+20
1.39856461e+20
1.396971458e+20
1.397575525e+20
1.395687661e+20
1.396933627e+20
1.397058102e+20
1.397374169e+20
1.398800136e+20
1.395983593e+20
1.396899458e+20
1.400086373e+20
1.397617627e+20
1.398292475e+20
1.396862847e+20
1.398027661e+20
1.398361424e+20
1.396707254e+20
1.396312475e+20
1.394977424e+20
1.398121017e+20
1.396984271e+20
1.397350373e+20
1.399254102e+20
1.396806102e+20
1.395489356e+20
1.398392542e+20
1.397182576e+20
1.40065078e+20
1.399238847e+20
1.39762678e+20
1.399344407e+20
1.400639797e+20
1.398867864e+20
1.399365153e+20
1.400656271e+20
1.398844068e+20
1.397741492e+20
1.400203525e+20
1.400469559e+20
1.39896122e+20
1.399682441e+20
1.400462237e+20
1.396073288e+20
1.398335797e+20
1.398379119e+20
1.398374847e+20
1.398991119e+20
1.399509153e+20
1.400204746e+20
1.400328e+20
1.397974576e+20
1.394445356e+20
1.398897763e+20
1.399172949e+20
1.399676339e+20
1.402441627e+20
1.402796136e+20
1.398830034e+20
1.399723322e+20
1.398626237e+20
1.398271119e+20
1.398877017e+20
1.400115051e+20
1.399975322e+20
1.400528746e+20
1.402214644e+20
1.404021356e+20
1.401465966e+20
1.400416475e+20
1.400213898e+20
1.401765559e+20
1.398614644e+20
1.398223525e+20
1.398639051e+20
1.399701966e+20
1.398297356e+20
1.40090461e+20
1.401228e+20
1.399569559e+20
1.400700203e+20
1.398450508e+20
1.400755729e+20
1.402802237e+20
1.402390983e+20
1.400589763e+20
1.401577627e+20
1.402910237e+20
1.399089966e+20
1.399665966e+20
1.401045559e+20
1.401414102e+20
1.40324278e+20
1.402727797e+20
1.40148061e+20
1.400148e+20
1.400775254e+20
1.401555661e+20
1.399554915e+20
1.398106373e+20
1.401996814e+20
1.401562983e+20
1.404149492e+20
1.400864949e+20
1.399516475e+20
1.398809898e+20
1.401282915e+20
1.401601424e+20
1.403024949e+20
1.404406983e+20
1.405452814e+20
1.401272542e+20
1.403123797e+20
1.404317288e+20
1.401285356e+20
1.404814576e+20
1.403535661e+20
1.401927254e+20
1.401099254e+20
1.40029322e+20
1.401988271e+20
1.402268949e+20
1.403897492e+20
1.404084203e+20
1.403432542e+20
1.403281831e+20
1.405060475e+20
1.401693559e+20
1.402692407e+20
1.402389153e+20
1.401189559e+20
1.404320339e+20
1.40147878e+20
1.402259797e+20
1.400810034e+20
1.40061478e+20
1.399124136e+20
1.399869153e+20
1.400820407e+20
1.400063186e+20
1.402711322e+20
1.400237695e+20
1.401237763e+20
1.398810508e+20
1.399626305e+20
1.402567322e+20
1.40097478e+20
1.401380542e+20
1.399412746e+20
1.400526305e+20
1.40144339e+20
1.403233017e+20
1.398861763e+20
1.401019932e+20
1.401462915e+20
1.400582441e+20
1.399221763e+20
1.398705559e+20
1.398304068e+20
1.398044136e+20
1.396195932e+20
1.400388407e+20
1.397622508e+20
1.398742169e+20
1.400299932e+20
1.400243797e+20
1.400091864e+20
1.399905153e+20
1.397618237e+20
1.398416339e+20
1.398355322e+20
1.399362102e+20
1.397687186e+20
1.399280949e+20
1.398668949e+20
1.398496271e+20
1.402002305e+20
1.400570237e+20
1.398785492e+20
1.398676881e+20
1.40173261e+20
1.399620203e+20
1.396349695e+20
1.395950644e+20
1.397541356e+20
1.397703051e+20
1.395607729e+20
1.398554847e+20
1.397067254e+20
1.39629539e+20
1.396535797e+20
1.396681627e+20
1.39777322e+20
1.39611478e+20
1.396493085e+20
1.39460522e+20
1.396748136e+20
1.39467539e+20
1.39690861e+20
1.396308203e+20
1.395847525e+20
1.399590915e+20
1.396359458e+20
1.398017288e+20
1.396677356e+20
1.395383186e+20
1.397639593e+20
1.398233898e+20
1.397817763e+20
1.395724881e+20
1.397529763e+20
1.395533288e+20
1.396892136e+20
1.397139864e+20
1.400902169e+20
1.399240068e+20
1.399338305e+20
1.399150983e+20
1.396541898e+20
1.396671254e+20
1.397966034e+20
1.395599797e+20
1.395535729e+20
1.395829831e+20
1.395262373e+20
1.395782237e+20
1.39622339e+20
1.399503661e+20
1.399301085e+20
1.400060136e+20
1.397479119e+20
1.398941695e+20
1.398268068e+20
1.399949695e+20
1.400266983e+20
1.398047797e+20
1.400514102e+20
1.398193627e+20
1.397272881e+20
1.397676814e+20
1.398014847e+20
1.399302305e+20
1.399130847e+20
1.398355932e+20
1.39733878e+20
1.396234373e+20
1.399285831e+20
1.396138576e+20
1.394331254e+20
1.399403593e+20
1.39906678e+20
1.398812339e+20
1.400409153e+20
1.397582237e+20
1.397901966e+20
1.399603729e+20
1.402732678e+20
1.400083932e+20
1.400311525e+20
1.399347458e+20
1.399457288e+20
1.398072814e+20
1.398885559e+20
1.400979051e+20
1.398944136e+20
1.400568407e+20
1.398193017e+20
1.398561559e+20
1.399590915e+20
1.403329424e+20
1.401688678e+20
1.401559932e+20
1.399957017e+20
1.399050915e+20
1.401467797e+20
1.400014983e+20
1.398842237e+20
1.399846576e+20
1.401523932e+20
1.400034508e+20
1.400484203e+20
1.402907186e+20
1.402095661e+20
1.403129898e+20
1.401008339e+20
1.400452475e+20
1.399780068e+20
1.402735119e+20
1.399050915e+20
1.398908136e+20
1.400465288e+20
1.402007797e+20
1.400121763e+20
1.40000278e+20
1.401996814e+20
1.403015797e+20
1.401508068e+20
)
;

boundaryField
{
    bottom
    {
        type            calculated;
        value           nonuniform List<scalar> 
200
(
1.399672678e+20
1.398169831e+20
1.401005288e+20
1.399908814e+20
1.402977356e+20
1.40212739e+20
1.401053492e+20
1.402816271e+20
1.401969966e+20
1.403408746e+20
1.405493695e+20
1.404219661e+20
1.402826034e+20
1.401059593e+20
1.402776e+20
1.40734861e+20
1.402949288e+20
1.403024949e+20
1.40169539e+20
1.402839458e+20
1.404518644e+20
1.403886508e+20
1.402025492e+20
1.401962644e+20
1.401738102e+20
1.402186576e+20
1.400598915e+20
1.40230678e+20
1.403922508e+20
1.403512475e+20
1.400636136e+20
1.402824814e+20
1.402951729e+20
1.403874305e+20
1.403637559e+20
1.401755186e+20
1.403778508e+20
1.400211458e+20
1.402249424e+20
1.401045559e+20
1.402901085e+20
1.402467864e+20
1.400709966e+20
1.402187186e+20
1.400861288e+20
1.400893627e+20
1.401848542e+20
1.40054339e+20
1.400660542e+20
1.402868136e+20
1.40076122e+20
1.401459864e+20
1.398997831e+20
1.401689288e+20
1.401852203e+20
1.402018169e+20
1.39985939e+20
1.398416949e+20
1.398431593e+20
1.397616407e+20
1.399095458e+20
1.400341424e+20
1.39805878e+20
1.401848542e+20
1.398257085e+20
1.399414576e+20
1.403588136e+20
1.40245261e+20
1.399326712e+20
1.399061898e+20
1.399115593e+20
1.397729898e+20
1.397963593e+20
1.398007525e+20
1.395152542e+20
1.397007458e+20
1.399079593e+20
1.402536814e+20
1.397527322e+20
1.39813261e+20
1.399667186e+20
1.399863051e+20
1.400559254e+20
1.398031322e+20
1.395914644e+20
1.397731729e+20
1.398629288e+20
1.398244881e+20
1.39626122e+20
1.397112407e+20
1.39744678e+20
1.397621898e+20
1.399161356e+20
1.398878847e+20
1.393939525e+20
1.394510034e+20
1.397173424e+20
1.395713288e+20
1.394582034e+20
1.397294847e+20
1.396533966e+20
1.397028203e+20
1.396408271e+20
1.39589939e+20
1.399385288e+20
1.397133153e+20
1.396764e+20
1.397035525e+20
1.39579139e+20
1.397491932e+20
1.400177898e+20
1.400576949e+20
1.398990508e+20
1.399349288e+20
1.39805939e+20
1.396040949e+20
1.396264271e+20
1.399410305e+20
1.396894576e+20
1.396199593e+20
1.395706576e+20
1.396659051e+20
1.397784814e+20
1.399820949e+20
1.398434034e+20
1.398057559e+20
1.397199051e+20
1.396582169e+20
1.396370441e+20
1.398210102e+20
1.397984339e+20
1.397853763e+20
1.396135525e+20
1.396705424e+20
1.397777492e+20
1.395870102e+20
1.394950576e+20
1.40079722e+20
1.397200881e+20
1.396742644e+20
1.399297424e+20
1.399612881e+20
1.398934373e+20
1.397925763e+20
1.39770061e+20
1.398200339e+20
1.397877559e+20
1.398042915e+20
1.397597492e+20
1.398645153e+20
1.39798678e+20
1.398342508e+20
1.397457763e+20
1.398475525e+20
1.399043593e+20
1.401267661e+20
1.397476068e+20
1.396767661e+20
1.396141627e+20
1.400282237e+20
1.401195051e+20
1.403341017e+20
1.397828746e+20
1.398034983e+20
1.400763051e+20
1.400823458e+20
1.400673356e+20
1.400886915e+20
1.400032678e+20
1.397350983e+20
1.399695864e+20
1.397777492e+20
1.399980203e+20
1.400897898e+20
1.395788949e+20
1.400554983e+20
1.402588068e+20
1.400282847e+20
1.399105831e+20
1.397285695e+20
1.400450644e+20
1.402039525e+20
1.400997356e+20
1.401486102e+20
1.400084542e+20
1.401458034e+20
1.401435458e+20
1.401058373e+20
1.399345627e+20
1.399165017e+20
1.402303729e+20
1.403585695e+20
1.400192542e+20
1.401541017e+20
1.397893424e+20
1.402226237e+20
1.402448949e+20
1.403185424e+20
1.403338576e+20
1.399836814e+20
)
;
    }
    top
    {
        type            calculated;
        value           nonuniform List<scalar> 
200
(
1.401555661e+20
1.399554915e+20
1.398106373e+20
1.401996814e+20
1.401562983e+20
1.404149492e+20
1.400864949e+20
1.399516475e+20
1.398809898e+20
1.401282915e+20
1.401601424e+20
1.403024949e+20
1.404406983e+20
1.405452814e+20
1.401272542e+20
1.403123797e+20
1.404317288e+20
1.401285356e+20
1.404814576e+20
1.403535661e+20
1.401927254e+20
1.401099254e+20
1.40029322e+20
1.401988271e+20
1.402268949e+20
1.403897492e+20
1.404084203e+20
1.403432542e+20
1.403281831e+20
1.405060475e+20
1.401693559e+20
1.402692407e+20
1.402389153e+20
1.401189559e+20
1.404320339e+20
1.40147878e+20
1.402259797e+20
1.400810034e+20
1.40061478e+20
1.399124136e+20
1.399869153e+20
1.400820407e+20
1.400063186e+20
1.402711322e+20
1.400237695e+20
1.401237763e+20
1.398810508e+20
1.399626305e+20
1.402567322e+20
1.40097478e+20
1.401380542e+20
1.399412746e+20
1.400526305e+20
1.40144339e+20
1.403233017e+20
1.398861763e+20
1.401019932e+20
1.401462915e+20
1.400582441e+20
1.399221763e+20
1.398705559e+20
1.398304068e+20
1.398044136e+20
1.396195932e+20
1.400388407e+20
1.397622508e+20
1.398742169e+20
1.400299932e+20
1.400243797e+20
1.400091864e+20
1.399905153e+20
1.397618237e+20
1.398416339e+20
1.398355322e+20
1.399362102e+20
1.397687186e+20
1.399280949e+20
1.398668949e+20
1.398496271e+20
1.402002305e+20
1.400570237e+20
1.398785492e+20
1.398676881e+20
1.40173261e+20
1.399620203e+20
1.396349695e+20
1.395950644e+20
1.397541356e+20
1.397703051e+20
1.395607729e+20
1.398554847e+20
1.397067254e+20
1.39629539e+20
1.396535797e+20
1.396681627e+20
1.39777322e+20
1.39611478e+20
1.396493085e+20
1.39460522e+20
1.396748136e+20
1.39467539e+20
1.39690861e+20
1.396308203e+20
1.395847525e+20
1.399590915e+20
1.396359458e+20
1.398017288e+20
1.396677356e+20
1.395383186e+20
1.397639593e+20
1.398233898e+20
1.397817763e+20
1.395724881e+20
1.397529763e+20
1.395533288e+20
1.396892136e+20
1.397139864e+20
1.400902169e+20
1.399240068e+20
1.399338305e+20
1.399150983e+20
1.396541898e+20
1.396671254e+20
1.397966034e+20
1.395599797e+20
1.395535729e+20
1.395829831e+20
1.395262373e+20
1.395782237e+20
1.39622339e+20
1.399503661e+20
1.399301085e+20
1.400060136e+20
1.397479119e+20
1.398941695e+20
1.398268068e+20
1.399949695e+20
1.400266983e+20
1.398047797e+20
1.400514102e+20
1.398193627e+20
1.397272881e+20
1.397676814e+20
1.398014847e+20
1.399302305e+20
1.399130847e+20
1.398355932e+20
1.39733878e+20
1.396234373e+20
1.399285831e+20
1.396138576e+20
1.394331254e+20
1.399403593e+20
1.39906678e+20
1.398812339e+20
1.400409153e+20
1.397582237e+20
1.397901966e+20
1.399603729e+20
1.402732678e+20
1.400083932e+20
1.400311525e+20
1.399347458e+20
1.399457288e+20
1.398072814e+20
1.398885559e+20
1.400979051e+20
1.398944136e+20
1.400568407e+20
1.398193017e+20
1.398561559e+20
1.399590915e+20
1.403329424e+20
1.401688678e+20
1.401559932e+20
1.399957017e+20
1.399050915e+20
1.401467797e+20
1.400014983e+20
1.398842237e+20
1.399846576e+20
1.401523932e+20
1.400034508e+20
1.400484203e+20
1.402907186e+20
1.402095661e+20
1.403129898e+20
1.401008339e+20
1.400452475e+20
1.399780068e+20
1.402735119e+20
1.399050915e+20
1.398908136e+20
1.400465288e+20
1.402007797e+20
1.400121763e+20
1.40000278e+20
1.401996814e+20
1.403015797e+20
1.401508068e+20
)
;
    }
    inlet
    {
        type            cyclic;
    }
    outlet
    {
        type            cyclic;
    }
    back
    {
        type            symmetry;
    }
    front
    {
        type            symmetry;
    }
}


// ************************************************************************* //
