/*--------------------------------*- C++ -*----------------------------------*\
| =========                 |                                                 |
| \\      /  F ield         | OpenFOAM: The Open Source CFD Toolbox           |
|  \\    /   O peration     | Version:  v1706                                 |
|   \\  /    A nd           | Web:      www.OpenFOAM.com                      |
|    \\/     M anipulation  |                                                 |
\*---------------------------------------------------------------------------*/
FoamFile
{
    version     2.0;
    format      ascii;
    class       volScalarField;
    location    "0.29";
    object      translationalT_Ar;
}
// * * * * * * * * * * * * * * * * * * * * * * * * * * * * * * * * * * * * * //

dimensions      [0 0 0 1 0 0 0];


internalField   nonuniform List<scalar> 
1000
(
272.5907827
272.6956694
272.645411
272.8854026
272.7338567
272.9865338
272.6198894
272.5727711
272.3963966
272.1885434
272.3241369
272.5161116
272.8418347
272.7279537
272.2591612
271.9984453
272.8516088
272.557511
272.4581648
272.3199464
272.320035
272.3889971
272.4041617
272.343845
272.3783578
272.0631946
272.4312387
272.6846595
272.5562117
272.1693475
272.4868109
272.4594813
272.346204
272.3531339
272.0152665
272.4532621
272.5703146
272.5582212
272.5513232
272.6280258
272.4524581
272.8173271
272.8334945
272.6296052
272.5923266
273.1123652
272.9914151
272.9293211
272.8247015
272.4949124
272.3738394
272.5071659
273.0014473
272.6064819
272.7121239
272.5253694
272.9421611
273.0499355
272.9644953
273.0228535
272.9681549
272.6480095
272.7656137
272.7358967
273.3340902
273.4184299
272.663708
272.5464714
272.7712575
272.7821121
273.0113504
273.1693316
273.2382121
273.2188707
273.3524001
273.0969089
273.1470198
272.8650058
273.3868683
273.2308528
273.14264
273.1873333
273.0699664
273.1186479
273.3731244
273.3039354
273.467636
273.8052709
273.5782503
273.2783514
273.3406345
273.3440393
273.8366592
273.854019
273.9899419
273.7807999
274.0327226
273.8748505
273.4165379
273.2421105
273.5289464
273.959015
273.7320396
273.2649073
273.1870033
273.4950774
273.3971782
273.3662942
273.5561818
273.3243394
273.3913237
273.1907964
273.3540318
273.779364
273.4877058
273.5212534
273.7565925
273.4555422
273.7777792
273.88637
273.8248937
274.0315121
273.9489766
273.6667947
273.6803819
273.5848469
273.5401771
273.6935413
273.6200709
273.4770528
273.1834243
273.0579538
273.5087963
273.5483991
273.4676464
273.3934835
273.3883311
273.1170378
273.4097773
273.2903333
273.5774426
273.3112898
273.3282734
273.8215886
273.2264244
273.3554752
273.7769075
273.9400857
273.6746863
273.155687
272.9199281
273.4028503
273.330507
273.4189138
273.5865579
273.0265855
273.2728786
273.4873183
273.4549579
273.3721169
272.8062835
272.9842554
273.472343
273.2325935
272.9408622
273.246578
273.0979498
273.1729206
272.7773691
273.1900363
272.7448265
273.2966243
272.4197117
272.507785
273.1482211
272.6821575
272.3425273
272.8458157
273.3982546
273.1567643
272.9251257
272.6999129
272.966269
272.8269035
272.6854614
272.7847619
272.5559385
272.8683442
273.2644164
273.0134137
272.8600653
273.1755586
273.3861484
272.9214861
272.8165681
272.5373975
272.1858166
272.3339207
272.7937276
272.8422907
272.9219671
272.8129401
272.8785354
272.7784085
272.4324687
272.958464
272.8421303
272.4600229
272.5285473
272.3034006
271.9310465
272.3642292
272.3981031
272.6125931
272.2489908
271.9187582
272.4600303
272.3030128
272.451424
272.3053564
272.150864
272.866992
272.5038025
272.4994454
272.66985
272.7929313
272.3405395
272.3929137
272.4194077
272.0953017
272.1784097
272.1387321
272.1434768
272.2218349
272.5302137
272.2949708
272.6160679
272.6990357
272.6531104
272.448697
273.0059645
272.5724115
272.6941574
272.6840522
273.0202161
272.8392572
272.8187208
272.7049616
272.455132
272.7554081
272.500693
272.3890703
272.8055236
272.5866035
272.5135586
272.7467647
273.005181
272.7683176
273.1433043
273.1241495
273.4220796
273.1775719
273.2097384
273.10152
273.3403728
272.9949947
273.0219267
272.9265247
272.7722768
273.2353725
273.1683954
273.4925216
273.1936408
272.9670555
273.274592
273.4374415
273.4776916
273.3864615
273.4849032
272.9885003
273.3064371
273.0292902
273.3085896
273.1831012
273.2341054
273.2372053
273.2069095
273.5800696
273.5213224
273.5273797
273.4677441
273.1105542
273.2498236
273.7305722
273.5035287
273.6298012
273.8763524
273.9499323
273.3071412
273.6865169
273.6950257
273.9190288
273.7543323
273.6009617
273.665123
273.7377988
273.2965628
273.3967156
273.0935511
273.0806489
273.3029407
273.5198225
273.4124735
273.5871201
273.6154264
273.8830997
273.6611306
273.7198447
273.628703
274.0669122
273.6248147
273.4354226
273.7310125
273.8897203
273.6245542
273.7369088
273.49557
273.7202614
273.5434882
273.332109
273.4265784
273.3533195
273.398826
273.4974093
273.6294975
274.049858
273.3608214
273.7761256
273.6188171
273.7219063
273.5771216
272.9624589
273.3057536
273.6587753
273.7327334
273.4187639
273.5291717
273.5318257
273.5129529
273.3697031
273.3102535
273.1464105
273.0228447
273.3424107
273.2130503
273.2930923
273.0507607
273.3422258
273.4005258
273.3312265
273.3043155
272.942538
273.1945235
273.2911824
273.2406825
273.0472779
273.3043017
273.1148504
272.9455099
272.7406282
272.9357452
272.7977413
272.7831634
272.8348665
272.9005242
272.8259796
273.1013516
272.7765333
272.9600571
272.8799905
273.2707798
272.9452093
272.6207247
273.0345762
272.7394439
272.5644179
272.8972056
272.9149405
273.2460403
273.3666557
272.8972979
273.0214651
273.1102226
273.288068
273.1695057
272.7823858
272.5939694
273.1817332
272.6877881
272.5949336
272.6699676
272.9676037
272.8657798
272.8762864
273.1853141
273.054225
273.1098542
273.0132903
272.7473361
272.127497
271.925081
272.5183988
272.1616787
272.319568
272.179982
272.6710211
272.2773923
272.5933752
272.2413548
272.0232375
272.8189817
272.8377892
272.5342983
272.3970532
272.2258329
272.3819373
272.58159
272.5522085
272.6524676
272.3083205
271.9524151
272.4108575
272.3404132
272.6121789
272.0986364
272.7056523
272.7637829
272.6325751
272.448068
272.6425654
272.9041961
272.7167815
272.7697356
272.9647054
272.8299389
272.9822621
272.9957698
272.774766
272.6054628
272.7500437
272.8731696
272.7369993
272.709808
272.5852051
272.771101
273.0143825
272.7908193
272.7466543
272.9941673
273.0791935
273.4285925
273.1265783
273.3576338
273.0743151
273.4511742
273.2206067
273.0691333
272.4731378
272.7885284
272.8046085
272.8653175
273.0491489
273.1560634
273.1490887
273.3814143
273.4304775
273.4044898
273.4480861
273.2696655
273.2836348
273.1417065
272.9716211
273.1048981
272.8572019
273.0185155
273.4038958
273.4017056
273.972628
273.4290436
273.5576594
273.4413682
273.342743
273.3557182
273.757733
273.6461611
273.4550207
273.5978983
273.6709727
273.8620663
273.6252075
273.7529828
273.7032543
273.4734895
273.7839285
273.7169693
273.7961374
273.3055689
273.8043251
273.4773873
273.324129
273.1039523
273.8720222
273.2277214
273.5799352
273.625103
273.9584722
273.7273542
273.4177423
273.7401222
273.618747
273.5293323
273.5851472
273.448337
273.491755
273.3680807
273.62135
273.6125905
273.6309426
273.8187119
273.7030018
273.6161413
273.5163503
273.264926
273.5662717
273.4588564
273.554535
273.2261944
273.205176
273.5020339
273.7748598
273.8602047
273.3525711
273.2920173
273.4175405
273.2768064
273.0329241
273.2270621
273.3518607
273.3181192
273.4272469
273.4089189
273.0021295
273.5046928
273.0061602
273.4675246
273.2132664
273.0048709
273.0216612
273.0111562
273.1104019
272.892098
273.2997519
273.2706732
273.3615322
273.3430841
273.2613226
273.0925047
273.3190197
272.7806244
272.7812288
272.6104095
272.7354974
273.1585181
272.889296
272.9450248
273.0568722
273.1412267
273.2768363
272.8484142
272.7275404
272.6145433
273.3867231
273.0412842
273.0988215
272.8604746
273.0581904
273.1012759
273.2137772
273.2504987
273.0103963
272.580067
272.982538
273.0643176
273.1144876
272.6412625
272.8840965
272.8835127
273.3885321
273.0886266
272.6624136
272.780943
272.7072838
272.7905502
273.1109795
273.3383206
273.0465906
272.8637994
273.0043252
272.5369077
272.517262
272.7970354
272.3274767
271.9328757
272.2148111
272.4559369
272.4961451
272.7737168
272.386724
272.6474899
272.7096416
272.8546252
272.9534353
272.6896192
272.6290606
272.3601234
272.3375618
272.3412981
272.6954537
272.6030823
272.2488316
272.4519599
272.3759926
272.3238656
272.1334865
272.258346
272.2038575
272.7848197
272.9458109
272.6887864
272.5816015
272.6946622
272.9397
273.0830636
272.8882996
273.0048908
273.0412458
272.7263036
272.9194671
272.3737535
272.7435173
272.9332672
273.0088521
272.7072386
272.7655099
272.5960215
273.102983
272.9503244
272.7914837
273.1515182
272.9287279
272.7860865
273.0104467
273.4100126
273.2776355
273.4417651
273.008312
273.151646
272.7763361
272.6214237
272.8813165
272.882482
272.8711822
273.3259026
273.3169319
273.4824577
273.0163014
272.8344647
273.343058
273.1680759
273.1179906
273.0581654
272.9752219
272.9076706
273.2172454
273.525615
273.4585297
273.3970019
273.3316694
273.2798427
273.3156015
273.8219776
273.4888741
273.7472963
273.690927
273.7801049
273.7482681
273.7140329
273.6133422
273.4259912
273.358958
273.4313788
273.4133711
273.7550659
273.8850784
273.580606
273.9563863
273.5197397
273.838842
273.6462884
273.5067037
273.6732994
273.1815974
273.3582161
273.5512728
273.6125527
273.6323126
273.7621794
273.4364396
273.440754
273.1425676
273.1261702
273.4625146
273.931056
273.4764069
273.5773055
273.3822924
273.5402983
273.8249532
273.8374801
273.4220843
273.4354692
273.1199494
273.7321912
273.6742936
273.200806
273.386305
273.4078246
273.4586455
273.0277977
273.358845
273.400384
273.2459973
272.9950992
273.2854961
273.2268777
273.3300433
273.5605036
273.1442752
273.5658294
273.0485459
273.3529098
273.2329513
273.3976799
273.1225017
273.6934099
273.8390235
273.6435555
273.332849
273.3418703
272.754185
272.8666989
273.2159076
273.2582539
273.6722381
273.4594811
272.6949553
273.1253169
272.9221468
272.5062837
272.5396892
272.6864637
272.635795
272.5755846
272.7489037
272.7189245
272.8226323
273.2347867
273.0736156
272.4274562
272.9031217
272.5264455
272.8382095
273.0044041
272.6758002
272.6326303
273.3139145
272.6697317
272.727452
272.7576784
273.0933772
272.7292287
272.7554884
272.8164732
272.7634936
272.7058295
272.655333
272.6661002
273.0047599
272.994243
273.0569305
273.1136135
272.528473
273.0273056
272.8702591
272.5713443
272.5616617
272.7755594
272.7085001
273.1958906
273.0118774
272.5349379
272.2079507
271.9255029
272.1590214
272.4856836
272.2385111
272.3759896
272.8774701
272.2201892
272.1953166
272.7924867
272.6944927
272.6217718
272.2845558
272.7103602
272.3592445
272.2636772
272.4957769
272.6153943
272.2152683
272.5761477
272.7798387
272.224978
272.3436047
272.0383453
272.6265743
272.5057696
272.5343568
272.5441935
272.811318
272.3572893
272.5531026
272.8250658
272.9757225
273.1090383
272.8167
272.9433739
272.6171512
272.9496799
272.5931901
272.7254724
272.690137
272.7829845
272.7220872
272.5382926
272.9435699
272.6231968
272.7424691
272.7328696
272.7871315
272.9057128
273.1803028
273.4556309
273.377407
272.830988
273.1610794
272.8093256
272.803969
273.0607419
273.0423863
273.0837816
273.451994
273.2535411
273.0465972
273.0642421
273.2989907
273.3338121
273.0800128
273.2431629
272.7516093
272.5941131
272.7637039
272.919744
272.8855362
273.1221941
273.6009401
273.4928159
273.4894302
273.5597264
273.6922111
273.5893886
273.4027118
273.821052
273.892711
273.622486
273.3883194
273.7495788
273.6056032
273.5933272
273.5046188
273.532843
273.4314696
273.7745289
273.6054568
273.615836
273.490999
273.3788016
273.7731068
273.5525433
273.8382043
273.4698327
273.6742229
273.5741493
273.3956048
273.7172461
273.7683652
273.6940825
273.6664951
273.7167832
273.8902263
273.6449058
273.7454186
273.4498229
273.2743572
273.680688
273.6927437
273.9135042
273.4277594
273.7642922
273.7263281
273.3009335
273.7883667
273.0075664
273.1068489
273.2225684
273.4811006
273.4936803
273.2340385
273.2172812
273.0642368
273.1715429
273.636231
273.2514776
273.465042
273.3328895
273.2313585
273.0417367
273.2330089
273.2699725
272.8025849
273.6431914
273.9170832
273.7084626
273.505944
273.2642591
273.5821779
273.73313
273.3003043
273.2470813
273.132752
273.0347453
273.0286524
272.8836561
273.2472953
273.5713656
273.1450833
272.771951
272.7913957
272.483748
272.7611931
272.8731797
272.6940813
272.4750846
272.2347267
272.7818381
272.9327259
273.519493
273.0141541
272.9351283
273.0398285
272.8614495
273.0580476
272.6876251
272.6883593
272.7853228
272.5888825
272.6689562
272.8796603
273.2430229
273.0286991
272.5694458
272.5779173
272.9375717
272.8104843
272.946505
272.9708174
272.9436307
272.6473939
272.5222582
272.8345538
)
;

boundaryField
{
    bottom
    {
        type            calculated;
        value           nonuniform List<scalar> 
200
(
272.5907827
272.6956694
272.645411
272.8854026
272.7338567
272.9865338
272.6198894
272.5727711
272.3963966
272.1885434
272.3241369
272.5161116
272.8418347
272.7279537
272.2591612
271.9984453
272.8516088
272.557511
272.4581648
272.3199464
272.320035
272.3889971
272.4041617
272.343845
272.3783578
272.0631946
272.4312387
272.6846595
272.5562117
272.1693475
272.4868109
272.4594813
272.346204
272.3531339
272.0152665
272.4532621
272.5703146
272.5582212
272.5513232
272.6280258
272.4524581
272.8173271
272.8334945
272.6296052
272.5923266
273.1123652
272.9914151
272.9293211
272.8247015
272.4949124
272.3738394
272.5071659
273.0014473
272.6064819
272.7121239
272.5253694
272.9421611
273.0499355
272.9644953
273.0228535
272.9681549
272.6480095
272.7656137
272.7358967
273.3340902
273.4184299
272.663708
272.5464714
272.7712575
272.7821121
273.0113504
273.1693316
273.2382121
273.2188707
273.3524001
273.0969089
273.1470198
272.8650058
273.3868683
273.2308528
273.14264
273.1873333
273.0699664
273.1186479
273.3731244
273.3039354
273.467636
273.8052709
273.5782503
273.2783514
273.3406345
273.3440393
273.8366592
273.854019
273.9899419
273.7807999
274.0327226
273.8748505
273.4165379
273.2421105
273.5289464
273.959015
273.7320396
273.2649073
273.1870033
273.4950774
273.3971782
273.3662942
273.5561818
273.3243394
273.3913237
273.1907964
273.3540318
273.779364
273.4877058
273.5212534
273.7565925
273.4555422
273.7777792
273.88637
273.8248937
274.0315121
273.9489766
273.6667947
273.6803819
273.5848469
273.5401771
273.6935413
273.6200709
273.4770528
273.1834243
273.0579538
273.5087963
273.5483991
273.4676464
273.3934835
273.3883311
273.1170378
273.4097773
273.2903333
273.5774426
273.3112898
273.3282734
273.8215886
273.2264244
273.3554752
273.7769075
273.9400857
273.6746863
273.155687
272.9199281
273.4028503
273.330507
273.4189138
273.5865579
273.0265855
273.2728786
273.4873183
273.4549579
273.3721169
272.8062835
272.9842554
273.472343
273.2325935
272.9408622
273.246578
273.0979498
273.1729206
272.7773691
273.1900363
272.7448265
273.2966243
272.4197117
272.507785
273.1482211
272.6821575
272.3425273
272.8458157
273.3982546
273.1567643
272.9251257
272.6999129
272.966269
272.8269035
272.6854614
272.7847619
272.5559385
272.8683442
273.2644164
273.0134137
272.8600653
273.1755586
273.3861484
272.9214861
272.8165681
272.5373975
272.1858166
272.3339207
272.7937276
272.8422907
)
;
    }
    top
    {
        type            calculated;
        value           nonuniform List<scalar> 
200
(
273.1136135
272.528473
273.0273056
272.8702591
272.5713443
272.5616617
272.7755594
272.7085001
273.1958906
273.0118774
272.5349379
272.2079507
271.9255029
272.1590214
272.4856836
272.2385111
272.3759896
272.8774701
272.2201892
272.1953166
272.7924867
272.6944927
272.6217718
272.2845558
272.7103602
272.3592445
272.2636772
272.4957769
272.6153943
272.2152683
272.5761477
272.7798387
272.224978
272.3436047
272.0383453
272.6265743
272.5057696
272.5343568
272.5441935
272.811318
272.3572893
272.5531026
272.8250658
272.9757225
273.1090383
272.8167
272.9433739
272.6171512
272.9496799
272.5931901
272.7254724
272.690137
272.7829845
272.7220872
272.5382926
272.9435699
272.6231968
272.7424691
272.7328696
272.7871315
272.9057128
273.1803028
273.4556309
273.377407
272.830988
273.1610794
272.8093256
272.803969
273.0607419
273.0423863
273.0837816
273.451994
273.2535411
273.0465972
273.0642421
273.2989907
273.3338121
273.0800128
273.2431629
272.7516093
272.5941131
272.7637039
272.919744
272.8855362
273.1221941
273.6009401
273.4928159
273.4894302
273.5597264
273.6922111
273.5893886
273.4027118
273.821052
273.892711
273.622486
273.3883194
273.7495788
273.6056032
273.5933272
273.5046188
273.532843
273.4314696
273.7745289
273.6054568
273.615836
273.490999
273.3788016
273.7731068
273.5525433
273.8382043
273.4698327
273.6742229
273.5741493
273.3956048
273.7172461
273.7683652
273.6940825
273.6664951
273.7167832
273.8902263
273.6449058
273.7454186
273.4498229
273.2743572
273.680688
273.6927437
273.9135042
273.4277594
273.7642922
273.7263281
273.3009335
273.7883667
273.0075664
273.1068489
273.2225684
273.4811006
273.4936803
273.2340385
273.2172812
273.0642368
273.1715429
273.636231
273.2514776
273.465042
273.3328895
273.2313585
273.0417367
273.2330089
273.2699725
272.8025849
273.6431914
273.9170832
273.7084626
273.505944
273.2642591
273.5821779
273.73313
273.3003043
273.2470813
273.132752
273.0347453
273.0286524
272.8836561
273.2472953
273.5713656
273.1450833
272.771951
272.7913957
272.483748
272.7611931
272.8731797
272.6940813
272.4750846
272.2347267
272.7818381
272.9327259
273.519493
273.0141541
272.9351283
273.0398285
272.8614495
273.0580476
272.6876251
272.6883593
272.7853228
272.5888825
272.6689562
272.8796603
273.2430229
273.0286991
272.5694458
272.5779173
272.9375717
272.8104843
272.946505
272.9708174
272.9436307
272.6473939
272.5222582
272.8345538
)
;
    }
    inlet
    {
        type            cyclic;
    }
    outlet
    {
        type            cyclic;
    }
    back
    {
        type            symmetry;
    }
    front
    {
        type            symmetry;
    }
}


// ************************************************************************* //
