/*--------------------------------*- C++ -*----------------------------------*\
| =========                 |                                                 |
| \\      /  F ield         | OpenFOAM: The Open Source CFD Toolbox           |
|  \\    /   O peration     | Version:  v1706                                 |
|   \\  /    A nd           | Web:      www.OpenFOAM.com                      |
|    \\/     M anipulation  |                                                 |
\*---------------------------------------------------------------------------*/
FoamFile
{
    version     2.0;
    format      ascii;
    class       volScalarField;
    location    "0.0014";
    object      wallHeatFlux;
}
// * * * * * * * * * * * * * * * * * * * * * * * * * * * * * * * * * * * * * //

dimensions      [1 0 -3 0 0 0 0];


internalField   uniform 0;

boundaryField
{
    inlet
    {
        type            calculated;
        value           uniform 0;
    }
    object
    {
        type            calculated;
        value           nonuniform List<scalar> 
400
(
650293.396
650639.0354
650776.7839
650859.7373
650915.8884
650955.2181
650982.4845
651000.3448
651010.4387
651013.8512
651011.3438
651003.4694
650990.6498
650973.2105
650951.4129
650925.471
650895.5657
650861.8443
650824.4412
650783.468
650739.0269
650691.2086
650640.0925
650585.7549
650528.2618
650467.6744
650404.0499
650337.4433
650267.8993
650195.4665
650120.1861
650042.0964
649961.2352
649877.635
649791.3285
649702.3442
649610.7102
649516.4498
649419.5902
649320.1503
649218.1497
649113.6098
649006.5469
648896.9759
648784.9132
648670.3707
648553.3625
648433.8989
648311.9919
648187.6519
648060.8851
647931.7062
647800.12
647666.1227
647529.7502
647390.9756
647249.8295
647106.304
646960.4255
646812.1681
646661.5796
646508.6308
646353.3419
646195.7174
646035.7634
645873.495
645708.9073
645542.0266
645372.8383
645201.3441
645027.5894
644851.5471
644673.2381
644492.6797
644309.8676
644124.8118
643937.5304
643748.0108
643556.2917
643362.3697
643166.2445
642967.9472
642767.4628
642564.8213
642360.0171
642153.0657
641943.9705
641732.7511
641519.4147
641303.9553
641086.4078
640866.7485
640645.024
640421.2055
640195.3165
639967.3751
639737.3855
639505.3376
639271.2697
639035.1496
638797.022
638556.8838
638314.737
638070.5771
637824.4386
637576.3223
637326.2149
637074.1512
636820.1181
636564.1501
636306.2286
636046.3626
635784.5983
635520.8986
635255.2779
634987.7721
634718.3817
634447.1072
634173.9685
633898.9623
633622.1155
633343.4309
633062.9203
632780.5808
632496.4521
632210.5327
631922.8416
631633.3734
631342.1698
631049.2108
630754.5464
630458.1686
630160.0974
629860.3488
629558.9398
629255.891
628951.222
628644.9368
628337.0534
628027.6192
627716.6131
627404.0734
627090.0237
626774.4795
626457.4776
626138.991
625819.0948
625497.7932
625175.1011
624851.0491
624525.6525
624198.9464
623870.9501
623541.68
623211.1834
622879.4691
622546.5705
622212.4972
621877.313
621541.0234
621203.6686
620865.252
620525.8352
620185.4452
619844.0986
619501.8537
619158.7258
618814.7464
618469.983
618124.4489
617778.1823
617431.2067
617083.6218
616735.4352
616386.6924
616037.4577
615687.7611
615337.6665
614987.2417
614636.5343
614285.6017
613934.4974
613583.3411
613232.1737
612881.0927
612530.1766
612179.5319
611829.267
611479.4838
611130.3503
610781.9838
610434.5713
610088.299
609743.4207
609400.178
609058.8735
608719.8674
608383.4583
608049.7926
607719.2255
607575.6396
607550.1146
607509.8606
607461.4605
607410.1534
607359.1895
607310.4414
607265.0836
607223.8143
607187.1495
607155.398
607128.8083
607107.5355
607091.7443
607081.5154
607076.9281
607078.0583
607084.9414
607097.5941
607116.0441
607140.3264
607170.4188
607206.3462
607248.0619
607295.6043
607348.9351
607408.0309
607472.8594
607543.4308
607619.6758
607701.5681
607789.0952
607882.1866
607980.8202
608084.9176
608194.4653
608309.3881
608429.6376
608555.1191
608685.8103
608821.6385
608962.4932
609108.3281
609259.0459
609414.5741
609574.7987
609739.6029
609908.9379
610082.6553
610260.6448
610442.8047
610628.9497
610818.9496
611012.6523
611209.9311
611410.5692
611614.426
611821.2785
612030.9286
612243.1685
612457.6906
612674.3361
612892.7208
613112.6183
613333.692
613555.6253
613778.0161
614000.4134
614222.4624
614443.6568
614663.4949
614881.3481
615096.713
615308.8167
615516.9864
615720.3942
615918.1023
616109.2024
616292.4657
616466.7765
616630.6713
616782.6809
616920.9288
617043.5489
617148.1993
617232.1713
617292.459
617325.4723
617327.0385
617292.0694
617214.4154
617086.6587
616899.3872
616640.6846
616295.038
615841.5502
615251.0101
614480.8304
613464.7357
612083.6194
607214.9936
601471.5559
595845.0502
590353.5095
584974.6989
579680.3918
574444.6886
569246.0768
564067.899
558897.7195
553726.4991
548547.907
543357.7273
538153.222
532932.9565
527696.3104
522443.4003
517174.5144
511889.1234
506559.1332
501113.247
495746.4196
490382.3713
485016.6196
479650.2477
474285.477
468924.5214
463569.3356
458221.9278
452884.1465
447557.8028
442244.7012
436946.6257
431665.2433
426402.3749
421159.7113
415938.865
410741.46
405569.0751
400423.2597
395305.5057
390217.2403
385159.9033
380134.771
375143.1267
370186.205
365265.1421
360381.0327
355534.9516
350727.9092
345960.7899
341234.514
336549.9119
331907.6722
327308.5871
322753.2518
318242.2867
313776.2461
309355.6133
304980.8338
300652.3129
296370.4141
292135.4362
287947.6433
283807.2469
279714.4377
275669.3696
271672.135
267722.8384
263821.4975
259968.1206
256162.7055
252405.1774
248695.4781
245033.4894
241419.1097
237852.1839
234332.5391
230859.9706
227434.3025
224055.2901
220722.694
217436.271
214195.7468
211000.8505
207851.3042
204746.7875
201686.9882
198671.6087
195700.3234
192772.8023
189888.7166
187047.7211
184249.494
181493.6801
178779.9465
176107.9485
173477.3452
170887.8829
168347.4815
)
;
    }
    outlet
    {
        type            calculated;
        value           uniform 0;
    }
    front
    {
        type            wedge;
    }
    back
    {
        type            wedge;
    }
}


// ************************************************************************* //
