/*--------------------------------*- C++ -*----------------------------------*\
| =========                 |                                                 |
| \\      /  F ield         | OpenFOAM: The Open Source CFD Toolbox           |
|  \\    /   O peration     | Version:  v1706                                 |
|   \\  /    A nd           | Web:      www.OpenFOAM.com                      |
|    \\/     M anipulation  |                                                 |
\*---------------------------------------------------------------------------*/
FoamFile
{
    version     2.0;
    format      ascii;
    class       volScalarField;
    location    "0.003";
    object      dsmcN_Ar;
}
// * * * * * * * * * * * * * * * * * * * * * * * * * * * * * * * * * * * * * //

dimensions      [0 0 0 0 0 0 0];


internalField   nonuniform List<scalar> 
9720
(
167
168
164
174
191
157
172
173
154
171
175
158
187
181
221
170
154
176
160
187
160
169
167
171
200
172
168
167
167
187
156
180
174
180
196
161
162
170
159
185
166
167
152
168
194
177
164
173
187
185
169
173
160
175
173
162
176
157
160
194
164
158
168
175
188
168
176
157
158
181
173
172
178
154
181
164
164
167
185
191
172
153
190
163
187
169
160
149
157
171
171
162
176
166
195
171
162
166
169
188
170
161
181
159
180
176
177
171
162
195
168
177
173
171
191
167
164
159
170
178
171
176
177
182
173
169
160
179
196
174
174
178
173
173
158
166
160
158
179
162
158
172
178
156
184
158
170
157
152
195
170
185
161
154
186
158
151
178
174
187
178
158
140
166
172
164
168
163
167
172
161
166
173
169
180
154
174
194
171
157
169
152
175
175
196
163
167
174
171
196
167
187
166
161
205
175
156
157
177
192
170
187
168
180
159
174
162
169
174
189
164
164
145
167
166
166
164
154
158
166
161
181
145
179
178
181
153
186
181
156
171
166
158
185
157
167
180
156
169
175
171
160
178
179
165
169
169
165
150
162
165
162
187
170
182
161
176
159
169
172
169
166
163
159
178
163
185
167
175
205
170
162
180
167
201
160
190
173
182
186
168
140
171
151
183
166
177
183
175
166
158
176
150
174
181
176
173
182
170
173
169
160
173
161
180
158
175
161
201
163
167
157
185
176
185
167
174
183
174
166
161
162
170
159
192
171
163
177
176
188
167
175
159
171
182
161
163
150
177
201
175
184
158
150
164
166
168
167
182
170
187
168
197
181
182
171
178
167
163
135
170
177
179
178
185
165
156
171
182
172
166
166
173
185
198
165
170
158
165
182
162
173
167
172
181
164
180
165
155
185
179
167
175
183
161
165
146
164
166
161
160
170
165
173
177
165
164
159
154
166
173
153
176
144
175
170
169
164
157
162
159
170
185
158
184
170
164
188
161
161
151
166
164
161
148
173
174
154
143
190
164
165
179
172
166
163
164
153
173
166
158
168
158
174
167
174
163
178
167
175
160
168
171
163
186
174
165
186
154
145
165
175
172
166
146
172
174
150
182
185
161
168
164
174
168
171
173
161
165
177
173
167
161
182
164
166
168
151
178
167
175
162
161
165
169
166
176
171
184
152
164
169
158
177
165
156
160
183
174
148
165
156
167
152
179
172
180
152
173
188
172
166
165
152
177
168
181
169
147
155
171
174
171
176
197
164
156
178
170
173
169
180
176
184
179
161
170
172
188
167
161
167
184
163
163
167
175
174
167
157
166
177
170
156
179
164
158
170
153
160
173
155
181
153
181
172
181
179
155
152
170
159
166
178
154
170
151
155
169
149
160
168
163
157
170
178
169
169
178
175
168
162
148
169
189
154
183
165
154
164
162
164
173
155
155
176
162
164
163
164
167
156
172
184
169
174
171
162
160
168
158
203
173
145
178
162
154
159
174
192
170
146
169
182
160
155
170
183
167
180
174
173
156
183
173
163
170
197
180
167
169
171
151
129
185
166
168
174
192
163
163
162
162
185
172
174
178
172
188
168
158
157
168
173
164
176
151
177
153
170
166
162
159
175
175
175
155
165
170
188
162
171
149
173
175
159
156
177
167
161
166
170
165
190
162
154
168
176
169
197
170
151
156
156
179
169
153
170
148
171
167
168
173
170
177
174
161
169
179
158
173
178
149
178
156
167
178
165
170
169
160
185
177
166
163
179
162
155
168
142
163
152
161
170
171
163
192
172
157
176
181
161
191
165
190
170
182
150
155
149
175
170
177
160
176
167
158
160
149
191
164
168
162
161
165
165
165
157
167
162
169
172
169
174
178
162
177
170
162
166
160
162
157
178
178
181
173
174
183
170
167
167
190
179
179
178
163
155
155
169
163
174
163
186
158
171
167
152
177
154
158
156
161
158
160
164
178
156
172
161
161
169
161
168
155
163
191
153
155
169
174
161
168
181
161
173
169
155
165
147
160
175
155
159
167
167
175
174
167
182
169
165
175
154
168
159
190
165
176
157
160
184
157
156
162
165
173
178
180
185
164
167
165
154
168
160
166
155
167
175
164
163
174
179
155
173
158
187
161
140
166
182
156
154
183
165
168
172
186
193
167
173
172
180
158
167
173
157
177
154
172
151
183
155
171
166
156
177
182
165
167
163
158
169
177
163
167
186
173
162
166
166
146
171
169
159
160
178
162
158
175
186
153
164
188
151
179
167
165
162
161
167
163
201
176
163
158
177
175
197
164
177
149
174
184
172
181
170
163
180
169
156
172
162
169
160
175
154
150
181
171
177
152
181
178
171
164
167
177
158
162
171
187
149
150
160
160
162
168
168
174
186
169
178
149
164
165
159
149
162
166
180
148
164
188
173
163
165
166
169
167
175
168
170
177
169
168
171
169
154
165
160
196
173
163
163
166
158
170
169
170
173
149
173
170
159
163
166
182
143
163
181
179
147
179
157
174
164
164
178
158
168
164
156
188
160
168
165
185
165
169
165
184
160
160
163
164
164
159
170
171
149
162
187
182
165
180
165
156
171
165
153
169
171
158
169
165
185
157
184
182
157
177
181
163
169
158
161
196
158
162
169
163
173
161
171
156
157
163
186
167
153
164
158
150
164
188
184
155
170
168
151
160
182
193
159
180
196
201
186
168
158
172
157
158
164
164
156
171
163
170
192
169
161
173
169
156
164
165
163
170
178
163
160
160
163
177
170
143
181
176
162
160
176
167
167
175
174
180
158
171
185
153
161
167
165
182
165
183
163
165
159
158
148
149
164
175
190
153
174
167
152
183
184
151
170
172
147
167
161
162
179
191
158
132
164
169
175
174
178
169
168
182
178
182
165
167
165
179
176
174
176
189
157
170
171
153
184
181
145
161
164
156
165
175
155
169
168
187
193
171
173
189
170
171
161
147
154
171
146
164
166
163
156
182
165
172
167
161
172
171
162
146
174
182
158
171
182
178
159
166
186
160
175
164
158
155
157
156
159
172
160
153
176
174
156
166
162
167
184
164
171
158
177
181
169
174
170
179
173
169
174
153
174
167
161
170
152
173
180
171
159
152
179
157
178
170
177
167
160
170
171
156
177
164
174
169
175
167
170
163
153
142
173
172
169
162
177
169
156
159
165
140
154
170
183
179
176
175
177
167
175
172
182
163
172
152
176
145
174
158
172
156
150
160
164
163
169
185
168
162
155
170
173
187
174
167
146
155
160
158
184
171
157
155
170
163
163
153
159
152
176
175
168
176
167
156
167
176
148
165
170
188
163
176
169
154
165
168
158
169
176
152
166
169
168
168
166
160
157
168
168
186
155
198
169
158
176
149
164
169
168
176
174
163
168
167
146
139
145
168
160
171
164
172
164
153
182
161
159
175
155
184
169
175
162
186
160
165
172
158
168
152
143
186
163
173
185
181
160
176
170
175
181
175
162
169
156
164
154
167
176
163
152
200
164
164
173
187
169
165
170
163
171
155
180
167
176
148
177
160
170
176
172
169
172
161
172
139
149
161
180
178
156
171
167
159
179
171
170
167
164
153
183
169
155
173
176
169
167
163
160
182
161
155
168
156
169
161
158
164
172
163
172
131
170
154
167
183
176
176
169
177
177
153
174
174
159
160
159
177
149
160
159
153
166
161
179
172
156
275
322
331
350
363
341
353
362
319
311
326
331
340
301
310
318
285
289
273
258
266
270
221
197
155
238
301
311
291
339
338
315
306
379
331
309
296
316
307
298
287
268
293
242
277
286
260
205
165
156
220
248
272
294
330
305
339
314
297
282
296
307
322
330
311
282
302
262
269
237
229
235
210
213
155
224
267
263
283
273
298
300
266
268
329
296
298
326
286
298
300
282
274
264
242
258
211
219
194
160
209
242
269
252
251
265
281
284
256
288
309
310
254
282
285
269
276
259
272
285
225
226
207
183
157
228
218
225
212
229
235
250
284
285
262
275
269
263
293
299
262
244
252
245
248
233
216
210
199
142
204
237
232
230
203
209
269
238
237
266
285
281
284
259
257
256
269
241
252
234
229
228
191
202
146
216
223
224
235
215
240
241
203
270
239
252
284
254
267
240
244
235
224
256
250
213
215
223
191
171
212
223
222
238
202
231
215
215
241
228
262
250
237
239
257
221
263
259
248
240
219
195
202
197
176
209
226
214
233
232
219
217
215
229
253
249
222
221
205
238
234
246
258
228
217
212
222
207
185
177
188
228
215
218
213
225
168
223
212
208
232
208
227
223
236
220
231
252
218
202
205
235
196
188
145
199
235
215
214
210
216
220
184
202
224
185
228
213
219
234
216
198
215
185
203
246
198
169
166
156
204
194
210
220
218
177
185
200
221
235
210
206
218
185
207
211
194
217
186
184
186
204
181
197
124
200
234
206
206
212
190
218
205
195
190
184
178
183
188
194
182
193
200
159
191
186
177
164
160
148
197
214
202
186
195
201
201
176
175
182
203
160
187
185
176
165
187
179
188
186
178
172
168
161
131
200
198
219
209
195
164
174
165
196
186
178
156
171
170
164
168
155
149
181
196
155
168
157
154
136
207
208
197
180
177
165
166
160
183
166
175
170
184
171
150
186
159
131
145
174
148
160
134
160
142
184
194
198
166
178
171
174
170
155
166
162
158
156
163
190
170
151
146
175
161
159
156
157
151
134
258
271
352
329
322
367
320
353
314
337
327
312
329
335
324
292
305
247
269
249
241
214
226
177
146
232
250
270
301
319
288
307
343
308
311
321
279
305
325
290
273
300
270
253
233
221
218
190
173
154
196
231
271
272
275
297
322
309
332
316
305
286
302
289
254
249
241
258
234
239
214
257
207
155
129
212
204
252
238
281
285
321
258
252
319
268
300
299
270
269
262
254
230
222
248
220
225
214
172
147
183
213
235
264
253
262
298
279
274
314
299
260
289
271
262
276
231
241
234
227
248
171
213
190
145
172
217
226
238
235
263
279
266
280
265
286
302
285
262
293
245
274
242
243
208
256
217
207
191
165
207
190
236
212
219
257
264
248
251
292
271
245
267
267
275
243
231
250
235
211
210
221
196
197
156
157
197
213
225
239
240
259
271
274
249
245
250
258
259
222
256
284
230
210
252
214
213
195
181
160
178
203
186
220
256
245
221
267
241
249
229
240
269
263
259
229
256
212
230
228
195
214
203
175
176
162
191
191
231
216
268
208
222
251
213
254
233
226
211
216
256
264
229
217
214
197
192
207
172
161
199
215
200
207
189
217
214
235
250
208
224
210
233
219
229
220
195
220
228
211
221
210
175
180
165
198
213
202
245
216
214
228
251
215
230
251
208
211
215
238
222
198
193
234
208
193
166
195
160
147
204
199
204
213
212
241
232
246
216
198
220
229
180
224
193
191
187
185
195
202
169
208
170
167
165
163
223
204
235
205
204
220
198
198
224
200
205
204
180
222
175
173
172
188
177
176
185
171
169
146
191
200
188
227
208
213
215
221
184
191
180
203
181
178
195
159
197
170
180
183
165
188
178
139
130
190
189
207
212
222
217
184
191
205
183
182
159
169
202
192
163
186
166
170
183
169
163
177
154
140
153
189
177
189
201
211
215
182
199
162
172
200
171
196
208
162
155
170
168
147
151
162
172
159
158
180
203
177
164
198
193
193
156
182
180
195
167
182
181
153
184
166
153
174
180
174
192
190
158
156
241
303
252
315
289
296
323
343
350
273
306
315
319
281
317
310
278
263
229
259
249
252
201
197
140
202
225
263
284
321
322
310
297
289
271
303
273
243
322
279
294
263
240
267
235
207
228
167
168
165
182
249
234
274
250
306
301
269
311
324
283
314
305
278
268
274
277
233
239
220
193
236
191
190
145
181
211
213
235
258
282
308
279
307
248
322
295
275
325
279
275
236
226
248
241
225
195
202
179
173
188
199
226
251
231
275
269
286
301
272
287
286
269
281
251
271
264
284
239
242
226
213
210
172
168
194
186
212
241
223
238
275
254
297
264
272
277
270
280
243
269
252
258
208
225
218
214
209
194
174
180
189
200
225
249
245
250
290
261
257
281
281
270
269
256
260
246
229
248
249
208
224
195
211
182
209
205
203
216
229
276
252
259
241
242
275
240
260
266
247
270
246
245
247
223
203
235
196
195
184
161
172
202
194
224
259
235
237
255
261
260
221
258
243
273
220
248
234
224
232
216
222
196
195
154
189
172
196
212
215
224
205
259
243
222
252
254
270
235
229
243
247
224
229
230
207
194
185
181
163
173
182
191
207
215
230
222
241
233
269
241
228
253
205
203
233
237
208
216
215
217
220
194
197
161
201
206
186
232
210
228
211
228
221
253
238
206
227
227
223
209
244
225
205
195
203
186
178
154
145
182
197
202
229
204
201
249
194
225
235
244
217
224
196
232
228
206
214
202
193
207
192
177
175
183
180
183
187
172
199
223
209
223
208
201
215
197
227
220
226
218
252
207
199
203
192
181
194
187
183
162
181
162
201
206
211
223
228
223
229
194
210
219
230
194
199
197
212
181
209
191
179
183
165
155
186
183
182
205
212
209
239
205
208
193
218
211
179
198
182
207
184
191
177
170
173
174
172
158
144
176
160
172
189
199
183
196
219
215
199
217
186
196
192
200
184
169
164
183
162
183
169
192
145
164
176
199
190
184
169
187
204
200
172
202
177
185
198
180
172
178
180
205
182
193
171
179
201
174
164
224
230
253
296
270
291
322
291
308
308
304
291
294
298
323
270
278
232
263
279
253
228
208
174
131
216
224
253
255
272
310
323
301
296
267
288
280
260
299
280
283
235
225
241
213
219
230
208
179
135
196
207
225
227
264
293
274
284
301
291
261
280
256
280
279
263
272
249
240
224
239
221
186
200
151
174
210
204
239
263
278
272
302
304
284
287
296
251
301
268
273
238
234
234
232
230
221
206
202
163
187
217
190
211
215
253
265
277
304
280
312
299
286
268
253
251
270
240
250
253
252
206
203
197
193
181
162
203
209
232
246
272
281
258
270
281
266
287
260
268
274
237
255
227
249
244
206
214
200
174
161
174
214
219
233
207
237
290
235
249
317
292
259
255
262
264
261
243
255
214
226
217
199
199
205
184
167
191
190
203
211
224
242
245
267
268
273
256
272
283
262
267
271
241
238
249
231
216
206
204
197
197
186
204
217
222
236
201
217
217
244
285
275
248
254
269
224
255
246
253
235
207
221
187
186
190
183
187
199
182
196
219
211
256
231
239
256
231
259
260
271
245
249
238
232
251
232
222
185
194
169
165
181
186
210
192
241
252
224
224
279
248
245
206
250
211
256
244
222
247
194
248
211
211
195
173
179
148
208
203
203
217
216
219
235
240
243
221
227
195
242
227
244
227
223
199
227
196
203
192
160
185
183
201
196
206
202
232
226
220
255
223
224
237
200
224
225
223
216
197
210
209
209
191
172
170
160
196
216
235
205
206
216
236
209
224
191
224
233
217
238
239
217
219
198
199
199
206
195
157
179
177
191
182
203
185
213
199
212
193
226
224
220
202
224
217
211
201
211
217
194
219
179
162
173
167
205
188
189
172
169
200
213
197
184
217
218
214
192
219
200
189
204
194
192
220
185
178
161
162
190
177
183
173
172
201
191
189
186
188
203
188
188
213
168
192
203
203
205
198
183
175
197
181
148
170
176
164
161
187
190
179
209
179
184
179
185
188
182
184
227
205
197
211
189
196
186
177
190
197
224
254
248
227
278
284
291
297
297
279
331
320
289
271
253
251
282
282
230
231
238
198
178
172
154
172
204
246
242
270
271
280
285
265
288
285
285
226
278
294
236
278
257
208
239
245
193
189
178
135
178
219
214
230
252
241
278
284
284
296
296
302
255
289
267
251
282
258
224
230
216
228
211
189
141
194
210
217
202
251
238
263
295
272
267
311
263
292
284
266
259
227
270
235
218
210
224
196
199
187
201
178
193
192
208
236
256
249
276
295
302
294
297
288
252
276
268
258
231
269
208
218
229
199
184
154
190
180
194
211
218
249
246
272
245
267
290
302
271
301
261
284
279
224
249
263
212
212
195
202
171
163
187
199
209
217
232
225
249
281
293
255
295
250
262
284
280
275
295
239
247
213
198
202
199
176
174
186
221
226
217
215
234
236
263
278
279
255
272
265
272
263
261
292
237
224
207
235
209
197
171
189
185
188
211
189
229
196
244
265
280
236
285
261
262
302
268
265
262
221
225
216
236
249
182
190
178
183
201
195
217
205
218
225
218
234
250
250
291
296
264
277
219
231
247
251
221
232
212
191
159
187
181
182
168
202
207
214
228
207
229
245
272
257
281
257
245
260
224
255
212
235
216
228
193
145
198
163
165
192
206
172
223
213
236
193
254
247
238
249
277
240
251
262
234
246
231
202
193
207
161
174
179
184
167
194
172
223
234
224
242
196
235
221
230
234
276
262
227
263
252
235
203
208
181
166
175
157
185
193
187
175
189
208
232
225
237
198
247
220
225
211
243
218
236
213
204
204
208
193
179
172
181
166
189
204
198
209
214
198
189
196
192
202
243
219
237
250
239
204
195
217
193
206
206
173
163
187
199
192
217
181
201
180
215
213
202
216
213
202
229
211
194
194
209
197
191
192
180
196
162
199
183
172
172
191
193
164
190
194
205
207
202
195
211
209
200
204
202
221
209
195
195
174
195
173
168
178
167
157
173
198
181
185
199
210
187
171
181
199
232
181
184
210
186
213
197
216
181
172
217
233
229
228
232
238
283
242
277
293
253
273
269
284
282
261
303
231
219
229
242
247
213
168
160
196
217
221
261
226
251
270
299
276
262
283
272
275
259
260
277
259
258
229
222
234
232
205
182
182
173
199
192
235
239
255
292
271
284
289
260
303
289
252
271
284
268
261
228
246
205
198
191
184
175
175
165
202
214
225
237
255
251
295
300
306
283
251
274
275
284
230
249
253
267
242
201
207
205
171
165
181
194
226
204
217
236
253
266
258
283
304
275
267
282
302
274
266
252
237
237
228
197
204
168
189
175
198
213
233
205
238
227
276
266
310
286
290
274
280
300
282
262
255
254
250
235
226
215
216
181
196
204
195
207
207
195
240
238
240
260
284
273
296
285
279
274
269
257
236
244
246
240
230
177
149
163
182
168
200
207
223
224
238
250
236
259
268
293
280
282
283
314
269
271
239
236
221
235
217
184
163
184
202
195
204
207
216
220
234
256
229
266
293
281
271
260
295
264
244
251
261
265
248
238
183
174
171
178
198
194
203
200
235
242
251
239
273
273
269
265
252
261
256
278
272
240
270
219
223
148
172
155
167
169
169
207
212
235
220
234
232
244
233
252
273
255
282
242
263
256
260
217
273
232
195
171
195
181
177
172
211
200
226
209
215
226
244
237
253
273
285
262
254
228
234
253
235
219
220
178
173
150
160
169
184
182
182
206
226
211
199
241
237
245
231
278
245
235
244
250
239
258
209
212
153
191
184
158
189
182
181
203
198
237
198
218
245
205
205
246
234
257
240
249
230
240
216
209
229
165
173
146
185
159
206
192
190
182
187
208
224
190
213
201
225
237
224
218
244
219
231
208
232
223
155
153
174
168
189
196
179
191
211
207
195
224
215
197
200
213
224
219
188
221
219
219
211
226
204
171
185
165
181
160
189
160
171
195
193
199
190
198
234
204
191
211
211
209
222
203
202
215
203
210
183
176
186
180
161
186
155
182
185
193
173
192
184
202
181
187
199
200
203
204
227
220
190
219
216
235
216
251
230
239
216
240
242
290
256
282
239
261
276
284
274
260
263
220
246
238
234
200
193
177
204
213
210
216
243
248
260
256
289
235
288
251
266
265
242
247
247
236
228
242
200
232
176
194
161
170
201
197
231
221
228
273
272
252
263
253
317
250
273
255
231
281
256
237
220
235
195
223
202
170
177
187
194
208
226
242
247
241
271
267
284
310
271
259
289
302
255
246
251
236
255
211
217
189
167
170
181
197
184
204
226
214
234
239
262
282
305
282
274
288
301
276
285
252
248
242
241
195
205
183
175
165
176
178
207
202
225
212
276
253
217
284
271
290
291
260
286
261
273
252
243
240
224
226
229
179
161
182
188
183
191
214
202
245
250
254
261
259
274
283
280
303
288
261
266
302
239
219
219
204
173
184
204
187
186
198
202
208
227
209
255
281
268
254
265
302
280
266
303
260
258
218
236
245
222
164
165
191
182
181
206
179
222
233
229
230
240
230
262
295
270
263
286
284
261
266
274
237
254
205
183
160
165
171
182
196
184
197
202
214
222
235
254
266
259
278
255
257
280
273
254
254
250
265
237
142
156
194
163
188
159
205
214
210
198
213
238
234
267
244
235
253
249
282
251
244
266
256
221
241
174
174
196
177
185
165
188
197
194
207
196
210
267
242
219
248
246
230
251
263
257
262
254
211
256
175
161
194
183
187
203
197
200
177
206
206
204
245
245
229
249
245
237
237
235
243
257
242
233
214
189
175
159
166
178
214
158
195
177
198
204
239
234
224
221
219
221
208
226
225
261
241
269
212
234
171
174
167
162
176
188
179
191
194
174
206
196
189
204
216
217
230
263
215
231
237
239
247
226
224
174
176
175
149
169
181
171
187
181
198
219
182
173
183
207
208
223
205
221
214
266
243
199
228
202
192
198
198
179
197
148
199
166
175
179
183
194
206
181
183
184
209
215
198
237
208
208
213
221
225
180
156
153
177
163
165
188
174
177
171
193
178
212
175
177
193
218
214
226
197
225
197
198
256
229
202
197
201
253
238
236
242
243
258
241
237
232
260
249
239
245
249
251
225
226
246
212
221
168
169
179
214
206
236
242
245
262
255
257
246
245
264
260
242
250
265
257
214
248
227
214
205
193
187
161
199
179
213
218
239
235
252
247
221
279
299
245
282
254
283
240
266
242
237
217
219
241
185
187
184
163
196
207
187
190
225
243
261
249
231
247
261
286
263
279
288
250
242
268
242
232
215
233
191
185
200
198
192
210
204
230
230
212
275
272
269
242
247
293
281
269
302
273
271
272
234
238
226
192
201
170
164
170
175
179
189
231
231
230
249
232
255
260
257
284
271
289
308
274
267
258
246
241
224
205
171
179
174
175
183
183
196
221
217
231
229
240
243
269
273
298
274
274
279
314
260
294
240
222
242
156
190
177
177
201
175
186
198
190
220
217
258
258
240
256
261
290
310
288
269
307
239
237
254
216
158
169
161
194
187
187
200
171
208
196
225
252
278
249
260
287
278
267
264
292
265
236
259
248
249
180
186
151
172
207
193
205
186
190
216
209
220
213
261
276
252
276
279
280
290
273
258
254
244
240
171
184
167
174
159
176
183
196
198
204
209
223
214
255
228
233
252
279
268
269
272
280
273
227
269
169
143
157
174
145
197
173
167
171
228
192
210
200
230
228
274
252
255
249
287
273
287
272
242
254
165
179
202
158
171
185
169
213
169
211
192
228
227
259
245
236
242
245
257
275
281
249
268
252
252
176
178
150
177
185
191
187
182
183
180
198
215
209
217
189
199
226
264
245
245
237
260
235
232
232
156
178
168
171
182
172
187
179
199
173
195
181
181
225
208
226
233
226
225
245
256
255
241
251
244
165
163
157
145
151
188
175
172
176
199
203
180
226
193
226
210
236
203
199
248
234
241
229
226
240
178
188
149
185
189
186
165
183
168
167
198
185
192
211
181
202
206
217
207
215
221
223
216
221
229
188
170
176
168
170
174
166
155
184
196
200
172
174
186
211
204
186
188
208
209
226
220
229
202
222
202
241
215
249
228
201
236
226
250
237
226
235
226
247
259
273
246
258
219
230
223
218
210
195
186
182
185
191
246
245
221
247
237
237
255
233
234
226
242
234
247
235
232
248
221
217
188
166
182
166
211
187
204
206
214
217
213
245
249
261
253
239
275
268
263
248
229
244
233
233
229
213
222
155
172
180
181
186
210
210
229
242
216
245
251
257
280
215
270
240
255
235
216
235
219
236
213
228
189
185
177
190
175
188
215
220
210
212
241
241
270
249
278
261
290
248
292
261
253
251
225
240
228
226
209
186
153
186
186
190
192
218
232
203
201
244
277
265
265
237
272
273
286
280
269
266
250
248
221
222
181
171
166
158
187
191
199
221
231
227
240
233
273
257
270
291
293
264
273
288
282
277
257
265
226
160
181
156
179
189
195
178
190
219
193
250
232
244
256
294
260
280
292
258
270
263
239
268
270
237
185
199
167
173
194
161
187
196
180
205
243
202
211
266
245
235
276
278
288
269
288
261
271
270
236
141
178
159
179
174
204
195
183
197
189
212
229
232
229
222
255
263
291
280
255
263
268
280
274
246
169
177
186
162
171
170
185
198
167
182
203
191
216
248
231
254
236
275
262
272
307
281
282
269
266
200
179
173
188
176
184
177
179
174
188
229
238
208
226
224
246
234
242
265
263
250
259
234
241
232
152
167
182
165
192
168
177
156
175
186
194
202
202
189
199
226
246
258
235
257
223
244
270
252
258
158
162
168
177
175
176
165
167
179
184
173
203
210
174
210
252
197
245
209
265
249
245
243
265
272
174
154
173
151
176
162
158
179
165
193
199
191
169
188
227
213
219
220
232
259
218
229
261
237
273
173
157
165
165
182
173
176
185
178
189
203
185
199
173
202
185
202
198
216
242
205
252
265
244
259
159
168
163
169
172
178
157
193
205
185
195
179
187
208
200
197
193
219
213
189
227
244
221
245
243
144
168
170
167
191
169
171
157
176
186
160
184
190
206
196
184
194
188
193
208
233
201
212
216
225
223
239
229
217
175
221
204
246
218
233
223
218
238
244
237
253
223
223
213
228
227
202
194
191
168
164
199
223
240
203
234
234
239
237
217
219
209
226
253
230
249
222
224
211
243
207
228
175
171
174
168
179
167
217
199
226
246
222
208
263
236
218
256
225
234
228
241
229
226
226
225
205
193
193
177
165
169
181
197
184
228
251
220
240
231
255
254
262
257
260
255
250
279
236
230
237
220
206
204
199
165
171
159
166
189
189
196
207
226
268
228
243
246
246
252
263
263
263
278
245
262
232
201
184
221
159
154
173
193
166
212
208
214
195
218
208
217
254
247
282
297
292
266
247
271
247
239
249
259
202
166
165
184
187
196
205
158
199
207
222
202
283
240
231
267
284
270
250
268
269
250
255
246
238
241
177
161
193
173
166
193
189
188
217
188
202
211
228
208
245
241
285
237
278
288
258
282
240
236
213
156
183
178
184
165
163
179
180
192
221
209
211
231
228
249
271
250
286
285
296
279
275
266
220
261
163
163
176
183
161
175
203
171
173
180
226
208
219
215
227
251
255
255
263
263
282
281
270
271
264
170
158
168
166
162
170
178
173
175
206
194
187
205
221
257
253
242
259
239
263
262
248
239
283
247
191
159
171
168
189
209
184
180
181
207
190
173
197
190
213
261
278
250
225
261
238
296
277
251
267
164
154
170
145
168
177
168
185
211
166
166
177
194
200
236
228
230
231
245
234
260
240
259
246
267
160
171
159
175
167
177
161
164
173
188
193
176
208
210
188
214
220
227
264
231
235
238
250
245
262
162
193
168
174
203
179
178
170
187
184
178
200
190
181
197
222
207
230
211
253
227
228
240
276
229
167
142
167
196
167
160
184
165
181
160
168
171
187
160
213
193
198
206
214
187
208
242
232
239
251
154
185
157
157
169
168
166
201
194
178
160
179
169
175
179
224
171
223
197
199
209
205
214
236
217
158
176
157
156
146
163
161
171
159
174
164
186
157
201
185
203
182
184
196
212
214
209
216
197
224
194
221
228
214
220
220
214
230
228
239
217
226
249
233
236
221
229
230
204
212
196
213
188
180
149
180
187
204
227
229
226
238
263
212
240
254
225
233
227
224
210
255
218
217
245
208
195
171
189
154
202
210
211
211
215
245
226
210
217
242
246
226
233
228
241
229
235
239
211
187
212
200
200
180
166
191
178
172
204
214
201
214
248
233
234
268
232
266
250
250
238
253
248
214
218
239
219
202
191
179
171
182
178
181
201
207
227
208
207
222
226
230
252
276
272
262
233
278
267
227
223
202
218
221
217
170
174
190
177
202
205
236
185
218
203
236
251
231
267
275
284
271
268
270
264
267
235
247
222
236
180
162
181
171
168
174
190
174
211
230
236
239
224
246
227
255
256
269
276
277
247
253
237
262
230
177
165
183
161
176
179
189
194
214
221
222
192
232
235
240
254
259
269
290
264
263
263
276
288
268
154
152
147
166
186
182
184
174
189
195
200
221
214
238
228
236
269
264
283
269
287
282
288
268
262
158
194
163
189
169
161
173
189
202
200
215
219
231
222
236
236
246
236
241
244
250
265
276
259
259
164
186
168
171
169
161
183
167
189
179
208
205
187
193
204
219
254
248
218
262
249
299
242
286
270
161
170
183
166
165
176
187
181
183
201
195
213
180
222
208
220
251
218
266
257
241
254
278
280
274
179
158
146
160
143
177
159
161
153
169
175
194
204
192
221
215
196
228
253
223
237
280
262
261
242
188
148
168
161
157
169
166
183
178
197
181
178
187
160
183
169
198
221
199
225
215
243
246
241
234
167
157
169
175
146
178
176
176
162
188
178
189
166
194
160
183
203
211
210
244
203
222
229
244
232
184
179
154
152
166
172
171
176
152
168
171
158
180
195
173
208
195
206
206
203
214
212
231
217
220
172
168
156
168
175
150
163
178
184
196
162
179
179
197
172
209
201
220
209
231
229
200
214
217
235
164
161
173
169
177
183
167
180
152
167
179
149
176
185
201
171
184
202
167
178
224
189
192
201
207
227
214
243
204
209
224
233
186
193
190
227
205
241
215
219
202
206
217
199
202
253
182
177
183
136
178
194
196
238
242
223
225
206
235
247
237
197
233
215
211
213
216
201
206
218
172
181
194
161
171
215
175
211
178
225
226
223
240
227
207
229
243
232
214
214
207
246
192
231
224
201
199
200
188
164
188
172
192
187
185
208
191
200
237
248
220
255
238
254
229
247
245
238
195
243
241
191
207
209
196
160
172
168
170
209
198
223
216
205
233
237
222
216
250
254
241
241
250
222
255
239
234
244
211
178
174
172
161
164
180
182
214
184
190
237
228
241
228
264
248
235
266
267
249
244
258
222
192
209
218
169
136
185
194
164
199
192
184
207
214
230
222
228
273
239
279
272
262
264
281
249
253
246
263
264
166
176
184
177
167
187
183
188
188
207
227
210
200
212
223
251
231
252
264
275
216
255
273
271
253
173
173
170
168
195
184
177
198
176
204
188
206
225
232
231
225
237
252
290
233
300
264
270
250
269
170
151
192
153
165
182
190
179
195
154
182
202
203
191
223
237
252
250
225
226
266
250
245
270
262
185
164
174
164
168
158
181
164
199
186
165
202
175
175
213
209
249
211
234
245
226
273
232
276
296
171
156
166
149
159
162
171
172
179
163
150
198
188
186
205
210
195
232
250
240
249
260
282
240
245
163
171
173
179
168
175
168
201
169
176
194
182
209
189
183
216
207
197
189
227
247
259
271
231
253
189
178
182
174
187
177
157
165
178
177
180
191
161
179
207
196
199
203
196
229
197
229
229
246
243
143
156
179
158
156
154
152
172
155
169
188
162
182
179
175
187
218
201
213
197
219
211
244
233
252
185
188
162
172
176
155
178
150
178
174
173
178
167
208
172
192
179
201
199
231
201
220
192
237
207
169
141
179
170
167
166
165
185
183
183
168
174
152
181
206
175
196
205
192
193
213
188
215
212
214
160
152
171
187
169
164
148
172
163
180
187
161
192
153
175
168
198
192
209
203
198
194
176
215
239
241
225
211
202
218
209
192
195
183
208
210
212
206
169
202
184
211
197
207
193
180
190
182
168
113
177
204
201
212
225
226
250
223
233
220
173
190
229
200
195
204
187
225
210
207
186
186
171
156
145
170
176
224
206
209
197
201
191
244
237
220
233
202
213
210
232
201
203
205
198
190
191
196
179
169
184
198
184
198
201
219
210
195
213
214
228
236
207
241
220
231
217
209
235
213
243
195
198
200
172
176
151
179
185
194
204
193
181
225
234
220
239
253
236
227
259
228
255
241
246
228
229
206
222
212
164
185
167
185
162
184
208
201
162
207
219
226
229
241
234
215
234
241
249
251
217
243
220
240
236
151
176
182
161
186
195
177
188
195
195
207
198
211
227
229
243
252
243
282
244
257
256
245
211
242
175
168
164
167
157
172
197
188
157
166
199
196
207
241
242
229
218
238
256
282
267
269
268
254
241
185
177
158
177
164
164
165
178
202
187
194
212
205
200
210
229
231
248
246
264
233
234
260
249
260
182
144
163
182
182
169
183
184
200
155
196
192
198
205
224
233
205
239
248
259
232
256
264
264
294
155
165
160
168
153
170
163
159
181
171
204
160
194
180
197
225
197
223
235
253
241
252
249
247
269
184
161
206
184
186
159
156
176
176
182
155
185
182
189
194
199
203
244
222
213
224
263
240
263
259
170
144
184
152
159
155
170
151
203
170
202
186
181
196
186
199
203
211
192
235
225
261
278
235
221
178
164
175
161
194
175
158
184
153
171
184
167
210
167
183
238
175
210
211
224
225
219
234
231
238
133
164
174
175
171
181
182
163
176
148
185
185
188
162
172
192
168
177
191
183
203
209
245
254
267
141
162
156
155
176
172
174
181
162
156
178
176
183
169
198
197
190
183
196
189
192
199
205
207
236
167
158
167
150
162
184
171
151
160
177
173
153
195
179
180
185
195
196
199
222
179
205
233
225
229
158
187
178
178
168
163
167
178
172
172
151
177
191
167
169
194
169
172
163
179
185
205
195
213
189
166
220
203
212
176
201
185
186
197
175
166
198
208
204
201
204
187
185
196
163
174
179
172
162
147
182
205
236
217
206
228
210
211
198
201
202
201
206
214
204
181
181
184
184
191
181
163
192
153
117
172
148
167
191
216
176
228
220
211
213
214
220
234
208
206
197
219
188
175
182
215
177
187
148
158
189
191
175
204
188
186
173
207
237
228
230
237
198
225
227
224
223
238
186
200
207
198
184
195
186
161
157
190
174
181
202
177
185
208
204
236
231
215
214
212
257
229
211
211
219
224
212
217
167
180
178
139
196
177
160
191
190
186
201
182
224
223
206
209
266
218
225
221
230
232
225
220
214
201
210
181
169
159
206
173
182
196
192
179
201
198
225
210
180
241
257
242
244
229
242
214
235
227
246
233
178
176
175
185
186
189
154
172
193
162
227
201
196
201
205
235
235
237
217
260
249
222
224
232
245
183
158
171
175
161
185
193
168
185
181
215
179
194
208
222
216
240
244
232
248
245
227
285
219
266
131
159
178
157
174
180
162
181
164
175
162
172
181
191
193
193
179
239
229
241
244
226
257
231
236
159
165
178
154
182
164
174
192
169
170
177
172
208
217
206
192
219
211
212
244
248
251
251
236
255
163
160
179
147
177
182
165
162
171
179
195
192
163
193
210
171
207
196
207
249
228
257
256
242
276
149
184
172
184
173
158
172
187
163
184
164
169
192
175
175
194
190
201
195
225
208
211
234
226
236
180
140
138
158
156
177
173
164
163
153
146
189
182
177
159
175
193
204
184
198
207
209
225
222
247
208
167
178
159
163
167
201
186
159
164
192
189
183
170
164
165
176
194
194
197
193
244
200
243
201
161
145
157
157
184
171
170
163
154
144
187
162
171
167
164
181
189
213
206
191
167
220
190
193
213
176
172
166
205
172
155
171
150
176
159
155
150
153
178
154
182
191
191
180
186
193
170
179
195
205
160
186
179
184
168
163
170
178
189
148
158
184
177
154
165
169
177
180
163
166
181
191
175
202
209
218
192
206
206
172
200
201
194
173
175
174
160
159
183
168
179
181
172
158
171
181
183
168
175
137
163
188
198
225
190
183
203
210
181
159
191
176
187
196
172
195
217
181
182
187
167
182
186
156
150
181
184
189
190
199
234
204
224
212
210
200
201
191
192
201
213
204
204
200
215
202
196
168
172
153
202
192
206
209
181
174
203
222
225
227
211
199
209
211
216
218
235
212
200
214
212
203
208
212
181
170
168
195
178
174
189
217
207
194
211
186
219
212
216
235
226
206
216
198
195
208
223
209
209
194
159
179
171
179
167
193
171
211
203
192
217
200
216
190
210
218
225
244
213
226
234
215
230
202
225
164
173
203
169
170
181
177
179
177
174
208
186
233
222
206
220
213
226
269
230
215
194
226
215
204
175
160
154
172
174
165
181
187
159
186
211
193
191
192
217
224
248
241
229
234
203
250
244
229
210
163
178
156
165
155
184
184
175
164
171
171
193
218
184
188
198
228
201
249
252
247
240
249
257
250
169
193
173
159
182
177
178
183
194
183
178
206
189
223
186
193
251
193
206
213
264
225
235
243
239
161
158
152
175
191
175
178
165
172
203
181
190
182
194
188
186
202
203
205
220
256
237
236
235
269
171
177
165
192
199
162
134
184
164
183
174
184
160
167
201
200
177
190
189
200
210
243
235
243
229
178
170
152
174
156
158
202
152
185
168
169
173
184
171
190
196
216
207
203
210
189
178
234
217
237
160
186
178
195
151
188
192
165
164
170
152
142
186
180
203
180
171
179
183
196
191
204
221
217
214
160
157
169
164
188
166
162
146
230
143
167
170
182
188
199
202
172
192
198
182
214
200
226
220
215
170
156
162
167
173
185
148
165
170
194
171
176
158
165
171
163
189
201
184
201
208
171
192
186
196
175
180
173
171
160
154
180
187
158
165
150
172
158
165
173
169
156
176
187
208
206
174
185
187
189
175
147
156
161
175
150
142
182
163
147
181
161
169
156
184
176
184
165
188
168
169
198
198
189
199
199
206
210
190
190
167
192
156
164
153
156
158
172
181
190
172
175
153
183
174
180
184
163
146
123
166
200
204
209
211
225
193
193
172
208
181
196
193
195
186
174
184
189
153
163
173
152
149
140
137
191
189
193
194
194
198
201
209
210
203
187
207
175
202
214
191
194
222
190
169
181
168
160
152
140
172
186
177
173
198
197
225
181
189
203
205
199
207
214
234
215
209
215
201
217
171
187
180
172
157
149
167
184
175
183
206
193
205
219
207
189
213
227
216
207
187
218
204
200
189
187
204
201
190
194
161
175
181
179
174
166
203
197
186
200
229
166
225
199
193
181
228
214
205
218
243
198
191
208
200
175
168
169
175
160
180
182
195
171
172
166
185
198
222
212
216
201
205
211
224
276
234
231
247
232
159
158
173
173
188
191
193
155
179
203
195
193
199
224
190
182
202
224
207
238
244
207
215
225
227
150
179
200
172
176
199
151
181
175
195
172
180
174
187
177
198
216
216
206
213
217
244
259
249
226
155
179
171
166
170
172
156
171
170
196
170
184
184
181
196
210
205
202
190
224
223
232
243
239
263
192
162
179
172
156
180
165
151
189
184
199
177
199
184
191
181
190
214
207
215
225
233
211
215
211
168
174
169
186
140
165
165
161
170
161
177
190
173
186
196
190
178
193
194
201
206
211
264
239
212
177
184
152
141
163
189
147
162
176
167
174
184
185
186
161
170
178
168
186
191
223
220
236
227
203
160
182
167
168
182
172
175
191
173
158
174
171
184
167
192
191
158
191
177
217
192
194
225
202
215
167
168
171
168
154
182
160
158
145
171
163
176
200
194
159
160
200
192
213
187
199
189
190
219
210
133
159
165
177
153
154
181
172
178
180
170
158
180
167
169
170
156
160
181
188
185
209
187
189
202
183
158
178
153
171
160
178
172
157
171
161
184
170
183
174
207
176
164
180
180
173
177
162
175
190
155
176
174
174
173
174
151
158
180
174
182
159
188
153
179
171
157
152
171
160
187
174
166
211
178
214
186
205
200
177
191
161
166
143
153
144
165
176
155
157
167
165
157
137
162
162
175
143
141
131
189
174
217
199
207
193
191
184
187
173
183
151
196
181
189
172
157
173
148
168
157
182
148
162
139
185
169
187
196
167
199
217
207
181
199
184
183
192
193
210
189
202
190
192
188
189
183
172
164
152
157
171
174
186
187
162
205
200
190
177
200
200
196
214
193
200
205
198
209
195
194
186
199
175
164
202
171
193
158
171
158
185
184
181
213
181
187
204
160
190
177
216
232
201
226
220
203
168
177
182
170
144
175
192
165
177
186
193
208
185
173
224
202
204
217
240
210
197
208
221
216
194
235
210
190
175
161
171
161
168
151
195
154
180
165
193
189
209
198
203
225
197
203
183
228
208
201
203
254
223
158
161
167
169
175
187
165
169
171
182
173
195
190
202
189
199
208
209
216
192
211
224
224
208
214
172
155
171
157
168
206
184
180
158
189
185
183
201
208
201
197
190
217
203
227
208
224
227
244
244
173
158
170
160
159
174
163
173
199
149
161
201
186
197
179
165
213
226
191
189
201
214
220
217
245
169
188
182
174
170
184
153
178
167
164
174
169
174
195
171
201
177
212
194
176
239
221
230
241
210
170
145
177
172
157
175
173
157
195
176
152
173
191
180
181
182
165
186
198
194
197
221
195
223
253
179
175
173
150
153
154
180
161
163
184
170
168
176
187
189
184
174
193
188
196
180
149
227
218
191
149
168
172
186
180
162
177
172
181
182
176
185
172
161
188
179
168
190
197
186
197
176
185
217
200
148
153
190
160
180
196
180
186
160
151
175
165
137
167
172
195
164
169
170
192
172
203
163
193
171
177
155
175
182
166
172
161
155
178
176
164
184
161
163
165
193
183
209
184
179
178
210
179
193
196
155
150
167
171
160
167
173
176
170
179
156
132
194
164
168
169
165
185
191
208
184
192
188
177
193
182
175
173
168
166
197
174
184
158
190
158
167
186
176
162
171
154
179
162
178
189
156
201
188
171
208
183
192
191
171
163
157
168
164
172
171
147
168
141
159
161
172
152
163
168
127
150
147
155
154
186
170
169
197
187
199
196
192
186
177
181
179
186
174
187
160
173
181
190
180
206
160
159
156
152
159
163
193
202
177
174
191
191
190
189
207
198
186
164
205
205
186
167
187
182
211
189
167
175
177
164
163
162
175
176
177
186
194
188
187
193
197
200
178
174
203
185
201
209
188
209
206
171
187
186
191
162
165
175
155
184
196
154
195
214
184
189
223
204
212
175
190
194
182
192
227
198
205
220
193
154
166
187
158
165
158
172
195
178
179
194
193
190
182
202
221
219
215
203
206
215
216
202
218
228
171
177
181
178
183
157
164
154
181
183
162
198
180
198
218
194
206
183
190
216
198
227
189
214
205
179
149
177
173
162
166
197
164
165
185
211
200
204
186
207
204
197
193
222
190
215
205
214
213
216
165
154
173
182
159
168
182
199
164
180
154
171
201
166
191
205
195
189
172
225
227
206
242
214
215
179
187
152
172
155
173
162
168
161
172
175
172
175
186
178
170
190
193
191
201
199
208
196
210
205
182
180
147
138
184
196
169
178
184
172
171
184
179
171
164
185
195
192
201
207
204
223
205
232
210
162
182
169
150
165
182
178
165
155
159
165
174
179
181
189
178
166
192
176
188
198
208
200
196
216
165
164
154
181
156
196
166
162
158
177
183
176
171
182
161
186
200
152
157
199
186
175
204
229
230
167
169
174
163
158
156
151
170
154
187
154
158
169
171
186
174
176
171
188
180
189
175
207
178
189
165
148
181
189
163
186
162
171
164
173
158
159
155
189
170
188
171
185
184
164
164
179
204
161
200
181
180
163
148
185
180
166
152
145
159
178
177
189
151
168
166
160
185
163
160
175
194
170
192
164
158
152
185
167
170
161
161
163
174
166
171
197
157
181
168
190
162
173
175
165
181
174
161
186
208
177
163
181
170
174
153
178
161
158
167
159
190
173
146
173
185
169
165
173
167
176
168
177
174
182
)
;

boundaryField
{
    flow
    {
        type            calculated;
        value           nonuniform List<scalar> 
1728
(
155
156
155
160
157
142
146
171
176
177
145
156
124
148
131
136
142
134
146
154
129
147
145
165
156
160
176
161
165
147
165
146
130
140
158
156
140
165
145
173
168
174
182
184
154
163
161
145
183
183
155
144
164
164
131
135
151
163
193
174
205
204
186
194
195
192
172
157
173
162
148
197
154
135
141
187
184
202
199
197
182
191
193
207
181
193
206
196
195
172
160
182
175
171
168
216
177
217
238
223
232
220
212
229
223
204
210
216
177
161
170
167
183
229
204
222
205
237
241
256
214
234
224
202
225
229
169
161
184
185
201
205
242
216
249
240
269
254
252
232
244
240
229
222
186
166
172
185
209
222
226
237
236
246
266
232
258
272
273
259
243
225
168
174
177
199
221
202
241
213
261
264
247
267
267
262
229
251
217
224
149
154
166
179
217
236
230
268
262
259
270
274
242
234
232
220
235
207
136
171
164
196
178
218
264
253
269
262
296
245
253
243
252
207
214
239
113
145
169
172
212
236
242
241
260
294
269
259
221
238
267
236
229
189
147
117
158
186
180
210
233
245
266
236
255
276
236
247
201
213
205
209
137
150
153
181
194
225
204
210
250
239
269
229
237
214
215
196
189
199
123
137
140
157
194
200
232
227
226
263
211
212
203
215
210
202
190
178
131
139
152
164
182
190
223
214
244
245
210
253
191
200
171
196
193
171
154
152
177
186
193
228
205
216
215
205
210
216
230
189
200
164
208
182
167
157
175
170
160
172
156
161
166
177
169
162
164
168
173
164
172
169
171
171
170
176
168
167
171
169
174
166
158
158
170
158
178
164
161
154
169
163
167
175
170
174
164
166
161
181
171
167
171
169
165
161
169
163
170
160
168
166
158
176
169
158
167
167
161
171
167
161
175
166
187
171
170
165
166
165
162
164
179
165
160
165
173
170
159
170
151
173
164
163
158
174
160
174
165
172
161
171
173
166
175
166
164
156
165
172
172
168
171
164
169
161
161
167
166
164
173
172
170
170
160
178
168
154
162
176
167
174
158
162
170
155
174
163
169
166
163
174
158
176
166
175
162
159
166
154
170
169
167
174
173
167
160
179
163
163
181
170
175
167
164
165
169
162
160
181
167
178
163
171
158
164
161
163
174
173
160
167
169
159
160
165
164
160
164
173
166
165
167
167
172
166
167
163
166
159
175
151
161
163
164
172
169
160
171
171
162
160
174
164
166
173
167
169
165
163
170
159
163
157
158
160
169
163
171
165
165
169
182
169
162
171
167
164
168
159
168
164
170
169
170
163
176
167
171
165
165
164
167
170
162
164
169
165
174
171
161
155
171
161
164
165
171
158
166
158
172
156
164
169
169
161
171
178
170
174
163
169
159
183
167
172
158
164
162
174
158
170
152
167
165
169
169
168
168
169
169
168
168
164
175
162
158
163
176
162
167
164
165
180
160
172
161
167
167
155
163
168
164
170
176
174
177
166
169
154
163
171
163
168
176
159
165
159
151
163
164
164
169
170
162
166
160
174
185
178
164
181
162
156
165
190
179
166
188
169
174
163
169
161
149
194
167
167
153
169
164
177
157
165
167
158
184
175
170
163
156
179
157
171
175
163
173
147
163
167
167
176
165
170
155
174
179
153
164
172
171
157
205
135
166
155
164
161
162
157
162
169
170
178
173
159
154
156
184
180
176
170
173
183
180
188
144
158
164
160
158
160
175
155
182
177
194
203
199
176
168
176
156
170
168
176
161
152
187
186
147
176
175
163
198
177
190
164
178
186
153
176
170
157
173
171
178
179
156
174
173
181
166
164
184
161
167
180
177
168
167
156
169
187
178
184
161
174
168
170
178
198
169
187
157
161
163
170
191
146
177
169
168
168
175
173
166
174
171
193
187
190
173
186
165
174
169
163
183
164
163
163
150
174
197
153
174
193
204
179
198
155
188
166
171
161
167
148
167
170
142
151
174
178
170
156
200
209
181
182
174
155
157
171
180
172
178
178
182
158
184
161
155
182
172
179
185
185
177
184
176
159
152
163
172
189
163
180
158
158
166
180
202
184
199
193
171
196
186
174
167
180
172
148
147
174
190
167
162
195
177
179
210
173
193
200
160
164
179
187
151
158
181
182
158
159
158
167
185
185
187
192
178
172
184
186
149
161
177
184
161
159
167
190
156
182
198
188
171
184
212
174
190
157
176
192
191
177
169
188
186
173
163
181
180
182
181
202
175
186
206
201
185
153
167
154
156
153
176
146
190
153
172
184
199
181
177
211
196
185
201
175
169
165
184
179
162
173
170
184
178
227
232
187
193
204
184
203
171
168
194
169
176
171
171
185
151
166
180
205
181
199
218
186
194
182
184
198
169
177
184
157
154
169
146
153
205
197
184
200
214
188
188
184
202
192
172
180
165
152
179
165
175
174
182
211
210
203
226
208
193
196
167
209
163
163
188
171
162
173
161
180
193
189
186
204
197
209
208
212
178
203
179
166
168
160
178
167
159
174
171
196
213
227
225
226
233
214
224
198
185
181
169
187
189
176
156
192
179
186
197
220
197
220
201
209
189
194
205
191
198
174
156
168
157
190
201
177
216
190
198
229
212
216
192
176
195
175
198
166
201
177
151
158
174
190
181
219
256
202
216
197
201
215
213
202
189
211
188
174
134
156
164
197
172
216
229
222
225
224
207
239
189
209
199
178
171
182
167
164
165
180
160
172
161
167
167
155
163
168
164
170
176
174
177
166
176
164
170
167
170
161
180
159
164
173
160
156
172
154
169
174
149
161
163
173
163
176
176
172
178
179
153
176
182
169
163
167
177
159
160
179
152
187
171
148
172
139
156
171
183
169
161
161
172
183
177
160
159
172
200
169
155
177
169
149
171
170
169
167
155
158
131
176
153
159
153
156
208
186
159
164
191
154
171
179
165
179
182
162
165
167
165
181
158
177
183
170
163
163
162
166
177
149
154
187
180
182
164
169
148
180
152
163
192
169
193
162
165
187
181
177
173
152
147
169
154
174
181
163
185
181
191
197
202
175
175
158
178
173
182
172
138
150
181
163
189
148
167
170
171
187
177
176
155
165
183
162
159
155
184
165
156
158
163
185
170
174
163
199
174
177
184
158
157
166
168
173
196
182
196
156
186
180
161
153
157
196
191
186
196
172
164
197
182
162
169
178
166
151
162
166
161
178
168
192
191
194
154
195
154
164
199
168
178
165
162
170
171
152
163
161
164
186
190
188
195
178
181
165
164
161
184
155
158
154
164
145
174
158
172
177
189
187
214
179
183
185
180
172
172
159
177
187
173
159
166
167
171
181
207
193
184
194
162
211
154
175
171
165
183
154
158
178
171
159
147
179
198
197
189
193
198
200
171
172
184
174
176
158
159
177
197
190
168
186
186
200
223
190
180
204
201
175
179
179
171
169
155
189
157
173
141
174
164
178
204
182
198
186
166
186
171
181
182
171
189
151
181
146
159
187
205
174
212
202
218
207
191
178
164
189
161
186
170
168
168
173
161
160
205
203
175
221
194
204
205
170
185
178
186
174
188
166
190
185
172
173
186
185
190
219
206
197
195
190
195
166
200
176
171
160
162
169
152
181
167
201
194
215
183
193
189
193
192
192
152
171
185
185
173
165
163
190
187
209
182
203
190
222
172
191
201
176
157
188
184
163
175
173
168
180
182
188
192
206
216
190
225
201
207
188
199
180
164
160
165
167
127
206
211
209
227
215
198
215
227
199
204
198
186
189
164
175
181
176
150
160
189
206
198
216
227
205
206
208
223
208
175
175
179
194
174
168
147
159
167
171
205
202
189
214
242
196
205
200
204
207
204
170
161
177
155
156
175
187
220
218
214
213
214
210
232
196
229
178
161
192
186
174
154
152
177
186
193
228
205
216
215
205
210
216
230
189
200
164
208
182
)
;
    }
    entrance
    {
        type            symmetry;
    }
    walls
    {
        type            calculated;
        value           nonuniform List<scalar> 
900
(
275
258
241
224
224
217
235
202
202
223
194
227
241
166
218
199
214
208
322
271
303
230
254
233
216
197
241
239
221
214
225
220
192
206
186
183
331
352
252
253
248
229
251
201
215
229
228
243
211
203
206
210
205
192
350
329
315
296
227
228
230
253
249
217
214
204
202
212
206
190
200
191
363
322
289
270
278
232
239
238
228
175
220
209
218
176
172
190
177
171
341
367
296
291
284
238
216
236
201
221
220
224
209
201
200
167
191
163
353
320
323
322
291
283
240
242
236
204
214
233
192
185
201
192
161
157
362
353
343
291
297
242
242
243
226
246
230
186
195
186
194
156
166
168
319
314
350
308
297
277
290
258
250
218
228
193
183
197
173
164
143
164
311
337
273
308
279
293
256
241
237
233
239
190
208
175
175
153
153
172
326
327
306
304
331
253
282
237
226
223
217
227
210
166
174
156
144
171
331
312
315
291
320
273
239
232
235
218
226
205
212
198
160
158
165
147
340
329
319
294
289
269
261
260
226
238
249
241
206
208
159
172
176
168
301
335
281
298
271
284
276
249
247
244
233
215
169
204
183
181
155
141
310
324
317
323
253
282
284
239
259
237
236
219
202
201
168
190
157
159
318
292
310
270
251
261
274
245
273
253
221
202
184
204
179
172
167
161
285
305
278
278
282
303
260
249
246
223
229
206
211
187
181
175
165
172
289
247
263
232
282
231
263
251
258
223
230
217
197
185
172
153
157
152
273
269
229
263
230
219
220
225
219
213
204
199
207
196
158
183
137
163
258
249
259
279
231
229
246
226
230
228
212
202
193
163
171
174
162
168
266
241
249
253
238
242
238
246
223
227
196
253
180
174
181
180
162
127
270
214
252
228
198
247
234
212
218
202
213
182
190
179
183
184
175
150
221
226
201
208
178
213
200
221
210
194
188
177
182
172
168
163
143
147
197
177
197
174
172
168
193
168
195
191
180
183
168
162
175
146
141
155
155
146
140
131
154
160
177
169
186
168
149
136
113
147
137
123
131
154
275
238
220
224
209
228
204
216
212
209
188
199
204
200
197
200
207
184
322
301
248
267
242
218
237
223
223
226
228
235
194
234
214
198
208
194
331
311
272
263
269
225
232
224
222
214
215
215
210
206
202
219
197
198
350
291
294
283
252
212
230
235
238
233
218
214
220
206
186
209
180
166
363
339
330
273
251
229
203
215
202
232
213
210
218
212
195
195
177
178
341
338
305
298
265
235
209
240
231
219
225
216
177
190
201
164
165
171
353
315
339
300
281
250
269
241
215
217
168
220
185
218
201
174
166
174
362
306
314
266
284
284
238
203
215
215
223
184
200
205
176
165
160
170
319
379
297
268
256
285
237
270
241
229
212
202
221
195
175
196
183
155
311
331
282
329
288
262
266
239
228
253
208
224
235
190
182
186
166
166
326
309
296
296
309
275
285
252
262
249
232
185
210
184
203
178
175
162
331
296
307
298
310
269
281
284
250
222
208
228
206
178
160
156
170
158
340
316
322
326
254
263
284
254
237
221
227
213
218
183
187
171
184
156
301
307
330
286
282
293
259
267
239
205
223
219
185
188
185
170
171
163
310
298
311
298
285
299
257
240
257
238
236
234
207
194
176
164
150
190
318
287
282
300
269
262
256
244
221
234
220
216
211
182
165
168
186
170
285
268
302
282
276
244
269
235
263
246
231
198
194
193
187
155
159
151
289
293
262
274
259
252
241
224
259
258
252
215
217
200
179
149
131
146
273
242
269
264
272
245
252
256
248
228
218
185
186
159
188
181
145
175
258
277
237
242
285
248
234
250
240
217
202
203
184
191
186
196
174
161
266
286
229
258
225
233
229
213
219
212
205
246
186
186
178
155
148
159
270
260
235
211
226
216
228
215
195
222
235
198
204
177
172
168
160
156
221
205
210
219
207
210
191
223
202
207
196
169
181
164
168
157
134
157
197
165
213
194
183
199
202
191
197
185
188
166
197
160
161
154
160
151
155
156
155
160
157
142
146
171
176
177
145
156
124
148
131
136
142
134
)
;
    }
}


// ************************************************************************* //
