/*--------------------------------*- C++ -*----------------------------------*\
| =========                 |                                                 |
| \\      /  F ield         | OpenFOAM: The Open Source CFD Toolbox           |
|  \\    /   O peration     | Version:  v1706                                 |
|   \\  /    A nd           | Web:      www.OpenFOAM.com                      |
|    \\/     M anipulation  |                                                 |
\*---------------------------------------------------------------------------*/
FoamFile
{
    version     2.0;
    format      ascii;
    class       volVectorField;
    location    "0.003";
    object      fD_Ar;
}
// * * * * * * * * * * * * * * * * * * * * * * * * * * * * * * * * * * * * * //

dimensions      [1 -1 -2 0 0 0 0];


internalField   uniform (0 0 0);

boundaryField
{
    flow
    {
        type            calculated;
        value           uniform (0 0 0);
    }
    entrance
    {
        type            symmetry;
    }
    walls
    {
        type            calculated;
        value           nonuniform List<vector> 
900
(
(1.556319413 -2.076490733 0.1190964531)
(1.632030185 -1.648221834 0.1344923203)
(1.591730121 -1.407059834 0.1079545199)
(1.562198668 -1.280223001 0.08356056412)
(1.5427069 -1.181959726 0.04620384302)
(1.46845844 -1.096773378 0.04193550289)
(1.493297127 -1.062190492 0.01933610846)
(1.478594355 -1.032452824 0.01136628403)
(1.46093049 -1.012606431 0.01900198077)
(1.427000883 -0.9748033833 0.02259535747)
(1.415862639 -0.9445973638 0.01202628915)
(1.431976796 -0.9574356776 0.007157270114)
(1.48375285 -0.9550406653 0.005218038663)
(1.398131184 -0.9241214745 0.03741068588)
(1.440772101 -0.9335890727 0.01393545807)
(1.366017588 -0.9007511204 0.01700249149)
(1.366887105 -0.865288893 0.02485225003)
(1.372238678 -0.7833801482 0.04003534364)
(1.678668696 -2.753356631 0.1516886475)
(1.879050993 -2.260098664 0.242728068)
(1.776768434 -1.887594423 0.1786291495)
(1.727927566 -1.673649673 0.1232433375)
(1.63975496 -1.479711076 0.1061766731)
(1.627562589 -1.379066839 0.08526112626)
(1.578475319 -1.303540023 0.01775833742)
(1.643328884 -1.32628841 0.04939220146)
(1.570571381 -1.254978962 0.03061516801)
(1.590568541 -1.201027683 0.03471853267)
(1.55478611 -1.177381676 0.02630591163)
(1.523034957 -1.14972628 0.01120667463)
(1.502744861 -1.118870747 0.02804468327)
(1.491728475 -1.120447564 0.01083851286)
(1.5041651 -1.072900444 0.03225708452)
(1.54472862 -1.080501257 0.01888262147)
(1.454466419 -0.9993678031 0.04213306855)
(1.406253032 -0.9056736395 0.07453586501)
(1.625756815 -3.059216827 0.1119911903)
(2.045161843 -2.756613591 0.2495253253)
(1.94953134 -2.393156226 0.2707301613)
(1.92422161 -2.088636567 0.181188172)
(1.78187352 -1.775158049 0.1357214226)
(1.746174436 -1.677136842 0.1154979461)
(1.718767712 -1.544260523 0.08487613114)
(1.644560333 -1.461196559 0.05549184994)
(1.627133434 -1.391854864 0.0389543132)
(1.64572688 -1.363530471 0.04832530258)
(1.633258793 -1.344384516 0.03183417127)
(1.554171565 -1.271437345 0.02226108258)
(1.571129134 -1.283608726 0.004409557475)
(1.549731684 -1.223732956 0.01823083592)
(1.594352943 -1.226910408 0.03337914308)
(1.501997881 -1.145391561 0.05227852759)
(1.533128533 -1.111752257 0.05774404523)
(1.408444625 -0.9338215079 0.1003640544)
(1.529420359 -3.278003504 0.02708545325)
(2.027225631 -3.111503339 0.277420053)
(2.057982146 -2.688392889 0.2746670932)
(1.973592376 -2.344028251 0.2410276862)
(1.841095309 -2.075508313 0.1813110905)
(1.827522336 -1.90047895 0.1734857173)
(1.716034589 -1.744792117 0.1071074029)
(1.661171816 -1.612598732 0.09404635934)
(1.670496295 -1.553957167 0.08668495977)
(1.614409646 -1.47181267 0.06548881768)
(1.586182047 -1.405952973 0.05173454844)
(1.684893629 -1.456289759 0.04836778468)
(1.620185709 -1.374772717 0.01875171144)
(1.57294727 -1.320396627 0.02297416872)
(1.537867918 -1.263519316 0.03741394693)
(1.561015132 -1.23220688 0.09181693219)
(1.475386597 -1.104310109 0.09730779625)
(1.404394291 -0.9701952337 0.1219171463)
(1.401330991 -3.325781153 -0.0005852749541)
(1.987636954 -3.322710233 0.1954333526)
(2.011064632 -2.948706037 0.3166152812)
(2.013279824 -2.613049432 0.3017754875)
(1.875936068 -2.341430746 0.2376813527)
(1.865404951 -2.135724141 0.1913981289)
(1.779796691 -1.904581003 0.1672390561)
(1.766643485 -1.811634527 0.08955812833)
(1.684259645 -1.673117097 0.1002193015)
(1.729972619 -1.647839507 0.0784970518)
(1.698093696 -1.565144919 0.07264423896)
(1.631419704 -1.514747732 0.0351679976)
(1.61695233 -1.453681608 0.04783033066)
(1.544601818 -1.369637894 0.06528134663)
(1.557543777 -1.334478799 0.05540151071)
(1.511444547 -1.277348687 0.07643934704)
(1.469191209 -1.157741343 0.08485864064)
(1.467435499 -1.056558886 0.1671915511)
(1.290071709 -3.479008005 -0.02306117236)
(1.849591421 -3.408836911 0.2254033205)
(2.049949332 -3.223571975 0.2649166353)
(2.015115925 -2.861084604 0.3193027851)
(1.991768463 -2.596932468 0.2939902698)
(1.882090657 -2.310724225 0.2311589575)
(1.872287722 -2.172679139 0.1992057134)
(1.784110847 -1.951728818 0.1619296753)
(1.774620214 -1.833327981 0.158116777)
(1.735934705 -1.781262985 0.08571242692)
(1.626234525 -1.60216095 0.0590949969)
(1.648930586 -1.617915959 0.1024002182)
(1.610941191 -1.52288244 0.07048180158)
(1.559960385 -1.434563205 0.06127414108)
(1.544241232 -1.362765189 0.08225412844)
(1.464867027 -1.28116597 0.1142363358)
(1.45709166 -1.182205433 0.1311726945)
(1.407301849 -1.030757854 0.137538187)
(1.160723535 -3.502702422 -0.03122456637)
(1.772636186 -3.451436482 0.1040742181)
(1.927461981 -3.268113291 0.2853118251)
(2.053061094 -3.099197666 0.3160622496)
(2.011485488 -2.792087242 0.3260470627)
(1.984823692 -2.562850784 0.2592120246)
(1.85741162 -2.261374329 0.2016684171)
(1.795893613 -2.122457079 0.1959743504)
(1.732098033 -1.927761747 0.1525869493)
(1.710403759 -1.858786314 0.1088625977)
(1.637924625 -1.746115608 0.09407173676)
(1.625855408 -1.684430089 0.08472317944)
(1.630154955 -1.624090729 0.1028260955)
(1.590818103 -1.544728891 0.08045101141)
(1.501281517 -1.40946546 0.09735695943)
(1.511341549 -1.323512725 0.1014119644)
(1.391936775 -1.186895608 0.1617032316)
(1.393759853 -1.05705936 0.152473001)
(1.066027979 -3.478649563 -0.0254511468)
(1.626373529 -3.524318743 0.1214791974)
(1.889405912 -3.376702643 0.2352327076)
(1.992874964 -3.196337837 0.3170131975)
(1.980508459 -2.952242119 0.3233310378)
(1.93391582 -2.656005312 0.2895196399)
(1.92053556 -2.469369376 0.2591464178)
(1.821970083 -2.240832666 0.2109508065)
(1.752100257 -2.06383913 0.1934905186)
(1.674466301 -1.898208765 0.147723048)
(1.661489795 -1.859219985 0.1207019322)
(1.64156991 -1.749827351 0.1247244334)
(1.633744017 -1.696336196 0.1238841815)
(1.498297407 -1.514929211 0.1111631867)
(1.526317612 -1.483264951 0.1195330482)
(1.443047733 -1.327069305 0.1515217413)
(1.472550453 -1.264770492 0.1638198202)
(1.402470232 -1.09615477 0.216118889)
(0.9732204103 -3.439868604 -0.07612886555)
(1.514863238 -3.507008094 0.05462819282)
(1.855072694 -3.481525854 0.2041700093)
(1.978797873 -3.318987218 0.2807984013)
(1.976629462 -3.067343496 0.320859563)
(1.986950067 -2.818761959 0.271816992)
(1.906651156 -2.591448967 0.2648560054)
(1.800935917 -2.359223068 0.2508899991)
(1.783746264 -2.287391596 0.219321491)
(1.802373958 -2.131585612 0.1968091908)
(1.689560941 -1.950722504 0.1539941513)
(1.61669582 -1.8201341 0.1531602491)
(1.59075474 -1.692945494 0.1540133399)
(1.498104199 -1.565980723 0.1363002676)
(1.519946565 -1.500905006 0.1383506638)
(1.471741034 -1.370938593 0.1462928488)
(1.425751981 -1.275448229 0.1877276855)
(1.441243453 -1.131276992 0.2195360909)
(0.8986540313 -3.373222998 -0.04010676583)
(1.457482316 -3.470237881 0.05998069367)
(1.726005497 -3.411293094 0.1416750135)
(1.898067453 -3.302207266 0.2673058306)
(1.909923101 -3.153288736 0.3054770572)
(1.920999928 -2.940129253 0.3468636534)
(1.894867238 -2.705351493 0.2956756337)
(1.843187008 -2.52286752 0.3003253474)
(1.783242751 -2.30815996 0.2418184123)
(1.680148385 -2.133168135 0.2186998385)
(1.713568085 -2.062614799 0.1805902132)
(1.618797145 -1.875673973 0.1975966767)
(1.569679214 -1.747446146 0.1499944047)
(1.528435151 -1.646443172 0.1568618649)
(1.503288565 -1.532644011 0.1697907675)
(1.418667337 -1.380211651 0.1716865104)
(1.418785691 -1.276548732 0.1856327533)
(1.416341151 -1.133059152 0.215782211)
(0.8502555458 -3.323698251 -0.07350776954)
(1.265888356 -3.428085238 0.05238166373)
(1.604191236 -3.347919415 0.1069330962)
(1.801930346 -3.305760481 0.2185687278)
(1.865038339 -3.180189794 0.2779060122)
(1.909023481 -3.000871385 0.2992501416)
(1.893887253 -2.821121247 0.2980834588)
(1.846245135 -2.623618787 0.2936374256)
(1.766920523 -2.413069285 0.268380942)
(1.718529257 -2.236765712 0.2423296502)
(1.612734134 -2.031417028 0.2296871238)
(1.65286294 -1.958825404 0.1846782318)
(1.540384086 -1.776299111 0.1654674234)
(1.48531811 -1.676684134 0.1961506865)
(1.490518601 -1.581628198 0.2057843319)
(1.414050503 -1.430171694 0.1840832449)
(1.353479817 -1.282607542 0.2041682533)
(1.464991436 -1.180965753 0.2190320324)
(0.7536588898 -3.320081667 -0.07536542502)
(1.15810523 -3.354991466 0.009254419231)
(1.482954043 -3.317822396 0.08887724422)
(1.674257312 -3.303381572 0.2095011862)
(1.758351293 -3.141316402 0.2473491056)
(1.852549539 -3.094845519 0.3138140374)
(1.842444405 -2.824989567 0.2998022193)
(1.783834143 -2.678710979 0.2888278847)
(1.742168378 -2.522871507 0.3019285067)
(1.74981533 -2.364392683 0.3027351198)
(1.674280619 -2.157126149 0.250269631)
(1.569525669 -1.969352703 0.2122433523)
(1.542626525 -1.877987329 0.2078840952)
(1.514232961 -1.755575331 0.196873382)
(1.446988021 -1.594896812 0.2378757646)
(1.36927019 -1.436408641 0.2030494219)
(1.380973859 -1.331902584 0.2389065071)
(1.409640243 -1.176867695 0.2457977263)
(0.780557392 -3.314313698 -0.1053786911)
(1.097334608 -3.199925774 0.02401345197)
(1.459567347 -3.329383374 0.1087266204)
(1.586409278 -3.300626519 0.1963540795)
(1.749151041 -3.215908743 0.2825233731)
(1.815279983 -3.08828251 0.2904469925)
(1.827396702 -2.929587118 0.3100187631)
(1.807264051 -2.758814247 0.2908137277)
(1.72366929 -2.532710822 0.3189944711)
(1.698005984 -2.379792196 0.2968777382)
(1.645046908 -2.227241695 0.2814556353)
(1.632214437 -2.094427543 0.2447482822)
(1.561501829 -1.921687935 0.230851717)
(1.506033766 -1.773015152 0.2347380874)
(1.433853249 -1.616661769 0.2348499165)
(1.382879713 -1.465800819 0.2215856903)
(1.349869594 -1.329333992 0.2481662963)
(1.431357067 -1.243909395 0.2700583813)
(0.6860394582 -3.188346178 -0.08179225411)
(1.068743806 -3.219964205 -0.009426690413)
(1.352744113 -3.223680711 0.05546830573)
(1.552294661 -3.231690017 0.151926717)
(1.667164579 -3.150849165 0.2172352277)
(1.764507157 -3.093796947 0.2931301684)
(1.736031903 -2.908489104 0.3067517965)
(1.72185465 -2.723580155 0.3207423875)
(1.749116919 -2.6199981 0.2974901693)
(1.68257984 -2.433797599 0.3060800254)
(1.579725372 -2.228026309 0.2893867652)
(1.577437915 -2.064036398 0.265677259)
(1.580799456 -1.993809587 0.2736083175)
(1.473197451 -1.819571958 0.232180878)
(1.494295126 -1.703809515 0.2448675956)
(1.364802133 -1.509960112 0.2497994858)
(1.364765174 -1.360017124 0.2548209175)
(1.424535697 -1.263706484 0.2803226993)
(0.6518227689 -3.115441578 -0.09888142418)
(1.029009702 -3.170552966 -0.0179409354)
(1.294137845 -3.154400099 0.07230044659)
(1.467525054 -3.166423809 0.1670461432)
(1.615288363 -3.09853983 0.1643374978)
(1.695636375 -2.984673687 0.2308988565)
(1.735659714 -2.897186325 0.262335653)
(1.737889894 -2.804303634 0.3038406662)
(1.675661921 -2.612074926 0.3272528282)
(1.645127102 -2.47082783 0.3306480972)
(1.587232419 -2.275110958 0.2935438623)
(1.598804468 -2.181891249 0.3081369228)
(1.52316179 -1.974478026 0.2725125735)
(1.448516928 -1.827770202 0.2572941729)
(1.399058354 -1.669662817 0.2708847108)
(1.401173109 -1.54590588 0.2971610616)
(1.357631127 -1.400913816 0.2582510351)
(1.480409361 -1.29562427 0.2972679483)
(0.591939245 -3.050147412 -0.0409271791)
(0.9776074907 -3.067749058 -0.03247581494)
(1.166091174 -3.00142499 0.03400175382)
(1.355433631 -3.015869837 0.1172757266)
(1.563195579 -3.041360963 0.1558840477)
(1.612546907 -2.962942111 0.2173804336)
(1.628693564 -2.851374796 0.2934059392)
(1.648670659 -2.730465741 0.2800306652)
(1.698422089 -2.720668287 0.3262755687)
(1.660616458 -2.523497652 0.3174386105)
(1.636178319 -2.326032861 0.3047751656)
(1.569376359 -2.209956888 0.3016248267)
(1.504382393 -2.033752866 0.3019173911)
(1.445161407 -1.840631538 0.2945792717)
(1.416972065 -1.711636851 0.2912311165)
(1.370768798 -1.577020414 0.2839217839)
(1.337657564 -1.436446759 0.2771543472)
(1.479856296 -1.316901085 0.3012367253)
(0.6231382385 -2.935422623 -0.07269659605)
(0.8964542749 -2.971927699 -0.02656434515)
(1.13637941 -2.986054901 0.04549234499)
(1.32209768 -2.981814568 0.1023642094)
(1.467249304 -2.963681702 0.1479731554)
(1.530353869 -2.857447927 0.2371195504)
(1.648654458 -2.842286212 0.2450433532)
(1.649642033 -2.72114818 0.3050504259)
(1.623698274 -2.585378723 0.3105148873)
(1.61266895 -2.474821945 0.3204313421)
(1.579122747 -2.350384936 0.3326639222)
(1.494783256 -2.172410167 0.3091621449)
(1.491207163 -2.061010753 0.3317579476)
(1.436783824 -1.871654761 0.2851356107)
(1.36069212 -1.718437361 0.3057149185)
(1.334883992 -1.575706607 0.2941395758)
(1.354056827 -1.479477517 0.3067519662)
(1.457799836 -1.321583353 0.3132143556)
(0.6033774301 -2.753575167 -0.06304568244)
(0.8997119383 -2.900304639 -0.02818245939)
(1.068487644 -2.85077575 0.02779983877)
(1.248736259 -2.832850524 0.09558102262)
(1.444998498 -2.863362092 0.1143562299)
(1.511270131 -2.852637877 0.1911125887)
(1.544912056 -2.737508246 0.1976098897)
(1.602039153 -2.692498917 0.2665655082)
(1.592354157 -2.62797321 0.29700728)
(1.535876493 -2.457675093 0.3256558196)
(1.5880489 -2.384711367 0.3379318576)
(1.550342149 -2.223562454 0.373180076)
(1.438024829 -2.027671997 0.3129304545)
(1.424047288 -1.904048865 0.3340705326)
(1.398934214 -1.727297107 0.3090437835)
(1.379982905 -1.612937921 0.3088959548)
(1.327534012 -1.475264519 0.32031075)
(1.461145166 -1.344837039 0.3072658936)
(0.5884675385 -2.684324396 -0.08647742502)
(0.8476403484 -2.76103156 -0.04462979645)
(1.071513026 -2.7475808 -0.0256707768)
(1.251985983 -2.804283758 0.06386500556)
(1.333885204 -2.767436845 0.1432718135)
(1.471441458 -2.78978667 0.1883143107)
(1.495598689 -2.649046959 0.2108698712)
(1.539068484 -2.628567367 0.2610465097)
(1.523858149 -2.55190452 0.2729850161)
(1.553140845 -2.401804768 0.2890421681)
(1.515185599 -2.334995252 0.3336302191)
(1.502496847 -2.186982065 0.350046211)
(1.442156347 -2.017463412 0.3336843069)
(1.415936563 -1.928317106 0.3372623861)
(1.340053822 -1.746790909 0.3357248172)
(1.340354141 -1.607294318 0.3248683748)
(1.363927413 -1.517602266 0.3188891053)
(1.420902443 -1.362861372 0.3306340817)
(0.5803957186 -2.54709604 -0.06216576454)
(0.8083026536 -2.592186457 -0.02904025124)
(1.0101108 -2.648466426 0.01741193777)
(1.162821059 -2.627198317 0.05158309995)
(1.295590849 -2.675320631 0.1234468912)
(1.422269299 -2.66534845 0.1505591582)
(1.488631804 -2.614943904 0.1868214392)
(1.504468928 -2.568366584 0.2361838844)
(1.555625001 -2.505509497 0.2695618961)
(1.564813326 -2.429076149 0.2918648454)
(1.479724959 -2.256474875 0.2964446919)
(1.435152034 -2.133575249 0.3150142905)
(1.462220376 -2.016938505 0.3190910612)
(1.361744599 -1.895474919 0.3388801912)
(1.344965848 -1.764554038 0.3652728699)
(1.343126152 -1.629688174 0.321573155)
(1.370660815 -1.546116145 0.3446193605)
(1.423278345 -1.356527541 0.3432789324)
(0.5281494939 -2.389801454 -0.03889968334)
(0.8019852902 -2.454468313 -0.02762095281)
(0.9740892091 -2.477370988 0.01030265421)
(1.198821474 -2.579745762 0.04642187698)
(1.258292061 -2.517206397 0.1050142243)
(1.345953873 -2.508684232 0.1320577756)
(1.410809855 -2.483957796 0.2070925118)
(1.431613758 -2.44573612 0.1897329459)
(1.495489199 -2.438689553 0.2895167824)
(1.470929645 -2.298466775 0.3074662351)
(1.389653132 -2.188430181 0.3207139663)
(1.447710094 -2.119417819 0.3228114)
(1.392072015 -1.96339717 0.3170238846)
(1.321198543 -1.839591937 0.3443861734)
(1.353506845 -1.779242534 0.3302052899)
(1.34633796 -1.644590725 0.3298617715)
(1.34311832 -1.534437482 0.3225470952)
(1.481680573 -1.419692405 0.3664930929)
(0.5512360018 -2.221898229 -0.05995137243)
(0.7623044127 -2.244311717 -0.03321993218)
(0.9657755304 -2.297834753 -0.01041818146)
(1.108732093 -2.372702843 0.03287815676)
(1.263360582 -2.42500281 0.05743379866)
(1.341324626 -2.407915294 0.1123105796)
(1.359927881 -2.323822259 0.1632789295)
(1.436758588 -2.342346541 0.2206814958)
(1.42499931 -2.280450231 0.2441215403)
(1.450295924 -2.223366213 0.2551089956)
(1.459384792 -2.170819384 0.2749185033)
(1.408252923 -2.030793871 0.3051306452)
(1.39338791 -1.934347544 0.3042044249)
(1.35366402 -1.847569673 0.3213879188)
(1.324358279 -1.707099973 0.3219118612)
(1.304186733 -1.622685322 0.3312314261)
(1.302801815 -1.445653522 0.3145740176)
(1.470425167 -1.394742462 0.3688331444)
(0.5556497323 -2.05182983 -0.0640794004)
(0.8059357347 -2.106399939 -0.04560241734)
(0.9675959003 -2.118652055 -0.01601968238)
(1.116662449 -2.167148118 0.00742307188)
(1.173123107 -2.147111341 0.04044043119)
(1.290890684 -2.221195052 0.07191300851)
(1.323016078 -2.167392841 0.13594909)
(1.407086314 -2.228608767 0.2011064239)
(1.419566864 -2.1880067 0.2134618429)
(1.415839361 -2.11175705 0.2461373131)
(1.395235326 -2.054445043 0.2719926803)
(1.381340794 -1.952093233 0.2630945281)
(1.366857292 -1.894170922 0.3280476536)
(1.346710481 -1.778172622 0.342272127)
(1.28136968 -1.610916357 0.3058585075)
(1.324200549 -1.579376442 0.30046141)
(1.335984925 -1.487178988 0.323765669)
(1.488828969 -1.405473912 0.3529769132)
(0.5329430105 -1.784845596 -0.05883639922)
(0.8056005746 -1.869909355 -0.05321614998)
(0.9469891109 -1.878677258 -0.03621950527)
(1.085898536 -1.955945667 0.01120324972)
(1.189649121 -1.973455669 0.01247527054)
(1.246359473 -2.052610841 0.05126838643)
(1.313309895 -2.034982171 0.1125013576)
(1.363750252 -2.044004436 0.1656081194)
(1.36837155 -2.006902939 0.2088073827)
(1.38667092 -1.981551685 0.2199202328)
(1.440952193 -1.969632367 0.2712441846)
(1.368769615 -1.83597491 0.266570532)
(1.373399548 -1.75958951 0.3052944327)
(1.329460727 -1.679009016 0.310056962)
(1.33116723 -1.58064316 0.298860123)
(1.28358872 -1.490254296 0.304909516)
(1.313487922 -1.452356488 0.298703831)
(1.503553513 -1.408635616 0.370814747)
(0.6171942502 -1.433652562 -0.0976195657)
(0.8325482557 -1.550903199 -0.09389065944)
(0.9438812106 -1.645058511 -0.03535542653)
(1.075548558 -1.736729073 -0.0240730821)
(1.142918216 -1.693900392 0.03255433018)
(1.207149753 -1.763689451 0.05721400895)
(1.287323925 -1.789369194 0.08321090672)
(1.344468257 -1.793016834 0.1278487998)
(1.324376994 -1.747509083 0.158415969)
(1.385089408 -1.793619433 0.1964798586)
(1.376507949 -1.738930302 0.2162689685)
(1.36694402 -1.693153516 0.2431597114)
(1.302889786 -1.585737525 0.2585000394)
(1.345703269 -1.55713658 0.2722627772)
(1.257624186 -1.450812575 0.29275081)
(1.290284481 -1.405966631 0.3052534807)
(1.320817914 -1.337158645 0.3113216626)
(1.485394948 -1.329487888 0.3205797747)
(1.570687153 0.1365191104 -2.041437442)
(1.592979744 0.1544143576 -1.635468077)
(1.602708604 0.1034277334 -1.435574653)
(1.573089933 0.08310349856 -1.293454016)
(1.521504879 0.05724625648 -1.188282879)
(1.507945849 0.05856056098 -1.105560772)
(1.49105928 0.04202048985 -1.073854947)
(1.445003451 0.02486670067 -1.012145591)
(1.433142133 0.01005127284 -0.9843386942)
(1.469241151 0.03023295772 -0.9918507442)
(1.487000121 0.01495592316 -0.9749108771)
(1.391917423 0.008961539319 -0.9201737191)
(1.3789724 0.01723087188 -0.9011744046)
(1.47761428 0.01858324442 -0.9588454121)
(1.406491801 0.009304784485 -0.9106220916)
(1.431834064 0.01083361929 -0.910700728)
(1.406700823 0.02766290976 -0.8671159875)
(1.319416181 0.0350164673 -0.7673700415)
(1.709172108 0.1587709619 -2.755243804)
(1.916079352 0.2304836149 -2.346781875)
(1.789547473 0.1683687415 -1.933092113)
(1.736148573 0.1237604646 -1.695138647)
(1.619343764 0.08749413398 -1.488204467)
(1.638484593 0.05717115206 -1.379968839)
(1.578932825 0.04772312869 -1.314550151)
(1.542146957 0.04575279812 -1.265007416)
(1.523157046 0.02531022761 -1.216592059)
(1.606530633 0.03109736276 -1.222489119)
(1.548290613 0.008360538712 -1.192603662)
(1.505110763 0.005105001182 -1.163690663)
(1.532067578 0.01291849859 -1.106986213)
(1.50281995 0.02795179176 -1.107352122)
(1.45749267 0.03063713565 -1.049271394)
(1.548860519 0.01596561754 -1.101554938)
(1.476901224 0.06183335296 -1.015375142)
(1.470648109 0.08188500008 -0.915474286)
(1.622180745 0.09058367443 -3.059036809)
(1.962910972 0.2844060221 -2.724497736)
(1.953572369 0.2723638703 -2.31619347)
(1.902061834 0.2003302573 -2.062788915)
(1.815456641 0.1554145073 -1.838277981)
(1.755898222 0.09911542103 -1.665197415)
(1.709107121 0.07105947884 -1.551234039)
(1.665402919 0.07042355946 -1.467985099)
(1.625007218 0.04019455378 -1.413661941)
(1.614680805 0.01754589423 -1.362921697)
(1.576590693 0.004758432723 -1.323034696)
(1.59720481 0.009026221843 -1.307606618)
(1.592391776 0.01390165521 -1.283922879)
(1.560497954 0.03019348082 -1.255230239)
(1.588990246 0.02401745973 -1.238277671)
(1.555295059 0.04331769466 -1.172671396)
(1.514853641 0.08213183037 -1.121254563)
(1.418952759 0.09014056766 -0.9550896458)
(1.503629451 0.04382467367 -3.261090823)
(2.027193305 0.2462899418 -3.121232562)
(2.044248081 0.2774261363 -2.667582414)
(1.968798955 0.2774145865 -2.349511789)
(1.88592589 0.1847405271 -2.13778094)
(1.857015668 0.133054505 -1.927817065)
(1.73109206 0.1112881115 -1.699200861)
(1.67656004 0.08142748365 -1.602026205)
(1.661934934 0.05416328195 -1.521806669)
(1.670300175 0.05953937014 -1.517106292)
(1.623708428 0.03855785522 -1.427760307)
(1.623896527 0.03221808387 -1.399017295)
(1.627237839 0.05668761541 -1.386644246)
(1.588586206 0.06338595219 -1.355906222)
(1.562301364 0.03688591719 -1.292397917)
(1.527232355 0.06891760701 -1.207779801)
(1.490938411 0.08372021637 -1.154253361)
(1.384802587 0.1263189798 -0.9486799693)
(1.384685255 0.03780734294 -3.375079264)
(1.977523509 0.2315034649 -3.317732008)
(2.096890084 0.3082578689 -2.969023843)
(2.036814277 0.2895311135 -2.661298318)
(1.92507206 0.2304068058 -2.366877631)
(1.863433665 0.2257823001 -2.106407513)
(1.82366306 0.1720118686 -1.950402617)
(1.721150998 0.1177664645 -1.772145523)
(1.72476903 0.1247515718 -1.726477272)
(1.67931352 0.06688407689 -1.624419703)
(1.618433417 0.06792549561 -1.514952983)
(1.623438158 0.08749654996 -1.520456572)
(1.617363092 0.04894714883 -1.443609757)
(1.637791501 0.05435732776 -1.457092063)
(1.638065484 0.05741950239 -1.405264522)
(1.555434309 0.06356072705 -1.26980393)
(1.482969801 0.1092339582 -1.173133699)
(1.444466556 0.1498590431 -1.009881076)
(1.247820194 -0.03949658293 -3.456183526)
(1.820651151 0.2119899755 -3.446751376)
(2.050685305 0.2842322103 -3.180059708)
(2.046747576 0.3286019446 -2.873029003)
(1.992814921 0.284915761 -2.568816777)
(1.910125427 0.2470931619 -2.348055129)
(1.77238504 0.2050796044 -2.065363685)
(1.794980059 0.151149996 -1.963217356)
(1.761425217 0.1115345553 -1.830974669)
(1.604068766 0.1138168522 -1.689726136)
(1.665628165 0.08307890763 -1.654724024)
(1.630017854 0.06017788915 -1.607059253)
(1.608892729 0.06862876163 -1.556678256)
(1.596970503 0.04180307368 -1.460732972)
(1.503294969 0.113298238 -1.36964416)
(1.469663577 0.1053856028 -1.271326332)
(1.448733112 0.1483872678 -1.168886236)
(1.433448372 0.1628424411 -1.059858349)
(1.158024123 -0.03521697688 -3.537467617)
(1.762732709 0.1105347158 -3.491338864)
(1.986754091 0.2770471709 -3.336168687)
(2.034760352 0.3087352776 -3.032350666)
(1.962370836 0.2899239129 -2.734433481)
(1.930519395 0.271561396 -2.518764129)
(1.810829904 0.2182819844 -2.271376655)
(1.826033993 0.1842187584 -2.144741909)
(1.694319553 0.1523442135 -1.922862274)
(1.697720319 0.1193819593 -1.831669801)
(1.62927814 0.1242112269 -1.708992552)
(1.611371441 0.1023297849 -1.667061957)
(1.618546757 0.06924476914 -1.640346119)
(1.577280757 0.1095714895 -1.489767704)
(1.526709599 0.1325398518 -1.416754479)
(1.51558573 0.1200224719 -1.34192838)
(1.432167197 0.1423051371 -1.188856626)
(1.420582358 0.1931337368 -1.078902257)
(1.065011697 -0.01922186091 -3.426905508)
(1.590125978 0.09198288857 -3.438771487)
(1.883032063 0.2437951286 -3.39069237)
(1.968707483 0.3323802218 -3.146751071)
(1.978105741 0.3463460062 -2.92491993)
(1.959977856 0.2721196516 -2.685603517)
(1.886910563 0.2807820714 -2.465996585)
(1.86647866 0.2089566317 -2.290006045)
(1.779352261 0.1958532125 -2.12404419)
(1.71573191 0.1592661811 -1.932630789)
(1.646595265 0.1439259901 -1.819105934)
(1.693568588 0.09543837014 -1.766318515)
(1.55924865 0.1217269237 -1.655705399)
(1.59386826 0.1312145667 -1.572791365)
(1.511386265 0.1047131716 -1.431916223)
(1.470477494 0.1474764203 -1.346208641)
(1.421740884 0.1491561509 -1.222559632)
(1.428336955 0.1963826221 -1.070982028)
(0.9709564561 -0.06108523161 -3.446734076)
(1.4942982 0.07698870454 -3.488931171)
(1.85463099 0.2087257035 -3.420901708)
(1.95635405 0.2427256292 -3.280722517)
(1.991391679 0.3105858291 -3.107726243)
(2.000237841 0.2773238074 -2.881704927)
(1.878442156 0.2916573038 -2.549744137)
(1.842147117 0.2513378959 -2.353451333)
(1.739872513 0.2058435403 -2.21955383)
(1.734506439 0.1664919926 -2.083435941)
(1.641208361 0.1932169289 -1.931719386)
(1.664713206 0.1671369075 -1.838295649)
(1.623222762 0.1336258704 -1.712199939)
(1.528925365 0.1402790771 -1.58631151)
(1.468534752 0.135736064 -1.488124912)
(1.449296844 0.1520307484 -1.370756696)
(1.402292586 0.191370712 -1.2474534)
(1.416216229 0.2086525818 -1.110697619)
(0.8795563226 -0.05597725536 -3.381946932)
(1.383738384 0.06951524292 -3.532724353)
(1.69727155 0.1708198374 -3.427401496)
(1.868178386 0.2357739871 -3.229210827)
(1.894362471 0.2934387788 -3.085102832)
(1.953233105 0.3163208951 -2.980195726)
(1.905056644 0.2922273398 -2.702456393)
(1.800072781 0.3074002579 -2.503097092)
(1.813138269 0.2819273767 -2.373123573)
(1.662003633 0.2178557457 -2.136510994)
(1.700125635 0.206881891 -2.050810813)
(1.649438261 0.151379252 -1.893053597)
(1.518638446 0.1389412822 -1.673411018)
(1.547048698 0.1516380315 -1.66775422)
(1.482052378 0.1663961883 -1.524510062)
(1.453002519 0.211948158 -1.429663462)
(1.432028103 0.1917082799 -1.28055354)
(1.457124944 0.2466597836 -1.17199927)
(0.8697915424 -0.09415040693 -3.352003883)
(1.309657936 0.02157215522 -3.410997124)
(1.672588447 0.1190091138 -3.453987671)
(1.768097407 0.2040260776 -3.285900853)
(1.878369313 0.266246774 -3.169271948)
(1.855532379 0.3474425276 -2.985099437)
(1.820788376 0.3240575754 -2.800752109)
(1.790525459 0.2797259205 -2.549831668)
(1.804772966 0.2691546299 -2.463851714)
(1.750175261 0.2471148839 -2.292554323)
(1.669006289 0.2359943233 -2.082931391)
(1.551426713 0.2094257243 -1.922855282)
(1.550789165 0.1794057046 -1.808982782)
(1.525242131 0.2026743795 -1.691872315)
(1.487911705 0.1964406242 -1.56728888)
(1.384620639 0.2074497947 -1.392912638)
(1.391468504 0.1938676414 -1.288012197)
(1.416722831 0.2114369604 -1.165854635)
(0.7954078238 -0.05495407271 -3.305551256)
(1.208150403 0.02222260509 -3.354337585)
(1.515601406 0.1156640826 -3.391159983)
(1.745949806 0.1770608393 -3.307430229)
(1.799134879 0.2898146296 -3.203789967)
(1.855751737 0.2716693686 -3.059248114)
(1.845125727 0.3023686424 -2.845046175)
(1.795970712 0.271914628 -2.677802099)
(1.732744783 0.2628012058 -2.463399174)
(1.657994943 0.2892496137 -2.271654618)
(1.626003026 0.2411581118 -2.112118888)
(1.621005519 0.2575370996 -2.021832093)
(1.526654667 0.2110507261 -1.830155188)
(1.509772889 0.1971983427 -1.735354907)
(1.463066844 0.2087608421 -1.593351326)
(1.39105805 0.2349256103 -1.441229149)
(1.372404418 0.2298875229 -1.302257191)
(1.443628472 0.2754916751 -1.238093563)
(0.7613298297 -0.06476318395 -3.282082159)
(1.109090273 0.006024792363 -3.281855608)
(1.391537717 0.09513099915 -3.315557196)
(1.597685167 0.2183710828 -3.247137279)
(1.736257905 0.2690857745 -3.143986165)
(1.817684583 0.2737384214 -3.020621666)
(1.772178458 0.3396339774 -2.880368016)
(1.772961646 0.3379211033 -2.771347636)
(1.737052096 0.2861618035 -2.570522141)
(1.680572668 0.2859530182 -2.418826819)
(1.63753709 0.2759997967 -2.195902879)
(1.54950422 0.2433022435 -1.995951449)
(1.553667596 0.213158364 -1.876761458)
(1.491803467 0.2465811861 -1.797762832)
(1.39256684 0.250368927 -1.572638088)
(1.360629239 0.2427410542 -1.439924721)
(1.343302533 0.2338884439 -1.325239227)
(1.420359273 0.2509167457 -1.219158053)
(0.6952279296 -0.07812147853 -3.137489253)
(1.066478084 -0.006307456723 -3.150899853)
(1.339680312 0.09061036361 -3.219177544)
(1.536457686 0.150555849 -3.199043346)
(1.687299945 0.2241647882 -3.145804099)
(1.719178518 0.2847807728 -3.009754439)
(1.779909861 0.2865920821 -2.911537942)
(1.741106079 0.295200174 -2.736445153)
(1.733799853 0.3045331375 -2.600538301)
(1.728545892 0.3346741348 -2.475625806)
(1.682554838 0.3227691327 -2.332002336)
(1.613857647 0.288190481 -2.131084832)
(1.544489951 0.258931686 -1.922275154)
(1.522852613 0.2834346808 -1.851088536)
(1.412005388 0.2627850694 -1.63976355)
(1.373037588 0.2352999206 -1.528343322)
(1.338959022 0.2650143347 -1.357241722)
(1.441612887 0.2876551481 -1.248094786)
(0.6266745213 -0.06291913709 -3.084481534)
(0.9915983788 -0.0227605046 -3.155731744)
(1.261136351 0.06460862587 -3.162054794)
(1.454716622 0.1108101006 -3.135409738)
(1.607707869 0.2170395599 -3.06480557)
(1.689252638 0.2826317818 -3.025520573)
(1.71316205 0.2967194837 -2.878334257)
(1.719735679 0.3152262052 -2.759373938)
(1.688860516 0.3170072497 -2.62780442)
(1.678331043 0.3083983253 -2.509309696)
(1.570357843 0.3117092967 -2.269081566)
(1.549337524 0.3199831702 -2.124528172)
(1.507678147 0.2773296418 -1.975537849)
(1.446575975 0.2863266915 -1.829968803)
(1.395051342 0.274831012 -1.682955432)
(1.360875137 0.2639026752 -1.511021046)
(1.341223958 0.2895091805 -1.381930514)
(1.443359039 0.2793690364 -1.279923756)
(0.6309821154 -0.0530502522 -3.071550505)
(0.9656621601 -0.05002680255 -3.060567504)
(1.202352148 0.04827721775 -3.117548557)
(1.390063222 0.1157769659 -3.090400497)
(1.507866839 0.1672662215 -3.031748781)
(1.641346008 0.2435884536 -2.998734698)
(1.686430389 0.2800749359 -2.895749479)
(1.728087112 0.2936361118 -2.829657665)
(1.645045266 0.3124240485 -2.640674082)
(1.647038894 0.3348533349 -2.505681315)
(1.59516674 0.317015472 -2.328065344)
(1.593946569 0.3120575265 -2.21881228)
(1.447047214 0.2981252648 -1.966650551)
(1.465112799 0.311962209 -1.876746509)
(1.416854022 0.279619394 -1.721460192)
(1.395053198 0.2764964524 -1.603439272)
(1.386256739 0.2799077389 -1.45714553)
(1.450328451 0.313114335 -1.308718647)
(0.5832650965 -0.09624070711 -2.922607553)
(0.9118061125 0.007983830705 -2.93207643)
(1.144571118 0.02490929244 -2.972895032)
(1.310847127 0.07902001594 -2.976069118)
(1.454643941 0.1657168676 -2.931915174)
(1.544240896 0.1958046879 -2.867606881)
(1.562542984 0.2853532744 -2.774561307)
(1.600875344 0.2962788579 -2.721417094)
(1.657649478 0.3347981951 -2.613261467)
(1.561378402 0.3035225559 -2.439986737)
(1.594956389 0.3072664396 -2.331062918)
(1.516657225 0.3072906668 -2.202226749)
(1.517016048 0.2862147085 -2.057010187)
(1.410687052 0.2887795737 -1.833887115)
(1.351872357 0.298503231 -1.70386159)
(1.340550687 0.2719900547 -1.596818332)
(1.361292197 0.3145607692 -1.483532115)
(1.446719953 0.317585616 -1.33459684)
(0.5921444723 -0.04679039868 -2.763789667)
(0.8786970062 -0.03199552286 -2.870353977)
(1.115372308 0.05444190824 -2.860971058)
(1.298260761 0.06824110342 -2.896119572)
(1.409132805 0.1252147895 -2.826445976)
(1.475511066 0.1684857518 -2.777341087)
(1.561782044 0.2111723481 -2.719253092)
(1.521589011 0.2471887658 -2.623853463)
(1.589269795 0.2569945843 -2.579346356)
(1.59354884 0.3250328772 -2.461946981)
(1.479723676 0.3219818324 -2.308692394)
(1.530408752 0.3337914996 -2.20315243)
(1.473246689 0.3188673968 -2.023687714)
(1.417489143 0.3426864319 -1.882600025)
(1.320668585 0.3156929083 -1.691336775)
(1.323193644 0.3132436802 -1.605175238)
(1.33317581 0.3268567508 -1.480782664)
(1.425133249 0.3253351544 -1.334545571)
(0.584375712 -0.08172281107 -2.664073039)
(0.8872869323 -0.04444811825 -2.789460954)
(1.088922929 0.007582832788 -2.787881129)
(1.204182304 0.1042474789 -2.759223059)
(1.371329065 0.1046364896 -2.715804388)
(1.501965137 0.1699909931 -2.782692841)
(1.492008688 0.2307603147 -2.709312128)
(1.528164404 0.2506350617 -2.571372916)
(1.585382035 0.288886537 -2.568179418)
(1.583031928 0.331260151 -2.462320793)
(1.533423673 0.3292399928 -2.335731901)
(1.482148162 0.3152437746 -2.179950253)
(1.436413179 0.3336139196 -2.072429077)
(1.442493229 0.339981755 -1.913290302)
(1.387358333 0.3280250771 -1.784484796)
(1.311012889 0.3103403121 -1.580377873)
(1.338579459 0.3111790483 -1.479966367)
(1.443025044 0.3367772241 -1.36776892)
(0.5341347439 -0.05327205127 -2.578902439)
(0.7996557024 -0.04640495444 -2.609946687)
(0.9976085937 0.03518412742 -2.601111465)
(1.168725675 0.03573115221 -2.618185735)
(1.281344504 0.1134252452 -2.63642759)
(1.393105655 0.1811934185 -2.642453151)
(1.479672824 0.1961926662 -2.64760693)
(1.456664228 0.2485333457 -2.55063328)
(1.505066784 0.2662775391 -2.456823703)
(1.485965536 0.2847379369 -2.393258253)
(1.508044237 0.3352907997 -2.286088729)
(1.450003305 0.3148759723 -2.14673837)
(1.424463346 0.324701336 -2.002530196)
(1.367447892 0.3255252864 -1.832984515)
(1.341491547 0.3452032161 -1.743223847)
(1.332358048 0.3322166478 -1.625176276)
(1.357014363 0.343236706 -1.517848892)
(1.543328223 0.3360130949 -1.425829811)
(0.5491295372 -0.05258451414 -2.41939493)
(0.7987074496 -0.02639271079 -2.450591884)
(0.9748160231 -0.0396267963 -2.523886836)
(1.159536137 0.02607282379 -2.500703085)
(1.263419941 0.1043546543 -2.518932386)
(1.331738158 0.1294127767 -2.497447893)
(1.398957441 0.1652896781 -2.484425987)
(1.476351058 0.1948343134 -2.442267798)
(1.537736599 0.2380297947 -2.478218459)
(1.484419449 0.2837237439 -2.359859832)
(1.457484244 0.3101154272 -2.222482883)
(1.452875157 0.311021007 -2.126453331)
(1.391480324 0.3334683043 -1.950606902)
(1.329908151 0.3178429754 -1.85184938)
(1.30194236 0.3044760847 -1.718445194)
(1.354393173 0.3298414697 -1.628439101)
(1.357309388 0.3252304308 -1.500945191)
(1.466217086 0.3541076828 -1.423910424)
(0.5468546804 -0.06325850536 -2.223653678)
(0.8064204936 -0.03435666177 -2.293640519)
(0.9498375061 -0.008843511188 -2.260926676)
(1.130736529 0.03538625663 -2.355705914)
(1.272114852 0.06762642974 -2.406623668)
(1.290809003 0.1147021063 -2.306790955)
(1.390669216 0.1470598936 -2.376275643)
(1.416477939 0.2007226484 -2.376922958)
(1.456529065 0.2218241882 -2.280982159)
(1.449985458 0.2673756912 -2.265908309)
(1.4152911 0.2993401138 -2.127349598)
(1.43222238 0.3349887538 -2.064890612)
(1.406273568 0.3038537869 -1.946172702)
(1.323904018 0.3086587536 -1.821930653)
(1.334764596 0.3024790076 -1.722642405)
(1.302503838 0.3284497844 -1.625079158)
(1.336574517 0.313178463 -1.509004031)
(1.517504697 0.3774239032 -1.449133084)
(0.5534229038 -0.05557256854 -2.034006449)
(0.7744133004 -0.06061381877 -2.07083523)
(0.933609539 -0.01043239092 -2.099798777)
(1.097367265 0.02544654766 -2.150165817)
(1.1623531 0.03066012061 -2.175108668)
(1.316144833 0.08074675004 -2.22155472)
(1.358483954 0.1292274496 -2.215481958)
(1.406891826 0.1837861764 -2.20954462)
(1.406812234 0.2093882006 -2.163708648)
(1.398239889 0.2220817771 -2.086171967)
(1.413907285 0.3181503331 -2.02388746)
(1.40173197 0.2653083708 -1.963377042)
(1.41294618 0.3131579541 -1.907491178)
(1.37386345 0.3125629751 -1.806401286)
(1.31284409 0.3281291822 -1.664427099)
(1.330455108 0.3200688088 -1.568362406)
(1.385041029 0.3385959657 -1.52345025)
(1.485472308 0.3532811652 -1.402015477)
(0.5583928784 -0.02845141625 -1.753864067)
(0.8009464125 -0.03427233825 -1.846592377)
(0.9621568864 -0.02900520655 -1.933608859)
(1.078687514 -0.003041548114 -1.947544898)
(1.182505613 0.01381623245 -1.981710758)
(1.264614448 0.06207128306 -2.022543462)
(1.312109068 0.1075196484 -2.04141895)
(1.331381969 0.1415087386 -1.983649894)
(1.410057794 0.2014160935 -2.011134071)
(1.411131392 0.2328667447 -1.997889728)
(1.343947949 0.2403338501 -1.92483786)
(1.359643145 0.2512941506 -1.857734489)
(1.340413119 0.2847493956 -1.748182685)
(1.313704626 0.2975056292 -1.652289642)
(1.26473355 0.3109857319 -1.580943949)
(1.297636848 0.3253927804 -1.486485784)
(1.30673124 0.3094394218 -1.418463567)
(1.51464362 0.3298268098 -1.380390736)
(0.6204393204 -0.1005764999 -1.466765625)
(0.7989510491 -0.09120628229 -1.532233221)
(0.9208560394 -0.04561004387 -1.625877446)
(1.069082705 -0.03379106496 -1.723188836)
(1.126764609 0.01512840006 -1.705413786)
(1.233690615 0.0536467685 -1.77904227)
(1.264126719 0.0991921498 -1.794420442)
(1.339250159 0.1309366583 -1.812107269)
(1.349565362 0.1860315279 -1.787486609)
(1.405895505 0.1935277363 -1.772882881)
(1.359359522 0.221155161 -1.702150139)
(1.374539043 0.2696008054 -1.673582113)
(1.357409182 0.2635026149 -1.623289719)
(1.333973267 0.2819741974 -1.552893013)
(1.29688909 0.3016167583 -1.473395236)
(1.314396092 0.317939585 -1.446630681)
(1.341003573 0.2994317877 -1.358567384)
(1.503043499 0.3322560563 -1.332289155)
)
;
    }
}


// ************************************************************************* //
