/*--------------------------------*- C++ -*----------------------------------*\
| =========                 |                                                 |
| \\      /  F ield         | OpenFOAM: The Open Source CFD Toolbox           |
|  \\    /   O peration     | Version:  v1706                                 |
|   \\  /    A nd           | Web:      www.OpenFOAM.com                      |
|    \\/     M anipulation  |                                                 |
\*---------------------------------------------------------------------------*/
FoamFile
{
    version     2.0;
    format      ascii;
    class       volScalarField;
    location    "0.003";
    object      surfaceShearStress_Ar;
}
// * * * * * * * * * * * * * * * * * * * * * * * * * * * * * * * * * * * * * //

dimensions      [1 -1 -2 0 0 0 0];


internalField   uniform 0;

boundaryField
{
    flow
    {
        type            calculated;
        value           uniform 0;
    }
    entrance
    {
        type            symmetry;
    }
    walls
    {
        type            calculated;
        value           nonuniform List<scalar> 
900
(
1.560869656
1.637562429
1.595386773
1.56443186
1.543398645
1.469057104
1.493422309
1.478638042
1.461054062
1.427179761
1.415913713
1.431994683
1.483762025
1.398631605
1.440839493
1.366123397
1.367113014
1.372822574
1.685508243
1.894663439
1.785725186
1.732317117
1.643188916
1.629794294
1.57857521
1.644070987
1.570869744
1.590947409
1.555008633
1.523076187
1.503006527
1.491767849
1.50451094
1.544844025
1.455076548
1.408226965
1.629609539
2.060327608
1.968239637
1.932733286
1.787034847
1.749989982
1.720862111
1.645496288
1.627599659
1.646436242
1.633569006
1.554330984
1.571135321
1.549838912
1.594702315
1.502907409
1.534215589
1.412016007
1.529660176
2.046119656
2.076230364
1.988255821
1.850001527
1.83573832
1.719373929
1.663831879
1.6727439
1.615737383
1.587025504
1.685587727
1.620294219
1.57311504
1.538322963
1.563713078
1.478592039
1.409676244
1.401331114
1.997221784
2.035835502
2.03577113
1.89093325
1.875198356
1.787636754
1.768912056
1.687238709
1.731752595
1.699646841
1.631798713
1.617659599
1.545980734
1.558528775
1.513376224
1.471639833
1.476929232
1.290277812
1.863275364
2.066996151
2.040256469
2.013348427
1.896233031
1.88285534
1.791444315
1.781650308
1.738049458
1.627307884
1.652107103
1.612482311
1.561163324
1.546430317
1.469314584
1.462984068
1.414006805
1.161143444
1.775688737
1.948464145
2.077247025
2.037739079
2.001678287
1.868327615
1.80655468
1.738806019
1.713864664
1.640623835
1.62806137
1.633394742
1.592851093
1.504434967
1.514740131
1.401297941
1.402075085
1.066331756
1.630904059
1.903992943
2.017931612
2.006727863
1.955467212
1.937940583
1.83414155
1.762751796
1.680969807
1.665868331
1.646301295
1.638434254
1.502415513
1.530991053
1.450980909
1.48163483
1.419024357
0.9761934087
1.515847905
1.866274388
1.998621716
2.002502157
2.005456318
1.924959048
1.818327795
1.797179081
1.813087351
1.696564284
1.623934555
1.598192965
1.504291844
1.526230149
1.478994005
1.438057856
1.45786789
0.8995485649
1.458716005
1.731810262
1.91679745
1.934198151
1.952064322
1.917797156
1.867493952
1.799564073
1.694322347
1.723057866
1.630812265
1.576829463
1.53646336
1.512846791
1.429018289
1.430878176
1.432684271
0.8534271412
1.266971652
1.607751289
1.815137808
1.885629804
1.93233571
1.917201783
1.869450196
1.787186746
1.735530601
1.629008153
1.663148204
1.549245817
1.49821393
1.504657067
1.425982281
1.368792274
1.481274768
0.7574177642
1.158142205
1.485614976
1.687313928
1.775663496
1.878940937
1.866676928
1.807065521
1.768137857
1.775810305
1.6928823
1.583811247
1.556570716
1.526977599
1.466410315
1.384243447
1.401486753
1.430909549
0.7876385661
1.097597325
1.463611396
1.598514724
1.771820764
1.838369079
1.853507577
1.83051249
1.752938474
1.723763532
1.668950749
1.650462266
1.578474098
1.524217725
1.45295892
1.400520089
1.372492051
1.456610649
0.6908980468
1.068785379
1.353880855
1.559711654
1.681258123
1.788689689
1.762924682
1.751473413
1.774235158
1.710192943
1.606012749
1.599654582
1.604303098
1.49138147
1.514225235
1.387474196
1.388350705
1.45185494
0.6592802576
1.029166092
1.296155899
1.47700176
1.623626592
1.711285189
1.755373077
1.764250672
1.707318742
1.678026026
1.614148305
1.628227285
1.547347712
1.471190532
1.425041334
1.432337523
1.381975352
1.509960301
0.593352428
0.9781467602
1.166586793
1.360497675
1.570948839
1.627132994
1.654910804
1.672283503
1.729477765
1.690684563
1.664321902
1.598098774
1.534379515
1.474879127
1.446590957
1.399863806
1.366068186
1.510204695
0.6273643753
0.8968477749
1.137289636
1.326054564
1.474692027
1.548615074
1.66676566
1.677609788
1.653122978
1.644195058
1.613782493
1.526420065
1.527665585
1.464803766
1.394612727
1.366906494
1.388368344
1.491067937
0.6066622464
0.9001532219
1.06884923
1.252388908
1.449516473
1.523306085
1.557498934
1.624064844
1.619816374
1.570021756
1.623606249
1.594623513
1.471679611
1.462707694
1.432663601
1.414132076
1.365630086
1.49310332
0.5947876839
0.848814455
1.071820486
1.253613832
1.341557509
1.4834427
1.510391188
1.561049992
1.548116429
1.579807539
1.551482041
1.542734302
1.480256784
1.455548786
1.381468566
1.379162312
1.400709909
1.458863478
0.5837154893
0.8088241565
1.01026086
1.163964618
1.301458713
1.430216075
1.500308935
1.522895132
1.578807385
1.591799559
1.509127367
1.469317992
1.496632063
1.403277641
1.393684828
1.381085498
1.413320053
1.464090733
0.5295800914
0.802460792
0.9741436917
1.199719932
1.262666582
1.352416757
1.425928384
1.444131761
1.523255695
1.502720702
1.426181361
1.483263873
1.427714481
1.365345168
1.393203615
1.386158249
1.381304981
1.526333681
0.5544865163
0.7630279035
0.9658317212
1.109219468
1.264665411
1.346018358
1.369694802
1.453607775
1.445758749
1.472562008
1.485053587
1.440930605
1.426208329
1.391293094
1.36292043
1.3455918
1.340242285
1.515977592
0.5593324544
0.8072248688
0.9677285035
1.116687122
1.17381994
1.2928922
1.329982593
1.42138513
1.435526398
1.437075041
1.421499783
1.406172508
1.405672123
1.389524857
1.31736771
1.357860138
1.374656295
1.530099474
0.5361809156
0.8073563305
0.9476815017
1.085956326
1.18971453
1.247413478
1.318119659
1.37376883
1.384211408
1.404001834
1.466259401
1.394485607
1.406922531
1.365137775
1.364303327
1.319306566
1.347024313
1.548604773
0.6248666434
0.8378257898
0.9445431413
1.075817928
1.143381753
1.208504848
1.290010443
1.350533306
1.333817844
1.398955683
1.393393842
1.388402895
1.328286138
1.372969158
1.29124809
1.325901101
1.357011842
1.519595191
1.576608892
1.600446268
1.606042392
1.575283507
1.522581436
1.50908251
1.491651266
1.445217398
1.43317738
1.469552174
1.48707533
1.391946271
1.37908005
1.477731131
1.406522579
1.431875048
1.406972794
1.319880757
1.716530661
1.929891909
1.79745047
1.740554084
1.621705723
1.639481718
1.579653874
1.542825511
1.523367321
1.606831578
1.548313186
1.505119421
1.532122042
1.503079873
1.457814637
1.548942803
1.478195044
1.472926004
1.624707904
1.983407742
1.972467257
1.912582399
1.822096727
1.758693388
1.710583702
1.666891226
1.625504248
1.614776133
1.576597874
1.597230314
1.592452456
1.560790027
1.589171747
1.555898179
1.517078505
1.421813017
1.504267971
2.04209976
2.062987028
1.988247514
1.894952644
1.861776219
1.734665605
1.678536268
1.662817304
1.671361005
1.624166176
1.624216098
1.628224945
1.58985028
1.562736741
1.528786546
1.493287119
1.390551937
1.385201303
1.991028147
2.11942703
2.057289641
1.938811422
1.877062245
1.831757364
1.725175266
1.729274751
1.68064493
1.619858203
1.625794298
1.618103579
1.638693297
1.639071545
1.556732429
1.486987387
1.452219462
1.24844512
1.832951271
2.070289392
2.072958002
2.013079308
1.926041064
1.784210294
1.801332765
1.764952903
1.608101639
1.667698801
1.631128316
1.610355775
1.597517538
1.507558375
1.47343719
1.456312608
1.442668325
1.158559496
1.766194929
2.005977805
2.058049358
1.983672144
1.949525769
1.823938586
1.835302889
1.701154757
1.701912552
1.634006024
1.614617387
1.620027297
1.581082065
1.532451961
1.520330721
1.439219799
1.433650891
1.065185146
1.59278419
1.898748486
1.996568498
2.00819767
1.978777981
1.907687093
1.87813883
1.790098587
1.723108152
1.652873455
1.696255595
1.563992902
1.599260233
1.515009336
1.477854308
1.429543528
1.441774113
0.9728760687
1.496280178
1.866339339
1.971354078
2.015466293
2.019371168
1.900949477
1.859214011
1.752006828
1.742478743
1.652542788
1.673082426
1.628713605
1.535347189
1.474794426
1.457249015
1.415290517
1.431504212
0.8813357918
1.385483412
1.70584587
1.882997572
1.916954743
1.978680993
1.927339522
1.826131686
1.834926
1.676221108
1.71266672
1.656370204
1.524981118
1.554462533
1.491364122
1.468379495
1.444803292
1.477854578
0.8748723486
1.309835588
1.67681701
1.779830071
1.89714486
1.887780898
1.849400882
1.812243916
1.824732768
1.767534783
1.685608292
1.565497998
1.561132102
1.538648908
1.500823161
1.400074902
1.404908987
1.432413756
0.7973039296
1.208354766
1.520008487
1.754904917
1.822327861
1.875531593
1.869736812
1.816438373
1.752560685
1.683036711
1.643789243
1.641336118
1.541173865
1.522596914
1.477885544
1.410756018
1.39152512
1.469679839
0.7640794328
1.109106637
1.394785691
1.612539557
1.756985676
1.838181157
1.804430028
1.804877744
1.760465439
1.704726847
1.660633497
1.568489499
1.568221759
1.512044929
1.414894697
1.382112566
1.363512193
1.442352134
0.6996033444
1.066496736
1.342741069
1.543816467
1.702125423
1.742605769
1.802835027
1.765953998
1.760341547
1.760646948
1.713233987
1.63938716
1.566044325
1.549004616
1.436250398
1.393053577
1.364933646
1.470031701
0.6298251928
0.9918595593
1.262790232
1.458930886
1.622291824
1.712733254
1.738668071
1.748387362
1.718354864
1.706430373
1.600995453
1.582035396
1.532972644
1.474640642
1.421865089
1.386227167
1.372114161
1.470147058
0.6332083064
0.9669571285
1.203320979
1.394876362
1.517115814
1.659322769
1.709529007
1.752856877
1.674449973
1.680733135
1.626362733
1.624206134
1.47743843
1.497957254
1.444182234
1.42218976
1.414233392
1.483742971
0.5911517965
0.9118410653
1.144842137
1.313226695
1.464052962
1.556605095
1.58838505
1.628061125
1.69112141
1.590606317
1.624284011
1.547474294
1.543779955
1.439941527
1.384436004
1.367865027
1.397163169
1.481168203
0.5939902503
0.8792793311
1.116700187
1.300053019
1.414685126
1.485099443
1.575993945
1.541536702
1.6099145
1.626359209
1.514349517
1.566386834
1.507359355
1.458324196
1.357876107
1.359765797
1.372659125
1.461796067
0.5900623617
0.8883995359
1.08894933
1.208686294
1.375315309
1.511554237
1.509748405
1.548581409
1.611487396
1.617319811
1.568370853
1.515302548
1.474646082
1.482016974
1.425609903
1.347243818
1.374273397
1.481803015
0.5367847204
0.8010010376
0.998228846
1.169271747
1.286354937
1.404839643
1.492622936
1.477714281
1.5284403
1.513000088
1.544868066
1.483797986
1.461001979
1.405660147
1.385194871
1.373151801
1.39974977
1.579483081
0.5516415319
0.7991433947
0.975621116
1.159829231
1.267722305
1.338011281
1.408688255
1.489151724
1.556050138
1.511290926
1.490111371
1.485792814
1.430880359
1.367362369
1.337071275
1.393978573
1.395730493
1.508371571
0.5505012988
0.8071520258
0.9498786741
1.131290098
1.273911115
1.295895233
1.398423213
1.430629
1.473323755
1.474431276
1.446600637
1.470876749
1.438725989
1.359408723
1.368608811
1.343277897
1.37277536
1.56373569
0.5562060956
0.7767818193
0.9336678243
1.097662262
1.1627574
1.318619452
1.364616572
1.418845294
1.422309418
1.415766614
1.449259619
1.426618746
1.447233503
1.408969976
1.353228866
1.368413255
1.425828138
1.526903913
0.5591172415
0.8016793305
0.9625939829
1.078691802
1.182586324
1.26613686
1.316507
1.338881126
1.424370537
1.430216322
1.365267904
1.382670688
1.370324614
1.346970469
1.302406649
1.337812338
1.342869796
1.550139033
0.6285384496
0.8041401401
0.9219848813
1.069616598
1.126866164
1.234856473
1.268012399
1.345635685
1.362326832
1.419152972
1.377231976
1.400729158
1.382748464
1.363449348
1.33150065
1.352302727
1.37402692
1.539329025
)
;
    }
}


// ************************************************************************* //
