0.005 15.24562273 2070.6   3.865092488e+19 1.023392115e+19
0.015 19.47625826 2087.05   3.837881127e+19 1.017273231e+19
0.025 23.19094887 2099.99   3.816883299e+19 1.011412237e+19
0.035 26.48603417 2111.81   3.798378589e+19 1.006734439e+19
0.045 29.90633952 2123.04   3.780171861e+19 1.001915739e+19
0.055 32.69263683 2133.69   3.764569224e+19 9.965927175e+18
0.065 36.02597969 2144   3.744988711e+19 9.921219748e+18
0.075 39.05288286 2153.4   3.729491177e+19 9.876694175e+18
0.085 41.59993688 2163.12   3.713982474e+19 9.839213652e+18
0.095 44.67982173 2173.23   3.697341408e+19 9.784100458e+18
0.105 47.70559918 2183.24   3.681911604e+19 9.742420112e+18
0.115 50.57226802 2192.14   3.667397656e+19 9.701388426e+18
0.125 53.54056129 2201.96   3.652539904e+19 9.659219794e+18
0.135 56.3742034 2211.25   3.636211284e+19 9.62601785e+18
0.145 59.26945299 2220.59   3.621700772e+19 9.5908284e+18
0.155 61.90982698 2230.25   3.607030889e+19 9.544197904e+18
0.165 64.96499717 2238.94   3.592148221e+19 9.507267239e+18
0.175 67.93902608 2247.44   3.578730838e+19 9.465372104e+18
0.185 70.32307223 2257.44   3.565615734e+19 9.42884524e+18
0.195 73.38245348 2266.37   3.551416809e+19 9.394122596e+18
0.205 75.84896099 2275.5   3.537544218e+19 9.355959047e+18
0.215 78.60289537 2283.81   3.524645334e+19 9.319135776e+18
0.225 81.70407109 2292.36   3.512098702e+19 9.282663325e+18
0.235 84.55502557 2301.4   3.497947603e+19 9.249323916e+18
0.245 87.32116923 2309.51   3.486137121e+19 9.20992462e+18
0.255 89.67501265 2317.8   3.470929981e+19 9.188889705e+18
0.265 92.47026332 2326.85   3.458836981e+19 9.149216912e+18
0.275 95.34278285 2335.48   3.447383191e+19 9.117684587e+18
0.285 97.99809857 2344.38   3.433748299e+19 9.075929781e+18
0.295 100.5681834 2352.92   3.421166013e+19 9.0420892e+18
0.305 103.3880274 2361.5   3.408927387e+19 9.007698762e+18
0.315 106.0275083 2369.82   3.396820211e+19 8.982654469e+18
0.325 108.6927196 2378.32   3.384562255e+19 8.947263119e+18
0.335 111.7989355 2387.08   3.372432598e+19 8.913124698e+18
0.345 114.1225572 2394.84   3.360784782e+19 8.879125174e+18
0.355 116.8466674 2403.35   3.349912066e+19 8.852823656e+18
0.365 119.5973844 2411.64   3.340259059e+19 8.818384532e+18
0.375 122.1912298 2420.11   3.327958861e+19 8.789885015e+18
0.385 124.5872411 2428.41   3.316576953e+19 8.757609524e+18
0.395 127.4232116 2436.32   3.306942275e+19 8.730845495e+18
0.405 130.0603289 2444.71   3.295952427e+19 8.699008171e+18
0.415 132.7794112 2452.63   3.284342987e+19 8.666980402e+18
0.425 135.0529406 2461.29   3.273662577e+19 8.639530483e+18
0.435 138.126947 2469.35   3.262756783e+19 8.605563893e+18
0.445 140.5242774 2476.9   3.252600743e+19 8.57786482e+18
0.455 142.9584748 2485.36   3.243101668e+19 8.542008095e+18
0.465 145.7297603 2493.92   3.229941744e+19 8.513922404e+18
0.475 148.417831 2501.61   3.22012063e+19 8.486330725e+18
0.485 151.2167876 2510.23   3.211454503e+19 8.457408791e+18
0.495 153.409436 2518.64   3.199791223e+19 8.439582811e+18
0.505 156.5460863 2526.38   3.18891063e+19 8.405334133e+18
0.515 158.9258626 2533.95   3.180135105e+19 8.379654068e+18
0.525 161.2969146 2541.5   3.170218338e+19 8.349139839e+18
0.535 163.9255027 2549.59   3.160022634e+19 8.330469025e+18
0.545 166.5287771 2557.35   3.150875811e+19 8.307645642e+18
0.555 168.9337528 2565.16   3.141326475e+19 8.283762638e+18
0.565 171.6921984 2573.73   3.131105282e+19 8.251613155e+18
0.575 174.1118641 2581   3.12281303e+19 8.226636163e+18
0.585 176.7416223 2589.62   3.112237007e+19 8.194662807e+18
0.595 179.150735 2596.91   3.103880891e+19 8.176382908e+18
0.605 181.3017785 2605   3.094455989e+19 8.1438196e+18
0.615 184.3519054 2613.15   3.084024304e+19 8.122423842e+18
0.625 186.4565097 2621.23   3.075721885e+19 8.094557234e+18
0.635 189.3253651 2628.57   3.067915626e+19 8.078611366e+18
0.645 192.0955266 2636.76   3.056772277e+19 8.05026936e+18
0.655 194.6256785 2643.79   3.049176224e+19 8.017111806e+18
0.665 197.2368411 2651.81   3.039205188e+19 8.003176354e+18
0.675 199.505854 2658.51   3.030873414e+19 7.981240761e+18
0.685 202.017275 2665.9   3.023050832e+19 7.953069155e+18
0.695 204.2250057 2673.78   3.015123003e+19 7.937365281e+18
0.705 207.0715793 2681.11   3.006451005e+19 7.914914197e+18
0.715 209.481769 2689.45   2.998595632e+19 7.886970265e+18
0.725 211.8861133 2696.84   2.990906361e+19 7.863871953e+18
0.735 214.3603011 2704.61   2.982585756e+19 7.84674475e+18
0.745 217.1250779 2711.75   2.974147305e+19 7.824754745e+18
0.755 219.3875725 2719.62   2.965667614e+19 7.80052092e+18
0.765 221.9449107 2727.38   2.957083536e+19 7.779756638e+18
0.775 224.3822587 2735.03   2.950777358e+19 7.754401619e+18
0.785 226.6672114 2742.24   2.941642849e+19 7.735819585e+18
0.795 229.3449375 2749.47   2.932525238e+19 7.713262539e+18
0.805 231.5398937 2758.79   2.924993765e+19 7.696254186e+18
0.815 234.1603522 2765.57   2.916647099e+19 7.671009425e+18
0.825 237.0201487 2773.14   2.908502335e+19 7.656213388e+18
0.835 239.4278843 2781.15   2.902450179e+19 7.632068342e+18
0.845 241.8226536 2788.63   2.894999466e+19 7.607482265e+18
0.855 243.9472942 2796.26   2.886891072e+19 7.591247148e+18
0.865 246.4742565 2804.09   2.877477196e+19 7.57901425e+18
0.875 248.9369468 2812.26   2.870730416e+19 7.553732259e+18
0.885 251.3181756 2819.86   2.864314552e+19 7.530543736e+18
0.895 254.0161793 2827.67   2.856208449e+19 7.515011693e+18
0.905 256.269237 2836.36   2.847877964e+19 7.48561293e+18
0.915 259.0159933 2843.44   2.840203729e+19 7.474443949e+18
0.925 261.4557094 2851.33   2.832403198e+19 7.455360742e+18
0.935 264.239495 2860.18   2.823794205e+19 7.442522142e+18
0.945 266.9553641 2869.67   2.815932674e+19 7.419161788e+18
0.955 269.4003846 2877.84   2.809216107e+19 7.394220594e+18
0.965 272.069239 2887.24   2.800077589e+19 7.370840194e+18
0.975 274.8543597 2896.45   2.792239113e+19 7.339690192e+18
0.985 277.8295359 2907.53   2.783021696e+19 7.322601651e+18
0.995 281.9018089 2920.17   2.773456037e+19 7.297259519e+18
