/*--------------------------------*- C++ -*----------------------------------*\
| =========                 |                                                 |
| \\      /  F ield         | OpenFOAM: The Open Source CFD Toolbox           |
|  \\    /   O peration     | Version:  v1612+-hyStrath                       |
|   \\  /    A nd           | Web:      www.OpenFOAM.com                      |
|    \\/     M anipulation  |                                                 |
\*---------------------------------------------------------------------------*/
FoamFile
{
    version     2.0;
    format      ascii;
    class       volScalarField;
    location    "0.015";
    object      wallHeatFlux;
}
// * * * * * * * * * * * * * * * * * * * * * * * * * * * * * * * * * * * * * //

dimensions      [1 0 -3 0 0 0 0];

internalField   uniform 0;

boundaryField
{
    lWedge
    {
        type            wedge;
    }
    
		rWedge
    {
        type            wedge;
    }
    
		inlet
    {
        type            calculated;
        value           uniform 0;
    }
    
		outlet
    {
        type            calculated;
        value           uniform 0;
    }
    
		HB2
    {
        type            calculated;
        value           nonuniform List<scalar> 
830
(
107083.4265
110072.3514
112459.672
111870.5697
111093.0905
111668.286
113191.5816
115085.7393
116226.202
115325.6114
116628.6731
118464.838
118104.8317
118673.2894
119843.651
118763.8376
117843.5325
118706.7542
118466.0036
120294.36
119150.1768
120026.8255
121408.981
119534.7317
118910.925
120335.2744
120093.92
117953.2592
118939.7641
119480.2205
119818.2429
117896.6257
117728.7191
118061.1457
116528.9921
117109.1547
116031.297
113923.1024
114176.7717
113488.5441
113085.0683
112797.5763
113464.2145
113967.7633
113820.5921
113442.2997
112189.0982
111595.1643
110659.3201
109743.3326
109172.9368
108737.2094
108533.1824
108425.4143
108494.8325
109073.2103
108672.4454
107873.0181
107323.3011
107011.3721
105687.2406
105795.8269
104723.314
104086.0567
104469.0969
103557.7895
103064.8696
102891.3234
102411.9902
101923.3788
101199.6164
100877.5231
100027.6808
98939.69856
99469.66838
98509.48584
96693.76181
97353.19571
97579.04957
95791.03354
95971.13203
95119.45637
94575.06478
93976.85929
93297.98144
92607.80921
91940.55479
91443.44436
91134.0708
90173.03187
89820.40178
89629.70616
88235.99005
88232.95629
87326.42067
86478.18913
86383.51698
85133.95127
84599.31947
84142.03455
83589.51844
82802.05363
82132.47398
81410.52723
80866.68774
79782.41472
79742.36363
78535.63709
78124.57454
76891.77786
76796.941
75383.4919
75724.10247
75425.48863
74217.16675
73579.35128
72645.13925
72210.25533
71398.34827
70877.39543
70023.97575
70485.03151
68818.66626
68292.08873
67125.42199
66907.55636
66155.88727
65728.8006
65161.34962
64654.72036
63456.41608
62391.54381
62393.11223
60434.99477
61426.06895
60195.67887
59373.49626
59393.90311
58781.08537
56947.18604
56937.57436
56512.18405
54978.772
55167.34459
54138.12901
53611.25722
53425.51867
52834.86391
51530.19241
51130.26386
50733.17251
49363.20983
49433.6902
48964.00825
47858.9422
47921.78117
47398.94467
46039.37058
46079.24863
45258.15731
43894.0235
43856.63477
42935.81044
42738.04236
42460.16559
41642.41275
41365.52519
41035.84253
40330.28491
39321.88296
39046.49071
38491.61048
37303.79072
36839.95533
36572.57902
35741.30532
35759.40273
35160.77434
34831.89406
33878.95322
33087.93977
31954.12076
31133.45269
30469.64534
30109.23347
29804.06861
29496.50259
29114.53461
28882.64114
28683.39739
28533.55591
28274.46978
27934.5048
27807.52068
27761.32714
27648.20472
27436.39562
27164.90747
26822.82874
26426.0466
26107.0354
25916.44673
26000.33712
26142.68273
26176.20764
26118.17186
26014.48828
25846.97694
25627.4706
25302.70498
25000.78135
24830.79155
24650.00003
24435.354
24300.17724
24289.54294
24298.12308
24260.40161
24118.24312
23965.24062
23909.06088
23859.21775
23726.50761
23604.89502
23551.5041
23518.26094
23486.29703
23370.76002
23241.02162
23187.24604
23123.28689
22975.75981
22827.87011
22739.71783
22675.1642
22619.22739
22498.78841
22372.92164
22334.18416
22284.78815
22152.62746
21997.78398
21889.78835
21788.93475
21690.01149
21543.04975
21418.41713
21393.56897
21380.42046
21298.61439
21213.92438
21197.34456
21195.6402
21194.12911
21135.61705
21086.7414
21111.83041
21131.30658
21072.29229
21002.02019
20974.39688
20947.63731
20909.26337
20801.78382
20693.02625
20679.27623
20695.34365
20676.35069
20724.49548
20963.31746
21047.21751
21045.95862
21009.62752
20914.70327
20990.07846
20479.14317
20487.20327
20618.03949
19790.90268
19844.24736
20089.03352
19266.94538
19066.99926
19469.09559
18951.9804
18322.22485
18641.71527
18707.50637
17671.95248
17814.16849
18174.07185
17406.75336
16918.423
17261.53659
17330.49241
16341.86532
16278.90165
16691.87139
16385.77854
15526.9664
15637.53929
15901.98118
15472.70085
14655.13918
14824.85729
15092.48852
14556.47834
13853.09818
14094.54968
14373.1418
13809.67925
13172.45295
13375.54412
13562.06219
12938.25478
12341.91745
12564.30755
12747.71379
12228.15187
11793.4588
11982.77394
12127.44027
11705.96035
11194.15482
11241.41978
11331.89574
10986.57701
10531.02508
10530.95662
10668.51435
10505.15391
10085.46767
9938.417203
10004.38421
9896.670818
9490.44163
9206.335982
9234.424563
9253.453762
9023.538805
8721.717508
8667.959692
8704.993351
8567.083869
8228.371259
8028.192824
8026.971092
7980.513224
7762.468374
7545.012591
7494.358884
7494.158796
7383.903692
7112.643612
6982.487356
6954.313438
6859.475133
6689.150147
6560.9909
6464.973889
6337.861223
6215.147711
6070.162167
5956.702676
5872.58033
5783.828387
5690.005764
5598.798541
5523.309172
5464.204203
5406.835282
5350.612962
5296.737274
5241.434387
5186.024518
5130.88964
5075.027263
5020.417998
4969.330183
4923.322179
4882.776432
4845.338949
4807.688652
4768.331615
4728.610325
4691.716671
4659.663365
4631.359933
4604.066486
4575.686387
4545.747544
4515.752605
4488.048547
4463.493008
4440.861371
4417.855786
4391.871194
4361.039452
4325.869988
4288.675995
4251.352224
4214.862549
4179.894182
4146.250683
4112.776575
4079.207357
4048.100434
4015.781495
3984.012635
3952.66691
3923.287254
3895.051359
3867.662453
3841.520321
3817.493796
3795.399839
3777.773655
3762.623491
3748.170906
3732.934374
3716.098501
3697.469899
3677.143118
3655.200838
3631.665778
3606.5946
3580.154396
3552.62937
3524.24501
3494.978646
3464.671114
3433.13658
3400.296334
3366.236729
3331.218987
3295.795273
3260.602756
3226.188209
3192.735259
3159.975697
3127.391832
3094.528028
3061.348646
3028.416623
2996.601376
2966.651066
2938.83608
2912.916092
2888.328257
2864.554186
2841.301645
2818.57321
2796.514294
2775.300728
2754.980671
2735.46483
2716.634806
2698.506792
2681.139594
2664.545687
2648.576869
2632.998362
2617.539082
2602.030464
2586.423709
2570.836645
2555.396706
2540.191404
2525.157688
2510.152459
2495.008484
2479.648718
2464.035823
2448.196326
2432.195098
2416.167505
2400.240337
2384.479551
2368.873241
2353.455815
2338.256123
2323.31788
2308.581369
2293.921476
2279.258683
2264.667681
2250.28963
2236.252257
2222.567723
2209.287428
2196.521678
2184.409796
2172.904161
2161.775241
2150.715703
2139.608035
2128.518249
2117.628184
2106.949417
2096.341941
2085.633463
2074.927149
2064.534794
2054.826892
2045.914994
2037.63182
2029.667027
2021.886893
2014.37496
2007.368689
2001.01255
1995.368281
1989.441598
1982.958238
1976.035481
1968.824116
1961.474679
1954.681304
1948.431351
1942.527049
1936.723594
1930.936181
1925.230539
1919.837343
1914.966662
1910.735287
1907.047887
1903.703585
1900.413805
1896.991355
1893.334036
1889.502841
1885.602366
1881.780619
1878.09915
1874.583548
1871.16031
1867.771164
1864.330222
1860.83077
1857.268577
1853.707609
1850.175242
1846.721566
1843.322867
1839.969671
1836.588381
1833.150221
1829.563644
1825.714696
1821.261252
1816.91498
1812.915213
1808.38876
1803.625772
1798.714233
1793.5815
1788.151464
1782.606277
1775.131951
1768.141003
1762.450825
1756.2042
1751.186533
1747.163843
1743.160115
1740.159384
1737.020541
1734.600751
1732.062705
1730.336506
1728.184793
1725.97948
1723.644528
1721.021208
1719.181636
1717.273052
1715.932941
1715.279625
1715.075643
1715.208965
1715.682236
1715.873483
1716.361062
1716.480709
1716.462861
1716.834038
1716.595205
1717.232384
1718.392527
1719.554718
1720.723023
1722.21669
1723.323567
1724.221429
1725.089424
1726.006399
1727.589795
1729.718397
1732.524148
1735.769643
1739.489193
1743.25217
1747.6303
1752.051531
1756.42433
1760.893516
1765.936569
1771.097997
1775.991455
1781.061383
1786.340952
1791.140742
1796.005067
1800.837178
1805.866966
1810.538301
1815.651817
1821.259806
1827.431521
1833.959463
1841.427506
1848.191634
1856.55807
1864.289514
1873.452355
1882.630039
1893.155055
1903.847747
1916.250614
1928.392278
1941.832518
1955.032482
1968.983605
1982.598466
1996.702485
2010.767188
2026.117484
2041.522244
2058.183572
2075.701722
2094.121517
2113.292771
2133.701446
2154.340885
2175.960146
2198.67993
2222.461029
2246.850692
2272.876895
2299.996754
2324.624655
2348.98861
2372.025164
2393.68374
2414.98995
2434.894516
2454.202929
2472.736638
2489.614722
2506.174565
2521.681966
2535.272944
2549.172964
2562.288798
2574.868993
2587.412366
2598.982209
2611.248743
2623.715179
2636.47686
2650.415681
2664.116794
2679.056047
2693.589656
2706.719735
2719.598475
2731.183245
2741.978657
2752.479098
2761.82927
2772.442651
2783.561517
2794.29117
2806.356449
2818.351066
2830.833225
2843.121149
2854.037578
2864.763955
2874.276507
2882.673821
2890.136417
2895.508771
2901.81782
2908.795205
2916.250594
2925.523264
2935.125331
2945.295723
2955.613466
2964.451791
2972.831794
2979.493784
2983.601276
2988.204615
2991.897755
2993.817583
2995.378971
2996.346266
3000.012494
3005.549878
3012.650896
3020.761259
3027.35113
3034.489249
3039.357677
3041.611413
3042.305269
3040.751999
3038.287313
3035.933805
3033.711548
3033.516947
3035.752279
3038.301201
3043.30894
3049.29846
3056.150556
3063.628566
3069.592308
3075.775392
3080.820152
3084.901472
3089.408677
3093.167055
3098.454453
3103.547021
3107.633321
3112.907658
3117.190896
3120.990316
3123.942354
3124.89172
3126.499811
3128.028297
3129.481073
3132.99004
3137.195709
3141.639076
3146.287457
3150.090547
3154.637369
3159.083792
3163.22293
3166.577832
3168.612646
3170.951734
3173.232736
3175.236482
3179.523462
3184.744906
3191.106981
3197.956572
3202.966463
3206.581463
3209.047395
3210.829096
3213.398518
3213.549716
3214.529293
3214.602476
3211.593763
3209.902475
3210.247644
3212.262812
3213.982343
3216.981456
3221.242091
3222.859635
3223.409744
3225.434126
3227.043699
3227.511921
3229.046215
3231.77912
3236.100498
3239.6697
3244.505496
3250.557967
3255.336267
3259.480661
3265.768881
3270.034679
3272.260963
3275.03993
3276.638116
3275.360233
3272.123664
3272.231869
3271.039844
3268.918361
3268.330324
3268.635078
3270.287686
3270.087246
3272.06076
3276.279763
3281.625346
3288.238987
3301.56833
3317.684915
3335.09005
3356.152775
3376.71818
3394.692629
3408.309107
3418.222613
3425.596693
3425.863426
3425.017077
3423.644228
3421.932741
3419.697866
3423.42276
3427.866798
3438.224807
3462.012308
3498.380006
3689.647432
)
;
    }
    OF_symmetry_00
    {
        type            symmetry;
    }
}


// ************************************************************************* //
