/*--------------------------------*- C++ -*----------------------------------*\
| =========                 |                                                 |
| \\      /  F ield         | OpenFOAM: The Open Source CFD Toolbox           |
|  \\    /   O peration     | Version:  v1706                                 |
|   \\  /    A nd           | Web:      www.OpenFOAM.com                      |
|    \\/     M anipulation  |                                                 |
\*---------------------------------------------------------------------------*/
FoamFile
{
    version     2.0;
    format      ascii;
    class       volScalarField;
    location    "7";
    object      dsmcRhoNMean_O2;
}
// * * * * * * * * * * * * * * * * * * * * * * * * * * * * * * * * * * * * * //

dimensions      [0 -3 0 0 0 0 0];


internalField   nonuniform List<scalar> 
500
(
23.82329667
23.84043
23.83977
23.83536
23.82277333
23.68085667
23.68969667
23.68927
23.68052667
23.68119333
23.54442
23.55082
23.55962667
23.54674667
23.5491
23.43552667
23.45277667
23.44305333
23.4197
23.4332
23.32335333
23.32933
23.31928667
23.30978667
23.31403
23.19944
23.21458
23.21986333
23.18408667
23.17774333
23.09536667
23.11304
23.10036333
23.09193333
23.0834
22.99171667
22.97623667
22.98435333
22.97101333
22.99773
22.90446667
22.89323333
22.88718667
22.88143333
22.87900667
22.77617
22.7816
22.78748333
22.78758
22.78543333
22.67914333
22.68230667
22.71431
22.68317667
22.69702
22.58362667
22.59112667
22.59303
22.60432
22.59595333
22.48546333
22.5023
22.51698667
22.51330667
22.50367
22.40817333
22.39506
22.42322
22.43034667
22.40672
22.32625667
22.33092333
22.32951667
22.32009333
22.30147667
22.21770667
22.21127
22.22497667
22.22661333
22.22087333
22.13173667
22.14178333
22.14651333
22.12515667
22.15161
22.03421
22.05438
22.04753
22.03423667
22.04856333
21.94918
21.95573333
21.94336667
21.96581667
21.95395333
21.86835
21.8593
21.88090333
21.88777
21.88824333
21.77951
21.78271
21.79942333
21.79961667
21.78372
21.69379
21.69590333
21.70746667
21.7121
21.70279
21.60888667
21.59466
21.61122
21.61731333
21.62792
21.53127667
21.52544333
21.5262
21.54585
21.55536667
21.43956
21.44342667
21.45270333
21.43360667
21.42817
21.39059333
21.38025333
21.36420333
21.37268
21.37137667
21.29824
21.29429667
21.28854333
21.29536333
21.30494
21.22483667
21.20382333
21.20454
21.21016667
21.20694333
21.12763667
21.13837333
21.13480333
21.13097333
21.13429667
21.04886
21.03927
21.04973667
21.04588667
21.06572333
20.96880333
20.97113
20.96616333
20.98268667
20.97237333
20.91050333
20.88914333
20.90265
20.91742
20.91695333
20.82811667
20.84088667
20.83489667
20.83682333
20.83048667
20.74864667
20.74679667
20.76518333
20.75559333
20.74402
20.6695
20.69512333
20.66946333
20.67911667
20.69313667
20.60827333
20.61684333
20.60758667
20.61222
20.59363333
20.52810333
20.55173333
20.52031
20.51761667
20.53551667
20.46176
20.47200333
20.46343333
20.44102667
20.46025333
20.38662667
20.38289333
20.38225667
20.38984333
20.39261667
20.32432333
20.32963333
20.32473333
20.31120333
20.32267667
20.25021
20.25741333
20.26750333
20.26998333
20.24850667
20.17565333
20.18589333
20.18899667
20.17261333
20.16552
20.11175333
20.10127667
20.12661333
20.10564667
20.10324
20.03268333
20.04766
20.04101333
20.0223
20.03806333
19.96820333
19.95277667
19.96357667
19.96705
19.95600333
19.88473333
19.88082333
19.90027667
19.89912333
19.90314333
19.81935333
19.81213
19.79863333
19.82333667
19.82185667
19.75512333
19.74620667
19.75088333
19.76388667
19.74758
19.68779667
19.69292
19.69967333
19.69421
19.70466
19.6463
19.63558333
19.63942333
19.62859333
19.62928333
19.56657333
19.56265667
19.56656667
19.55889
19.57169
19.50679333
19.50091
19.49936667
19.51837667
19.49792
19.43576
19.43534333
19.46320667
19.44807333
19.43886
19.39229667
19.39311333
19.38217667
19.39192
19.38254333
19.33916667
19.31384
19.33723667
19.32830333
19.32929
19.28357
19.26911333
19.26563333
19.26834333
19.28428667
19.20873
19.18962667
19.19305
19.18677333
19.20386
19.15058667
19.14006
19.13565667
19.12839
19.13606333
19.07615667
19.08336
19.07546333
19.09211667
19.08106667
19.03360333
19.03157667
19.00098
19.01452667
19.02257667
18.9578
18.95975333
18.94624333
18.94637
18.97384667
18.90799333
18.90141667
18.8935
18.88320667
18.89624
18.84312333
18.84860667
18.85362333
18.84241667
18.85920667
18.80600333
18.80365
18.79953667
18.78454333
18.77955667
18.74002667
18.74764
18.74520667
18.73099
18.74216333
18.66284
18.68725
18.69753
18.6914
18.68012333
18.6304
18.63297333
18.62778667
18.62933
18.63564667
18.57933667
18.59481
18.58183667
18.57379667
18.5869
18.51375667
18.52538
18.52891333
18.51706667
18.52554
18.4772
18.46689
18.48716667
18.47542667
18.47802667
18.42493667
18.40753667
18.42167333
18.42178
18.41863
18.35988667
18.36042
18.36831
18.37205
18.36401
18.30611667
18.31055
18.31199667
18.34501
18.29848333
18.26624667
18.26123333
18.26189
18.27204
18.25392
18.21505667
18.20716333
18.20431333
18.20808667
18.19675333
18.15864333
18.15244667
18.1456
18.15457667
18.15945333
18.11030667
18.10867333
18.12509333
18.12140667
18.10017333
18.05128333
18.06258667
18.06971667
18.04461667
18.06154333
18.00802667
17.99705667
18.00351667
18.01411
18.00131
17.95551667
17.95204333
17.96657333
17.96325
17.92967667
17.91592333
17.92541
17.90885
17.90636333
17.89684667
17.85715667
17.85420333
17.86442
17.86128
17.86040333
17.82271333
17.82330333
17.82191667
17.81123
17.82229667
17.76650667
17.77102667
17.75705667
17.76558667
17.76851667
17.70927333
17.71116333
17.72347
17.73197667
17.70951333
17.67148
17.68079667
17.67500667
17.65343
17.68397667
17.64300333
17.60732
17.60783
17.62075
17.62799
17.58415
17.59222667
17.57015
17.58662667
17.57393667
17.53017
17.5356
17.52561667
17.51583
17.52125667
17.49401333
17.48673667
17.48478667
17.47485333
17.49403
17.42557667
17.44777667
17.45017
17.43269667
17.43769333
17.39957667
17.40418333
17.40037333
17.39550333
17.39524667
17.35515333
17.36264333
17.35803333
17.33616667
17.33687333
17.32526667
17.30186333
17.30345333
17.30110333
17.30975
17.27088667
17.25718333
17.25588
17.25011333
17.25976667
17.21282667
17.21123
17.21277333
17.19983333
17.20483667
17.1584
17.15540667
17.14861333
17.16346667
17.14653667
17.08588667
17.10346667
17.10024667
17.11123333
17.10267333
17.04610667
17.04904667
17.03607667
17.04729
17.03917333
16.98711333
16.98667
16.96444667
16.97426667
16.97103667
)
;

boundaryField
{
    upperWall
    {
        type            calculated;
        value           uniform 0;
    }
    lowerWall
    {
        type            calculated;
        value           uniform 0;
    }
    periodicX_half0
    {
        type            cyclic;
    }
    periodicX_half1
    {
        type            cyclic;
    }
    frontAndBack
    {
        type            empty;
    }
}


// ************************************************************************* //
