/*--------------------------------*- C++ -*----------------------------------*\
| =========                 |                                                 |
| \\      /  F ield         | OpenFOAM: The Open Source CFD Toolbox           |
|  \\    /   O peration     | Version:  v1706                                 |
|   \\  /    A nd           | Web:      www.OpenFOAM.com                      |
|    \\/     M anipulation  |                                                 |
\*---------------------------------------------------------------------------*/
FoamFile
{
    version     2.0;
    format      ascii;
    class       volScalarField;
    location    "7";
    object      Ma_O2;
}
// * * * * * * * * * * * * * * * * * * * * * * * * * * * * * * * * * * * * * //

dimensions      [0 0 0 0 0 0 0];


internalField   nonuniform List<scalar> 
500
(
0.01765621942
0.01760777987
0.01786303499
0.01825636984
0.0177667638
0.02232144367
0.02274416162
0.02253282869
0.02227891269
0.02291148655
0.02626582732
0.02610252957
0.02657021373
0.02639691661
0.02700746514
0.03046190146
0.03104419055
0.03008846927
0.03071486035
0.03054986449
0.03439036086
0.03375582525
0.03428192438
0.03353136578
0.03405664493
0.03746870693
0.03772576162
0.03746305972
0.036868297
0.03649514846
0.040322505
0.04041678471
0.04007402524
0.04057534906
0.04024178358
0.04402800128
0.0434743511
0.04385865026
0.0442731115
0.04412252421
0.04702143726
0.04711875299
0.04726557569
0.04717641221
0.04747407496
0.0505118416
0.0504723889
0.05020139705
0.05022343541
0.04985402496
0.05267266723
0.0534346644
0.05346681686
0.05350841992
0.05344114028
0.05705864476
0.05662760432
0.05671245113
0.05621398919
0.05663593528
0.05936502232
0.06001553713
0.05922118562
0.0599452773
0.05946348417
0.06231741152
0.06263521412
0.06267903383
0.06238359875
0.06253889462
0.065746101
0.06560749575
0.06541478419
0.065943529
0.06541722108
0.06820599427
0.0688917935
0.06895324885
0.06869578703
0.06895164186
0.07209050741
0.07207809138
0.07200517229
0.07124753317
0.07191862188
0.07518570192
0.07417199879
0.07442774647
0.07487306005
0.07409458028
0.07771099451
0.07749353735
0.07786356806
0.07764011879
0.0774174524
0.08097951413
0.08054219612
0.08064822433
0.08114046897
0.0803891824
0.0834216124
0.08395966777
0.0839039635
0.08366903649
0.08435550285
0.0864803912
0.0866374739
0.08643747058
0.08632187821
0.08582809302
0.08971456482
0.0891462413
0.08920220495
0.08985530204
0.0895304318
0.09230019849
0.0927767778
0.09219010551
0.09192696744
0.09257838479
0.09571333556
0.09472936941
0.09510354085
0.09550517231
0.09464171024
0.09741487037
0.0981339653
0.09821213393
0.09814067632
0.09799312497
0.1007559487
0.1006662977
0.1006770632
0.1006718465
0.1011508726
0.1032168662
0.1038089192
0.1036703361
0.1035377992
0.1037012993
0.1061329632
0.1061323848
0.1061183108
0.1056876297
0.1057437991
0.1086909375
0.1089555141
0.1091533303
0.1089776147
0.1087087263
0.1116292031
0.1115359377
0.1118437042
0.1117087599
0.1119171895
0.1142171118
0.1145606616
0.1139627392
0.1137204024
0.1143269999
0.1169320385
0.1167762948
0.1166583525
0.1165946804
0.1172402467
0.1200323371
0.1196475498
0.1197249395
0.1197641559
0.1193025517
0.1218122694
0.1225224671
0.122460292
0.1220161759
0.1229307071
0.1251022626
0.1250317325
0.1243941093
0.1245106996
0.1247598536
0.1277160752
0.1275622373
0.1275422313
0.1275107475
0.1277131534
0.1302325472
0.1306655175
0.130200871
0.1301762943
0.130677799
0.1321994391
0.132764917
0.1330361856
0.1333272794
0.1324031484
0.135390918
0.1354956414
0.1349826581
0.1347637379
0.1358227068
0.1373963547
0.1375989769
0.1379447267
0.1381398157
0.1380306655
0.1406530466
0.140376423
0.1398233829
0.1403007835
0.1395863064
0.1429398176
0.1427550445
0.1428237455
0.1428232091
0.14296418
0.1455255102
0.1454777277
0.145407617
0.1456156206
0.1459406717
0.1477972555
0.1482575742
0.1480327071
0.1482239906
0.1478643258
0.1502108694
0.1504356154
0.1513074337
0.1506012436
0.1505568889
0.1535302066
0.1537698694
0.1532540077
0.1528709011
0.1532129335
0.155391711
0.1563799305
0.1556049818
0.1559560329
0.1558780794
0.1587210002
0.1581985269
0.1580613389
0.1585604107
0.1585758809
0.1605159476
0.1601523788
0.1606216449
0.1602775738
0.1608951521
0.1640204911
0.1637441256
0.1633598207
0.1634281179
0.163380344
0.1655181554
0.1656386419
0.1659598126
0.1652258743
0.1650368657
0.1680158061
0.1680600713
0.1676826338
0.1676273367
0.1682833787
0.1699007258
0.1702119558
0.1704287635
0.1705640914
0.1698860594
0.172622242
0.1727299698
0.1725658067
0.1726134043
0.1726331267
0.1744694767
0.174649859
0.1751128551
0.1751059622
0.1748999491
0.17732503
0.1771863717
0.1776112217
0.1773405636
0.1769294462
0.179705199
0.1798248792
0.1796196592
0.1796051907
0.1796671491
0.1820499549
0.1821665216
0.1814411785
0.1818443783
0.1822492527
0.1842343392
0.1845095631
0.1844748126
0.1846482303
0.1838615129
0.1862383161
0.1865174571
0.1869271528
0.1862800183
0.1868503575
0.1894173615
0.1885808325
0.1884374882
0.1887871144
0.1885699183
0.1905957671
0.1908925085
0.1912200247
0.1909055482
0.1908151495
0.1934881034
0.1933138433
0.1935271777
0.1942677348
0.1941853826
0.196171907
0.1958610147
0.1961605269
0.1969442169
0.1964939908
0.1986209492
0.1983218482
0.1987146502
0.1980964196
0.1990677713
0.2009132752
0.2011672166
0.2006808623
0.2005791901
0.2000026717
0.2032490876
0.202627777
0.2028103521
0.203372843
0.2028415499
0.2047020843
0.2047496404
0.2055336175
0.2050596701
0.2054950747
0.2074795663
0.2079996324
0.2070887858
0.2063203918
0.2073793226
0.2094937684
0.2099342482
0.2093837447
0.2100707604
0.2099587462
0.2117252761
0.2114884925
0.2118715315
0.2115416226
0.2118339495
0.2140560993
0.2139247077
0.2141068336
0.2138686771
0.2142830249
0.2168045468
0.216233811
0.2165684898
0.2163733817
0.2160081984
0.2183892336
0.2186123327
0.2183941963
0.2183248179
0.2181264863
0.2207304759
0.2205160267
0.220343351
0.2204225597
0.2203071348
0.2225938702
0.2226111783
0.2227485393
0.2233659976
0.2227287319
0.2252955798
0.2251188347
0.2252606465
0.224810857
0.2249757598
0.2268909985
0.2269464278
0.2272259423
0.2267344634
0.2271209639
0.2292151282
0.2296164082
0.2286982226
0.2298857105
0.2295789874
0.2313183674
0.2318323139
0.2312444314
0.2316689491
0.231810958
0.2332951481
0.2330267854
0.2335834068
0.2325450954
0.2341067953
0.235572276
0.2353895065
0.2352499613
0.2352453065
0.2356640685
0.2379455988
0.2376789302
0.2378001587
0.2374605713
0.2376688038
0.2403661767
0.2398763529
0.2402211367
0.2409050877
0.2397341814
0.2418950165
0.2425222355
0.2418300341
0.2423334842
0.2425070204
0.2441177881
0.2444256456
0.2440156294
0.2439362393
0.2441243942
0.246175308
0.2455165791
0.2461466892
0.246405988
0.2455886329
0.2484532473
0.2484412245
0.248163968
0.2488524267
0.2484894846
0.2506783191
0.2508296731
0.2505661891
0.250309995
0.2507105876
0.2526365543
0.2527098719
0.2523850377
0.2530812925
0.2523069171
0.2544482849
0.2546212459
0.2547732954
0.2547155449
0.2547070247
0.256161246
0.2568791848
0.255934261
0.2563033987
0.2564316511
0.259041744
0.2583615537
0.259395207
0.2589133062
0.2593743183
0.2608346908
0.2606216193
0.2612768747
0.2606739455
0.2613624355
0.2629436246
0.2626643194
0.2629994854
0.2628613185
0.2633011424
0.2652710747
0.2659975775
0.2655321971
0.2649793829
0.2651145244
0.2677869826
0.2678977144
0.2677076444
0.267698777
0.267881022
0.2701511289
0.2699414564
0.2707271081
0.2708922443
0.2710474616
0.2734070856
0.274093891
0.2734164765
0.2737256128
0.2728555283
)
;

boundaryField
{
    upperWall
    {
        type            calculated;
        value           nonuniform List<scalar> 5(0.27492566 0.2775459031 0.2751758442 0.2739541053 0.2759215376);
    }
    lowerWall
    {
        type            calculated;
        value           nonuniform List<scalar> 5(0.01547338769 0.01448262629 0.01482516877 0.01321597491 0.01497070063);
    }
    periodicX_half0
    {
        type            cyclic;
    }
    periodicX_half1
    {
        type            cyclic;
    }
    frontAndBack
    {
        type            empty;
    }
}


// ************************************************************************* //
