/*--------------------------------*- C++ -*----------------------------------*\
| =========                 |                                                 |
| \\      /  F ield         | OpenFOAM: The Open Source CFD Toolbox           |
|  \\    /   O peration     | Version:  v1706                                 |
|   \\  /    A nd           | Web:      www.OpenFOAM.com                      |
|    \\/     M anipulation  |                                                 |
\*---------------------------------------------------------------------------*/
FoamFile
{
    version     2.0;
    format      ascii;
    class       volScalarField;
    location    "7";
    object      mfpCellRatio_O2;
}
// * * * * * * * * * * * * * * * * * * * * * * * * * * * * * * * * * * * * * //

dimensions      [0 0 0 0 0 0 0];


internalField   nonuniform List<scalar> 
500
(
22.96069958
22.94400778
22.94543484
22.95294003
22.96336684
23.14348537
23.1330265
23.13489322
23.14647755
23.14438177
23.31340675
23.31034347
23.30329198
23.31787878
23.31315305
23.45994367
23.44303866
23.45300245
23.47876618
23.46334219
23.60854257
23.59632732
23.61086142
23.62170166
23.61779847
23.7656209
23.74762224
23.7414212
23.77872902
23.78802905
23.90480137
23.88419615
23.89679103
23.90922019
23.91529019
24.03564967
24.05413745
24.04620849
24.06372648
24.03797641
24.15445705
24.17009337
24.17678099
24.18322725
24.18613141
24.3225152
24.32241975
24.30825415
24.31051094
24.31282707
24.45499846
24.45460388
24.41802609
24.45021432
24.43666363
24.58893674
24.5831083
24.57554754
24.57049267
24.5715238
24.72160757
24.70457586
24.68558291
24.68913456
24.7097117
24.83763587
24.85030586
24.82476013
24.81185682
24.83820518
24.95294305
24.95183004
24.95321014
24.96081576
24.98331068
25.10859724
25.1137065
25.10044651
25.09956825
25.10321373
25.22652161
25.22311868
25.21487663
25.23894349
25.20713703
25.36696849
25.34574322
25.34897878
25.37196369
25.35197766
25.49409663
25.48620704
25.50119982
25.47772454
25.48912879
25.62187602
25.62735569
25.60339153
25.5940917
25.5926655
25.74821303
25.7459145
25.72041449
25.72321402
25.73846053
25.87385806
25.87514662
25.86064808
25.85454518
25.8654652
26.00369464
26.02124953
26.00318529
25.98949848
25.98002226
26.12607167
26.13411685
26.13059288
26.10705189
26.09101029
26.26511325
26.25466796
26.24532775
26.27145121
26.27660461
26.34550611
26.3606191
26.37861071
26.37341596
26.36931625
26.48524246
26.49440545
26.50048202
26.49172004
26.47702627
26.60165761
26.63835722
26.63175894
26.62611454
26.62662026
26.75382016
26.74077048
26.74418293
26.75003174
26.74689428
26.8849242
26.89242722
26.88128406
26.88700731
26.85970035
27.00967346
27.0036298
27.01868312
26.98929535
27.00463597
27.11151566
27.13834309
27.11892659
27.10077422
27.09871521
27.24525096
27.22866623
27.23475366
27.23206655
27.2380327
27.38006128
27.38337912
27.34880791
27.36750219
27.38042315
27.50936498
27.47508331
27.51042869
27.49544005
27.47372292
27.61662831
27.60595504
27.61531822
27.60775996
27.6381364
27.74782149
27.71574958
27.754696
27.76445675
27.73493006
27.8614495
27.84335581
27.85619044
27.8964176
27.86390115
27.98846572
27.99612262
27.99720045
27.98374246
27.97976571
28.10285407
28.09252325
28.10241184
28.12249012
28.10510053
28.2324087
28.22032564
28.2036069
28.20060785
28.23604071
28.36129299
28.34751596
28.34237054
28.36707861
28.38372412
28.47158458
28.49248691
28.45064836
28.48705224
28.48417844
28.61311774
28.5952551
28.60176579
28.62600333
28.60535303
28.72995866
28.75425149
28.73932214
28.73305394
28.74829483
28.87875671
28.88661703
28.85198206
28.85665852
28.84605862
29.00515754
29.00708063
29.03380085
28.99840764
28.99559733
29.12277804
29.13491122
29.13232252
29.107426
29.12875566
29.24616372
29.24271293
29.23101172
29.23638353
29.21532684
29.33610329
29.3511504
29.34462095
29.36042389
29.352636
29.47907146
29.48529645
29.4802444
29.49434801
29.46407197
29.59042542
29.60144188
29.60186475
29.57186674
29.59795574
29.7277827
29.72341237
29.68120281
29.70417463
29.72255561
29.81769159
29.81786171
29.82930936
29.82143443
29.83601493
29.9286344
29.967737
29.93054435
29.94160073
29.94325897
30.03907492
30.0573555
30.06648215
30.06024414
30.0299609
30.17679015
30.21072289
30.1978433
30.21238318
30.1854352
30.29525463
30.31249987
30.325745
30.3333823
30.32065896
30.43907542
30.42698994
30.43885501
30.41212183
30.42917582
30.52835079
30.53218954
30.58384536
30.56122756
30.55057848
30.67635064
30.67588231
30.69608652
30.70207787
30.6574735
30.78544492
30.7954561
30.81793066
30.82620591
30.80791053
30.91506442
30.90534257
30.89776242
30.91643393
30.88681959
30.99954567
31.00890805
31.01168713
31.03594749
31.04475447
31.13307634
31.12118431
31.12664905
31.15425681
31.13394561
31.28446103
31.24979913
31.23127741
31.23753981
31.25617957
31.36732339
31.3611793
31.37038574
31.36607148
31.35642437
31.4710552
31.44547725
31.47128333
31.48289788
31.46067368
31.60964534
31.59484442
31.58528991
31.60662729
31.58791803
31.69937036
31.70901401
31.67931919
31.70362743
31.69111674
31.80991482
31.83938737
31.81587548
31.8152728
31.82044174
31.94798405
31.94893239
31.93205104
31.9265198
31.94113577
32.06663373
32.05622482
32.0540693
31.99466618
32.08039303
32.16011076
32.1702732
32.16815944
32.15217006
32.18739285
32.27449089
32.29054333
32.29350373
32.28241989
32.30617523
32.39808337
32.41405727
32.42114293
32.40351421
32.39631232
32.51052027
32.51091648
32.48429517
32.48729093
32.53124271
32.64411578
32.62366932
32.60599923
32.64528069
32.61860495
32.74229076
32.76863789
32.75191256
32.738439
32.7599867
32.86369802
32.86865198
32.84496865
32.84865227
32.91798528
32.96653125
32.94583377
32.97942961
32.97859186
33.00223199
33.08883704
33.10387354
33.08475988
33.08911082
33.09199631
33.17617609
33.18401913
33.190943
33.20732639
33.17760858
33.31294832
33.3052909
33.33695622
33.31220506
33.31232861
33.45021728
33.43855182
33.41936721
33.40304988
33.4490231
33.54047985
33.52402692
33.53518763
33.57560413
33.51665606
33.62029047
33.68712106
33.68721007
33.66357373
33.64972907
33.75577752
33.74325503
33.7863439
33.75367082
33.77616368
33.88561389
33.8774325
33.89165602
33.91759386
33.90650977
33.97897476
33.99549956
33.99873643
34.02539525
33.98168279
34.13835094
34.09865775
34.09085066
34.12979918
34.12129279
34.21429322
34.20591509
34.22478785
34.21990415
34.22308185
34.32195645
34.30788928
34.32754591
34.36227016
34.36549671
34.41215824
34.45898515
34.45632566
34.46260924
34.44123318
34.55018759
34.58084309
34.58695744
34.58642487
34.56718479
34.69652629
34.69462731
34.70022845
34.72569612
34.71637645
34.83348173
34.83636173
34.84742703
34.81826524
34.85667426
35.010722
34.96693735
34.98260593
34.9710503
34.97534758
35.12898747
35.12204301
35.14769654
35.13223207
35.14281118
35.29430545
35.2890346
35.33869258
35.31148079
35.32547379
)
;

boundaryField
{
    upperWall
    {
        type            calculated;
        value           nonuniform List<scalar> 5(35.29430545 35.2890346 35.33869258 35.31148079 35.32547379);
    }
    lowerWall
    {
        type            calculated;
        value           nonuniform List<scalar> 5(22.96069958 22.94400778 22.94543484 22.95294003 22.96336684);
    }
    periodicX_half0
    {
        type            cyclic;
    }
    periodicX_half1
    {
        type            cyclic;
    }
    frontAndBack
    {
        type            empty;
    }
}


// ************************************************************************* //
