/*--------------------------------*- C++ -*----------------------------------*\
| =========                 |                                                 |
| \\      /  F ield         | OpenFOAM: The Open Source CFD Toolbox           |
|  \\    /   O peration     | Version:  v1706                                 |
|   \\  /    A nd           | Web:      www.OpenFOAM.com                      |
|    \\/     M anipulation  |                                                 |
\*---------------------------------------------------------------------------*/
FoamFile
{
    version     2.0;
    format      ascii;
    class       volScalarField;
    location    "7";
    object      mfpCellRatio_N2;
}
// * * * * * * * * * * * * * * * * * * * * * * * * * * * * * * * * * * * * * //

dimensions      [0 0 0 0 0 0 0];


internalField   nonuniform List<scalar> 
500
(
5.448556385
5.453836798
5.452949428
5.452081444
5.449213688
5.497357595
5.498534975
5.497198089
5.495170035
5.497370452
5.535917004
5.534928259
5.534922905
5.534522991
5.53491405
5.570214255
5.570259011
5.569450107
5.568951974
5.570136182
5.603542591
5.604482149
5.602201749
5.600858022
5.602438777
5.63311391
5.633879215
5.637822038
5.636098898
5.636444204
5.669382967
5.666862241
5.669039661
5.669642979
5.668531691
5.698825498
5.699916544
5.700545854
5.698704773
5.699646216
5.728811864
5.731242464
5.732584173
5.730144138
5.729719017
5.761215524
5.759942436
5.761607117
5.760839749
5.760415595
5.791515465
5.792467208
5.788602423
5.789880602
5.791373049
5.819574727
5.821316775
5.820559676
5.821888997
5.821503902
5.849581047
5.850600227
5.853207178
5.850837495
5.851544854
5.881829071
5.882830126
5.881061628
5.88408218
5.883414089
5.911192227
5.912602123
5.911786766
5.912491169
5.911910663
5.941253695
5.941770975
5.943294813
5.940788251
5.942581555
5.97148616
5.969866164
5.973576754
5.969296262
5.968478128
5.999706902
6.002059844
6.000707853
6.000885209
6.000169658
6.027818521
6.02898298
6.027772962
6.029956437
6.027117783
6.057754463
6.057776506
6.056411229
6.058024224
6.056186996
6.087023013
6.086381232
6.089179855
6.086772949
6.08660334
6.114890405
6.112668758
6.11450252
6.114125189
6.114141239
6.142188355
6.143450343
6.141015211
6.144450214
6.140535053
6.172761228
6.169546558
6.168944622
6.169810101
6.171369675
6.198936691
6.201065591
6.198974633
6.199747369
6.198946925
6.231595218
6.231835843
6.227958719
6.228332258
6.231415779
6.259539162
6.256938365
6.258075983
6.255167994
6.257473296
6.285334094
6.287319171
6.28816212
6.287502995
6.287170323
6.315948341
6.316622608
6.313943031
6.316395839
6.314626451
6.344818828
6.344043848
6.344070927
6.34519482
6.345611369
6.373489588
6.371495962
6.371147582
6.373453501
6.374082087
6.401136161
6.404082115
6.400529757
6.401283091
6.39876296
6.429694853
6.431073471
6.426547032
6.426798848
6.427633027
6.459169797
6.459901814
6.457725555
6.455905851
6.459171532
6.486498923
6.482925813
6.483590387
6.484075459
6.486163298
6.512596743
6.513054194
6.508477463
6.511249443
6.512796066
6.536811267
6.538736644
6.539869763
6.537972035
6.535717129
6.566753154
6.563056335
6.568448553
6.567950555
6.567409339
6.594554093
6.593116463
6.595486219
6.59068219
6.593374123
6.619080526
6.617730521
6.621086347
6.621319252
6.619982745
6.646539969
6.649561281
6.649195194
6.650569533
6.647085085
6.675026645
6.677384504
6.677193912
6.675793771
6.67231804
6.702924605
6.707164458
6.703826183
6.705377395
6.707236449
6.730194102
6.732490456
6.730812004
6.732853338
6.730210221
6.756070961
6.757464822
6.759076537
6.760717772
6.761574506
6.781534431
6.786387053
6.787283787
6.784710708
6.787548695
6.81445766
6.81449666
6.81389534
6.812339466
6.811669272
6.840463734
6.841069353
6.839841768
6.838222536
6.839469327
6.86475058
6.866873007
6.866554983
6.863047359
6.864980109
6.895060954
6.895577587
6.893414693
6.893306737
6.893332637
6.92401734
6.923177077
6.921344698
6.920488744
6.918407243
6.947835447
6.948259224
6.946501436
6.946856348
6.950255541
6.974520753
6.972682542
6.971894053
6.970808746
6.971808638
7.002630951
6.998122089
6.999345786
6.99786447
6.999407483
7.027425597
7.027501277
7.029255468
7.025761466
7.026583525
7.054248187
7.057154404
7.056299499
7.054719663
7.053221096
7.08281447
7.079050161
7.081885639
7.080827944
7.080850267
7.106620002
7.103606736
7.1063306
7.104903867
7.107400363
7.136526783
7.135907282
7.137071568
7.135283875
7.138166062
7.160683579
7.162157517
7.164219398
7.160776662
7.162016761
7.187494427
7.19111171
7.188867658
7.187125909
7.186820352
7.217400328
7.210461953
7.214267193
7.214023915
7.216376975
7.242147791
7.240765378
7.241574901
7.243532059
7.242759809
7.265731949
7.268739861
7.268784551
7.271546564
7.270276599
7.297876083
7.296588321
7.293610566
7.296230191
7.293892365
7.320409693
7.31906503
7.318015117
7.319196116
7.319098851
7.349870461
7.349761196
7.347800464
7.345752443
7.347224374
7.374270908
7.374096046
7.370005184
7.372755396
7.373135797
7.398303352
7.398358739
7.397305782
7.400444181
7.394361353
7.422590296
7.425930512
7.425240308
7.423483721
7.422922078
7.449604272
7.447060874
7.449326052
7.447440942
7.448117564
7.474311223
7.475689728
7.474930289
7.473637052
7.476519058
7.498674761
7.499935756
7.503680305
7.497463415
7.498575576
7.524594862
7.524927002
7.523042105
7.527168156
7.524855158
7.550697044
7.547978143
7.550676384
7.550240008
7.551116838
7.577463292
7.575651924
7.579937377
7.575042282
7.578977492
7.604667085
7.602682431
7.605794537
7.601322882
7.60335636
7.625891671
7.630910126
7.629384893
7.63109928
7.62726066
7.654244497
7.65496491
7.657515173
7.658140539
7.654886519
7.682832423
7.679173232
7.680541078
7.682633761
7.678954942
7.709087291
7.707484618
7.709218521
7.709314569
7.709506531
7.735494576
7.736230834
7.734616251
7.737958169
7.739283
7.762595048
7.761927134
7.757480497
7.760359816
7.763126621
7.783553427
7.78461824
7.782026153
7.782546822
7.784336459
7.807805653
7.807609352
7.809721859
7.807611747
7.809795538
7.835352056
7.834249184
7.837432599
7.835070729
7.832234345
7.866495266
7.866169952
7.861006189
7.86002422
7.863655395
7.890450996
7.886726293
7.887388216
7.888153976
7.889603295
7.912977916
7.915098754
7.915623261
7.914047613
7.912940214
7.940937733
7.940625513
7.939648297
7.944096897
7.941528355
7.969983169
7.974039703
7.971058981
7.965971164
7.965269842
7.99595291
7.997526178
7.99807912
7.992981643
7.997537922
8.023517986
8.028127842
8.024704814
8.022696535
8.023985954
8.053773578
8.055022602
8.048345166
8.048525596
8.0533115
8.082738566
8.08128184
8.07935746
8.078601903
8.079579555
8.107303646
8.106884505
8.111093243
8.107330815
8.105813162
8.139758334
8.139802359
8.138255504
8.135384463
8.139314845
8.16926717
8.171545629
8.169767134
8.167678882
8.166387132
8.202386581
8.201008581
8.199518715
8.202282515
8.20637847
8.239806368
8.240884315
8.242713458
8.247359754
8.242216063
)
;

boundaryField
{
    upperWall
    {
        type            calculated;
        value           nonuniform List<scalar> 5(8.239806368 8.240884315 8.242713458 8.247359754 8.242216063);
    }
    lowerWall
    {
        type            calculated;
        value           nonuniform List<scalar> 5(5.448556385 5.453836798 5.452949428 5.452081444 5.449213688);
    }
    periodicX_half0
    {
        type            cyclic;
    }
    periodicX_half1
    {
        type            cyclic;
    }
    frontAndBack
    {
        type            empty;
    }
}


// ************************************************************************* //
