/*--------------------------------*- C++ -*----------------------------------*\
| =========                 |                                                 |
| \\      /  F ield         | OpenFOAM: The Open Source CFD Toolbox           |
|  \\    /   O peration     | Version:  v1706                                 |
|   \\  /    A nd           | Web:      www.OpenFOAM.com                      |
|    \\/     M anipulation  |                                                 |
\*---------------------------------------------------------------------------*/
FoamFile
{
    version     2.0;
    format      ascii;
    class       volScalarField;
    location    "7";
    object      rhoM_N2;
}
// * * * * * * * * * * * * * * * * * * * * * * * * * * * * * * * * * * * * * //

dimensions      [1 -3 0 0 0 0 0];


internalField   nonuniform List<scalar> 
500
(
1.797268006e-06
1.795569441e-06
1.795928796e-06
1.796296941e-06
1.797128712e-06
1.784614724e-06
1.784254968e-06
1.784514714e-06
1.785173432e-06
1.784535954e-06
1.774850734e-06
1.775081448e-06
1.7750668e-06
1.775245379e-06
1.775037436e-06
1.766246043e-06
1.766129454e-06
1.766380211e-06
1.766462109e-06
1.766158352e-06
1.757779915e-06
1.757515908e-06
1.758341953e-06
1.758604695e-06
1.758116498e-06
1.750524689e-06
1.750279059e-06
1.749253661e-06
1.749780076e-06
1.749610153e-06
1.74141975e-06
1.742184138e-06
1.741566502e-06
1.741430004e-06
1.741620236e-06
1.734213397e-06
1.733950189e-06
1.733771876e-06
1.734408822e-06
1.733970164e-06
1.72700185e-06
1.726374559e-06
1.72589422e-06
1.726653814e-06
1.726723994e-06
1.719263754e-06
1.719472962e-06
1.719138509e-06
1.719281532e-06
1.71934279e-06
1.712088896e-06
1.711645777e-06
1.712857345e-06
1.712453311e-06
1.711926829e-06
1.70533991e-06
1.705098209e-06
1.705205343e-06
1.704798446e-06
1.704878148e-06
1.698431055e-06
1.698139682e-06
1.697417109e-06
1.698121705e-06
1.697951915e-06
1.690838247e-06
1.690540215e-06
1.691076951e-06
1.690221809e-06
1.690448529e-06
1.684090859e-06
1.68366432e-06
1.683899695e-06
1.683741358e-06
1.683919205e-06
1.677269363e-06
1.677206574e-06
1.676710587e-06
1.677450006e-06
1.676829773e-06
1.670348923e-06
1.670742969e-06
1.669821841e-06
1.671034541e-06
1.671068899e-06
1.66410984e-06
1.663546337e-06
1.663888913e-06
1.663776585e-06
1.663940849e-06
1.658011316e-06
1.657621265e-06
1.657941402e-06
1.6574313e-06
1.658153207e-06
1.651408816e-06
1.651288298e-06
1.651607437e-06
1.651296355e-06
1.651782554e-06
1.644958061e-06
1.64492923e-06
1.644388499e-06
1.645144963e-06
1.645158746e-06
1.63896008e-06
1.639558007e-06
1.6390788e-06
1.639130602e-06
1.639160366e-06
1.633125896e-06
1.632797702e-06
1.633502564e-06
1.632610334e-06
1.633582931e-06
1.626545635e-06
1.627293377e-06
1.627439197e-06
1.627215007e-06
1.626839538e-06
1.621053761e-06
1.620603052e-06
1.620991571e-06
1.620939902e-06
1.620983382e-06
1.613982441e-06
1.614074127e-06
1.614941122e-06
1.614938059e-06
1.614092971e-06
1.608359196e-06
1.608861841e-06
1.608511674e-06
1.609408232e-06
1.608818428e-06
1.603033184e-06
1.602761253e-06
1.60237047e-06
1.60259446e-06
1.602598987e-06
1.596692959e-06
1.596555329e-06
1.5971719e-06
1.596464242e-06
1.597056976e-06
1.590842196e-06
1.591001133e-06
1.590977895e-06
1.59080897e-06
1.590691249e-06
1.585151235e-06
1.585477098e-06
1.58552404e-06
1.585146041e-06
1.584794143e-06
1.579521398e-06
1.578942647e-06
1.579674209e-06
1.579551028e-06
1.580136837e-06
1.573821448e-06
1.573526546e-06
1.574637239e-06
1.574669999e-06
1.574332017e-06
1.568181158e-06
1.567849768e-06
1.568426987e-06
1.568835149e-06
1.568040465e-06
1.562764924e-06
1.56349329e-06
1.563471517e-06
1.563367179e-06
1.562953624e-06
1.557709111e-06
1.557730484e-06
1.558769333e-06
1.558059277e-06
1.557823902e-06
1.553220462e-06
1.552745916e-06
1.552519396e-06
1.553082167e-06
1.553481406e-06
1.54750087e-06
1.548214055e-06
1.546965266e-06
1.547303248e-06
1.54734979e-06
1.542208283e-06
1.542473355e-06
1.541977835e-06
1.543102977e-06
1.542449119e-06
1.537728158e-06
1.538023126e-06
1.537367737e-06
1.537150539e-06
1.537479266e-06
1.532617879e-06
1.531930396e-06
1.53204006e-06
1.53166033e-06
1.532405142e-06
1.527219489e-06
1.526761655e-06
1.526829438e-06
1.527138789e-06
1.527914696e-06
1.522253099e-06
1.521322316e-06
1.522029175e-06
1.521539381e-06
1.521265853e-06
1.517181904e-06
1.516758295e-06
1.517046738e-06
1.516647166e-06
1.517219391e-06
1.512459345e-06
1.512145267e-06
1.511814743e-06
1.511615323e-06
1.511305972e-06
1.508042276e-06
1.50693338e-06
1.506732629e-06
1.507372171e-06
1.506727302e-06
1.501922911e-06
1.50194535e-06
1.502099892e-06
1.502286595e-06
1.502398456e-06
1.497356093e-06
1.497241368e-06
1.497471883e-06
1.497737088e-06
1.497624228e-06
1.493326344e-06
1.4928231e-06
1.492824698e-06
1.493512913e-06
1.49306307e-06
1.487902919e-06
1.487733462e-06
1.488193226e-06
1.488164462e-06
1.488173318e-06
1.482843443e-06
1.482929404e-06
1.483337099e-06
1.483499632e-06
1.483809249e-06
1.478762824e-06
1.478642573e-06
1.47901125e-06
1.479022037e-06
1.478325831e-06
1.474151527e-06
1.474476792e-06
1.47455949e-06
1.47487137e-06
1.474753316e-06
1.469410525e-06
1.470228713e-06
1.470112257e-06
1.470316937e-06
1.4699695e-06
1.465157252e-06
1.465259259e-06
1.464904432e-06
1.465657633e-06
1.465411005e-06
1.460716811e-06
1.460146983e-06
1.460455668e-06
1.460764219e-06
1.460964505e-06
1.455963957e-06
1.456641252e-06
1.456131017e-06
1.456459277e-06
1.456307332e-06
1.452108059e-06
1.452591128e-06
1.452248619e-06
1.452467947e-06
1.452013709e-06
1.447190209e-06
1.447185348e-06
1.447062833e-06
1.447312324e-06
1.446764935e-06
1.443304615e-06
1.442989271e-06
1.442669999e-06
1.443380521e-06
1.443101066e-06
1.438922035e-06
1.43836559e-06
1.438781609e-06
1.43911513e-06
1.438967978e-06
1.434071302e-06
1.435346325e-06
1.434664102e-06
1.434701389e-06
1.434284305e-06
1.430210677e-06
1.430394183e-06
1.430186373e-06
1.429826818e-06
1.429986088e-06
1.426580766e-06
1.425972119e-06
1.425845942e-06
1.425488451e-06
1.425744001e-06
1.421399109e-06
1.42151683e-06
1.421984585e-06
1.421524154e-06
1.422014215e-06
1.417866944e-06
1.418049985e-06
1.41829921e-06
1.4180374e-06
1.418128221e-06
1.413230413e-06
1.413244462e-06
1.413635112e-06
1.413942865e-06
1.413749104e-06
1.409356138e-06
1.409342754e-06
1.410240577e-06
1.40980485e-06
1.409744657e-06
1.405718637e-06
1.405703922e-06
1.405931907e-06
1.405451767e-06
1.406578041e-06
1.402032197e-06
1.401590277e-06
1.401623502e-06
1.402067087e-06
1.402133738e-06
1.397999718e-06
1.398462745e-06
1.398123232e-06
1.3983642e-06
1.398356476e-06
1.394346969e-06
1.394124244e-06
1.394255682e-06
1.39440816e-06
1.393999399e-06
1.390771458e-06
1.390504588e-06
1.389836947e-06
1.391080676e-06
1.390733239e-06
1.386902377e-06
1.386769142e-06
1.387146275e-06
1.386310309e-06
1.386796508e-06
1.382978497e-06
1.383488999e-06
1.382931622e-06
1.383052472e-06
1.382984556e-06
1.379035441e-06
1.379339997e-06
1.378691999e-06
1.379538019e-06
1.378865185e-06
1.375043845e-06
1.375515528e-06
1.374824516e-06
1.375617135e-06
1.375328426e-06
1.372111471e-06
1.371207456e-06
1.371456415e-06
1.371164509e-06
1.371869438e-06
1.367863925e-06
1.367837957e-06
1.367421739e-06
1.367272057e-06
1.367846547e-06
1.363624236e-06
1.36437271e-06
1.364136935e-06
1.363717254e-06
1.364449881e-06
1.360122101e-06
1.360303343e-06
1.359906168e-06
1.359855098e-06
1.359922814e-06
1.356240901e-06
1.356188433e-06
1.356421878e-06
1.355844658e-06
1.355672671e-06
1.352453586e-06
1.352481818e-06
1.353291683e-06
1.352827523e-06
1.352495867e-06
1.349639333e-06
1.349342367e-06
1.349836956e-06
1.349802465e-06
1.349550976e-06
1.346174752e-06
1.346362387e-06
1.34602021e-06
1.346353065e-06
1.34590442e-06
1.342404349e-06
1.342621547e-06
1.342107516e-06
1.342349417e-06
1.342893411e-06
1.338026896e-06
1.338159466e-06
1.338857602e-06
1.33919392e-06
1.338455966e-06
1.334889644e-06
1.335481245e-06
1.335300669e-06
1.335270306e-06
1.335006566e-06
1.331906267e-06
1.331597116e-06
1.331578872e-06
1.331859258e-06
1.331884294e-06
1.328136929e-06
1.328195324e-06
1.328390349e-06
1.327704464e-06
1.327979391e-06
1.324263254e-06
1.323594747e-06
1.324073022e-06
1.324817768e-06
1.324962788e-06
1.320694734e-06
1.320500574e-06
1.320427731e-06
1.321232269e-06
1.320486458e-06
1.317067487e-06
1.316371881e-06
1.316909882e-06
1.317202054e-06
1.316998639e-06
1.313064305e-06
1.312862954e-06
1.313916385e-06
1.313782351e-06
1.313157124e-06
1.309408694e-06
1.309568163e-06
1.30978343e-06
1.309981918e-06
1.309862066e-06
1.30628549e-06
1.306376311e-06
1.305671849e-06
1.306184082e-06
1.306542838e-06
1.302036079e-06
1.302070237e-06
1.302262666e-06
1.302664902e-06
1.302029221e-06
1.298391188e-06
1.298028503e-06
1.298347775e-06
1.298647337e-06
1.298747547e-06
1.294105089e-06
1.294372159e-06
1.294660469e-06
1.294267555e-06
1.293596651e-06
1.289657057e-06
1.289497122e-06
1.289178249e-06
1.28851447e-06
1.289225724e-06
)
;

boundaryField
{
    upperWall
    {
        type            calculated;
        value           nonuniform List<scalar> 5(1.286089183e-06 1.286951038e-06 1.285129369e-06 1.283770075e-06 1.28615892e-06);
    }
    lowerWall
    {
        type            calculated;
        value           nonuniform List<scalar> 5(1.804724127e-06 1.802589993e-06 1.805849319e-06 1.80476423e-06 1.804910266e-06);
    }
    periodicX_half0
    {
        type            cyclic;
    }
    periodicX_half1
    {
        type            cyclic;
    }
    frontAndBack
    {
        type            empty;
    }
}


// ************************************************************************* //
