/*--------------------------------*- C++ -*----------------------------------*\
| =========                 |                                                 |
| \\      /  F ield         | OpenFOAM: The Open Source CFD Toolbox           |
|  \\    /   O peration     | Version:  v1706                                 |
|   \\  /    A nd           | Web:      www.OpenFOAM.com                      |
|    \\/     M anipulation  |                                                 |
\*---------------------------------------------------------------------------*/
FoamFile
{
    version     2.0;
    format      ascii;
    class       volScalarField;
    location    "7";
    object      rhoN_mixture;
}
// * * * * * * * * * * * * * * * * * * * * * * * * * * * * * * * * * * * * * //

dimensions      [0 -3 0 0 0 0 0];


internalField   nonuniform List<scalar> 
500
(
4.888484604e+19
4.885567782e+19
4.886312237e+19
4.886914503e+19
4.888162565e+19
4.85515436e+19
4.854760438e+19
4.855300702e+19
4.856341708e+19
4.854999426e+19
4.828295538e+19
4.829066627e+19
4.829413438e+19
4.829244185e+19
4.82889809e+19
4.805113029e+19
4.805603318e+19
4.805724888e+19
4.804897811e+19
4.804824497e+19
4.782087601e+19
4.781776588e+19
4.783121591e+19
4.78327853e+19
4.782410929e+19
4.761161942e+19
4.761284085e+19
4.759305887e+19
4.758901083e+19
4.758263162e+19
4.737110687e+19
4.739513736e+19
4.737640927e+19
4.736985251e+19
4.737027779e+19
4.717160596e+19
4.715929574e+19
4.715894778e+19
4.716691499e+19
4.716895834e+19
4.697903841e+19
4.696072271e+19
4.694779533e+19
4.696165918e+19
4.696212599e+19
4.675751455e+19
4.676434625e+19
4.675968105e+19
4.676279834e+19
4.676319355e+19
4.656153616e+19
4.655336562e+19
4.659316872e+19
4.657110569e+19
4.656573026e+19
4.6375365e+19
4.637338895e+19
4.637651054e+19
4.637260999e+19
4.637072987e+19
4.618461885e+19
4.61855854e+19
4.617635524e+19
4.618992698e+19
4.61821359e+19
4.59881307e+19
4.597608825e+19
4.599972782e+19
4.598439911e+19
4.597912535e+19
4.580783614e+19
4.580066794e+19
4.580512551e+19
4.579767236e+19
4.579349975e+19
4.56145068e+19
4.561039146e+19
4.560561314e+19
4.562221769e+19
4.560641359e+19
4.542874946e+19
4.544153938e+19
4.542376208e+19
4.544066734e+19
4.545276993e+19
4.52526805e+19
4.524922671e+19
4.525365134e+19
4.524552519e+19
4.525521213e+19
4.508500259e+19
4.507942956e+19
4.50810018e+19
4.507967585e+19
4.509010452e+19
4.490829069e+19
4.490181125e+19
4.491795473e+19
4.491421455e+19
4.492487377e+19
4.473140124e+19
4.473215586e+19
4.472770689e+19
4.474405799e+19
4.473752557e+19
4.456558912e+19
4.457935561e+19
4.457401741e+19
4.457712181e+19
4.457376253e+19
4.440365035e+19
4.439048098e+19
4.441275307e+19
4.439618289e+19
4.442165532e+19
4.422879996e+19
4.424237456e+19
4.424583552e+19
4.424945541e+19
4.424546894e+19
4.407129584e+19
4.40632642e+19
4.407560449e+19
4.406628985e+19
4.406488943e+19
4.389818952e+19
4.389571946e+19
4.39074698e+19
4.391104531e+19
4.389231149e+19
4.373758673e+19
4.374670234e+19
4.373670038e+19
4.37589109e+19
4.375034085e+19
4.359151651e+19
4.357664172e+19
4.356854564e+19
4.35757797e+19
4.35744924e+19
4.341341279e+19
4.341506522e+19
4.342679122e+19
4.340992749e+19
4.342410207e+19
4.325374934e+19
4.32530477e+19
4.325704419e+19
4.325175754e+19
4.325774726e+19
4.309697264e+19
4.310497994e+19
4.310385588e+19
4.31028249e+19
4.309082684e+19
4.295085659e+19
4.292923459e+19
4.295076925e+19
4.295446503e+19
4.29668626e+19
4.279288567e+19
4.279202939e+19
4.281334209e+19
4.281487425e+19
4.280488374e+19
4.263745069e+19
4.26295293e+19
4.26498411e+19
4.265449914e+19
4.263243753e+19
4.248697301e+19
4.251364396e+19
4.25021528e+19
4.250405582e+19
4.250118482e+19
4.235194432e+19
4.235608544e+19
4.237444982e+19
4.236117019e+19
4.234812396e+19
4.222097513e+19
4.222092072e+19
4.220255061e+19
4.221349621e+19
4.222977142e+19
4.206947363e+19
4.208921123e+19
4.205867409e+19
4.205631715e+19
4.206557738e+19
4.192337906e+19
4.192747579e+19
4.191654594e+19
4.194400159e+19
4.193113148e+19
4.180026825e+19
4.180889271e+19
4.179269339e+19
4.17822103e+19
4.179420837e+19
4.165853245e+19
4.164684225e+19
4.165353505e+19
4.164643415e+19
4.165322575e+19
4.151041028e+19
4.150496326e+19
4.150775407e+19
4.150736888e+19
4.152100793e+19
4.137615627e+19
4.135163892e+19
4.137772422e+19
4.135818423e+19
4.135126805e+19
4.123313174e+19
4.123045548e+19
4.123380331e+19
4.121717155e+19
4.123624903e+19
4.110387226e+19
4.109049096e+19
4.108802233e+19
4.108522579e+19
4.10738277e+19
4.097302478e+19
4.094749793e+19
4.095153738e+19
4.096479553e+19
4.095265428e+19
4.081333985e+19
4.081071944e+19
4.080824508e+19
4.082287215e+19
4.0824642e+19
4.068753703e+19
4.068123945e+19
4.068820574e+19
4.0699495e+19
4.069006294e+19
4.057195383e+19
4.056333224e+19
4.056626767e+19
4.057872109e+19
4.05735361e+19
4.043749505e+19
4.042924719e+19
4.044078417e+19
4.043551327e+19
4.043600012e+19
4.029444045e+19
4.029460655e+19
4.030505384e+19
4.030525145e+19
4.031740846e+19
4.018100513e+19
4.017589174e+19
4.01831573e+19
4.019155552e+19
4.016779566e+19
4.005132323e+19
4.005813917e+19
4.007188704e+19
4.007209324e+19
4.006559662e+19
3.993069537e+19
3.994864163e+19
3.994143907e+19
3.99500263e+19
3.993852655e+19
3.981640376e+19
3.980771773e+19
3.981013768e+19
3.982249802e+19
3.981761803e+19
3.96970274e+19
3.967856278e+19
3.968370624e+19
3.969150591e+19
3.970266201e+19
3.956266599e+19
3.956902515e+19
3.955952292e+19
3.956388599e+19
3.956795837e+19
3.945476647e+19
3.946063305e+19
3.945137568e+19
3.945297084e+19
3.944649856e+19
3.931703289e+19
3.932002274e+19
3.931399578e+19
3.932651507e+19
3.930999643e+19
3.921519183e+19
3.920753964e+19
3.918752998e+19
3.920862934e+19
3.920607765e+19
3.90883795e+19
3.907725205e+19
3.908039511e+19
3.908762202e+19
3.909626079e+19
3.896266689e+19
3.898726156e+19
3.896918929e+19
3.89655694e+19
3.896219865e+19
3.885177609e+19
3.885807798e+19
3.885576399e+19
3.88432175e+19
3.885385524e+19
3.875776764e+19
3.874366752e+19
3.873918704e+19
3.872505828e+19
3.872841183e+19
3.861799214e+19
3.862379428e+19
3.863280822e+19
3.861679935e+19
3.863213808e+19
3.850887405e+19
3.852329636e+19
3.853307208e+19
3.852480847e+19
3.852191742e+19
3.839522824e+19
3.839663582e+19
3.840280883e+19
3.841009014e+19
3.840863675e+19
3.828997491e+19
3.829633407e+19
3.831006905e+19
3.829724477e+19
3.83015792e+19
3.818357748e+19
3.818825413e+19
3.819467487e+19
3.817926024e+19
3.820712112e+19
3.808859532e+19
3.807466273e+19
3.808408763e+19
3.808858386e+19
3.809113411e+19
3.797942426e+19
3.798190721e+19
3.798067862e+19
3.798590656e+19
3.798438729e+19
3.787292659e+19
3.786836592e+19
3.787458189e+19
3.78794676e+19
3.786722325e+19
3.777293557e+19
3.776910089e+19
3.775536447e+19
3.779629306e+19
3.776883455e+19
3.767260232e+19
3.766758344e+19
3.767597593e+19
3.766235836e+19
3.766503033e+19
3.75662278e+19
3.757381555e+19
3.756060465e+19
3.756482452e+19
3.755849543e+19
3.745719707e+19
3.746108473e+19
3.744420811e+19
3.746625826e+19
3.74538836e+19
3.735059201e+19
3.736003409e+19
3.735222726e+19
3.736768914e+19
3.7352359e+19
3.72621752e+19
3.724758966e+19
3.725600649e+19
3.723894658e+19
3.726137762e+19
3.715224808e+19
3.714697718e+19
3.714080131e+19
3.7142133e+19
3.714898903e+19
3.703851492e+19
3.705311908e+19
3.705429039e+19
3.704383737e+19
3.704517049e+19
3.694619184e+19
3.695416477e+19
3.693850958e+19
3.693634309e+19
3.693371122e+19
3.683748042e+19
3.683508339e+19
3.684449254e+19
3.683073035e+19
3.68266551e+19
3.674123674e+19
3.674209732e+19
3.67589181e+19
3.674434544e+19
3.674196702e+19
3.665657014e+19
3.665212545e+19
3.665676058e+19
3.665968313e+19
3.665553342e+19
3.655747693e+19
3.656232398e+19
3.656025199e+19
3.657106443e+19
3.655176643e+19
3.646015788e+19
3.646883102e+19
3.645528934e+19
3.645122269e+19
3.64760436e+19
3.635378622e+19
3.634130846e+19
3.635654123e+19
3.636932399e+19
3.635656414e+19
3.626103642e+19
3.627722858e+19
3.62638616e+19
3.627028663e+19
3.625916347e+19
3.617368926e+19
3.616937345e+19
3.61646925e+19
3.61665182e+19
3.616938777e+19
3.607709619e+19
3.60752261e+19
3.607858252e+19
3.605956519e+19
3.607371542e+19
3.596439258e+19
3.595955269e+19
3.597086629e+19
3.59793762e+19
3.598464137e+19
3.587648124e+19
3.587428468e+19
3.587108147e+19
3.588629133e+19
3.587014213e+19
3.577939273e+19
3.576765098e+19
3.577724055e+19
3.577413042e+19
3.577005947e+19
3.568046419e+19
3.566608055e+19
3.568941799e+19
3.568552603e+19
3.56757947e+19
3.557848853e+19
3.557603135e+19
3.558010087e+19
3.558189221e+19
3.558346159e+19
3.548638167e+19
3.548764892e+19
3.547316218e+19
3.547861922e+19
3.548848373e+19
3.537161609e+19
3.53710648e+19
3.53722848e+19
3.538731567e+19
3.53663724e+19
3.526208132e+19
3.52618336e+19
3.526731642e+19
3.527847824e+19
3.527695611e+19
3.515281861e+19
3.5159825e+19
3.516045362e+19
3.515682083e+19
3.513890607e+19
3.503181989e+19
3.502818997e+19
3.501178589e+19
3.500172951e+19
3.501563775e+19
)
;

boundaryField
{
    upperWall
    {
        type            calculated;
        value           nonuniform List<scalar> 5(3.493327278e+19 3.498336037e+19 3.490732295e+19 3.487196357e+19 3.492484399e+19);
    }
    lowerWall
    {
        type            calculated;
        value           nonuniform List<scalar> 5(4.90921132e+19 4.904494898e+19 4.911963918e+19 4.910892557e+19 4.908401158e+19);
    }
    periodicX_half0
    {
        type            cyclic;
    }
    periodicX_half1
    {
        type            cyclic;
    }
    frontAndBack
    {
        type            empty;
    }
}


// ************************************************************************* //
