/*--------------------------------*- C++ -*----------------------------------*\
| =========                 |                                                 |
| \\      /  F ield         | OpenFOAM: The Open Source CFD Toolbox           |
|  \\    /   O peration     | Version:  v1706                                 |
|   \\  /    A nd           | Web:      www.OpenFOAM.com                      |
|    \\/     M anipulation  |                                                 |
\*---------------------------------------------------------------------------*/
FoamFile
{
    version     2.0;
    format      ascii;
    class       volScalarField;
    location    "7";
    object      rotationalT_O2;
}
// * * * * * * * * * * * * * * * * * * * * * * * * * * * * * * * * * * * * * //

dimensions      [0 0 0 1 0 0 0];


internalField   nonuniform List<scalar> 
500
(
2065.522208
2067.626727
2067.453263
2068.905948
2065.921939
2084.82558
2084.943202
2083.56392
2084.850846
2082.348038
2097.33947
2095.81886
2098.206218
2094.194427
2098.095343
2106.846052
2106.114292
2107.85784
2107.674721
2107.917439
2119.286938
2117.790096
2117.413527
2118.597804
2118.558324
2130.652592
2130.287147
2128.015619
2129.241621
2129.52775
2140.594509
2139.472036
2139.263964
2141.075842
2140.369747
2151.382678
2150.798688
2149.088846
2150.632687
2150.343038
2161.273161
2161.583637
2162.248259
2159.0552
2160.664641
2170.554765
2171.175736
2170.178346
2170.255306
2168.449112
2180.629859
2180.273621
2181.16327
2182.410731
2182.440962
2190.886591
2193.0153
2192.508133
2190.593761
2193.566953
2199.709893
2201.848686
2201.689575
2201.940619
2201.665134
2211.179709
2209.90242
2209.477893
2211.202081
2209.730473
2220.01739
2219.424437
2220.80645
2220.03205
2221.218621
2229.595732
2229.811549
2229.849075
2230.341166
2229.360475
2237.426897
2238.681758
2238.683901
2237.053065
2237.428454
2244.683349
2245.125242
2247.749274
2247.996949
2246.747652
2255.255742
2254.554778
2256.275437
2257.364191
2254.932185
2265.071443
2265.764025
2264.323884
2267.302392
2265.272018
2275.041089
2272.935654
2273.822009
2273.302968
2272.482571
2283.661835
2282.718441
2281.318521
2280.531863
2281.315474
2290.567691
2290.466701
2287.204741
2290.591716
2291.143449
2299.134763
2299.598071
2298.471758
2296.811925
2298.144415
2306.995612
2308.088283
2307.096164
2308.019622
2307.355375
2315.379523
2316.363146
2314.799217
2317.567495
2316.096029
2325.178446
2326.044625
2323.568618
2324.022627
2326.332206
2333.814426
2336.381838
2332.965327
2333.805484
2334.259384
2343.514838
2343.182957
2341.706134
2340.144545
2343.388213
2351.009199
2349.655376
2348.874714
2351.132881
2351.499903
2360.678892
2359.701833
2359.053663
2361.96647
2360.483317
2368.70016
2369.682737
2368.311956
2370.652766
2370.508782
2378.070753
2378.908051
2376.970774
2378.95829
2378.981788
2385.811476
2385.419682
2386.374489
2385.881392
2385.695247
2393.028263
2394.66851
2392.007183
2394.307012
2393.503797
2405.192015
2403.990987
2404.012533
2403.08591
2404.447386
2412.226198
2412.209277
2410.50868
2411.326425
2413.350828
2420.806811
2421.551727
2418.607221
2417.155699
2419.945589
2430.621567
2428.328524
2427.3225
2429.931964
2429.24097
2434.032431
2436.246407
2437.349026
2436.888594
2436.486344
2443.835513
2444.691373
2444.620197
2445.511608
2445.339055
2451.958893
2452.122298
2454.650088
2452.865294
2453.26799
2460.868088
2463.228688
2461.50445
2461.631245
2459.498558
2471.484073
2467.159221
2471.480436
2468.938769
2468.949396
2478.097381
2476.355681
2479.822448
2480.363126
2477.158363
2485.745828
2485.621915
2486.45994
2484.153571
2485.898052
2495.015393
2492.638507
2492.994069
2494.719393
2493.665316
2503.978533
2501.912158
2503.370537
2502.730229
2501.598268
2512.890282
2513.088102
2511.265324
2510.294652
2512.260449
2522.306344
2520.561263
2517.684665
2515.625194
2520.34797
2527.545527
2526.087894
2527.254018
2524.456979
2525.999416
2534.981522
2532.794443
2535.914917
2535.437955
2534.292303
2540.818902
2543.098122
2541.565859
2541.654959
2541.671266
2548.367962
2547.88269
2547.249989
2549.151576
2547.931765
2555.229475
2557.74339
2556.347027
2558.158202
2557.136608
2563.682273
2563.599868
2564.756859
2564.007863
2563.29788
2574.04227
2573.37006
2571.540302
2572.905707
2572.749494
2580.906272
2582.29984
2582.039862
2582.403826
2580.659301
2590.250338
2588.3512
2589.805746
2588.240183
2587.476674
2596.625639
2596.293179
2595.31506
2596.213098
2595.046978
2606.466279
2604.676666
2604.594563
2604.75274
2604.051954
2612.711253
2611.185006
2612.713737
2614.718197
2613.722584
2620.425724
2620.511375
2621.085351
2622.792506
2623.309031
2627.171477
2626.508402
2628.781354
2625.571236
2627.590595
2634.895408
2632.621691
2634.776153
2634.015643
2633.878506
2642.584079
2640.091513
2643.069288
2641.912504
2644.000934
2650.898539
2652.787265
2649.080092
2650.915405
2650.338304
2656.935448
2661.753608
2658.396785
2657.997616
2657.136942
2667.456063
2666.504931
2663.466435
2665.77904
2664.233233
2674.271886
2674.301324
2673.941124
2673.492555
2673.611344
2680.191867
2683.265622
2683.437306
2683.319672
2680.296354
2688.863593
2689.483079
2688.994708
2690.960521
2690.559131
2697.44316
2698.505469
2697.809005
2697.366645
2697.156634
2707.380594
2707.723195
2706.283295
2703.954406
2703.593601
2712.869324
2714.659164
2713.81591
2714.569356
2713.697436
2721.311651
2721.2452
2720.024661
2721.76239
2720.841454
2726.700505
2727.508732
2727.359712
2726.19549
2727.4158
2733.882861
2734.703959
2735.125498
2736.420282
2735.044666
2739.408485
2742.333924
2739.78229
2741.488024
2743.116859
2750.125202
2746.573169
2749.754483
2749.822508
2752.137062
2758.227761
2758.701798
2757.692603
2758.339599
2757.842558
2766.181868
2766.096925
2766.785587
2766.147741
2766.059448
2774.446101
2773.585056
2772.296289
2772.867439
2773.831392
2781.777644
2783.26653
2783.768095
2785.947283
2782.800491
2790.597996
2790.491028
2789.78752
2792.051147
2791.014176
2798.814055
2797.980486
2799.042462
2797.544857
2800.788176
2803.100325
2805.39226
2807.69509
2807.332387
2806.117696
2813.748803
2813.757922
2812.850593
2815.495518
2814.068085
2823.44341
2822.95248
2823.055414
2821.451828
2824.015532
2830.449754
2832.633846
2830.303473
2831.500545
2831.914316
2841.850147
2836.272112
2840.384765
2836.286589
2838.359709
2846.717822
2845.829281
2844.962848
2847.030498
2844.884893
2855.512843
2853.499726
2856.261444
2852.976889
2854.525471
2862.341839
2860.006106
2863.936335
2860.768647
2861.736211
2873.21241
2869.562649
2871.800122
2871.780747
2870.399583
2878.897484
2879.257706
2882.817768
2881.076222
2882.592066
2891.431045
2888.66348
2890.021716
2889.77303
2889.079337
2900.835146
2897.998221
2902.121989
2899.073759
2900.980778
2914.782625
2910.431282
2911.65897
2909.94212
2910.652086
2924.852936
2922.099626
2923.161633
2922.451074
2920.440197
)
;

boundaryField
{
    upperWall
    {
        type            calculated;
        value           nonuniform List<scalar> 5(2936.209938 2930.326308 2934.894969 2934.462972 2930.24473);
    }
    lowerWall
    {
        type            calculated;
        value           nonuniform List<scalar> 5(2048.696584 2056.571062 2058.35469 2054.21956 2059.968501);
    }
    periodicX_half0
    {
        type            cyclic;
    }
    periodicX_half1
    {
        type            cyclic;
    }
    frontAndBack
    {
        type            empty;
    }
}


// ************************************************************************* //
