/*--------------------------------*- C++ -*----------------------------------*\
| =========                 |                                                 |
| \\      /  F ield         | OpenFOAM: The Open Source CFD Toolbox           |
|  \\    /   O peration     | Version:  v1706                                 |
|   \\  /    A nd           | Web:      www.OpenFOAM.com                      |
|    \\/     M anipulation  |                                                 |
\*---------------------------------------------------------------------------*/
FoamFile
{
    version     2.0;
    format      ascii;
    class       volScalarField;
    location    "7";
    object      rotationalT_N2;
}
// * * * * * * * * * * * * * * * * * * * * * * * * * * * * * * * * * * * * * //

dimensions      [0 0 0 1 0 0 0];


internalField   nonuniform List<scalar> 
500
(
2064.056203
2064.945091
2064.933335
2065.621651
2065.126679
2080.934228
2081.004824
2080.282419
2080.881337
2081.610906
2094.077063
2094.846988
2094.927391
2094.064681
2094.951575
2106.543623
2106.354215
2107.679897
2106.355706
2106.482701
2118.624014
2117.647177
2118.145724
2117.83474
2118.711639
2130.184903
2129.839037
2128.647811
2128.979886
2128.839774
2139.815986
2140.443728
2140.17505
2139.50884
2139.990698
2149.763394
2150.30086
2150.678135
2149.926222
2149.976556
2159.690358
2160.598313
2159.490015
2159.845166
2159.276764
2169.407247
2170.20219
2169.655116
2169.644308
2169.584269
2180.165417
2178.887622
2180.568798
2179.867582
2179.928002
2189.516768
2190.052795
2189.657545
2189.388029
2189.682945
2200.029622
2199.21387
2199.648537
2199.569222
2199.313641
2208.313521
2208.78622
2209.099514
2208.723196
2208.288345
2218.746178
2218.591378
2218.521465
2217.786034
2218.845294
2228.232922
2227.796874
2227.867808
2227.007943
2227.868591
2237.839948
2236.005282
2237.065377
2235.228591
2236.867828
2245.377622
2245.43091
2245.272605
2245.571567
2245.900769
2256.33596
2255.077042
2254.742247
2254.956465
2255.488732
2263.967608
2264.182875
2264.075954
2263.586767
2265.037776
2274.495076
2274.655504
2273.49261
2273.661781
2272.806894
2282.364586
2282.585094
2282.352294
2282.23974
2282.232105
2291.201301
2291.657125
2291.432891
2291.548047
2291.25702
2300.474543
2300.154911
2300.327706
2300.191862
2300.076161
2308.267818
2308.590901
2309.083194
2308.407968
2309.361179
2316.879204
2318.169892
2318.824064
2316.904169
2316.825741
2325.320666
2326.252031
2327.297387
2326.390226
2326.496047
2335.532466
2335.502635
2333.742297
2334.020503
2335.180623
2344.171967
2344.480111
2343.287396
2342.800218
2343.397821
2352.120655
2351.207233
2352.387122
2352.230751
2351.714077
2360.22586
2360.564727
2361.394008
2361.091298
2360.226146
2369.62685
2369.863394
2368.664604
2368.482259
2369.831974
2378.191854
2378.767547
2377.842251
2377.184521
2377.737047
2385.3005
2386.330037
2386.374623
2384.8933
2385.961339
2393.397694
2394.820403
2395.427236
2395.351221
2393.556708
2402.200878
2403.339678
2403.608271
2402.035146
2402.160725
2411.145508
2410.630203
2410.733044
2410.48819
2410.512434
2419.328269
2419.116124
2419.111548
2418.233953
2419.297807
2427.78474
2428.160028
2427.124879
2427.83174
2427.065905
2436.029857
2435.083794
2434.781285
2435.42932
2435.255815
2444.189773
2443.943706
2445.135513
2444.566399
2444.288211
2452.519501
2452.709316
2453.63786
2452.869928
2452.012181
2460.945479
2460.968101
2460.782033
2460.989807
2461.368384
2468.782055
2468.283073
2468.630347
2468.738978
2468.724377
2476.663486
2476.048701
2476.849063
2476.5569
2477.495008
2484.837352
2485.225609
2484.47911
2484.586716
2485.544667
2493.436432
2492.533652
2492.848365
2493.181473
2493.995834
2500.519904
2501.543392
2501.225954
2501.566878
2501.028567
2509.111542
2508.474221
2509.171149
2509.278937
2509.166352
2517.603278
2517.12551
2516.552627
2517.0066
2517.364324
2525.368352
2525.658712
2526.895738
2526.165421
2526.231662
2533.940465
2534.000083
2533.615322
2533.547445
2533.958778
2541.340318
2541.917184
2542.507434
2541.528065
2541.837487
2549.262912
2549.446982
2550.349215
2550.472697
2548.892701
2558.198111
2558.925365
2559.277004
2558.609629
2557.91797
2565.208546
2567.054137
2566.644944
2566.824658
2566.165193
2574.408707
2573.613126
2573.09609
2573.664621
2573.686885
2580.897975
2581.981899
2581.516309
2580.675778
2581.116286
2589.43445
2589.792159
2588.921986
2589.194635
2589.593061
2596.965195
2596.584383
2597.200792
2596.887374
2597.905525
2605.387666
2605.764253
2605.091179
2605.71659
2605.467672
2613.333375
2614.568928
2613.390732
2614.043678
2613.251351
2621.985227
2621.722777
2620.949238
2621.051371
2620.79956
2628.842504
2628.435057
2628.23767
2628.348878
2628.527518
2636.877639
2637.165936
2636.130258
2635.721971
2635.550299
2644.448185
2644.043069
2644.262165
2643.476142
2643.253547
2651.843965
2652.675405
2652.09648
2651.670853
2650.473362
2659.78552
2660.359489
2659.080828
2659.743647
2658.875134
2665.875472
2666.26693
2667.463501
2667.560015
2666.451842
2674.748543
2674.981842
2674.828097
2675.613898
2673.967747
2681.227134
2681.652188
2683.19989
2682.86566
2682.53129
2690.491958
2690.769054
2689.627115
2689.744279
2689.764565
2696.976214
2697.101768
2697.665569
2697.775614
2697.971865
2704.77681
2705.206964
2704.961435
2704.95329
2705.172769
2712.291119
2713.270519
2714.730502
2713.209193
2712.685121
2720.462545
2720.404685
2720.643462
2721.907965
2720.672729
2728.705934
2727.960488
2727.632249
2729.664647
2729.112151
2736.514824
2737.246236
2737.576058
2736.440662
2737.984994
2744.966572
2745.964692
2745.175942
2744.236293
2745.841087
2751.131162
2751.898303
2752.620881
2752.538027
2753.230294
2760.307343
2761.155148
2759.95418
2760.527149
2760.534316
2768.23152
2767.627445
2767.113578
2768.822939
2768.574855
2774.964192
2774.767857
2775.416883
2775.696563
2775.499772
2783.815224
2782.517992
2782.856146
2783.065739
2783.746029
2792.106639
2791.745588
2790.826613
2791.175643
2790.359482
2799.268892
2798.968709
2799.155415
2798.45923
2799.012345
2807.480063
2806.293198
2807.100606
2805.89402
2807.564896
2815.546114
2815.512955
2816.416568
2814.760181
2815.08232
2823.034687
2823.10898
2824.300154
2821.865778
2821.799642
2830.806476
2832.091119
2832.198122
2832.028675
2831.315391
2839.194924
2839.011236
2840.078324
2839.97546
2839.458474
2847.398684
2848.177334
2848.203242
2848.283046
2847.262707
2855.301605
2857.420517
2856.310271
2856.252968
2855.935947
2864.843194
2865.836201
2864.929746
2865.334015
2865.236874
2874.017658
2873.563986
2875.038586
2875.00162
2873.674846
2883.10072
2881.683676
2882.152525
2883.019242
2882.705472
2892.972066
2893.475839
2891.960097
2892.558853
2892.08766
2901.318467
2903.641618
2902.119529
2902.930067
2902.434197
2914.844337
2914.001691
2912.074283
2912.768826
2914.135334
2926.730642
2927.135776
2926.923455
2927.069022
2926.479694
)
;

boundaryField
{
    upperWall
    {
        type            calculated;
        value           nonuniform List<scalar> 5(2938.087274 2937.782332 2937.503301 2936.869755 2934.977934);
    }
    lowerWall
    {
        type            calculated;
        value           nonuniform List<scalar> 5(2053.403158 2052.542681 2053.370393 2054.982345 2054.904842);
    }
    periodicX_half0
    {
        type            cyclic;
    }
    periodicX_half1
    {
        type            cyclic;
    }
    frontAndBack
    {
        type            empty;
    }
}


// ************************************************************************* //
