/*--------------------------------*- C++ -*----------------------------------*\
| =========                 |                                                 |
| \\      /  F ield         | OpenFOAM: The Open Source CFD Toolbox           |
|  \\    /   O peration     | Version:  v1706                                 |
|   \\  /    A nd           | Web:      www.OpenFOAM.com                      |
|    \\/     M anipulation  |                                                 |
\*---------------------------------------------------------------------------*/
FoamFile
{
    version     2.0;
    format      ascii;
    class       volVectorField;
    location    "7";
    object      UMean_O2;
}
// * * * * * * * * * * * * * * * * * * * * * * * * * * * * * * * * * * * * * //

dimensions      [0 1 -1 0 0 0 0];


internalField   nonuniform List<vector> 
500
(
(15.34348948 0.2367643778 -0.01127414774)
(15.30210957 -0.1518228233 -0.06119835373)
(15.50969348 -0.4325115288 -0.5598595931)
(15.8701232 -0.02064982377 -0.2342368107)
(15.42512119 0.541880438 -0.540292222)
(19.44534588 0.02655827791 -0.9689595062)
(19.83232332 -0.183064828 -0.2911202668)
(19.65119772 -0.05732374053 -0.2803671631)
(19.43190838 -0.1702659614 -0.388875579)
(19.9652148 0.224937236 -0.8854302554)
(22.96018798 -0.09398568384 -0.8255525711)
(22.83814541 0.07958968874 -0.03699978898)
(23.24215415 0.1721044631 -0.6018938611)
(23.09411727 0.1533549009 -0.5959130105)
(23.62458757 0.3158894681 -0.5081014802)
(26.7104397 0.579274059 -0.7102562822)
(27.22758121 -0.3500591972 -0.6584975274)
(26.39791271 -0.2335445711 -0.2067758296)
(26.94704652 -0.3754216634 -0.5057951178)
(26.78548633 0.03222181627 -1.037654472)
(30.25056948 0.2210220117 -0.6178315259)
(29.68321048 -0.03265454926 -0.3272784223)
(30.14970274 -0.3817070966 -0.5968692907)
(29.49171601 -0.3364240903 -0.6396630275)
(29.95432713 0.2616111024 -0.6995519846)
(33.04412104 0.2030643719 0.2685393443)
(33.26272659 0.008103630466 -0.4711301321)
(33.02826734 -0.1550218085 -0.4964381454)
(32.50858254 0.1010724838 0.2419214926)
(32.18414091 -0.05840169941 -0.4683866366)
(35.64799347 -0.4121289371 -0.261470589)
(35.72692355 -0.2713290251 -0.1448339549)
(35.41171926 0.2560105547 -0.8906998237)
(35.87514719 0.2069428017 -0.3331044821)
(35.57199051 -0.287196741 -0.3342485536)
(38.99633273 0.09694524741 -0.1844489482)
(38.51270456 0.08184095023 -0.1992212446)
(38.8491239 -0.1022416879 -0.6932895904)
(39.23162584 0.09187165023 -0.3565766085)
(39.0937563 -0.2920194406 -0.9567035907)
(41.73478093 0.2103500303 0.09038186617)
(41.83309189 -0.1041320142 -0.2404893103)
(41.9610467 -0.1337440754 -0.5778614387)
(41.88439041 0.02077275526 -0.489149149)
(42.14228459 -0.0926451035 -0.9295464591)
(44.94247493 0.1052622674 0.1534903889)
(44.9224134 0.2450347448 0.6126692353)
(44.65479168 -0.2388431507 -0.5807249899)
(44.68613702 -0.1500598841 -0.2017710062)
(44.34473655 -0.1977215469 -1.076622979)
(46.95952998 0.646053454 -0.4871344588)
(47.6563472 -0.138504561 0.1643650185)
(47.67502403 -0.09730034892 0.5082984614)
(47.71013137 0.0107986012 -0.02468376236)
(47.65133461 -0.3684622537 -0.4691271324)
(50.99434888 0.03298851456 0.08647672262)
(50.6167577 -0.3063708813 -0.206480015)
(50.66576377 0.1849537238 -0.8351875101)
(50.25400693 -0.2898181882 -0.1026710847)
(50.59756198 0.2487245902 -0.571190869)
(53.15577215 -0.196775835 -0.1918039768)
(53.74425659 0.1017058314 -0.2354715954)
(53.02074432 -0.2426402312 -0.2840682821)
(53.66761809 -0.02087497355 -0.2907977882)
(53.27626335 -0.2797516392 0.02755223392)
(55.92671766 0.2309705527 -0.3512579285)
(56.20476672 -0.3111476966 -0.06854394235)
(56.26659305 -0.4597846446 0.1790406962)
(55.98147932 0.1288458202 -0.3259116301)
(56.1172983 0.7457600225 -0.2274389505)
(59.10382547 -0.1393372596 -0.9405845606)
(59.00392677 -0.3117079924 -0.08792197191)
(58.82717551 -0.6280966037 0.1249323656)
(59.2926733 0.2276443895 -0.1499059781)
(58.82552832 0.4313111388 -0.1495007457)
(61.4753378 0.2526702448 -0.1444385277)
(62.08377527 -0.2337585796 0.05095269199)
(62.14837675 -0.4120646585 -0.1073376023)
(61.91970799 0.07139040235 -0.5518548451)
(62.13960083 0.1521469176 -0.0681869612)
(65.07456811 0.06593541567 0.05531670722)
(65.09819772 -0.02120380213 0.6899400515)
(65.01952073 -0.6070814563 -0.02946084804)
(64.33599629 0.2319822207 -0.2526483743)
(64.93436404 0.2750882667 0.0387632746)
(68.00786789 -0.3105108571 0.6273262439)
(67.10402804 0.1290018193 -0.05420700037)
(67.31190537 -0.3075672464 0.1315854673)
(67.75268792 0.2706756552 0.1961326574)
(67.03038561 -0.1607605273 0.4239619138)
(70.44320401 -0.006156705658 0.1617617314)
(70.24470965 0.02311885334 -0.1332676283)
(70.58011598 0.2834314604 0.6286396466)
(70.39286872 0.2497571337 0.3473363884)
(70.1787058 -0.4397726468 0.1448055591)
(73.58317634 -0.4326477025 0.1262466462)
(73.1598492 0.04814708912 -0.1695647679)
(73.26179309 0.3133626237 0.3825704073)
(73.70231008 -0.2844962458 0.3867094017)
(73.01654212 -0.1153434896 0.170447137)
(75.92172902 -0.36710587 0.1528704069)
(76.4201821 -0.006992367706 0.2576361592)
(76.33679325 0.3251687466 -0.3409867115)
(76.13794745 -0.4304908867 -0.5427926797)
(76.74443297 0.4410376606 0.3125613633)
(78.83466463 -0.185892532 -1.015953886)
(79.0055738 -0.3066361288 0.02413475053)
(78.81913292 0.2545483588 -0.1801404266)
(78.71032657 0.336069955 -0.03203536076)
(78.25911929 -0.09765298218 0.3221785559)
(81.9454739 -0.5415480349 1.07330436)
(81.43609747 -0.2241141835 0.4378035789)
(81.49876698 -0.353607107 0.09504256079)
(82.05519783 0.7513059964 -0.2805795515)
(81.77901925 0.2340558255 0.5912401844)
(84.48082258 -0.1879611179 1.064603245)
(84.92970422 -0.0630232058 0.1012261884)
(84.37694628 0.1760851408 0.06637396022)
(84.13674093 0.4625270558 -0.08107389428)
(84.70633356 -0.3071564186 -0.1993508988)
(87.78047221 -0.07623725672 0.1956434626)
(86.84232219 0.3113775131 0.2802998134)
(87.19868721 0.07353447447 0.06128203449)
(87.58375507 0.06901662927 -0.1447550061)
(86.77888008 -0.6534261226 0.5047148947)
(89.466993 -0.4611709722 0.290994821)
(90.14269342 -0.0981730293 -0.4959245713)
(90.2034038 0.4200669188 -0.1027925127)
(90.17015812 0.2408337847 0.5499578333)
(89.99817443 -0.2498058206 0.5975009215)
(92.70053768 -0.5749166583 -0.118980502)
(92.64694007 0.3178901094 -0.007325797072)
(92.65028215 -0.08338922325 0.1035017882)
(92.64342861 0.2209148329 -0.1386281303)
(93.06441319 -0.1157387789 0.6106989504)
(95.13073927 0.02820703374 0.1780309211)
(95.7440503 0.315207191 -0.3925212577)
(95.57926065 -0.1469351011 0.2428696224)
(95.46628067 -0.2208805683 0.2708149583)
(95.59092939 0.09619937117 -0.7763069949)
(98.02011775 -0.1579370953 0.2272808025)
(98.02250859 0.3445248085 0.3194319239)
(98.00292438 -0.04476071754 0.2009677504)
(97.61183251 -0.2520946224 0.02738102202)
(97.67126029 0.02923861672 -0.0250904304)
(100.5940911 -0.1507323905 0.8137524006)
(100.802122 -0.4344046425 1.129326213)
(101.0065397 -0.2219617448 -0.4787021611)
(100.8483713 0.6085964638 0.3768735281)
(100.585553 -0.6771092275 -0.3012265684)
(103.4716768 -0.03939919004 0.6522743953)
(103.3624506 0.02373464651 0.8177761948)
(103.7115881 -0.2752648079 0.3161964084)
(103.5265787 0.4758182394 0.6440183499)
(103.7350618 0.5196889267 0.497814841)
(106.0638236 -0.4402898665 0.06250713849)
(106.3736273 -0.4352224578 0.7674717283)
(105.8081653 0.08198791722 0.2478484433)
(105.589542 0.1844723603 0.4543423417)
(106.1323297 -0.1531703205 0.6760309808)
(108.7812956 -0.2986710314 -0.04822749466)
(108.6375639 0.1245625112 -0.01924133713)
(108.5118863 -0.1479088969 0.8179444494)
(108.4541682 -0.003025887126 0.3049621923)
(109.0355918 0.3527070126 0.6172318486)
(111.8961218 -0.1639124891 -0.1292167649)
(111.5398904 -0.03317683956 0.9823679895)
(111.5382309 -0.0503930961 -0.1763207693)
(111.6189094 -0.2797044418 0.5605346146)
(111.1711722 0.566471297 -0.2010366996)
(113.7425407 -0.2498878574 0.0509800598)
(114.40395 -0.2276641029 -0.1464089969)
(114.3551786 -0.1100939943 0.3388152427)
(113.9240129 0.2876146625 -0.193430001)
(114.7541691 0.1699591921 -0.2337937484)
(117.0136036 -0.08816359092 0.5943997655)
(116.9544328 0.4892747572 0.103802215)
(116.3353356 0.08959487826 -0.01625894265)
(116.4329684 -0.2200749986 0.3986421636)
(116.7086175 -0.4569602109 0.07729977448)
(119.6459754 0.2689293749 0.0626528669)
(119.4999149 0.3974582774 0.2489754668)
(119.4535885 0.1563174509 0.359610829)
(119.4723955 -0.3230104974 0.395932652)
(119.6200331 -0.3621203379 0.06250999546)
(122.1955981 -0.215685616 0.1372344097)
(122.5680441 0.07681525005 -0.2167617104)
(122.1403368 0.6037132631 0.1643679153)
(122.196797 -0.2631674736 0.3181927248)
(122.6153281 -0.5698070224 0.246661256)
(124.2408779 0.08267607472 0.3322276955)
(124.7927407 0.13558589 0.4634826289)
(125.0500063 0.2133647622 0.1937413394)
(125.2959926 -0.2784797074 0.7822705189)
(124.4288084 -0.03098770006 -0.1000435596)
(127.48015 0.3881126298 -0.1005723572)
(127.5535612 0.1187395657 0.3985680898)
(127.0971176 -0.04796079777 -0.2717672364)
(126.9006151 -0.4291517385 0.573316807)
(127.8834229 0.10883791 0.9615897582)
(129.5929808 -0.5796198914 -0.6562648822)
(129.7694371 0.04880328933 -0.230915603)
(130.0713868 0.1599281117 0.6127484021)
(130.2595956 -0.4306410675 0.3386686261)
(130.2049489 0.07561284531 -0.01766856385)
(132.8799573 0.438508379 0.08606764666)
(132.6242842 -0.01069932539 -0.3146634839)
(132.0951863 0.01657051258 0.2111145769)
(132.560202 -0.4445313636 -0.1088544702)
(131.9432976 -0.07229483297 -0.01462652392)
(135.2184527 -0.06544233857 0.1477891745)
(135.0937509 -0.4640905005 0.8122380481)
(135.1088593 0.4112473787 -0.05261327026)
(135.1680599 0.07081197536 0.148577135)
(135.2452198 -0.5231092669 0.1501375877)
(137.9245332 0.2126188497 -0.04337385037)
(137.9091137 0.5405196161 -0.4124312582)
(137.8164168 -0.02650706536 -0.6159725087)
(137.9919969 -0.2228512581 0.370547671)
(138.316098 -0.4472904953 -0.4149585126)
(140.2969518 0.02217840838 -0.7161306256)
(140.7545592 -0.1038717896 -0.02822506765)
(140.5466482 -0.0818333984 0.178146424)
(140.7165792 -0.2909904505 -0.04470833226)
(140.3681243 0.01547549186 -0.6055717288)
(142.8480177 -0.132790727 -0.1267902927)
(143.0817921 -0.1452981473 -0.02167089302)
(143.8516132 -0.211109017 -0.2571894432)
(143.2077569 0.2928351915 0.2117042235)
(143.1216775 -0.03130398261 -0.3822389974)
(146.2946893 0.4532007422 0.1386722636)
(146.4423774 -0.2388297464 -0.3228137916)
(146.0150512 -0.2815308039 0.5428784269)
(145.6580221 0.3888245765 0.1760312348)
(145.9360999 -0.1101263039 0.7685957834)
(148.2875178 -0.6283006883 0.2256347127)
(149.2222517 -0.004470591165 0.2228246165)
(148.5229184 0.09907705101 0.4480780928)
(148.8042014 0.1073895957 0.2542459618)
(148.7042346 -0.08878882499 0.2642312623)
(151.6942428 -0.2374853677 0.2290092233)
(151.2332999 -0.2961711613 0.670616377)
(151.0867789 -0.06775591264 0.5730846726)
(151.5381669 0.3820158551 -0.06173665078)
(151.499361 -0.1429983106 0.4605652019)
(153.6830208 -0.2038515979 -0.1465301819)
(153.3241538 0.2858188119 0.6524868061)
(153.7662439 -0.2823836115 0.5253068289)
(153.4342015 0.1312055447 -0.01689545327)
(153.9559595 0.1993040968 -1.074869448)
(157.2697895 0.2161401411 -0.172320764)
(157.0078768 -0.2567637026 -0.2087996238)
(156.646347 -0.1781454883 0.6962351789)
(156.7378505 -0.2336348812 0.3485981644)
(156.5835404 0.196280335 -0.4970648748)
(158.9145244 0.2968410088 0.2372397101)
(159.050526 -0.4015661675 -0.3622543223)
(159.33989 0.3973236547 0.3187385752)
(158.6235826 0.2047353653 0.4810004081)
(158.3932051 -0.2684101158 0.4448358408)
(161.6069073 0.08207753725 -0.04341729039)
(161.5990884 -0.01339233617 0.01507546669)
(161.2389887 0.2161790537 0.3898399761)
(161.1833545 0.3478019165 0.6845203002)
(161.8582871 -0.5286613419 0.2820760748)
(163.6561215 0.3382108022 -0.1038174973)
(163.9704952 -0.3092302322 -0.09543094994)
(164.124643 0.2371564549 -0.1426509703)
(164.3273099 0.05640274927 -0.3852802094)
(163.6750103 -0.4869571147 0.3423831016)
(166.5766179 0.04628231621 -0.3727934231)
(166.6792901 -0.1749517078 0.2135597731)
(166.5110717 0.157152267 0.3361822498)
(166.5278967 -0.04152408628 -0.5492803135)
(166.5803841 -0.3045025904 0.007729289305)
(168.6094911 -0.1186755197 0.5881686517)
(168.740178 -0.09527038956 -0.3795972428)
(169.2247028 0.6442235638 0.4387072323)
(169.1988347 0.00875591995 0.139004264)
(168.9427523 0.3793646007 -0.1497226816)
(171.5871112 -0.1787884462 0.4875383563)
(171.4938773 -0.3982910637 -0.3168647631)
(171.8263161 0.1451386179 -0.4205652484)
(171.6136581 -0.006694070087 0.3784661454)
(171.2152198 -0.04006714551 0.3262673674)
(174.1763986 -0.3521457076 -0.03854454082)
(174.2989121 -0.003282112487 -0.1417568146)
(174.1657347 -0.2128936714 0.5501330291)
(174.1098197 0.6736808535 -0.3250803421)
(174.1651503 -0.3065407257 -0.1980640514)
(176.7245967 0.1875835096 -0.05294210031)
(176.831215 0.2870835987 -0.02267738613)
(176.1194626 0.04184607427 0.1346202378)
(176.5085507 -0.135159836 -0.3407189297)
(176.8958897 -0.03395191116 0.09800876185)
(179.0745178 -0.2411724211 -0.5930162771)
(179.3493979 0.2392595682 0.07579811007)
(179.3420863 -0.4931223558 -0.167314698)
(179.5021321 -0.2538923262 -0.1987665091)
(178.7616678 -0.123991005 0.4874765778)
(181.3070389 -0.2068105474 -0.1775445194)
(181.6080494 -0.0199264467 -0.407444532)
(181.9867005 0.2495147035 -0.8978758649)
(181.4266038 0.07366883725 0.2904664131)
(181.9801971 0.05631715122 -0.4459381729)
(184.7149102 0.2138098634 -0.6865916926)
(183.8915797 -0.05698732783 -0.6664707363)
(183.8567371 0.537976827 -0.6687406229)
(184.1049566 0.3673010614 -0.3121910769)
(183.9250879 -0.6490368288 -0.3532463106)
(186.1277448 -0.3359272614 -0.5680132021)
(186.4084222 0.2911671198 -0.8456289445)
(186.7374921 0.1573854893 -0.115105816)
(186.433505 0.005527450746 -0.3210946122)
(186.3195931 -0.7258199917 -0.65321435)
(189.2158604 0.2678489045 -0.9746930674)
(189.105514 0.00339092142 -1.311316585)
(189.272393 0.1837013189 -0.6144983447)
(189.9918581 0.2329487858 0.2591461581)
(189.9167479 -0.6701909508 0.2109620539)
(192.1200688 -0.2863059462 -0.7647968472)
(191.8258421 -0.09282476804 -0.120840913)
(192.1350145 0.4142877296 -0.1645588933)
(192.9481872 0.08870156287 0.4857085808)
(192.4870556 -0.02081701146 0.5435830576)
(194.7802527 0.2305438194 -0.5052942511)
(194.5592328 0.01399416954 0.04358601954)
(194.9268573 -0.6840301485 -0.6358943383)
(194.2765799 0.1709997675 0.2359142152)
(195.2250965 -0.4424068905 -0.7145450241)
(197.3595338 0.03577007745 -0.2535208103)
(197.5876415 0.1406937811 0.3531795601)
(197.1154587 -0.07423581519 0.3729163602)
(196.9955859 -0.07666837749 -0.4003476999)
(196.4396069 0.09913112059 -0.7876796416)
(199.8601797 0.1183324732 -0.01890007126)
(199.2561972 0.1193439499 0.2756453504)
(199.4801917 -0.4935902474 -0.3829024244)
(200.0101228 0.3835863372 -0.3511138806)
(199.486861 -0.6147932247 -0.2313400347)
(201.6083225 0.5426762957 -0.1389423086)
(201.7150675 0.2361847436 -0.2979228803)
(202.4442917 -0.718541316 -0.3610232037)
(201.9920955 -0.09499359232 -0.3580471708)
(202.3702409 0.4988084648 -0.07277198654)
(204.6686242 -0.06369895076 0.6129057204)
(205.0839795 -0.6229409676 0.6936639131)
(204.2486553 -0.1374546626 0.008060063227)
(203.5398161 0.5317843235 -0.04267234848)
(204.4889007 -0.1029789864 -0.1477168738)
(206.9048473 -0.09215294183 0.01025391739)
(207.3316656 -0.2035688529 0.6272240258)
(206.7982706 -0.235125288 0.8433258906)
(207.4722515 0.7463421291 0.07888297248)
(207.3578004 -0.3024524182 0.8331568077)
(209.4163406 -0.1203100699 0.3038527674)
(209.2047131 -0.1027254617 0.4131861223)
(209.544154 -0.02569860661 0.7974250591)
(209.230623 -0.4149595781 -0.2174222815)
(209.5275487 0.07314818141 0.4447156803)
(212.0253422 -0.04954473539 0.3793510659)
(211.8622888 0.07078421789 0.6065454728)
(212.0481513 -0.02726505748 0.04321674764)
(211.7911303 -0.169312961 -0.08613057651)
(212.2550392 0.1498337184 0.1525727435)
(215.0382549 0.3051200498 0.3594919021)
(214.4888535 0.277040412 0.2220977136)
(214.8085986 -0.1790454287 0.5154107253)
(214.6376267 0.001269829167 0.7697799643)
(214.3174615 -0.02362618142 -0.1564179692)
(216.9084516 0.3116400813 -0.4585011809)
(217.1552592 -0.6730486833 -0.2142997194)
(216.9135962 -0.1229737567 -0.1225040396)
(216.7897624 -0.2479025474 0.3207980079)
(216.6376565 0.2345966343 -0.5638902098)
(219.5271103 0.0650298487 -0.08082765401)
(219.3744942 0.5295446896 0.3678008532)
(219.1389864 0.3375817255 -0.07173071885)
(219.197588 -0.2214131987 -0.3730451706)
(219.101514 -0.1146529578 -0.4564479072)
(221.7079371 -0.2978516281 -0.1368697413)
(221.6924221 0.0601210101 0.6529629121)
(221.8655081 -0.2495349787 0.3916818725)
(222.4345065 -0.1976014119 0.516648937)
(221.8741398 0.001382443944 0.30590728)
(224.7468777 -0.179507493 0.1526263914)
(224.5693222 0.006726961649 0.7130893843)
(224.6501865 -0.3275211617 0.3562167)
(224.1247522 0.2651707438 0.04756042331)
(224.3391546 -0.0002269642333 0.1664830944)
(226.5913672 0.3265643096 0.2348940495)
(226.7266527 0.008324500679 1.01838817)
(226.9435457 0.08777067098 0.6319519758)
(226.5265353 0.1665615635 0.710857471)
(226.891047 -0.4498946395 0.2708726726)
(229.2426429 0.08747027591 0.8047670369)
(229.6244174 -0.2514417232 1.108873875)
(228.7457385 -0.2976593612 0.4537403091)
(229.9026548 0.3755445252 0.2565310273)
(229.6973405 -0.1348283314 0.1769466906)
(231.7394009 -0.2061706903 0.7283895934)
(232.209785 0.0155264975 1.239167777)
(231.6644678 -0.06237202482 0.4815109417)
(232.018806 -0.1682839636 0.6131678352)
(232.2387961 -0.1290914454 1.100009697)
(233.901816 -0.04126711097 0.105200655)
(233.7569303 -0.6160581988 0.1914703078)
(234.3135175 0.1265431389 0.3459868113)
(233.2529311 -0.008652542855 0.2966542362)
(234.8343968 0.5300734713 0.736574201)
(236.4934891 0.01619419389 0.2363427759)
(236.4277088 0.202820516 -0.367124848)
(236.3443681 -0.1631889182 0.5944662361)
(236.2924722 0.62397593 0.5618189691)
(236.5933267 -0.4453072951 0.570517388)
(239.2988453 0.03242655286 0.4451563362)
(239.0382607 0.9264998787 0.9430225211)
(239.2338803 -0.9257422477 0.6049233173)
(238.7786891 0.09172851805 -0.02994275519)
(239.0623231 -0.01103592447 0.4437581278)
(242.1294204 0.1382965312 0.6512705759)
(241.5269514 -0.07627925104 0.8930942517)
(241.9296238 0.2364415424 -0.2337178082)
(242.6145293 -0.3474701035 0.1686512319)
(241.4833658 -0.08905388917 0.447595816)
(243.9216277 0.4062806648 0.510768905)
(244.5681831 -0.3953633209 1.20470218)
(243.8754732 -0.3513879934 0.2229204298)
(244.3756775 0.2762114251 -0.02867069237)
(244.5376838 0.008285928875 -0.3855296781)
(246.511967 0.4611240588 0.06332402697)
(246.8048312 0.2391518754 0.5583956829)
(246.4037999 0.1729601239 1.024974078)
(246.3402411 0.03145944809 0.002520235505)
(246.5289522 0.002955234593 0.7184154793)
(248.903355 0.02230443471 0.3153054493)
(248.277631 0.4516478717 0.09566670215)
(248.9243194 -0.4193697794 0.07514726913)
(249.172682 -0.3831059181 0.01814629286)
(248.3203711 -0.4463405815 0.1861341894)
(251.5623023 0.3518649525 -0.1695860851)
(251.5817713 0.1026257109 0.4637781492)
(251.2316049 0.1353207748 0.276794415)
(252.024974 0.05374238424 0.2424830297)
(251.6493063 -0.1810993709 0.3136437351)
(254.1382186 -0.3175697172 -0.2137463536)
(254.3242446 0.04497843225 0.6161757674)
(254.0497564 -0.3700233427 0.2673183404)
(253.8916909 -0.1325962243 0.01466667937)
(254.2090261 0.2331895874 0.1596866531)
(256.4826395 0.5586279583 0.7681211813)
(256.6108473 0.2192932546 0.1713300538)
(256.2372655 -0.1537819735 0.3678742701)
(257.0109762 0.02513750796 -0.2377801625)
(256.2423433 0.1477439685 -0.06921463075)
(258.6716075 -0.7149341952 0.163716785)
(258.8562573 0.7428577629 0.5834181714)
(259.1706005 -0.8063507704 0.4017494658)
(258.9078216 0.3452015086 1.17248783)
(258.9394288 0.0866945656 0.1631670714)
(260.6947921 -0.2572508973 0.9102439699)
(261.434801 -0.0771923628 1.203854054)
(260.6237656 0.197329485 0.391055785)
(260.8787494 -0.09571570644 0.6080041282)
(261.074897 0.1718909667 0.28742657)
(264.0664043 -0.622477316 0.7817490309)
(263.3781775 0.5022100042 0.3277580409)
(264.4370617 -0.1002871533 1.197321932)
(263.9700389 0.1878421767 0.781172138)
(264.3811003 0.1288204367 0.7247048809)
(266.3176309 0.2563912963 0.966153706)
(266.1475972 -0.1002287862 0.3542682755)
(266.8653946 -0.001150703766 0.9384089759)
(266.0783849 0.1077059675 0.5009792062)
(266.7821222 -0.1617078092 0.7154005808)
(268.89868 0.398379187 0.8440730679)
(268.5398722 0.2590625019 0.8387746517)
(269.0074544 -0.8080676909 0.4410449864)
(268.8579846 -0.4944035372 -0.2457104089)
(269.3190333 0.07172629782 0.5476651308)
(271.6682644 0.1085241799 0.5398917636)
(272.3659183 -0.1818250884 0.5550173124)
(271.8504738 -0.03720484834 -0.1338648753)
(271.2984026 0.4100138379 0.3211068953)
(271.4936825 -0.3758269486 0.8892698914)
(274.6721149 -0.2259190612 0.3794417479)
(274.6714655 -0.3772102495 0.6920607925)
(274.6083644 -0.3043165801 0.8213875588)
(274.7587191 0.4089418649 0.402763742)
(274.753607 -0.5075270579 0.286942304)
(277.6316041 0.2906105402 0.5360174196)
(277.4036501 -0.2116314497 -0.2292967511)
(278.1950088 -0.1963713003 -0.3361287235)
(278.476195 0.295148537 0.7372342584)
(278.5464858 0.138542254 0.03507436397)
(281.6171617 0.3194516269 0.6868601883)
(282.233706 0.121763238 -0.3057257352)
(281.58669 -0.3413050604 0.2025928741)
(281.805121 -0.1730490701 0.2861207915)
(281.0164962 0.1864845132 -0.2580192805)
)
;

boundaryField
{
    upperWall
    {
        type            calculated;
        value           nonuniform List<vector> 5((283.5889798 0 1.115783601) (286.0391528 0 0.8870624192) (283.6867674 0 2.015982925) (282.5565646 0 -1.804117371) (284.5357273 0 -0.6723478507));
    }
    lowerWall
    {
        type            calculated;
        value           nonuniform List<vector> 5((13.41210874 0 0.1246063591) (12.54522628 0 -0.3343262604) (12.84698004 0 0.07037316393) (11.463632 0 0.1530287959) (12.95431838 0 -0.8459702111));
    }
    periodicX_half0
    {
        type            cyclic;
    }
    periodicX_half1
    {
        type            cyclic;
    }
    frontAndBack
    {
        type            empty;
    }
}


// ************************************************************************* //
