/*--------------------------------*- C++ -*----------------------------------*\
| =========                 |                                                 |
| \\      /  F ield         | OpenFOAM: The Open Source CFD Toolbox           |
|  \\    /   O peration     | Version:  v1706                                 |
|   \\  /    A nd           | Web:      www.OpenFOAM.com                      |
|    \\/     M anipulation  |                                                 |
\*---------------------------------------------------------------------------*/
FoamFile
{
    version     2.0;
    format      ascii;
    class       volScalarField;
    location    "7";
    object      variableHardSphereMeanFreePath_O2;
}
// * * * * * * * * * * * * * * * * * * * * * * * * * * * * * * * * * * * * * //

dimensions      [0 1 0 0 0 0 0];


internalField   nonuniform List<scalar> 
500
(
0.2296069958
0.2294400778
0.2294543484
0.2295294003
0.2296336684
0.2314348537
0.231330265
0.2313489322
0.2314647755
0.2314438177
0.2331340675
0.2331034347
0.2330329198
0.2331787878
0.2331315305
0.2345994367
0.2344303866
0.2345300245
0.2347876618
0.2346334219
0.2360854257
0.2359632732
0.2361086142
0.2362170166
0.2361779847
0.237656209
0.2374762224
0.237414212
0.2377872902
0.2378802905
0.2390480137
0.2388419615
0.2389679103
0.2390922019
0.2391529019
0.2403564967
0.2405413745
0.2404620849
0.2406372648
0.2403797641
0.2415445705
0.2417009337
0.2417678099
0.2418322725
0.2418613141
0.243225152
0.2432241975
0.2430825415
0.2431051094
0.2431282707
0.2445499846
0.2445460388
0.2441802609
0.2445021432
0.2443666363
0.2458893674
0.245831083
0.2457554754
0.2457049267
0.245715238
0.2472160757
0.2470457586
0.2468558291
0.2468913456
0.247097117
0.2483763587
0.2485030586
0.2482476013
0.2481185682
0.2483820518
0.2495294305
0.2495183004
0.2495321014
0.2496081576
0.2498331068
0.2510859724
0.251137065
0.2510044651
0.2509956825
0.2510321373
0.2522652161
0.2522311868
0.2521487663
0.2523894349
0.2520713703
0.2536696849
0.2534574322
0.2534897878
0.2537196369
0.2535197766
0.2549409663
0.2548620704
0.2550119982
0.2547772454
0.2548912879
0.2562187602
0.2562735569
0.2560339153
0.255940917
0.255926655
0.2574821303
0.257459145
0.2572041449
0.2572321402
0.2573846053
0.2587385806
0.2587514662
0.2586064808
0.2585454518
0.258654652
0.2600369464
0.2602124953
0.2600318529
0.2598949848
0.2598002226
0.2612607167
0.2613411685
0.2613059288
0.2610705189
0.2609101029
0.2626511325
0.2625466796
0.2624532775
0.2627145121
0.2627660461
0.2634550611
0.263606191
0.2637861071
0.2637341596
0.2636931625
0.2648524246
0.2649440545
0.2650048202
0.2649172004
0.2647702627
0.2660165761
0.2663835722
0.2663175894
0.2662611454
0.2662662026
0.2675382016
0.2674077048
0.2674418293
0.2675003174
0.2674689428
0.268849242
0.2689242722
0.2688128406
0.2688700731
0.2685970035
0.2700967346
0.270036298
0.2701868312
0.2698929535
0.2700463597
0.2711151566
0.2713834309
0.2711892659
0.2710077422
0.2709871521
0.2724525096
0.2722866623
0.2723475366
0.2723206655
0.272380327
0.2738006128
0.2738337912
0.2734880791
0.2736750219
0.2738042315
0.2750936498
0.2747508331
0.2751042869
0.2749544005
0.2747372292
0.2761662831
0.2760595504
0.2761531822
0.2760775996
0.276381364
0.2774782149
0.2771574958
0.27754696
0.2776445675
0.2773493006
0.278614495
0.2784335581
0.2785619044
0.278964176
0.2786390115
0.2798846572
0.2799612262
0.2799720045
0.2798374246
0.2797976571
0.2810285407
0.2809252325
0.2810241184
0.2812249012
0.2810510053
0.282324087
0.2822032564
0.282036069
0.2820060785
0.2823604071
0.2836129299
0.2834751596
0.2834237054
0.2836707861
0.2838372412
0.2847158458
0.2849248691
0.2845064836
0.2848705224
0.2848417844
0.2861311774
0.285952551
0.2860176579
0.2862600333
0.2860535303
0.2872995866
0.2875425149
0.2873932214
0.2873305394
0.2874829483
0.2887875671
0.2888661703
0.2885198206
0.2885665852
0.2884605862
0.2900515754
0.2900708063
0.2903380085
0.2899840764
0.2899559733
0.2912277804
0.2913491122
0.2913232252
0.29107426
0.2912875566
0.2924616372
0.2924271293
0.2923101172
0.2923638353
0.2921532684
0.2933610329
0.293511504
0.2934462095
0.2936042389
0.29352636
0.2947907146
0.2948529645
0.294802444
0.2949434801
0.2946407197
0.2959042542
0.2960144188
0.2960186475
0.2957186674
0.2959795574
0.297277827
0.2972341237
0.2968120281
0.2970417463
0.2972255561
0.2981769159
0.2981786171
0.2982930936
0.2982143443
0.2983601493
0.299286344
0.29967737
0.2993054435
0.2994160073
0.2994325897
0.3003907492
0.300573555
0.3006648215
0.3006024414
0.300299609
0.3017679015
0.3021072289
0.301978433
0.3021238318
0.301854352
0.3029525463
0.3031249987
0.30325745
0.303333823
0.3032065896
0.3043907542
0.3042698994
0.3043885501
0.3041212183
0.3042917582
0.3052835079
0.3053218954
0.3058384536
0.3056122756
0.3055057848
0.3067635064
0.3067588231
0.3069608652
0.3070207787
0.306574735
0.3078544492
0.307954561
0.3081793066
0.3082620591
0.3080791053
0.3091506442
0.3090534257
0.3089776242
0.3091643393
0.3088681959
0.3099954567
0.3100890805
0.3101168713
0.3103594749
0.3104475447
0.3113307634
0.3112118431
0.3112664905
0.3115425681
0.3113394561
0.3128446103
0.3124979913
0.3123127741
0.3123753981
0.3125617957
0.3136732339
0.313611793
0.3137038574
0.3136607148
0.3135642437
0.314710552
0.3144547725
0.3147128333
0.3148289788
0.3146067368
0.3160964534
0.3159484442
0.3158528991
0.3160662729
0.3158791803
0.3169937036
0.3170901401
0.3167931919
0.3170362743
0.3169111674
0.3180991482
0.3183938737
0.3181587548
0.318152728
0.3182044174
0.3194798405
0.3194893239
0.3193205104
0.319265198
0.3194113577
0.3206663373
0.3205622482
0.320540693
0.3199466618
0.3208039303
0.3216011076
0.321702732
0.3216815944
0.3215217006
0.3218739285
0.3227449089
0.3229054333
0.3229350373
0.3228241989
0.3230617523
0.3239808337
0.3241405727
0.3242114293
0.3240351421
0.3239631232
0.3251052027
0.3251091648
0.3248429517
0.3248729093
0.3253124271
0.3264411578
0.3262366932
0.3260599923
0.3264528069
0.3261860495
0.3274229076
0.3276863789
0.3275191256
0.32738439
0.327599867
0.3286369802
0.3286865198
0.3284496865
0.3284865227
0.3291798528
0.3296653125
0.3294583377
0.3297942961
0.3297859186
0.3300223199
0.3308883704
0.3310387354
0.3308475988
0.3308911082
0.3309199631
0.3317617609
0.3318401913
0.33190943
0.3320732639
0.3317760858
0.3331294832
0.333052909
0.3333695622
0.3331220506
0.3331232861
0.3345021728
0.3343855182
0.3341936721
0.3340304988
0.334490231
0.3354047985
0.3352402692
0.3353518763
0.3357560413
0.3351665606
0.3362029047
0.3368712106
0.3368721007
0.3366357373
0.3364972907
0.3375577752
0.3374325503
0.337863439
0.3375367082
0.3377616368
0.3388561389
0.338774325
0.3389165602
0.3391759386
0.3390650977
0.3397897476
0.3399549956
0.3399873643
0.3402539525
0.3398168279
0.3413835094
0.3409865775
0.3409085066
0.3412979918
0.3412129279
0.3421429322
0.3420591509
0.3422478785
0.3421990415
0.3422308185
0.3432195645
0.3430788928
0.3432754591
0.3436227016
0.3436549671
0.3441215824
0.3445898515
0.3445632566
0.3446260924
0.3444123318
0.3455018759
0.3458084309
0.3458695744
0.3458642487
0.3456718479
0.3469652629
0.3469462731
0.3470022845
0.3472569612
0.3471637645
0.3483348173
0.3483636173
0.3484742703
0.3481826524
0.3485667426
0.35010722
0.3496693735
0.3498260593
0.349710503
0.3497534758
0.3512898747
0.3512204301
0.3514769654
0.3513223207
0.3514281118
0.3529430545
0.352890346
0.3533869258
0.3531148079
0.3532547379
)
;

boundaryField
{
    upperWall
    {
        type            calculated;
        value           nonuniform List<scalar> 5(0.3529430545 0.352890346 0.3533869258 0.3531148079 0.3532547379);
    }
    lowerWall
    {
        type            calculated;
        value           nonuniform List<scalar> 5(0.2296069958 0.2294400778 0.2294543484 0.2295294003 0.2296336684);
    }
    periodicX_half0
    {
        type            cyclic;
    }
    periodicX_half1
    {
        type            cyclic;
    }
    frontAndBack
    {
        type            empty;
    }
}


// ************************************************************************* //
