/*--------------------------------*- C++ -*----------------------------------*\
| =========                 |                                                 |
| \\      /  F ield         | OpenFOAM: The Open Source CFD Toolbox           |
|  \\    /   O peration     | Version:  v1706                                 |
|   \\  /    A nd           | Web:      www.OpenFOAM.com                      |
|    \\/     M anipulation  |                                                 |
\*---------------------------------------------------------------------------*/
FoamFile
{
    version     2.0;
    format      ascii;
    class       volScalarField;
    location    "0.008";
    object      dsmcRhoNMean_Ar;
}
// * * * * * * * * * * * * * * * * * * * * * * * * * * * * * * * * * * * * * //

dimensions      [0 -3 0 0 0 0 0];


internalField   nonuniform List<scalar> 
4000
(
22.60885882
22.64048235
22.6414
22.65178824
22.66208235
22.68589412
22.73065882
22.77370588
22.89225882
23.00612941
23.10494118
23.31421176
23.57932941
23.78372941
23.99695294
24.36687059
24.77025882
25.33071765
26.00404706
26.92165882
28.13196471
29.64144706
31.59555294
34.18087059
37.70471765
42.19302353
47.76848235
54.3984
61.42596471
68.97194118
76.34855294
83.33194118
90.09783529
96.86662353
105.0112
114.4025647
127.2553176
145.2207882
173.3143059
222.7957529
30.49311765
30.5038
30.52068235
30.52041176
30.54128235
30.57184706
30.65277647
30.66929412
30.68716471
30.75931765
30.80367059
30.93121176
31.06758824
31.30041176
31.59425882
32.01223529
32.46989412
33.09208235
33.89325882
35.05327059
36.56818824
38.58061176
41.10095294
44.56897647
49.18684706
55.09991765
62.44851765
71.26562353
80.81781176
91.13670588
101.2099294
110.8555059
119.8663529
129.5498
140.4797765
153.4716588
170.5829059
195.2418235
232.7378588
299.8864118
31.65902353
31.64518824
31.63648235
31.65852941
31.67931765
31.73735294
31.76109412
31.79974118
31.87296471
31.94607059
32.04895294
32.16272941
32.34887059
32.59169412
32.80867059
33.14890588
33.62269412
34.27678824
35.06312941
36.13161176
37.53396471
39.52176471
42.13345882
45.68714118
50.39843529
56.3922
64.04464706
72.97145882
82.83025882
93.40982353
104.2304118
114.1448235
123.6007059
133.8805176
145.1192118
158.8469765
176.6410471
202.2987647
241.1355529
310.5829882
32.06074118
32.10484706
32.11038824
32.11314118
32.17557647
32.19325882
32.25883529
32.33584706
32.36797647
32.45749412
32.52277647
32.62231765
32.78258824
32.96949412
33.21617647
33.53964706
33.98029412
34.57850588
35.37770588
36.54052941
37.92721176
39.84828235
42.34987059
45.79381176
50.51657647
56.64368235
64.26672941
73.14702353
83.41197647
94.17871765
104.9115176
115.2989765
124.9636353
135.2454471
146.6025294
160.3991882
178.3555176
204.4984941
243.7067412
314.0442706
32.26227059
32.26938824
32.29914118
32.31878824
32.33358824
32.34291765
32.38062353
32.42332941
32.49409412
32.54210588
32.63718824
32.74968235
32.90464706
33.13451765
33.42481176
33.79315294
34.21221176
34.86752941
35.67172941
36.64251765
38.1216
40.03072941
42.50515294
45.89704706
50.48223529
56.43343529
63.88076471
72.94549412
83.20189412
94.05685882
104.7790588
115.1817647
124.888
135.5098235
147.1524
160.9977176
179.1402235
205.1502588
244.7250588
314.6060824
32.39382353
32.40141176
32.41758824
32.42951765
32.47678824
32.54968235
32.5916
32.59443529
32.67602353
32.77244706
32.85822353
32.93636471
33.13638824
33.29543529
33.54637647
33.82984706
34.28376471
34.85641176
35.66736471
36.64801176
38.09316471
39.87515294
42.40525882
45.79268235
50.29877647
56.10437647
63.59618824
72.46189412
82.66321176
93.44618824
104.3595882
114.6441765
125.1342118
135.3149882
146.8552471
160.4911176
179.2888471
204.7713647
244.4665529
314.4254471
32.46302353
32.51861176
32.55497647
32.57432941
32.5514
32.55050588
32.58538824
32.64071765
32.66107059
32.71676471
32.80761176
32.95425882
33.10302353
33.28878824
33.49458824
33.82090588
34.27244706
34.83870588
35.63408235
36.66072941
37.92788235
39.80095294
42.28091765
45.54238824
49.85382353
55.68424706
63.12362353
71.78451765
81.80205882
92.57694118
103.7379294
114.1718824
124.2302706
134.7663765
146.3375647
160.0950941
178.3064588
204.4820706
244.0118588
314.3405412
32.51310588
32.52918824
32.55597647
32.56807059
32.61402353
32.64694118
32.669
32.7432
32.77968235
32.86623529
32.93234118
33.03469412
33.15230588
33.34390588
33.59778824
33.91084706
34.32392941
34.85076471
35.57249412
36.57145882
37.87615294
39.69125882
41.97805882
45.23595294
49.62195294
55.22678824
62.39138824
70.9938
80.88135294
91.71029412
102.7775176
113.1525412
123.5482471
134.0456471
145.6257647
159.4989059
177.4887176
203.7791412
243.1207647
313.7392706
32.55958824
32.54925882
32.53952941
32.59169412
32.60823529
32.64410588
32.68369412
32.73209412
32.81955294
32.84887059
32.94487059
33.04417647
33.20082353
33.37611765
33.57562353
33.86449412
34.22734118
34.76684706
35.52687059
36.45608235
37.78934118
39.51845882
41.83617647
44.94611765
49.20783529
54.53118824
61.61678824
69.88016471
79.71841176
90.58781176
101.5896706
111.9730118
122.5796118
133.0750235
144.6158824
158.6777882
176.9979176
202.4018118
241.9426824
312.1741529
32.59184706
32.5896
32.58583529
32.57534118
32.58763529
32.62777647
32.64657647
32.68728235
32.72563529
32.84525882
32.92658824
33.019
33.16544706
33.36098824
33.56195294
33.88289412
34.30531765
34.8042
35.52014118
36.42288235
37.64567059
39.24905882
41.5162
44.58515294
48.57061176
53.83743529
60.60372941
68.95636471
78.56772941
89.14990588
100.0898235
110.8645765
121.1977529
131.8781882
143.6968824
157.8093294
175.4615647
201.1841294
240.6369882
311.0031647
32.61747059
32.6344
32.66309412
32.68649412
32.67510588
32.68041176
32.69327059
32.72675294
32.76074118
32.82564706
32.90792941
32.97158824
33.11257647
33.26736471
33.52143529
33.86337647
34.20715294
34.74103529
35.32957647
36.2558
37.43877647
38.99749412
41.16709412
44.11771765
47.93705882
52.96847059
59.45078824
67.66169412
76.97369412
87.46350588
98.5006
109.2289882
119.7989294
130.5640706
141.9961059
155.9794
173.7181882
199.4678235
237.8543176
308.1617176
32.63974118
32.6298
32.62182353
32.65623529
32.67658824
32.70982353
32.74862353
32.78581176
32.78817647
32.87514118
32.94084706
33.01470588
33.1224
33.26770588
33.48711765
33.77004706
34.15807059
34.59072941
35.2204
36.04303529
37.13409412
38.59189412
40.69852941
43.59894118
47.28104706
52.08616471
58.32271765
66.14935294
75.47003529
85.93227059
96.73890588
107.4875176
118.1116471
128.7769412
140.5184353
154.1236353
171.8511647
196.9181176
235.7516588
305.6784235
32.64565882
32.65774118
32.69201176
32.69656471
32.71651765
32.70772941
32.71296471
32.74049412
32.84928235
32.88498824
32.9526
33.05748235
33.2094
33.37552941
33.58556471
33.89610588
34.20545882
34.64142353
35.24398824
36.04794118
37.14961176
38.54957647
40.44745882
43.01576471
46.59665882
51.19709412
57.09768235
64.74985882
73.69364706
83.91327059
94.75443529
105.5131412
116.0702941
126.8722588
138.1688588
151.9345529
169.6446588
194.361
232.5032588
302.3197412
32.65218824
32.66998824
32.65394118
32.67770588
32.69705882
32.76744706
32.80044706
32.84823529
32.85818824
32.94310588
33.03436471
33.11729412
33.19412941
33.33663529
33.48838824
33.69677647
34.04603529
34.53156471
35.08254118
35.83527059
36.90776471
38.30923529
40.08603529
42.56121176
45.89277647
50.16422353
55.97007059
63.15355294
71.85345882
81.9018
92.52204706
103.4707294
113.8861647
124.8161647
135.9222353
149.4210235
166.5298471
191.1364941
229.0059765
298.2070588
32.67732941
32.70214118
32.71142353
32.72338824
32.74057647
32.76707059
32.75581176
32.74687059
32.80151765
32.82915294
32.90789412
32.99135294
33.11143529
33.20156471
33.38957647
33.66974118
33.97010588
34.39394118
34.93888235
35.65163529
36.61690588
37.87423529
39.59509412
41.9036
45.13208235
49.20150588
54.61695294
61.44121176
69.78241176
79.47032941
90.0294
100.6064588
111.3469647
122.0897882
133.0398235
146.7540588
163.3850588
187.1888941
224.6934353
293.5602941
32.69577647
32.67044706
32.67952941
32.69921176
32.72855294
32.72481176
32.73167059
32.80414118
32.83456471
32.88924706
32.94670588
33.02268235
33.09896471
33.25075294
33.38168235
33.65123529
33.90495294
34.27895294
34.83272941
35.48863529
36.40403529
37.53836471
39.24765882
41.29072941
44.18563529
48.03422353
53.19044706
59.58503529
67.53844706
76.87781176
87.04291765
97.60210588
108.2259294
118.8446118
130.0736353
142.9368471
159.4210353
182.3459647
219.2077176
287.1833294
32.71063529
32.74865882
32.74743529
32.75003529
32.74443529
32.76996471
32.79842353
32.79564706
32.81278824
32.86984706
32.90797647
33.00062353
33.12610588
33.28147059
33.42512941
33.65475294
33.96762353
34.34151765
34.81447059
35.43017647
36.23851765
37.34016471
38.84398824
40.85688235
43.46855294
47.06885882
51.75043529
57.88890588
65.42003529
74.32548235
84.18172941
94.58717647
105.0401529
115.8501059
126.5514941
138.8154118
154.4618118
176.2358235
211.5038824
278.4421294
32.70028235
32.68008235
32.69610588
32.71390588
32.74188235
32.76423529
32.79545882
32.84616471
32.90303529
32.94875294
32.99590588
33.03474118
33.14716471
33.30182353
33.44077647
33.60561176
33.82389412
34.09430588
34.54676471
35.19130588
35.92735294
37.02912941
38.39884706
40.24182353
42.74458824
46.03974118
50.4502
55.96414118
63.11323529
71.64865882
81.28505882
91.34468235
101.7033412
111.8651882
122.1906
133.8421412
148.3683176
168.8964353
202.0986
266.4088235
32.6808
32.69597647
32.72775294
32.74072941
32.75795294
32.81074118
32.81283529
32.83149412
32.8722
32.91083529
32.99305882
33.05930588
33.14454118
33.23071765
33.37569412
33.54889412
33.74369412
34.08824706
34.53998824
35.09937647
35.78472941
36.76597647
38.04195294
39.74607059
42.01964706
45.00189412
48.92932941
54.10403529
60.54512941
68.71090588
77.77738824
87.56978824
97.79057647
107.5943882
117.5035176
128.3309059
141.1548235
159.4788588
188.3824353
249.0078
32.70867059
32.73167059
32.72496471
32.73750588
32.72618824
32.74032941
32.72996471
32.74202353
32.75983529
32.76334118
32.82547059
32.85323529
32.95064706
33.06332941
33.192
33.4282
33.68950588
33.99490588
34.41097647
34.88922353
35.57877647
36.42865882
37.65611765
39.10821176
41.18730588
43.96054118
47.52418824
52.22792941
58.29121176
65.68482353
74.38891765
83.62581176
93.5392
103.1138118
112.4673059
121.8089647
132.6677294
146.2036118
167.0833529
213.2972118
32.72397647
32.70177647
32.68917647
32.70281176
32.73823529
32.75050588
32.77025882
32.78568235
32.79763529
32.81981176
32.92195294
32.98274118
33.06352941
33.21808235
33.31747059
33.45101176
33.64094118
33.90327059
34.21784706
34.68134118
35.29124706
36.14242353
37.14771765
38.57438824
40.50207059
42.92063529
46.19205882
50.53161176
56.08089412
62.80908235
70.78575294
79.72328235
89.07702353
98.23964706
106.9120353
115.2836118
123.4557765
131.9422118
139.5908706
131.4435059
32.71034118
32.73829412
32.73262353
32.74178824
32.7596
32.77972941
32.78377647
32.80914118
32.86281176
32.89927059
32.89305882
32.95803529
33.00416471
33.07369412
33.16589412
33.32176471
33.51707059
33.79901176
34.11028235
34.52028235
35.15898824
35.84187059
36.82389412
38.1096
39.73761176
42.0304
45.05517647
48.86432941
53.70056471
59.84268235
67.15663529
75.69018824
84.45643529
93.25125882
101.3041529
108.4046471
114.4400118
118.7409529
118.6187294
105.4850588
32.75161176
32.76827059
32.79029412
32.76371765
32.75887059
32.78177647
32.85509412
32.89541176
32.91731765
32.95258824
32.99732941
33.01843529
33.05392941
33.15401176
33.27055294
33.41407059
33.56342353
33.75475294
34.04715294
34.355
34.84070588
35.45956471
36.37292941
37.59562353
39.01943529
41.02967059
43.66674118
47.11718824
51.62408235
57.15252941
63.73044706
71.4596
79.61674118
87.99441176
95.53808235
101.8625294
106.5132353
108.4678235
106.1327529
96.13810588
32.73129412
32.71955294
32.72167059
32.78070588
32.78869412
32.79936471
32.79067059
32.77692941
32.77442353
32.80054118
32.87289412
32.91416471
32.96651765
33.05229412
33.20774118
33.33201176
33.49504706
33.68010588
33.96903529
34.29492941
34.76858824
35.38444706
36.16925882
37.18118824
38.50805882
40.25228235
42.59645882
45.61897647
49.47763529
54.52621176
60.4266
67.31811765
75.14669412
82.74317647
89.94472941
95.46822353
99.25298824
100.3734118
98.04710588
90.92889412
32.70037647
32.70623529
32.70764706
32.69923529
32.69004706
32.70163529
32.74656471
32.78114118
32.80961176
32.84956471
32.88945882
32.95647059
32.97105882
33.03798824
33.1704
33.28754118
33.42828235
33.61865882
33.88387059
34.21181176
34.57081176
35.13244706
35.78431765
36.64618824
37.90437647
39.4612
41.55689412
44.25877647
47.69510588
52.08682353
57.45217647
63.77035294
70.6398
77.79312941
84.33356471
89.79947059
93.37648235
94.52172941
92.55432941
87.63687059
32.75621176
32.78867059
32.78858824
32.78115294
32.80397647
32.82318824
32.80998824
32.82787059
32.83142353
32.83810588
32.87448235
32.92907059
33.01781176
33.09590588
33.15257647
33.27341176
33.4156
33.59474118
33.82722353
34.09050588
34.40923529
34.91130588
35.54263529
36.34768235
37.37930588
38.81228235
40.57594118
42.89697647
45.89877647
49.82849412
54.46095294
60.12645882
66.45958824
73.01565882
79.20961176
84.3744
88.31223529
89.63838824
88.45054118
84.83449412
32.72795294
32.69458824
32.69221176
32.72329412
32.75223529
32.77068235
32.77558824
32.81267059
32.84188235
32.84956471
32.83387059
32.86047059
32.92276471
32.97181176
33.06949412
33.15617647
33.26676471
33.44267059
33.62427059
33.88945882
34.21563529
34.635
35.21790588
35.93708235
36.91550588
38.16105882
39.72616471
41.77609412
44.42364706
47.72294118
51.80588235
56.88234118
62.52050588
68.64302353
74.58997647
79.43808235
83.30455294
85.25097647
84.86865882
82.34882353
32.72865882
32.74065882
32.73550588
32.74878824
32.71495294
32.7138
32.73863529
32.73436471
32.75787059
32.77034118
32.80757647
32.87261176
32.89957647
32.94084706
32.98557647
33.08803529
33.18035294
33.33284706
33.52896471
33.75377647
34.05137647
34.45343529
34.93010588
35.58947059
36.41896471
37.54134118
38.87888235
40.6494
43.00069412
45.94557647
49.49192941
53.75607059
58.94414118
64.2278
69.82714118
74.81561176
78.71716471
81.07388235
81.71170588
80.43781176
32.72605882
32.72848235
32.74291765
32.76092941
32.75650588
32.73801176
32.7432
32.77982353
32.80696471
32.81195294
32.82363529
32.82628235
32.88205882
32.97004706
33.06578824
33.16967059
33.25232941
33.3378
33.50432941
33.65963529
33.92014118
34.24430588
34.70361176
35.24961176
35.89891765
36.843
38.09417647
39.61741176
41.58345882
44.09182353
47.19688235
50.86312941
55.32614118
60.23791765
65.41348235
70.28663529
74.44658824
77.34998824
78.43795294
78.24848235
32.75828235
32.74436471
32.74525882
32.72569412
32.72231765
32.74850588
32.75476471
32.71912941
32.76143529
32.78488235
32.80522353
32.84298824
32.89652941
32.91711765
32.94791765
33.01432941
33.15149412
33.30852941
33.48772941
33.67836471
33.89595294
34.20274118
34.54449412
35.03976471
35.66081176
36.46203529
37.42647059
38.76851765
40.36481176
42.46304706
45.16409412
48.36243529
52.27170588
56.55268235
61.28507059
65.82821176
70.08642353
73.47648235
75.40228235
75.84025882
32.72134118
32.7134
32.70110588
32.72831765
32.74554118
32.77737647
32.81514118
32.84244706
32.80243529
32.77737647
32.78751765
32.79862353
32.80763529
32.83192941
32.91131765
32.98732941
33.06908235
33.14195294
33.26221176
33.42262353
33.64749412
33.90621176
34.30252941
34.77243529
35.29189412
35.96249412
36.87896471
37.99662353
39.43298824
41.25015294
43.48351765
46.28182353
49.58254118
53.35807059
57.53898824
61.85374118
65.90303529
69.54292941
72.11614118
73.38004706
32.73358824
32.76561176
32.79061176
32.79149412
32.79261176
32.76577647
32.76641176
32.73429412
32.76151765
32.82641176
32.83792941
32.85975294
32.90857647
32.94290588
32.98214118
33.02614118
33.09429412
33.17443529
33.26405882
33.42929412
33.60111765
33.8022
34.10457647
34.48338824
34.93089412
35.48002353
36.25814118
37.29934118
38.46709412
40.04568235
42.01690588
44.35703529
47.22665882
50.39988235
54.18835294
58.09347059
62.04385882
65.65954118
68.41344706
70.53685882
32.72569412
32.73509412
32.75298824
32.74925882
32.75718824
32.76869412
32.75887059
32.78974118
32.80258824
32.80331765
32.81915294
32.84184706
32.87635294
32.89341176
32.92665882
32.96230588
33.04825882
33.12848235
33.24772941
33.318
33.53144706
33.72305882
33.98758824
34.31794118
34.80029412
35.28009412
35.84232941
36.69715294
37.79115294
39.01170588
40.70243529
42.62975294
45.0988
47.90177647
51.13905882
54.68845882
58.35163529
61.82867059
64.85982353
67.4408
32.75361176
32.74868235
32.70055294
32.69544706
32.69155294
32.73383529
32.78376471
32.7884
32.81329412
32.82095294
32.84865882
32.87007059
32.89683529
32.95364706
32.99081176
32.99797647
33.06030588
33.15962353
33.20858824
33.28923529
33.39057647
33.59395294
33.82071765
34.10498824
34.44472941
34.87607059
35.44902353
36.09763529
36.93965882
38.04363529
39.42262353
41.15143529
43.04465882
45.53356471
48.41025882
51.43781176
54.75455294
58.29629412
61.44009412
64.14327059
32.73327059
32.7454
32.75894118
32.77996471
32.78482353
32.76391765
32.727
32.7584
32.75805882
32.78158824
32.76732941
32.7954
32.83642353
32.86943529
32.92265882
32.99201176
33.03770588
33.08256471
33.15549412
33.28658824
33.39350588
33.55314118
33.74257647
33.94015294
34.28444706
34.64287059
35.10067059
35.66597647
36.39050588
37.30223529
38.41911765
39.90052941
41.667
43.66844706
46.11515294
48.80572941
51.76241176
54.94585882
58.00297647
60.88877647
32.72487059
32.72805882
32.72424706
32.72236471
32.75367059
32.78042353
32.78578824
32.77011765
32.80885882
32.81834118
32.83135294
32.8144
32.81468235
32.78330588
32.78650588
32.83648235
32.87025882
32.94434118
33.00515294
33.08976471
33.22327059
33.377
33.55022353
33.77698824
33.99228235
34.34668235
34.76574118
35.25237647
35.94471765
36.72342353
37.67295294
38.82956471
40.23478824
41.95548235
44.08388235
46.43116471
49.02961176
51.92503529
54.73404706
57.62263529
32.71176471
32.71524706
32.73418824
32.71452941
32.69538824
32.70674118
32.74315294
32.74903529
32.72237647
32.76085882
32.76585882
32.77415294
32.81083529
32.84885882
32.87011765
32.92728235
32.96002353
32.99470588
33.06298824
33.13424706
33.20287059
33.30542353
33.43778824
33.63342353
33.87547059
34.11637647
34.46477647
34.87944706
35.45358824
36.14728235
36.90688235
37.96156471
39.18443529
40.61332941
42.30024706
44.28916471
46.54198824
49.16375294
51.866
54.60134118
32.72707059
32.72715294
32.72523529
32.76328235
32.78574118
32.80574118
32.78283529
32.77294118
32.76814118
32.73278824
32.75751765
32.80335294
32.82023529
32.85896471
32.91307059
32.95882353
32.98845882
33.05054118
33.08487059
33.14095294
33.23018824
33.31377647
33.45472941
33.65984706
33.86385882
34.123
34.38902353
34.73224706
35.16945882
35.73642353
36.36085882
37.18757647
38.14552941
39.34596471
40.78314118
42.48683529
44.39571765
46.58676471
49.03005882
51.70972941
32.73842353
32.74145882
32.71234118
32.70296471
32.70062353
32.68912941
32.71162353
32.73925882
32.74845882
32.77155294
32.80981176
32.80730588
32.84776471
32.85489412
32.83763529
32.83829412
32.88718824
32.93324706
33.01043529
33.09621176
33.16814118
33.27111765
33.35509412
33.46610588
33.64332941
33.82590588
34.11689412
34.39990588
34.76804706
35.22865882
35.83527059
36.54068235
37.42563529
38.42848235
39.65396471
41.05365882
42.66524706
44.57207059
46.65605882
48.97143529
32.74017647
32.72655294
32.72305882
32.73645882
32.72344706
32.73064706
32.73214118
32.75445882
32.77527059
32.77664706
32.75430588
32.76592941
32.76470588
32.76378824
32.80038824
32.82288235
32.83376471
32.86462353
32.91175294
32.92976471
33.02503529
33.12735294
33.26774118
33.37675294
33.52791765
33.68362353
33.8964
34.17561176
34.48188235
34.90027059
35.37968235
35.89677647
36.60581176
37.47221176
38.47937647
39.70388235
41.10129412
42.68945882
44.51170588
46.45075294
32.75944706
32.74943529
32.75792941
32.74707059
32.727
32.71529412
32.72004706
32.73768235
32.74215294
32.7558
32.75696471
32.75567059
32.75249412
32.79641176
32.8308
32.87892941
32.88545882
32.918
32.961
33.01385882
33.04303529
33.09345882
33.13734118
33.25176471
33.38111765
33.52724706
33.71322353
33.90407059
34.20638824
34.54347059
34.91067059
35.40872941
36.00594118
36.74368235
37.57856471
38.60174118
39.77962353
41.12657647
42.72409412
44.4366
32.73265882
32.74744706
32.76983529
32.78142353
32.80662353
32.82697647
32.80258824
32.76742353
32.74672941
32.75683529
32.7614
32.78745882
32.80228235
32.80656471
32.81014118
32.85236471
32.88117647
32.86771765
32.86057647
32.90470588
32.96512941
33.06177647
33.13950588
33.23342353
33.34641176
33.49342353
33.67125882
33.88504706
34.07850588
34.38116471
34.73664706
35.15349412
35.63624706
36.22758824
36.91283529
37.75503529
38.73825882
39.80589412
41.14457647
42.61512941
32.73894118
32.77403529
32.75104706
32.74192941
32.71723529
32.71384706
32.73508235
32.78007059
32.83294118
32.83188235
32.84388235
32.8514
32.85482353
32.84735294
32.85708235
32.88597647
32.92311765
32.97509412
33.04729412
33.0548
33.06018824
33.091
33.17289412
33.24275294
33.34123529
33.41598824
33.515
33.67548235
33.91664706
34.16395294
34.44591765
34.7174
35.14
35.64343529
36.21618824
36.90665882
37.75162353
38.65522353
39.78165882
41.06282353
32.74909412
32.736
32.75161176
32.75907059
32.78697647
32.78985882
32.77604706
32.73357647
32.73641176
32.75025882
32.78035294
32.83527059
32.86428235
32.85948235
32.89197647
32.88861176
32.89094118
32.92156471
32.92768235
32.97750588
33.03837647
33.07476471
33.08587059
33.13424706
33.23488235
33.33710588
33.48443529
33.61169412
33.73147059
33.88495294
34.13535294
34.44342353
34.82002353
35.26129412
35.73981176
36.29949412
37.06805882
37.75396471
38.66296471
39.76196471
32.76708235
32.79345882
32.80334118
32.81383529
32.83882353
32.83129412
32.83497647
32.8194
32.81890588
32.83704706
32.78736471
32.74856471
32.73550588
32.77077647
32.75554118
32.77921176
32.79131765
32.76735294
32.80947059
32.82478824
32.86323529
32.95007059
33.03361176
33.09327059
33.14235294
33.20883529
33.31484706
33.42038824
33.54585882
33.72647059
33.96075294
34.20531765
34.50414118
34.78851765
35.14827059
35.6766
36.25687059
37.00877647
37.74542353
38.64572941
32.73436471
32.71831765
32.72885882
32.73305882
32.71323529
32.731
32.75954118
32.80155294
32.81336471
32.79204706
32.79785882
32.78972941
32.81448235
32.81314118
32.80830588
32.78214118
32.77316471
32.79841176
32.80622353
32.85905882
32.88655294
32.86316471
32.90041176
32.95250588
33.03201176
33.12082353
33.18267059
33.29734118
33.44467059
33.58061176
33.75202353
33.94621176
34.19916471
34.48509412
34.82811765
35.21784706
35.63427059
36.15292941
36.85497647
37.62027059
32.72377647
32.72010588
32.73775294
32.71497647
32.6906
32.66969412
32.63411765
32.64252941
32.64316471
32.67018824
32.71710588
32.74024706
32.70894118
32.72397647
32.71612941
32.78796471
32.79347059
32.80607059
32.82271765
32.82038824
32.86228235
32.89396471
32.93651765
32.97325882
33.03645882
33.09049412
33.16322353
33.26636471
33.36328235
33.53245882
33.66350588
33.86591765
34.05581176
34.27550588
34.52334118
34.79118824
35.16577647
35.64124706
36.13841176
36.79703529
32.74457647
32.73830588
32.70370588
32.71215294
32.74985882
32.77248235
32.78498824
32.77711765
32.77409412
32.74556471
32.74007059
32.76194118
32.79011765
32.81207059
32.84332941
32.82365882
32.85247059
32.89998824
32.89464706
32.8982
32.92758824
32.99848235
33.01948235
33.03938824
33.05525882
33.11403529
33.16710588
33.20607059
33.25603529
33.31488235
33.46517647
33.59581176
33.81398824
34.03192941
34.28567059
34.56264706
34.8714
35.28882353
35.69689412
36.20512941
32.75494118
32.74992941
32.74581176
32.76145882
32.73465882
32.72143529
32.71992941
32.72955294
32.75487059
32.77385882
32.76005882
32.77371765
32.78829412
32.77562353
32.76404706
32.76928235
32.79447059
32.81216471
32.86117647
32.8926
32.88408235
32.88542353
32.8798
32.91432941
32.94069412
32.9762
33.02514118
33.09112941
33.1436
33.22042353
33.30864706
33.44737647
33.61025882
33.74598824
33.96610588
34.23887059
34.52218824
34.80551765
35.1376
35.56728235
32.73937647
32.70787059
32.71718824
32.72024706
32.74714118
32.76082353
32.77605882
32.76458824
32.75588235
32.74825882
32.71943529
32.70344706
32.70582353
32.73142353
32.77265882
32.78351765
32.79130588
32.77438824
32.75587059
32.77228235
32.80135294
32.82885882
32.88352941
32.93912941
32.96197647
32.96647059
33.01289412
33.07222353
33.16595294
33.25932941
33.36561176
33.47498824
33.56151765
33.68514118
33.79970588
33.96711765
34.17509412
34.44667059
34.76165882
35.07782353
32.74704706
32.80825882
32.80087059
32.80301176
32.80109412
32.78011765
32.75614118
32.72690588
32.72612941
32.71717647
32.76081176
32.79069412
32.79183529
32.82875294
32.8222
32.81434118
32.8272
32.83157647
32.84764706
32.86441176
32.90042353
32.90951765
32.92091765
32.90514118
32.92972941
32.97118824
33.0302
33.09351765
33.14282353
33.19330588
33.25402353
33.30068235
33.39448235
33.47737647
33.63070588
33.74942353
33.94728235
34.15434118
34.39602353
34.68491765
32.74170588
32.73054118
32.7564
32.75638824
32.75258824
32.72882353
32.76595294
32.80062353
32.81518824
32.81309412
32.81236471
32.82177647
32.81854118
32.78148235
32.7688
32.79171765
32.80784706
32.83768235
32.85692941
32.86189412
32.86591765
32.87412941
32.90051765
32.91871765
32.9636
33.01645882
33.00352941
32.98021176
33.00476471
32.99343529
33.00504706
33.05541176
33.17463529
33.29923529
33.44067059
33.60457647
33.72256471
33.86647059
34.08727059
34.30612941
32.74594118
32.73525882
32.71114118
32.70228235
32.71455294
32.76385882
32.75864706
32.7488
32.73487059
32.75541176
32.73987059
32.71769412
32.74187059
32.76611765
32.79768235
32.80627059
32.80905882
32.8106
32.82156471
32.84703529
32.88887059
32.88695294
32.88695294
32.90110588
32.94356471
32.94923529
32.95964706
32.98837647
33.03581176
33.08183529
33.15214118
33.23927059
33.26871765
33.29965882
33.39084706
33.45815294
33.63825882
33.7946
33.94854118
34.14688235
32.74878824
32.74311765
32.76968235
32.75598824
32.73167059
32.69155294
32.69302353
32.69674118
32.67864706
32.70036471
32.72607059
32.73456471
32.71685882
32.70050588
32.71385882
32.71510588
32.73010588
32.70482353
32.71523529
32.73001176
32.70655294
32.72438824
32.75036471
32.77168235
32.77157647
32.78769412
32.85367059
32.91661176
32.93022353
32.97550588
33.0128
33.06149412
33.12895294
33.20504706
33.26387059
33.36134118
33.44594118
33.56714118
33.70870588
33.8962
32.73597647
32.70762353
32.71624706
32.74041176
32.77005882
32.78323529
32.76151765
32.76729412
32.75229412
32.74603529
32.74847059
32.74458824
32.74145882
32.71794118
32.71074118
32.66838824
32.67289412
32.68864706
32.67769412
32.68867059
32.70008235
32.71
32.73435294
32.73116471
32.71896471
32.7256
32.74228235
32.75194118
32.79458824
32.83530588
32.87489412
32.91781176
32.97956471
33.04467059
33.13757647
33.22242353
33.29170588
33.40201176
33.55062353
33.65581176
32.78010588
32.8032
32.79408235
32.79096471
32.74470588
32.73718824
32.76663529
32.7886
32.80802353
32.79348235
32.79375294
32.79937647
32.77841176
32.76981176
32.74575294
32.74929412
32.74502353
32.73042353
32.70349412
32.69216471
32.67455294
32.65190588
32.64408235
32.65243529
32.68592941
32.67888235
32.68318824
32.72852941
32.75241176
32.77098824
32.82771765
32.81775294
32.85072941
32.93445882
33.01335294
33.04967059
33.16511765
33.26743529
33.34618824
33.45182353
32.72092941
32.72762353
32.73554118
32.70396471
32.73169412
32.74963529
32.74203529
32.71596471
32.70237647
32.68608235
32.67470588
32.68028235
32.72398824
32.71183529
32.76169412
32.77775294
32.76034118
32.75149412
32.76871765
32.72025882
32.71797647
32.70541176
32.70216471
32.70955294
32.69245882
32.73078824
32.76856471
32.75409412
32.76028235
32.79705882
32.78348235
32.83341176
32.86874118
32.88978824
32.93515294
33.02295294
33.07867059
33.12009412
33.18912941
33.31671765
32.7704
32.77362353
32.77614118
32.76618824
32.76017647
32.714
32.68249412
32.67270588
32.66090588
32.67017647
32.66528235
32.64749412
32.64101176
32.67669412
32.65744706
32.64185882
32.65529412
32.69689412
32.70276471
32.74485882
32.77338824
32.78798824
32.80443529
32.79957647
32.79257647
32.79683529
32.81671765
32.83377647
32.82847059
32.79723529
32.82905882
32.87508235
32.91330588
32.94235294
32.9668
32.97584706
33.00263529
33.06708235
33.18637647
33.24823529
32.71568235
32.71048235
32.68791765
32.69332941
32.69724706
32.70524706
32.72636471
32.77790588
32.77857647
32.78471765
32.77828235
32.79155294
32.77217647
32.71694118
32.71144706
32.69891765
32.70510588
32.69572941
32.69527059
32.70914118
32.71225882
32.70347059
32.73149412
32.74027059
32.75009412
32.75711765
32.72730588
32.70916471
32.73218824
32.75225882
32.741
32.74489412
32.75378824
32.74716471
32.78144706
32.82976471
32.92514118
32.98452941
33.03547059
33.13941176
32.74114118
32.72678824
32.74151765
32.75850588
32.74157647
32.71430588
32.68577647
32.66392941
32.66576471
32.65988235
32.65185882
32.62882353
32.64969412
32.67391765
32.66922353
32.67218824
32.63785882
32.64536471
32.62669412
32.62303529
32.63489412
32.66091765
32.63905882
32.63698824
32.65563529
32.67778824
32.71991765
32.75903529
32.76872941
32.78831765
32.83883529
32.82052941
32.84177647
32.88418824
32.89809412
32.93031765
32.93565882
32.93796471
32.9714
32.99610588
62.70601176
42.24527059
37.23954118
34.74829412
33.12705882
32.17375294
31.25527059
30.48435294
29.76756471
29.06710588
28.66576471
28.04714118
27.58189412
27.18987059
26.73755294
26.28329412
25.90825882
25.57229412
25.29718824
24.85135294
24.41181176
24.09656471
23.81063529
23.54663529
23.24372941
23.02478824
22.73377647
22.45161176
22.13990588
21.83435294
21.44905882
21.12205882
20.76205882
20.37048235
19.98321176
19.53028235
18.96369412
18.3068
17.45688235
15.65848235
77.13841176
55.45902353
44.84934118
39.56768235
36.35009412
34.17475294
32.84528235
31.66225882
30.63361176
29.83429412
28.97441176
28.28455294
27.79494118
27.19932941
26.83543529
26.3282
25.75335294
25.45137647
25.10147059
24.77007059
24.38829412
23.91198824
23.56134118
23.3994
23.07492941
22.76376471
22.44941176
22.14695294
21.82790588
21.51042353
21.23191765
20.97157647
20.51722353
20.15597647
19.71911765
19.2812
18.68194118
17.98942353
16.92798824
15.30409412
79.67861176
63.68761176
52.20889412
45.13205882
40.63615294
37.4848
35.18335294
33.53656471
32.15691765
31.03747059
30.06278824
29.15965882
28.50982353
27.73175294
27.21924706
26.75142353
26.15977647
25.79003529
25.35035294
24.95502353
24.55556471
24.29045882
23.88755294
23.53555294
23.20590588
22.84365882
22.66662353
22.25338824
21.92758824
21.59594118
21.20274118
20.98471765
20.74763529
20.22529412
19.88465882
19.30470588
18.71577647
18.04154118
17.10085882
15.88223529
80.04923529
68.26436471
58.23277647
50.55341176
44.97204706
41.08477647
38.11311765
35.81031765
34.09154118
32.62962353
31.54430588
30.39281176
29.56211765
28.81570588
28.10307059
27.58264706
26.99088235
26.48082353
25.95855294
25.52008235
24.97589412
24.69698824
24.21548235
23.86655294
23.51116471
23.24682353
22.83761176
22.47262353
22.24547059
21.82682353
21.48222353
21.18452941
20.89065882
20.46729412
20.02425882
19.55816471
18.99275294
18.28671765
17.54862353
16.48132941
79.59083529
70.71112941
62.17671765
54.97848235
49.17163529
44.67661176
41.26052941
38.63845882
36.50647059
34.81692941
33.29029412
32.05443529
31.01848235
30.10901176
29.25534118
28.51842353
27.68104706
27.16964706
26.75592941
26.21032941
25.72621176
25.25534118
24.80785882
24.40102353
24.01689412
23.63691765
23.37750588
22.91231765
22.63761176
22.27942353
21.86245882
21.44756471
21.14467059
20.72589412
20.26963529
19.80454118
19.33184706
18.75004706
18.0654
17.19912941
79.21930588
72.12185882
65.0842
58.55750588
52.90157647
48.36550588
44.58841176
41.57614118
39.09103529
37.06856471
35.39269412
34.00918824
32.72337647
31.58044706
30.61517647
29.73705882
28.93956471
28.25061176
27.67591765
27.11538824
26.51836471
25.98670588
25.49531765
25.12130588
24.69
24.26915294
23.92465882
23.57663529
23.14709412
22.86570588
22.50994118
22.14281176
21.72177647
21.26861176
20.76978824
20.34972941
19.82722353
19.29438824
18.68530588
18.01605882
78.44484706
73.10487059
67.29190588
61.60228235
56.22817647
51.77102353
47.90503529
44.48824706
41.79450588
39.48035294
37.57225882
35.86901176
34.51524706
33.15645882
32.04438824
31.13535294
30.32775294
29.56996471
28.79549412
28.00414118
27.42867059
26.91728235
26.43109412
25.86691765
25.3744
24.99684706
24.55169412
24.18250588
23.89292941
23.47647059
23.05301176
22.65164706
22.26938824
21.88390588
21.42557647
20.89012941
20.43035294
19.91331765
19.336
18.68434118
77.49382353
73.44105882
68.74711765
63.81151765
59.21131765
54.65097647
50.875
47.5746
44.51064706
42.00114118
39.89331765
37.94827059
36.34889412
35.02948235
33.72608235
32.66074118
31.69316471
30.68932941
29.91057647
29.16376471
28.56124706
27.99669412
27.42562353
26.87269412
26.37534118
25.85897647
25.3558
24.93095294
24.51282353
24.11157647
23.72125882
23.30597647
22.89768235
22.48411765
22.14984706
21.64251765
21.12667059
20.66891765
20.05482353
19.49381176
76.39564706
73.43974118
69.65118824
65.56278824
61.44964706
57.36561176
53.50854118
50.17249412
47.2324
44.63588235
42.36608235
40.30085882
38.59881176
37.02663529
35.69289412
34.39356471
33.26545882
32.21336471
31.31696471
30.49807059
29.72794118
29.1112
28.53654118
27.87337647
27.28528235
26.81207059
26.32855294
25.85449412
25.33795294
24.92007059
24.43947059
24.02467059
23.60598824
23.16141176
22.74025882
22.30282353
21.80236471
21.34054118
20.89281176
20.35661176
75.23250588
73.08050588
70.22461176
66.71207059
62.99712941
59.4958
56.08442353
52.89808235
50.02664706
47.18521176
44.83521176
42.65576471
40.75130588
39.06675294
37.56436471
36.22629412
35.04931765
33.95163529
32.93135294
32.01381176
31.18984706
30.32045882
29.65335294
29.04634118
28.40555294
27.88052941
27.30807059
26.75367059
26.35992941
25.82515294
25.33676471
24.99312941
24.55651765
24.0408
23.5852
23.16707059
22.65975294
22.10188235
21.66228235
21.21449412
73.43948235
72.44852941
70.29357647
67.67611765
64.6384
61.46750588
58.14295294
55.08730588
52.29491765
49.78658824
47.23062353
45.048
43.08434118
41.27987059
39.72051765
38.16056471
36.80857647
35.57889412
34.59476471
33.57882353
32.65221176
31.79394118
30.99141176
30.32018824
29.58105882
28.97222353
28.35107059
27.81088235
27.24972941
26.76336471
26.28889412
25.73877647
25.30185882
24.87687059
24.38369412
23.8826
23.48377647
22.99241176
22.558
22.0658
71.19251765
70.92118824
69.96211765
68.00395294
65.615
62.89615294
60.01081176
57.20289412
54.52121176
51.92922353
49.54522353
47.28428235
45.20761176
43.38048235
41.71645882
40.12725882
38.68225882
37.34427059
36.14255294
35.05208235
34.13816471
33.23408235
32.36970588
31.58675294
30.90583529
30.21685882
29.53583529
28.87015294
28.33987059
27.81864706
27.28121176
26.74317647
26.23411765
25.79612941
25.30330588
24.81076471
24.3658
23.89367059
23.3792
22.88768235
68.86730588
69.45907059
68.97810588
67.87211765
66.06910588
63.92201176
61.51042353
58.91608235
56.38714118
54.05610588
51.66789412
49.43487059
47.44435294
45.50791765
43.75441176
42.22358824
40.72518824
39.35484706
38.07969412
36.82610588
35.68843529
34.73341176
33.86043529
33.03171765
32.22892941
31.48701176
30.75804706
30.16436471
29.54950588
28.95132941
28.40857647
27.92749412
27.29652941
26.75167059
26.31707059
25.87222353
25.37318824
24.91750588
24.34595294
23.82831765
66.25672941
67.42583529
67.85344706
67.39923529
66.29964706
64.63847059
62.69465882
60.48952941
58.25371765
55.91234118
53.65815294
51.56858824
49.48467059
47.59083529
45.77588235
44.08263529
42.53352941
41.14490588
39.80370588
38.54915294
37.39667059
36.32611765
35.38763529
34.51123529
33.66575294
32.90064706
32.12869412
31.33948235
30.67677647
30.09982353
29.53138824
28.87994118
28.30936471
27.76750588
27.28131765
26.81327059
26.2988
25.78409412
25.29809412
24.80991765
63.21485882
64.99604706
66.09196471
66.35862353
65.92574118
64.94996471
63.52601176
61.61898824
59.66487059
57.70242353
55.62170588
53.50148235
51.48667059
49.55476471
47.77324706
46.12330588
44.53721176
43.01134118
41.64350588
40.36770588
39.19572941
38.05810588
36.96763529
36.04357647
35.14402353
34.29077647
33.44911765
32.67668235
31.93964706
31.21522353
30.62648235
30.06434118
29.51796471
28.90794118
28.34674118
27.79234118
27.27197647
26.78769412
26.26343529
25.74195294
60.17725882
62.19783529
63.91712941
64.80136471
65.09617647
64.76263529
63.75810588
62.60629412
60.97775294
59.14703529
57.31903529
55.32868235
53.46045882
51.59552941
49.83055294
48.05112941
46.37590588
44.95207059
43.55781176
42.17376471
40.85063529
39.68310588
38.57498824
37.52865882
36.55775294
35.66977647
34.83469412
34.03371765
33.32604706
32.55731765
31.87043529
31.16884706
30.6154
30.03727059
29.45677647
28.88881176
28.36271765
27.86190588
27.32444706
26.8166
57.24630588
59.62434118
61.44258824
62.84944706
63.72716471
63.99348235
63.66947059
62.87218824
61.68597647
60.23564706
58.61715294
57.02316471
55.24369412
53.40627059
51.56994118
49.91984706
48.33162353
46.72376471
45.32292941
43.99505882
42.72015294
41.45376471
40.33182353
39.20125882
38.17715294
37.1974
36.31047059
35.49504706
34.71882353
34.01611765
33.28605882
32.62363529
31.95975294
31.33031765
30.69556471
30.04330588
29.45318824
28.92985882
28.42016471
27.83583529
54.17891765
56.60092941
58.70042353
60.52991765
61.78522353
62.61787059
62.86651765
62.62957647
62.02184706
60.98322353
59.68728235
58.20370588
56.72349412
55.11221176
53.51847059
51.93784706
50.20610588
48.74141176
47.23711765
45.85642353
44.55587059
43.31783529
42.10150588
40.98734118
39.90615294
38.92010588
37.93018824
37.06209412
36.21145882
35.38197647
34.65635294
33.94030588
33.23150588
32.54828235
31.91382353
31.28523529
30.70488235
30.13622353
29.58657647
29.04144706
51.40311765
53.80022353
56.00625882
57.98103529
59.64448235
61.02181176
61.72242353
62.0098
61.92057647
61.34575294
60.46364706
59.26478824
57.96449412
56.55509412
55.04127059
53.54271765
52.13444706
50.56447059
49.08954118
47.73369412
46.3896
45.11102353
43.89474118
42.71969412
41.60578824
40.55318824
39.56517647
38.59437647
37.74625882
36.91776471
36.12885882
35.34962353
34.61245882
33.91962353
33.26596471
32.64928235
32.00943529
31.36970588
30.74728235
30.16082353
48.55784706
50.92814118
53.08621176
55.36109412
57.2592
58.7226
59.9736
60.72674118
61.19341176
61.16521176
60.74215294
59.94128235
58.85770588
57.79391765
56.48501176
55.06016471
53.64570588
52.37098824
50.94174118
49.56158824
48.27272941
46.97504706
45.71652941
44.57817647
43.45991765
42.38427059
41.32341176
40.29865882
39.2756
38.36612941
37.58255294
36.80138824
36.0222
35.33177647
34.59836471
33.93012941
33.26812941
32.65128235
32.00756471
31.43122353
46.26963529
48.29347059
50.42861176
52.52321176
54.67298824
56.48261176
57.84511765
59.0736
59.83274118
60.15575294
60.27531765
60.07465882
59.33843529
58.50022353
57.53397647
56.42014118
55.16868235
53.84914118
52.54791765
51.23912941
49.96936471
48.73105882
47.51885882
46.28701176
45.18464706
44.07732941
42.9816
41.95688235
41.005
40.07294118
39.1438
38.30827059
37.55223529
36.75558824
35.93363529
35.19052941
34.49829412
33.82297647
33.16998824
32.53435294
44.34718824
46.07243529
48.01697647
49.98115294
52.00252941
54.01522353
55.74210588
57.12861176
58.35111765
59.18169412
59.58596471
59.75271765
59.69495294
59.11244706
58.49112941
57.57676471
56.43717647
55.40238824
54.11496471
52.93684706
51.68289412
50.40150588
49.23470588
48.0868
46.88021176
45.72245882
44.64771765
43.64198824
42.63344706
41.64108235
40.69503529
39.81254118
38.88631765
38.04184706
37.33861176
36.63157647
35.90301176
35.23292941
34.55134118
33.89043529
42.47301176
44.10456471
45.86871765
47.64537647
49.52136471
51.40694118
53.20902353
54.92755294
56.42445882
57.69095294
58.5376
59.09423529
59.35142353
59.30265882
58.77807059
58.2354
57.48344706
56.4392
55.43324706
54.31124706
53.09998824
51.92003529
50.76329412
49.6144
48.49995294
47.41610588
46.28421176
45.24845882
44.2524
43.30038824
42.31442353
41.34175294
40.50138824
39.65387059
38.81972941
38.06852941
37.35376471
36.63289412
35.89103529
35.26195294
40.98372941
42.26125882
43.75489412
45.42408235
47.11948235
48.95849412
50.81390588
52.52958824
54.11983529
55.61163529
56.77108235
57.62204706
58.20004706
58.54785882
58.54367059
58.36372941
57.86341176
57.29222353
56.53770588
55.57917647
54.64434118
53.56241176
52.41057647
51.28956471
50.26937647
49.08090588
47.95694118
46.93456471
45.90605882
44.85749412
43.97869412
43.10438824
42.15242353
41.25568235
40.39954118
39.55543529
38.83325882
38.10708235
37.37268235
36.55743529
39.57207059
40.69730588
42.00256471
43.48810588
45.04865882
46.71931765
48.45123529
50.16389412
51.86856471
53.41687059
54.84781176
56.12424706
56.98269412
57.66071765
58.10474118
58.17688235
58.16276471
57.72467059
57.19198824
56.52325882
55.71117647
54.77682353
53.76305882
52.75334118
51.68798824
50.7328
49.64909412
48.4952
47.45472941
46.50271765
45.56275294
44.5632
43.71275294
42.84282353
42.01990588
41.14475294
40.30375294
39.51762353
38.78858824
38.09002353
38.54745882
39.5058
40.58305882
41.75732941
43.09747059
44.55897647
46.07190588
47.80063529
49.43642353
51.0488
52.59338824
54.00962353
55.23638824
56.19102353
56.9534
57.39061176
57.61575294
57.65848235
57.42047059
57.05238824
56.50561176
55.7386
54.86902353
53.99547059
53.07861176
52.13432941
51.23627059
50.27016471
49.22265882
48.18084706
47.13298824
46.24148235
45.2706
44.39711765
43.48301176
42.64450588
41.74631765
40.94121176
40.19314118
39.48297647
37.46396471
38.23515294
39.16087059
40.18667059
41.38531765
42.71571765
44.17848235
45.55103529
47.15751765
48.77696471
50.32022353
51.82750588
53.22032941
54.51096471
55.52888235
56.31835294
56.81695294
57.11178824
57.20632941
57.13462353
56.81538824
56.47568235
55.98681176
55.18001176
54.27178824
53.46987059
52.55565882
51.64867059
50.70741176
49.78461176
48.84337647
47.79654118
46.81971765
45.86487059
45.02089412
44.1452
43.37976471
42.52762353
41.76556471
40.98643529
36.80276471
37.49305882
38.2444
39.12365882
40.08737647
41.16511765
42.34952941
43.7024
45.118
46.62628235
48.08130588
49.63996471
51.07989412
52.40792941
53.61528235
54.66249412
55.56507059
56.2106
56.61191765
56.75502353
56.81045882
56.72842353
56.32324706
55.83408235
55.27463529
54.50207059
53.6726
52.80869412
52.01649412
51.13054118
50.25796471
49.47221176
48.51481176
47.60857647
46.72154118
45.78738824
44.88476471
44.08792941
43.29524706
42.50601176
36.08544706
36.68677647
37.35661176
38.06116471
38.92998824
39.82947059
40.84904706
41.95083529
43.14571765
44.46517647
45.92609412
47.32187059
48.84075294
50.34927059
51.66376471
52.88690588
53.94251765
54.92827059
55.64088235
56.20417647
56.43694118
56.48861176
56.46776471
56.29148235
55.86530588
55.38831765
54.75007059
54.04682353
53.22272941
52.40330588
51.64804706
50.71741176
49.91954118
49.0928
48.21747059
47.37629412
46.58602353
45.62231765
44.69367059
43.90430588
35.43257647
35.91009412
36.44712941
37.05954118
37.76748235
38.58422353
39.4404
40.47578824
41.58067059
42.72748235
43.98888235
45.29469412
46.71048235
48.11343529
49.54194118
50.99937647
52.22932941
53.35910588
54.38634118
55.09015294
55.64178824
56.0502
56.22364706
56.25427059
56.11407059
55.81908235
55.42845882
54.88023529
54.27448235
53.63167059
52.86768235
52.11435294
51.31002353
50.39615294
49.56483529
48.71358824
47.85827059
47.08118824
46.26169412
45.38927059
35.02691765
35.36491765
35.82144706
36.30628235
36.93542353
37.59361176
38.35585882
39.22902353
40.13929412
41.15161176
42.24218824
43.45217647
44.78292941
46.0984
47.41385882
48.69011765
50.07587059
51.33650588
52.37954118
53.42494118
54.31588235
55.04211765
55.50905882
55.83361176
55.93347059
55.87169412
55.73037647
55.46105882
55.02412941
54.45532941
53.82235294
53.17735294
52.45081176
51.73442353
50.95662353
50.16732941
49.387
48.54075294
47.76064706
46.99443529
34.62292941
34.92744706
35.26727059
35.72850588
36.14804706
36.69928235
37.31331765
37.97512941
38.74338824
39.68136471
40.66630588
41.73354118
42.86176471
44.07624706
45.40155294
46.68850588
47.90823529
49.23412941
50.56869412
51.69344706
52.72898824
53.62909412
54.39437647
54.96492941
55.42810588
55.66484706
55.67695294
55.564
55.33998824
55.05348235
54.59252941
54.1268
53.57818824
52.93283529
52.18555294
51.44223529
50.70668235
49.9508
49.10237647
48.3192
34.37201176
34.62050588
34.85916471
35.14229412
35.56487059
36.02231765
36.54630588
37.16351765
37.80592941
38.45076471
39.29331765
40.23214118
41.20601176
42.25604706
43.4128
44.64348235
45.97275294
47.18867059
48.45251765
49.68083529
50.87574118
51.94870588
52.93703529
53.76096471
54.29618824
54.86105882
55.28756471
55.47069412
55.50831765
55.31335294
55.04363529
54.66007059
54.22983529
53.73695294
53.19082353
52.52582353
51.78023529
51.07074118
50.43881176
49.69378824
34.05530588
34.27102353
34.55152941
34.92347059
35.20254118
35.5606
35.99083529
36.45105882
37.04236471
37.66823529
38.27798824
39.00310588
39.85047059
40.75087059
41.80997647
42.85085882
44.00824706
45.24276471
46.44268235
47.71456471
48.97602353
50.05307059
51.16770588
52.29083529
53.22727059
53.84549412
54.28972941
54.69456471
55.06
55.22635294
55.23118824
55.05892941
54.71345882
54.36161176
53.98429412
53.50515294
52.96797647
52.38935294
51.67654118
50.90029412
33.81809412
33.98725882
34.22236471
34.42890588
34.72367059
35.02928235
35.42231765
35.82995294
36.21584706
36.747
37.28972941
37.9324
38.63715294
39.49804706
40.32555294
41.21814118
42.23010588
43.27427059
44.4034
45.55842353
46.69445882
47.97467059
49.11647059
50.19922353
51.28516471
52.28441176
53.15570588
53.81042353
54.20797647
54.53110588
54.81249412
54.9358
54.89148235
54.72441176
54.44834118
54.06885882
53.64243529
53.10712941
52.62012941
52.09717647
33.61463529
33.78605882
33.90402353
34.05781176
34.25465882
34.48432941
34.73603529
35.06837647
35.47721176
35.90189412
36.4146
36.94155294
37.52950588
38.19649412
38.94177647
39.82584706
40.70145882
41.61751765
42.68230588
43.76136471
44.89425882
46.0364
47.20774118
48.32441176
49.45592941
50.53317647
51.44628235
52.24771765
53.01884706
53.60664706
54.00847059
54.37702353
54.61462353
54.61285882
54.52154118
54.41507059
54.17898824
53.80441176
53.30891765
52.79565882
33.43371765
33.48265882
33.62257647
33.74856471
33.97215294
34.22421176
34.51614118
34.76701176
35.08896471
35.41849412
35.79401176
36.20949412
36.66916471
37.20908235
37.81830588
38.49294118
39.24595294
40.1
40.99016471
41.91650588
42.92202353
43.99288235
45.12368235
46.25654118
47.32628235
48.47263529
49.65168235
50.71198824
51.54232941
52.41101176
53.08481176
53.55418824
53.98918824
54.36450588
54.48087059
54.38111765
54.30362353
54.19189412
53.91714118
53.52782353
33.31895294
33.46102353
33.5906
33.75683529
33.89317647
34.01358824
34.16868235
34.36144706
34.57507059
34.86814118
35.19407059
35.56824706
35.9856
36.42992941
36.95834118
37.45591765
38.16988235
38.83387059
39.5936
40.43543529
41.31528235
42.29545882
43.29524706
44.36469412
45.51378824
46.58698824
47.66857647
48.75545882
49.83365882
50.79508235
51.69745882
52.42845882
53.06605882
53.54330588
53.99502353
54.25852941
54.3692
54.41350588
54.43564706
54.29909412
33.24542353
33.37282353
33.49858824
33.57862353
33.69503529
33.85014118
34.01722353
34.18978824
34.41249412
34.61601176
34.85170588
35.14425882
35.47303529
35.83316471
36.21108235
36.72036471
37.19888235
37.82118824
38.42201176
39.18522353
40.03448235
40.83023529
41.71737647
42.6292
43.62849412
44.69382353
45.75941176
46.8784
48.02784706
49.12892941
50.20001176
51.17932941
52.03795294
52.83315294
53.50114118
54.08104706
54.53069412
54.75142353
54.89524706
54.95291765
33.02264706
33.08584706
33.15194118
33.30263529
33.40651765
33.50925882
33.66951765
33.87990588
34.04810588
34.26135294
34.53703529
34.79721176
35.08648235
35.42667059
35.76869412
36.16607059
36.61334118
37.11509412
37.74209412
38.34087059
39.09750588
39.88451765
40.71935294
41.66598824
42.64292941
43.65422353
44.74637647
45.89161176
47.00630588
48.13488235
49.26551765
50.42448235
51.51895294
52.49696471
53.48801176
54.37142353
55.11682353
55.8172
56.34625882
56.73175294
)
;

boundaryField
{
    flow
    {
        type            calculated;
        value           nonuniform List<scalar> 
180
(
22.60885882
30.49311765
31.65902353
32.06074118
32.26227059
32.39382353
32.46302353
32.51310588
32.55958824
32.59184706
32.61747059
32.63974118
32.64565882
32.65218824
32.67732941
32.69577647
32.71063529
32.70028235
32.6808
32.70867059
32.72397647
32.71034118
32.75161176
32.73129412
32.70037647
32.75621176
32.72795294
32.72865882
32.72605882
32.75828235
32.72134118
32.73358824
32.72569412
32.75361176
32.73327059
32.72487059
32.71176471
32.72707059
32.73842353
32.74017647
32.75944706
32.73265882
32.73894118
32.74909412
32.76708235
32.73436471
32.72377647
32.74457647
32.75494118
32.73937647
32.74704706
32.74170588
32.74594118
32.74878824
32.73597647
32.78010588
32.72092941
32.7704
32.71568235
32.74114118
32.74114118
32.72678824
32.74151765
32.75850588
32.74157647
32.71430588
32.68577647
32.66392941
32.66576471
32.65988235
32.65185882
32.62882353
32.64969412
32.67391765
32.66922353
32.67218824
32.63785882
32.64536471
32.62669412
32.62303529
32.63489412
32.66091765
32.63905882
32.63698824
32.65563529
32.67778824
32.71991765
32.75903529
32.76872941
32.78831765
32.83883529
32.82052941
32.84177647
32.88418824
32.89809412
32.93031765
32.93565882
32.93796471
32.9714
32.99610588
33.02264706
33.08584706
33.15194118
33.30263529
33.40651765
33.50925882
33.66951765
33.87990588
34.04810588
34.26135294
34.53703529
34.79721176
35.08648235
35.42667059
35.76869412
36.16607059
36.61334118
37.11509412
37.74209412
38.34087059
39.09750588
39.88451765
40.71935294
41.66598824
42.64292941
43.65422353
44.74637647
45.89161176
47.00630588
48.13488235
49.26551765
50.42448235
51.51895294
52.49696471
53.48801176
54.37142353
55.11682353
55.8172
56.34625882
56.73175294
15.65848235
15.30409412
15.88223529
16.48132941
17.19912941
18.01605882
18.68434118
19.49381176
20.35661176
21.21449412
22.0658
22.88768235
23.82831765
24.80991765
25.74195294
26.8166
27.83583529
29.04144706
30.16082353
31.43122353
32.53435294
33.89043529
35.26195294
36.55743529
38.09002353
39.48297647
40.98643529
42.50601176
43.90430588
45.38927059
46.99443529
48.3192
49.69378824
50.90029412
52.09717647
52.79565882
53.52782353
54.29909412
54.95291765
56.73175294
)
;
    }
    cylinder
    {
        type            calculated;
        value           uniform 0;
    }
    wedgeFront
    {
        type            symmetry;
    }
    wedgeBack
    {
        type            symmetry;
    }
    defaultFaces
    {
        type            empty;
    }
}


// ************************************************************************* //
