# Probe 0 (5e-06 5e-06 5e-06)
#           Probe                 0
#            Time
            1e-08       1.00001e+23
            2e-08       1.00001e+23
            3e-08       1.00001e+23
            4e-08       1.00001e+23
            5e-08       1.00001e+23
            6e-08       1.00001e+23
            7e-08       1.00001e+23
            8e-08       1.00001e+23
            9e-08       1.00001e+23
            1e-07       1.00001e+23
          1.1e-07       1.00001e+23
          1.2e-07       1.00001e+23
          1.3e-07       1.00001e+23
          1.4e-07       1.00001e+23
          1.5e-07       1.00001e+23
          1.6e-07       1.00001e+23
          1.7e-07       1.00001e+23
          1.8e-07       1.00001e+23
          1.9e-07       1.00001e+23
            2e-07       1.00001e+23
          2.1e-07       1.00001e+23
          2.2e-07       1.00001e+23
          2.3e-07       1.00001e+23
          2.4e-07       1.00001e+23
          2.5e-07       1.00001e+23
          2.6e-07       1.00001e+23
          2.7e-07       1.00001e+23
          2.8e-07       1.00001e+23
          2.9e-07       1.00001e+23
            3e-07       1.00001e+23
          3.1e-07       1.00001e+23
          3.2e-07       1.00001e+23
          3.3e-07       1.00001e+23
          3.4e-07       1.00001e+23
          3.5e-07       1.00001e+23
          3.6e-07       1.00001e+23
          3.7e-07       1.00001e+23
          3.8e-07       1.00001e+23
          3.9e-07       1.00001e+23
            4e-07       1.00001e+23
          4.1e-07       1.00001e+23
          4.2e-07       1.00001e+23
          4.3e-07       1.00001e+23
          4.4e-07       1.00001e+23
          4.5e-07       1.00001e+23
          4.6e-07       1.00001e+23
          4.7e-07       1.00001e+23
          4.8e-07       1.00001e+23
          4.9e-07       1.00001e+23
            5e-07       1.00001e+23
          5.1e-07       1.00001e+23
          5.2e-07       1.00001e+23
          5.3e-07       1.00001e+23
          5.4e-07       1.00001e+23
          5.5e-07       1.00001e+23
          5.6e-07       1.00001e+23
          5.7e-07       1.00001e+23
          5.8e-07       1.00001e+23
          5.9e-07       1.00001e+23
            6e-07       1.00001e+23
          6.1e-07       1.00001e+23
          6.2e-07       1.00001e+23
          6.3e-07       1.00001e+23
          6.4e-07       1.00001e+23
          6.5e-07       1.00001e+23
          6.6e-07       1.00001e+23
          6.7e-07       1.00001e+23
          6.8e-07       1.00001e+23
          6.9e-07       1.00001e+23
            7e-07       1.00001e+23
          7.1e-07       1.00001e+23
          7.2e-07       1.00001e+23
          7.3e-07       1.00001e+23
          7.4e-07       1.00001e+23
          7.5e-07       1.00001e+23
          7.6e-07       1.00001e+23
          7.7e-07       1.00001e+23
          7.8e-07       1.00001e+23
          7.9e-07       1.00001e+23
            8e-07       1.00001e+23
          8.1e-07       1.00001e+23
          8.2e-07       1.00001e+23
          8.3e-07       1.00001e+23
          8.4e-07       1.00001e+23
          8.5e-07       1.00001e+23
          8.6e-07       1.00001e+23
          8.7e-07       1.00001e+23
          8.8e-07       1.00001e+23
          8.9e-07       1.00001e+23
            9e-07       1.00001e+23
          9.1e-07       1.00001e+23
          9.2e-07       1.00001e+23
          9.3e-07       1.00001e+23
          9.4e-07       1.00001e+23
          9.5e-07       1.00001e+23
          9.6e-07       1.00001e+23
          9.7e-07       1.00001e+23
          9.8e-07       1.00001e+23
          9.9e-07       1.00001e+23
            1e-06       1.00001e+23
         1.01e-06       1.00001e+23
         1.02e-06       1.00001e+23
         1.03e-06       1.00001e+23
         1.04e-06       1.00001e+23
         1.05e-06       1.00001e+23
         1.06e-06       1.00001e+23
         1.07e-06       1.00001e+23
         1.08e-06       1.00001e+23
         1.09e-06       1.00001e+23
          1.1e-06       1.00001e+23
         1.11e-06       1.00001e+23
         1.12e-06       1.00001e+23
         1.13e-06       1.00001e+23
         1.14e-06       1.00001e+23
         1.15e-06       1.00001e+23
         1.16e-06       1.00001e+23
         1.17e-06       1.00001e+23
         1.18e-06       1.00001e+23
         1.19e-06       1.00001e+23
          1.2e-06       1.00001e+23
         1.21e-06       1.00001e+23
         1.22e-06       1.00001e+23
         1.23e-06       1.00001e+23
         1.24e-06       1.00001e+23
         1.25e-06       1.00001e+23
         1.26e-06       1.00001e+23
         1.27e-06       1.00001e+23
         1.28e-06       1.00001e+23
         1.29e-06       1.00001e+23
          1.3e-06       1.00001e+23
         1.31e-06       1.00001e+23
         1.32e-06       1.00001e+23
         1.33e-06       1.00001e+23
         1.34e-06       1.00001e+23
         1.35e-06       1.00001e+23
         1.36e-06       1.00001e+23
         1.37e-06       1.00001e+23
         1.38e-06       1.00001e+23
         1.39e-06       1.00001e+23
          1.4e-06       1.00001e+23
         1.41e-06       1.00001e+23
         1.42e-06       1.00001e+23
         1.43e-06       1.00001e+23
         1.44e-06       1.00001e+23
         1.45e-06       1.00001e+23
         1.46e-06       1.00001e+23
         1.47e-06       1.00001e+23
         1.48e-06       1.00001e+23
         1.49e-06       1.00001e+23
          1.5e-06       1.00001e+23
         1.51e-06       1.00001e+23
         1.52e-06       1.00001e+23
         1.53e-06       1.00001e+23
         1.54e-06       1.00001e+23
         1.55e-06       1.00001e+23
         1.56e-06       1.00001e+23
         1.57e-06       1.00001e+23
         1.58e-06       1.00001e+23
         1.59e-06       1.00001e+23
          1.6e-06       1.00001e+23
         1.61e-06       1.00001e+23
         1.62e-06       1.00001e+23
         1.63e-06       1.00001e+23
         1.64e-06       1.00001e+23
         1.65e-06       1.00001e+23
         1.66e-06       1.00001e+23
         1.67e-06       1.00001e+23
         1.68e-06       1.00001e+23
         1.69e-06       1.00001e+23
          1.7e-06       1.00001e+23
         1.71e-06       1.00001e+23
         1.72e-06       1.00001e+23
         1.73e-06       1.00001e+23
         1.74e-06       1.00001e+23
         1.75e-06       1.00001e+23
         1.76e-06       1.00001e+23
         1.77e-06       1.00001e+23
         1.78e-06       1.00001e+23
         1.79e-06       1.00001e+23
          1.8e-06       1.00001e+23
         1.81e-06       1.00001e+23
         1.82e-06       1.00001e+23
         1.83e-06       1.00001e+23
         1.84e-06       1.00001e+23
         1.85e-06       1.00001e+23
         1.86e-06       1.00001e+23
         1.87e-06       1.00001e+23
         1.88e-06       1.00001e+23
         1.89e-06       1.00001e+23
          1.9e-06       1.00001e+23
         1.91e-06       1.00001e+23
         1.92e-06       1.00001e+23
         1.93e-06       1.00001e+23
         1.94e-06       1.00001e+23
         1.95e-06       1.00001e+23
         1.96e-06       1.00001e+23
         1.97e-06       1.00001e+23
         1.98e-06       1.00001e+23
         1.99e-06       1.00001e+23
            2e-06       1.00001e+23
         2.01e-06       1.00001e+23
         2.02e-06       1.00001e+23
         2.03e-06       1.00001e+23
         2.04e-06       1.00001e+23
         2.05e-06       1.00001e+23
         2.06e-06       1.00001e+23
         2.07e-06       1.00001e+23
         2.08e-06       1.00001e+23
         2.09e-06       1.00001e+23
          2.1e-06       1.00001e+23
         2.11e-06       1.00001e+23
         2.12e-06       1.00001e+23
         2.13e-06       1.00001e+23
         2.14e-06       1.00001e+23
         2.15e-06       1.00001e+23
         2.16e-06       1.00001e+23
         2.17e-06       1.00001e+23
         2.18e-06       1.00001e+23
         2.19e-06       1.00001e+23
          2.2e-06       1.00001e+23
         2.21e-06       1.00001e+23
         2.22e-06       1.00001e+23
         2.23e-06       1.00001e+23
         2.24e-06       1.00001e+23
         2.25e-06       1.00001e+23
         2.26e-06       1.00001e+23
         2.27e-06       1.00001e+23
         2.28e-06       1.00001e+23
         2.29e-06       1.00001e+23
          2.3e-06       1.00001e+23
         2.31e-06       1.00001e+23
         2.32e-06       1.00001e+23
         2.33e-06       1.00001e+23
         2.34e-06       1.00001e+23
         2.35e-06       1.00001e+23
         2.36e-06       1.00001e+23
         2.37e-06       1.00001e+23
         2.38e-06       1.00001e+23
         2.39e-06       1.00001e+23
          2.4e-06       1.00001e+23
         2.41e-06       1.00001e+23
         2.42e-06       1.00001e+23
         2.43e-06       1.00001e+23
         2.44e-06       1.00001e+23
         2.45e-06       1.00001e+23
         2.46e-06       1.00001e+23
         2.47e-06       1.00001e+23
         2.48e-06       1.00001e+23
         2.49e-06       1.00001e+23
          2.5e-06       1.00001e+23
         2.51e-06       1.00001e+23
         2.52e-06       1.00001e+23
         2.53e-06       1.00001e+23
         2.54e-06       1.00001e+23
         2.55e-06       1.00001e+23
         2.56e-06       1.00001e+23
         2.57e-06       1.00001e+23
         2.58e-06       1.00001e+23
         2.59e-06       1.00001e+23
          2.6e-06       1.00001e+23
         2.61e-06       1.00001e+23
         2.62e-06       1.00001e+23
         2.63e-06       1.00001e+23
         2.64e-06       1.00001e+23
         2.65e-06       1.00001e+23
         2.66e-06       1.00001e+23
         2.67e-06       1.00001e+23
         2.68e-06       1.00001e+23
         2.69e-06       1.00001e+23
          2.7e-06       1.00001e+23
         2.71e-06       1.00001e+23
         2.72e-06       1.00001e+23
         2.73e-06       1.00001e+23
         2.74e-06       1.00001e+23
         2.75e-06       1.00001e+23
         2.76e-06       1.00001e+23
         2.77e-06       1.00001e+23
         2.78e-06       1.00001e+23
         2.79e-06       1.00001e+23
          2.8e-06       1.00001e+23
         2.81e-06       1.00001e+23
         2.82e-06       1.00001e+23
         2.83e-06       1.00001e+23
         2.84e-06       1.00001e+23
         2.85e-06       1.00001e+23
         2.86e-06       1.00001e+23
         2.87e-06       1.00001e+23
         2.88e-06       1.00001e+23
         2.89e-06       1.00001e+23
          2.9e-06       1.00001e+23
         2.91e-06       1.00001e+23
         2.92e-06       1.00001e+23
         2.93e-06       1.00001e+23
         2.94e-06       1.00001e+23
         2.95e-06       1.00001e+23
         2.96e-06       1.00001e+23
         2.97e-06       1.00001e+23
         2.98e-06       1.00001e+23
         2.99e-06       1.00001e+23
            3e-06       1.00001e+23
         3.01e-06       1.00001e+23
         3.02e-06       1.00001e+23
         3.03e-06       1.00001e+23
         3.04e-06       1.00001e+23
         3.05e-06       1.00001e+23
         3.06e-06       1.00001e+23
         3.07e-06       1.00001e+23
         3.08e-06       1.00001e+23
         3.09e-06       1.00001e+23
          3.1e-06       1.00001e+23
         3.11e-06       1.00001e+23
         3.12e-06       1.00001e+23
         3.13e-06       1.00001e+23
         3.14e-06       1.00001e+23
         3.15e-06       1.00001e+23
         3.16e-06       1.00001e+23
         3.17e-06       1.00001e+23
         3.18e-06       1.00001e+23
         3.19e-06       1.00001e+23
          3.2e-06       1.00001e+23
         3.21e-06       1.00001e+23
         3.22e-06       1.00001e+23
         3.23e-06       1.00001e+23
         3.24e-06       1.00001e+23
         3.25e-06       1.00001e+23
         3.26e-06       1.00001e+23
         3.27e-06       1.00001e+23
         3.28e-06       1.00001e+23
         3.29e-06       1.00001e+23
          3.3e-06       1.00001e+23
         3.31e-06       1.00001e+23
         3.32e-06       1.00001e+23
         3.33e-06       1.00001e+23
         3.34e-06       1.00001e+23
         3.35e-06       1.00001e+23
         3.36e-06       1.00001e+23
         3.37e-06       1.00001e+23
         3.38e-06       1.00001e+23
         3.39e-06       1.00001e+23
          3.4e-06       1.00001e+23
         3.41e-06       1.00001e+23
         3.42e-06       1.00001e+23
         3.43e-06       1.00001e+23
         3.44e-06       1.00001e+23
         3.45e-06       1.00001e+23
         3.46e-06       1.00001e+23
         3.47e-06       1.00001e+23
         3.48e-06       1.00001e+23
         3.49e-06       1.00001e+23
          3.5e-06       1.00001e+23
         3.51e-06       1.00001e+23
         3.52e-06       1.00001e+23
         3.53e-06       1.00001e+23
         3.54e-06       1.00001e+23
         3.55e-06       1.00001e+23
         3.56e-06       1.00001e+23
         3.57e-06       1.00001e+23
         3.58e-06       1.00001e+23
         3.59e-06       1.00001e+23
          3.6e-06       1.00001e+23
         3.61e-06       1.00001e+23
         3.62e-06       1.00001e+23
         3.63e-06       1.00001e+23
         3.64e-06       1.00001e+23
         3.65e-06       1.00001e+23
         3.66e-06       1.00001e+23
         3.67e-06       1.00001e+23
         3.68e-06       1.00001e+23
         3.69e-06       1.00001e+23
          3.7e-06       1.00001e+23
         3.71e-06       1.00001e+23
         3.72e-06       1.00001e+23
         3.73e-06       1.00001e+23
         3.74e-06       1.00001e+23
         3.75e-06       1.00001e+23
         3.76e-06       1.00001e+23
         3.77e-06       1.00001e+23
         3.78e-06       1.00001e+23
         3.79e-06       1.00001e+23
          3.8e-06       1.00001e+23
         3.81e-06       1.00001e+23
         3.82e-06       1.00001e+23
         3.83e-06       1.00001e+23
         3.84e-06       1.00001e+23
         3.85e-06       1.00001e+23
         3.86e-06       1.00001e+23
         3.87e-06       1.00001e+23
         3.88e-06       1.00001e+23
         3.89e-06       1.00001e+23
          3.9e-06       1.00001e+23
         3.91e-06       1.00001e+23
         3.92e-06       1.00001e+23
         3.93e-06       1.00001e+23
         3.94e-06       1.00001e+23
         3.95e-06       1.00001e+23
         3.96e-06       1.00001e+23
         3.97e-06       1.00001e+23
         3.98e-06       1.00001e+23
         3.99e-06       1.00001e+23
            4e-06       1.00001e+23
         4.01e-06       1.00001e+23
         4.02e-06       1.00001e+23
         4.03e-06       1.00001e+23
         4.04e-06       1.00001e+23
         4.05e-06       1.00001e+23
         4.06e-06       1.00001e+23
         4.07e-06       1.00001e+23
         4.08e-06       1.00001e+23
         4.09e-06       1.00001e+23
          4.1e-06       1.00001e+23
         4.11e-06       1.00001e+23
         4.12e-06       1.00001e+23
         4.13e-06       1.00001e+23
         4.14e-06       1.00001e+23
         4.15e-06       1.00001e+23
         4.16e-06       1.00001e+23
         4.17e-06       1.00001e+23
         4.18e-06       1.00001e+23
         4.19e-06       1.00001e+23
          4.2e-06       1.00001e+23
         4.21e-06       1.00001e+23
         4.22e-06       1.00001e+23
         4.23e-06       1.00001e+23
         4.24e-06       1.00001e+23
         4.25e-06       1.00001e+23
         4.26e-06       1.00001e+23
         4.27e-06       1.00001e+23
         4.28e-06       1.00001e+23
         4.29e-06       1.00001e+23
          4.3e-06       1.00001e+23
         4.31e-06       1.00001e+23
         4.32e-06       1.00001e+23
         4.33e-06       1.00001e+23
         4.34e-06       1.00001e+23
         4.35e-06       1.00001e+23
         4.36e-06       1.00001e+23
         4.37e-06       1.00001e+23
         4.38e-06       1.00001e+23
         4.39e-06       1.00001e+23
          4.4e-06       1.00001e+23
         4.41e-06       1.00001e+23
         4.42e-06       1.00001e+23
         4.43e-06       1.00001e+23
         4.44e-06       1.00001e+23
         4.45e-06       1.00001e+23
         4.46e-06       1.00001e+23
         4.47e-06       1.00001e+23
         4.48e-06       1.00001e+23
         4.49e-06       1.00001e+23
          4.5e-06       1.00001e+23
         4.51e-06       1.00001e+23
         4.52e-06       1.00001e+23
         4.53e-06       1.00001e+23
         4.54e-06       1.00001e+23
         4.55e-06       1.00001e+23
         4.56e-06       1.00001e+23
         4.57e-06       1.00001e+23
         4.58e-06       1.00001e+23
         4.59e-06       1.00001e+23
          4.6e-06       1.00001e+23
         4.61e-06       1.00001e+23
         4.62e-06       1.00001e+23
         4.63e-06       1.00001e+23
         4.64e-06       1.00001e+23
         4.65e-06       1.00001e+23
         4.66e-06       1.00001e+23
         4.67e-06       1.00001e+23
         4.68e-06       1.00001e+23
         4.69e-06       1.00001e+23
          4.7e-06       1.00001e+23
         4.71e-06       1.00001e+23
         4.72e-06       1.00001e+23
         4.73e-06       1.00001e+23
         4.74e-06       1.00001e+23
         4.75e-06       1.00001e+23
         4.76e-06       1.00001e+23
         4.77e-06       1.00001e+23
         4.78e-06       1.00001e+23
         4.79e-06       1.00001e+23
          4.8e-06       1.00001e+23
         4.81e-06       1.00001e+23
         4.82e-06       1.00001e+23
         4.83e-06       1.00001e+23
         4.84e-06       1.00001e+23
         4.85e-06       1.00001e+23
         4.86e-06       1.00001e+23
         4.87e-06       1.00001e+23
         4.88e-06       1.00001e+23
         4.89e-06       1.00001e+23
          4.9e-06       1.00001e+23
         4.91e-06       1.00001e+23
         4.92e-06       1.00001e+23
         4.93e-06       1.00001e+23
         4.94e-06       1.00001e+23
         4.95e-06       1.00001e+23
         4.96e-06       1.00001e+23
         4.97e-06       1.00001e+23
         4.98e-06       1.00001e+23
         4.99e-06       1.00001e+23
            5e-06       1.00001e+23
         5.01e-06       1.00001e+23
         5.02e-06       1.00001e+23
         5.03e-06       1.00001e+23
         5.04e-06       1.00001e+23
         5.05e-06       1.00001e+23
         5.06e-06       1.00001e+23
         5.07e-06       1.00001e+23
         5.08e-06       1.00001e+23
         5.09e-06       1.00001e+23
          5.1e-06       1.00001e+23
         5.11e-06       1.00001e+23
         5.12e-06       1.00001e+23
         5.13e-06       1.00001e+23
         5.14e-06       1.00001e+23
         5.15e-06       1.00001e+23
         5.16e-06       1.00001e+23
         5.17e-06       1.00001e+23
         5.18e-06       1.00001e+23
         5.19e-06       1.00001e+23
          5.2e-06       1.00001e+23
         5.21e-06       1.00001e+23
         5.22e-06       1.00001e+23
         5.23e-06       1.00001e+23
         5.24e-06       1.00001e+23
         5.25e-06       1.00001e+23
         5.26e-06       1.00001e+23
         5.27e-06       1.00001e+23
         5.28e-06       1.00001e+23
         5.29e-06       1.00001e+23
          5.3e-06       1.00001e+23
         5.31e-06       1.00001e+23
         5.32e-06       1.00001e+23
         5.33e-06       1.00001e+23
         5.34e-06       1.00001e+23
         5.35e-06       1.00001e+23
         5.36e-06       1.00001e+23
         5.37e-06       1.00001e+23
         5.38e-06       1.00001e+23
         5.39e-06       1.00001e+23
          5.4e-06       1.00001e+23
         5.41e-06       1.00001e+23
         5.42e-06       1.00001e+23
         5.43e-06       1.00001e+23
         5.44e-06       1.00001e+23
         5.45e-06       1.00001e+23
         5.46e-06       1.00001e+23
         5.47e-06       1.00001e+23
         5.48e-06       1.00001e+23
         5.49e-06       1.00001e+23
          5.5e-06       1.00001e+23
         5.51e-06       1.00001e+23
         5.52e-06       1.00001e+23
         5.53e-06       1.00001e+23
         5.54e-06       1.00001e+23
         5.55e-06       1.00001e+23
         5.56e-06       1.00001e+23
         5.57e-06       1.00001e+23
         5.58e-06       1.00001e+23
         5.59e-06       1.00001e+23
          5.6e-06       1.00001e+23
         5.61e-06       1.00001e+23
         5.62e-06       1.00001e+23
         5.63e-06       1.00001e+23
         5.64e-06       1.00001e+23
         5.65e-06       1.00001e+23
         5.66e-06       1.00001e+23
         5.67e-06       1.00001e+23
         5.68e-06       1.00001e+23
         5.69e-06       1.00001e+23
          5.7e-06       1.00001e+23
         5.71e-06       1.00001e+23
         5.72e-06       1.00001e+23
         5.73e-06       1.00001e+23
         5.74e-06       1.00001e+23
         5.75e-06       1.00001e+23
         5.76e-06       1.00001e+23
         5.77e-06       1.00001e+23
         5.78e-06       1.00001e+23
         5.79e-06       1.00001e+23
          5.8e-06       1.00001e+23
         5.81e-06       1.00001e+23
         5.82e-06       1.00001e+23
         5.83e-06       1.00001e+23
         5.84e-06       1.00001e+23
         5.85e-06       1.00001e+23
         5.86e-06       1.00001e+23
         5.87e-06       1.00001e+23
         5.88e-06       1.00001e+23
         5.89e-06       1.00001e+23
          5.9e-06       1.00001e+23
         5.91e-06       1.00001e+23
         5.92e-06       1.00001e+23
         5.93e-06       1.00001e+23
         5.94e-06       1.00001e+23
         5.95e-06       1.00001e+23
         5.96e-06       1.00001e+23
         5.97e-06       1.00001e+23
         5.98e-06       1.00001e+23
         5.99e-06       1.00001e+23
            6e-06       1.00001e+23
         6.01e-06       1.00001e+23
         6.02e-06       1.00001e+23
         6.03e-06       1.00001e+23
         6.04e-06       1.00001e+23
         6.05e-06       1.00001e+23
         6.06e-06       1.00001e+23
         6.07e-06       1.00001e+23
         6.08e-06       1.00001e+23
         6.09e-06       1.00001e+23
          6.1e-06       1.00001e+23
         6.11e-06       1.00001e+23
         6.12e-06       1.00001e+23
         6.13e-06       1.00001e+23
         6.14e-06       1.00001e+23
         6.15e-06       1.00001e+23
         6.16e-06       1.00001e+23
         6.17e-06       1.00001e+23
         6.18e-06       1.00001e+23
         6.19e-06       1.00001e+23
          6.2e-06       1.00001e+23
         6.21e-06       1.00001e+23
         6.22e-06       1.00001e+23
         6.23e-06       1.00001e+23
         6.24e-06       1.00001e+23
         6.25e-06       1.00001e+23
         6.26e-06       1.00001e+23
         6.27e-06       1.00001e+23
         6.28e-06       1.00001e+23
         6.29e-06       1.00001e+23
          6.3e-06       1.00001e+23
         6.31e-06       1.00001e+23
         6.32e-06       1.00001e+23
         6.33e-06       1.00001e+23
         6.34e-06       1.00001e+23
         6.35e-06       1.00001e+23
         6.36e-06       1.00001e+23
         6.37e-06       1.00001e+23
         6.38e-06       1.00001e+23
         6.39e-06       1.00001e+23
          6.4e-06       1.00001e+23
         6.41e-06       1.00001e+23
         6.42e-06       1.00001e+23
         6.43e-06       1.00001e+23
         6.44e-06       1.00001e+23
         6.45e-06       1.00001e+23
         6.46e-06       1.00001e+23
         6.47e-06       1.00001e+23
         6.48e-06       1.00001e+23
         6.49e-06       1.00001e+23
          6.5e-06       1.00001e+23
         6.51e-06       1.00001e+23
         6.52e-06       1.00001e+23
         6.53e-06       1.00001e+23
         6.54e-06       1.00001e+23
         6.55e-06       1.00001e+23
         6.56e-06       1.00001e+23
         6.57e-06       1.00001e+23
         6.58e-06       1.00001e+23
         6.59e-06       1.00001e+23
          6.6e-06       1.00001e+23
         6.61e-06       1.00001e+23
         6.62e-06       1.00001e+23
         6.63e-06       1.00001e+23
         6.64e-06       1.00001e+23
         6.65e-06       1.00001e+23
         6.66e-06       1.00001e+23
         6.67e-06       1.00001e+23
         6.68e-06       1.00001e+23
         6.69e-06       1.00001e+23
          6.7e-06       1.00001e+23
         6.71e-06       1.00001e+23
         6.72e-06       1.00001e+23
         6.73e-06       1.00001e+23
         6.74e-06       1.00001e+23
         6.75e-06       1.00001e+23
         6.76e-06       1.00001e+23
         6.77e-06       1.00001e+23
         6.78e-06       1.00001e+23
         6.79e-06       1.00001e+23
          6.8e-06       1.00001e+23
         6.81e-06       1.00001e+23
         6.82e-06       1.00001e+23
         6.83e-06       1.00001e+23
         6.84e-06       1.00001e+23
         6.85e-06       1.00001e+23
         6.86e-06       1.00001e+23
         6.87e-06       1.00001e+23
         6.88e-06       1.00001e+23
         6.89e-06       1.00001e+23
          6.9e-06       1.00001e+23
         6.91e-06       1.00001e+23
         6.92e-06       1.00001e+23
         6.93e-06       1.00001e+23
         6.94e-06       1.00001e+23
         6.95e-06       1.00001e+23
         6.96e-06       1.00001e+23
         6.97e-06       1.00001e+23
         6.98e-06       1.00001e+23
         6.99e-06       1.00001e+23
            7e-06       1.00001e+23
         7.01e-06       1.00001e+23
         7.02e-06       1.00001e+23
         7.03e-06       1.00001e+23
         7.04e-06       1.00001e+23
         7.05e-06       1.00001e+23
         7.06e-06       1.00001e+23
         7.07e-06       1.00001e+23
         7.08e-06       1.00001e+23
         7.09e-06       1.00001e+23
          7.1e-06       1.00001e+23
         7.11e-06       1.00001e+23
         7.12e-06       1.00001e+23
         7.13e-06       1.00001e+23
         7.14e-06       1.00001e+23
         7.15e-06       1.00001e+23
         7.16e-06       1.00001e+23
         7.17e-06       1.00001e+23
         7.18e-06       1.00001e+23
         7.19e-06       1.00001e+23
          7.2e-06       1.00001e+23
         7.21e-06       1.00001e+23
         7.22e-06       1.00001e+23
         7.23e-06       1.00001e+23
         7.24e-06       1.00001e+23
         7.25e-06       1.00001e+23
         7.26e-06       1.00001e+23
         7.27e-06       1.00001e+23
         7.28e-06       1.00001e+23
         7.29e-06       1.00001e+23
          7.3e-06       1.00001e+23
         7.31e-06       1.00001e+23
         7.32e-06       1.00001e+23
         7.33e-06       1.00001e+23
         7.34e-06       1.00001e+23
         7.35e-06       1.00001e+23
         7.36e-06       1.00001e+23
         7.37e-06       1.00001e+23
         7.38e-06       1.00001e+23
         7.39e-06       1.00001e+23
          7.4e-06       1.00001e+23
         7.41e-06       1.00001e+23
         7.42e-06       1.00001e+23
         7.43e-06       1.00001e+23
         7.44e-06       1.00001e+23
         7.45e-06       1.00001e+23
         7.46e-06       1.00001e+23
         7.47e-06       1.00001e+23
         7.48e-06       1.00001e+23
         7.49e-06       1.00001e+23
          7.5e-06       1.00001e+23
         7.51e-06       1.00001e+23
         7.52e-06       1.00001e+23
         7.53e-06       1.00001e+23
         7.54e-06       1.00001e+23
         7.55e-06       1.00001e+23
         7.56e-06       1.00001e+23
         7.57e-06       1.00001e+23
         7.58e-06       1.00001e+23
         7.59e-06       1.00001e+23
          7.6e-06       1.00001e+23
         7.61e-06       1.00001e+23
         7.62e-06       1.00001e+23
         7.63e-06       1.00001e+23
         7.64e-06       1.00001e+23
         7.65e-06       1.00001e+23
         7.66e-06       1.00001e+23
         7.67e-06       1.00001e+23
         7.68e-06       1.00001e+23
         7.69e-06       1.00001e+23
          7.7e-06       1.00001e+23
         7.71e-06       1.00001e+23
         7.72e-06       1.00001e+23
         7.73e-06       1.00001e+23
         7.74e-06       1.00001e+23
         7.75e-06       1.00001e+23
         7.76e-06       1.00001e+23
         7.77e-06       1.00001e+23
         7.78e-06       1.00001e+23
         7.79e-06       1.00001e+23
          7.8e-06       1.00001e+23
         7.81e-06       1.00001e+23
         7.82e-06       1.00001e+23
         7.83e-06       1.00001e+23
         7.84e-06       1.00001e+23
         7.85e-06       1.00001e+23
         7.86e-06       1.00001e+23
         7.87e-06       1.00001e+23
         7.88e-06       1.00001e+23
         7.89e-06       1.00001e+23
          7.9e-06       1.00001e+23
         7.91e-06       1.00001e+23
         7.92e-06       1.00001e+23
         7.93e-06       1.00001e+23
         7.94e-06       1.00001e+23
         7.95e-06       1.00001e+23
         7.96e-06       1.00001e+23
         7.97e-06       1.00001e+23
         7.98e-06       1.00001e+23
         7.99e-06       1.00001e+23
            8e-06       1.00001e+23
         8.01e-06       1.00001e+23
         8.02e-06       1.00001e+23
         8.03e-06       1.00001e+23
         8.04e-06       1.00001e+23
         8.05e-06       1.00001e+23
         8.06e-06       1.00001e+23
         8.07e-06       1.00001e+23
         8.08e-06       1.00001e+23
         8.09e-06       1.00001e+23
          8.1e-06       1.00001e+23
         8.11e-06       1.00001e+23
         8.12e-06       1.00001e+23
         8.13e-06       1.00001e+23
         8.14e-06       1.00001e+23
         8.15e-06       1.00001e+23
         8.16e-06       1.00001e+23
         8.17e-06       1.00001e+23
         8.18e-06       1.00001e+23
         8.19e-06       1.00001e+23
          8.2e-06       1.00001e+23
         8.21e-06       1.00001e+23
         8.22e-06       1.00001e+23
         8.23e-06       1.00001e+23
         8.24e-06       1.00001e+23
         8.25e-06       1.00001e+23
         8.26e-06       1.00001e+23
         8.27e-06       1.00001e+23
         8.28e-06       1.00001e+23
         8.29e-06       1.00001e+23
          8.3e-06       1.00001e+23
         8.31e-06       1.00001e+23
         8.32e-06       1.00001e+23
         8.33e-06       1.00001e+23
         8.34e-06       1.00001e+23
         8.35e-06       1.00001e+23
         8.36e-06       1.00001e+23
         8.37e-06       1.00001e+23
         8.38e-06       1.00001e+23
         8.39e-06       1.00001e+23
          8.4e-06       1.00001e+23
         8.41e-06       1.00001e+23
         8.42e-06       1.00001e+23
         8.43e-06       1.00001e+23
         8.44e-06       1.00001e+23
         8.45e-06       1.00001e+23
         8.46e-06       1.00001e+23
         8.47e-06       1.00001e+23
         8.48e-06       1.00001e+23
         8.49e-06       1.00001e+23
          8.5e-06       1.00001e+23
         8.51e-06       1.00001e+23
         8.52e-06       1.00001e+23
         8.53e-06       1.00001e+23
         8.54e-06       1.00001e+23
         8.55e-06       1.00001e+23
         8.56e-06       1.00001e+23
         8.57e-06       1.00001e+23
         8.58e-06       1.00001e+23
         8.59e-06       1.00001e+23
          8.6e-06       1.00001e+23
         8.61e-06       1.00001e+23
         8.62e-06       1.00001e+23
         8.63e-06       1.00001e+23
         8.64e-06       1.00001e+23
         8.65e-06       1.00001e+23
         8.66e-06       1.00001e+23
         8.67e-06       1.00001e+23
         8.68e-06       1.00001e+23
         8.69e-06       1.00001e+23
          8.7e-06       1.00001e+23
         8.71e-06       1.00001e+23
         8.72e-06       1.00001e+23
         8.73e-06       1.00001e+23
         8.74e-06       1.00001e+23
         8.75e-06       1.00001e+23
         8.76e-06       1.00001e+23
         8.77e-06       1.00001e+23
         8.78e-06       1.00001e+23
         8.79e-06       1.00001e+23
          8.8e-06       1.00001e+23
         8.81e-06       1.00001e+23
         8.82e-06       1.00001e+23
         8.83e-06       1.00001e+23
         8.84e-06       1.00001e+23
         8.85e-06       1.00001e+23
         8.86e-06       1.00001e+23
         8.87e-06       1.00001e+23
         8.88e-06       1.00001e+23
         8.89e-06       1.00001e+23
          8.9e-06       1.00001e+23
         8.91e-06       1.00001e+23
         8.92e-06       1.00001e+23
         8.93e-06       1.00001e+23
         8.94e-06       1.00001e+23
         8.95e-06       1.00001e+23
         8.96e-06       1.00001e+23
         8.97e-06       1.00001e+23
         8.98e-06       1.00001e+23
         8.99e-06       1.00001e+23
            9e-06       1.00001e+23
         9.01e-06       1.00001e+23
         9.02e-06       1.00001e+23
         9.03e-06       1.00001e+23
         9.04e-06       1.00001e+23
         9.05e-06       1.00001e+23
         9.06e-06       1.00001e+23
         9.07e-06       1.00001e+23
         9.08e-06       1.00001e+23
         9.09e-06       1.00001e+23
          9.1e-06       1.00001e+23
         9.11e-06       1.00001e+23
         9.12e-06       1.00001e+23
         9.13e-06       1.00001e+23
         9.14e-06       1.00001e+23
         9.15e-06       1.00001e+23
         9.16e-06       1.00001e+23
         9.17e-06       1.00001e+23
         9.18e-06       1.00001e+23
         9.19e-06       1.00001e+23
          9.2e-06       1.00001e+23
         9.21e-06       1.00001e+23
         9.22e-06       1.00001e+23
         9.23e-06       1.00001e+23
         9.24e-06       1.00001e+23
         9.25e-06       1.00001e+23
         9.26e-06       1.00001e+23
         9.27e-06       1.00001e+23
         9.28e-06       1.00001e+23
         9.29e-06       1.00001e+23
          9.3e-06       1.00001e+23
         9.31e-06       1.00001e+23
         9.32e-06       1.00001e+23
         9.33e-06       1.00001e+23
         9.34e-06       1.00001e+23
         9.35e-06       1.00001e+23
         9.36e-06       1.00001e+23
         9.37e-06       1.00001e+23
         9.38e-06       1.00001e+23
         9.39e-06       1.00001e+23
          9.4e-06       1.00001e+23
         9.41e-06       1.00001e+23
         9.42e-06       1.00001e+23
         9.43e-06       1.00001e+23
         9.44e-06       1.00001e+23
         9.45e-06       1.00001e+23
         9.46e-06       1.00001e+23
         9.47e-06       1.00001e+23
         9.48e-06       1.00001e+23
         9.49e-06       1.00001e+23
          9.5e-06       1.00001e+23
         9.51e-06       1.00001e+23
         9.52e-06       1.00001e+23
         9.53e-06       1.00001e+23
         9.54e-06       1.00001e+23
         9.55e-06       1.00001e+23
         9.56e-06       1.00001e+23
         9.57e-06       1.00001e+23
         9.58e-06       1.00001e+23
         9.59e-06       1.00001e+23
          9.6e-06       1.00001e+23
         9.61e-06       1.00001e+23
         9.62e-06       1.00001e+23
         9.63e-06       1.00001e+23
         9.64e-06       1.00001e+23
         9.65e-06       1.00001e+23
         9.66e-06       1.00001e+23
         9.67e-06       1.00001e+23
         9.68e-06       1.00001e+23
         9.69e-06       1.00001e+23
          9.7e-06       1.00001e+23
         9.71e-06       1.00001e+23
         9.72e-06       1.00001e+23
         9.73e-06       1.00001e+23
         9.74e-06       1.00001e+23
         9.75e-06       1.00001e+23
         9.76e-06       1.00001e+23
         9.77e-06       1.00001e+23
         9.78e-06       1.00001e+23
         9.79e-06       1.00001e+23
          9.8e-06       1.00001e+23
         9.81e-06       1.00001e+23
         9.82e-06       1.00001e+23
         9.83e-06       1.00001e+23
         9.84e-06       1.00001e+23
         9.85e-06       1.00001e+23
         9.86e-06       1.00001e+23
         9.87e-06       1.00001e+23
         9.88e-06       1.00001e+23
         9.89e-06       1.00001e+23
          9.9e-06       1.00001e+23
         9.91e-06       1.00001e+23
         9.92e-06       1.00001e+23
         9.93e-06       1.00001e+23
         9.94e-06       1.00001e+23
         9.95e-06       1.00001e+23
         9.96e-06       1.00001e+23
         9.97e-06       1.00001e+23
         9.98e-06       1.00001e+23
         9.99e-06       1.00001e+23
            1e-05       1.00001e+23
        1.001e-05       1.00001e+23
        1.002e-05       1.00001e+23
        1.003e-05       1.00001e+23
        1.004e-05       1.00001e+23
        1.005e-05       1.00001e+23
        1.006e-05       1.00001e+23
        1.007e-05       1.00001e+23
        1.008e-05       1.00001e+23
        1.009e-05       1.00001e+23
         1.01e-05       1.00001e+23
        1.011e-05       1.00001e+23
        1.012e-05       1.00001e+23
        1.013e-05       1.00001e+23
        1.014e-05       1.00001e+23
        1.015e-05       1.00001e+23
        1.016e-05       1.00001e+23
        1.017e-05       1.00001e+23
        1.018e-05       1.00001e+23
        1.019e-05       1.00001e+23
         1.02e-05       1.00001e+23
        1.021e-05       1.00001e+23
        1.022e-05       1.00001e+23
        1.023e-05       1.00001e+23
        1.024e-05       1.00001e+23
        1.025e-05       1.00001e+23
        1.026e-05       1.00001e+23
        1.027e-05       1.00001e+23
        1.028e-05       1.00001e+23
        1.029e-05       1.00001e+23
         1.03e-05       1.00001e+23
        1.031e-05       1.00001e+23
        1.032e-05       1.00001e+23
        1.033e-05       1.00001e+23
        1.034e-05       1.00001e+23
        1.035e-05       1.00001e+23
        1.036e-05       1.00001e+23
        1.037e-05       1.00001e+23
        1.038e-05       1.00001e+23
        1.039e-05       1.00001e+23
         1.04e-05       1.00001e+23
        1.041e-05       1.00001e+23
        1.042e-05       1.00001e+23
        1.043e-05       1.00001e+23
        1.044e-05       1.00001e+23
        1.045e-05       1.00001e+23
        1.046e-05       1.00001e+23
        1.047e-05       1.00001e+23
        1.048e-05       1.00001e+23
        1.049e-05       1.00001e+23
         1.05e-05       1.00001e+23
        1.051e-05       1.00001e+23
        1.052e-05       1.00001e+23
        1.053e-05       1.00001e+23
