# Probe 0 (5e-06 5e-06 5e-06)
#           Probe                 0
#            Time
            1e-08       14983.22002
            2e-08       14970.79755
            3e-08       14940.84288
            4e-08       14925.48655
            5e-08       14950.58361
            6e-08       14973.67765
            7e-08       14934.39833
            8e-08       14952.73742
            9e-08         14941.408
            1e-07       14936.16599
          1.1e-07       14934.44679
          1.2e-07       14929.98976
          1.3e-07       14951.05228
          1.4e-07       14952.85555
          1.5e-07        14982.1412
          1.6e-07       14970.20009
          1.7e-07        14954.0659
          1.8e-07       14966.20287
          1.9e-07       14984.69874
            2e-07       14997.56814
          2.1e-07       14989.59165
          2.2e-07       14985.08195
          2.3e-07       14979.45837
          2.4e-07       14990.25668
          2.5e-07       14992.20692
          2.6e-07       14985.11693
          2.7e-07       14984.33709
          2.8e-07       14960.96341
          2.9e-07       14973.98211
            3e-07       14951.72391
          3.1e-07       14963.56164
          3.2e-07       14988.39736
          3.3e-07       14988.82451
          3.4e-07       14988.55977
          3.5e-07       15003.37266
          3.6e-07        15016.7953
          3.7e-07       14988.60305
          3.8e-07       15001.20129
          3.9e-07       15000.99518
            4e-07       14979.42544
          4.1e-07       14977.30872
          4.2e-07       14959.74934
          4.3e-07       14949.33613
          4.4e-07       14952.60199
          4.5e-07       14932.72522
          4.6e-07       14954.25676
          4.7e-07       14979.75608
          4.8e-07       14974.19533
          4.9e-07       14994.96028
            5e-07       14988.44828
          5.1e-07       15005.67023
          5.2e-07       15015.83061
          5.3e-07       14991.98109
          5.4e-07       14985.13119
          5.5e-07       14982.70302
          5.6e-07       15006.32147
          5.7e-07       14997.87639
          5.8e-07       14991.91216
          5.9e-07       14995.20214
            6e-07        14999.8062
          6.1e-07       14984.38616
          6.2e-07       14972.70527
          6.3e-07       14999.75325
          6.4e-07       14996.21318
          6.5e-07       15011.30072
          6.6e-07       15042.95117
          6.7e-07       15021.41876
          6.8e-07       14997.56009
          6.9e-07       15017.39747
            7e-07       15010.29033
          7.1e-07       15015.39998
          7.2e-07       15007.87805
          7.3e-07       15022.77928
          7.4e-07       15029.69881
          7.5e-07        15015.8926
          7.6e-07        15032.8581
          7.7e-07       14996.97888
          7.8e-07       14994.90893
          7.9e-07       14999.93555
            8e-07       14993.89211
          8.1e-07       14993.92234
          8.2e-07       14999.05573
          8.3e-07       15019.18809
          8.4e-07       15005.44563
          8.5e-07       15012.76435
          8.6e-07       15023.00447
          8.7e-07       14976.37864
          8.8e-07       14986.31573
          8.9e-07       14980.12645
            9e-07       14986.84238
          9.1e-07       14980.30978
          9.2e-07       15002.91814
          9.3e-07       14987.39356
          9.4e-07       14998.19694
          9.5e-07        14983.9535
          9.6e-07       15003.86973
          9.7e-07       14987.03519
          9.8e-07       14980.37755
          9.9e-07       14962.61215
            1e-06       14951.06711
         1.01e-06       14969.12632
         1.02e-06       14967.72595
         1.03e-06       14949.83935
         1.04e-06       14953.36248
         1.05e-06       14967.29498
         1.06e-06       14966.82934
         1.07e-06       14966.51367
         1.08e-06       14959.24742
         1.09e-06       14967.25244
          1.1e-06       14967.50654
         1.11e-06       14976.24032
         1.12e-06       14967.14203
         1.13e-06       14958.26258
         1.14e-06       14943.85828
         1.15e-06       14953.58007
         1.16e-06        14930.5188
         1.17e-06       14919.90993
         1.18e-06       14960.30554
         1.19e-06        14967.4544
          1.2e-06       14953.29777
         1.21e-06       14954.37268
         1.22e-06       14922.83938
         1.23e-06       14931.65373
         1.24e-06       14960.98168
         1.25e-06       14943.95362
         1.26e-06       14979.43514
         1.27e-06       14979.98828
         1.28e-06       14971.43091
         1.29e-06       14975.94468
          1.3e-06       14993.59998
         1.31e-06       15014.40412
         1.32e-06       15032.67841
         1.33e-06       15025.34517
         1.34e-06       14994.91125
         1.35e-06       14957.36493
         1.36e-06       14951.46971
         1.37e-06       14945.76375
         1.38e-06        14945.8705
         1.39e-06       14934.88639
          1.4e-06       14931.30643
         1.41e-06       14918.21114
         1.42e-06       14926.95782
         1.43e-06       14953.64199
         1.44e-06       14956.85387
         1.45e-06       14964.18111
         1.46e-06       14989.18932
         1.47e-06       14998.71916
         1.48e-06       14971.53306
         1.49e-06       14967.06423
          1.5e-06       14953.17607
         1.51e-06       14977.82433
         1.52e-06       14971.55172
         1.53e-06       14963.86679
         1.54e-06       14983.80054
         1.55e-06       14989.97705
         1.56e-06       14989.18994
         1.57e-06       14985.54717
         1.58e-06       14984.82102
         1.59e-06       14974.29255
          1.6e-06       14968.12065
         1.61e-06       14990.59236
         1.62e-06       14993.16218
         1.63e-06       15001.68496
         1.64e-06       15002.70333
         1.65e-06       14973.08318
         1.66e-06       14979.41523
         1.67e-06        14975.9318
         1.68e-06       14981.51846
         1.69e-06       14967.11929
          1.7e-06       14982.19757
         1.71e-06       15009.18749
         1.72e-06       15029.84839
         1.73e-06       15019.93781
         1.74e-06       15025.79706
         1.75e-06       15020.51633
         1.76e-06       15024.73426
         1.77e-06       15018.48188
         1.78e-06        15021.3294
         1.79e-06       15008.49643
          1.8e-06        15012.0862
         1.81e-06       15019.29707
         1.82e-06       14991.35509
         1.83e-06       15010.35726
         1.84e-06        14982.1949
         1.85e-06       14988.32135
         1.86e-06        15003.7053
         1.87e-06       15025.67275
         1.88e-06       15034.31451
         1.89e-06       15018.06291
          1.9e-06       15040.38572
         1.91e-06       15036.13794
         1.92e-06       15042.09104
         1.93e-06       15046.38414
         1.94e-06       15048.01521
         1.95e-06        15052.0638
         1.96e-06       15042.48735
         1.97e-06       15049.99007
         1.98e-06       15011.94954
         1.99e-06       14993.62188
            2e-06       14989.49206
         2.01e-06        15001.9828
         2.02e-06       14998.16265
         2.03e-06       15015.05239
         2.04e-06       15072.07633
         2.05e-06       15030.38875
         2.06e-06       15054.63912
         2.07e-06         15047.697
         2.08e-06       15020.01402
         2.09e-06        15017.5385
          2.1e-06       15052.31056
         2.11e-06        15049.4657
         2.12e-06       15047.31006
         2.13e-06       15025.01902
         2.14e-06       15033.33976
         2.15e-06       15009.85472
         2.16e-06       15000.79798
         2.17e-06        15020.4865
         2.18e-06       15008.74888
         2.19e-06       15009.72807
          2.2e-06       15006.91575
         2.21e-06       15028.42982
         2.22e-06       15022.05345
         2.23e-06       15022.13529
         2.24e-06       15019.68265
         2.25e-06       15035.74186
         2.26e-06       15027.05413
         2.27e-06       15028.97688
         2.28e-06       15029.52409
         2.29e-06       15042.06739
          2.3e-06       15035.06824
         2.31e-06       15008.94571
         2.32e-06       14998.80851
         2.33e-06        14986.2408
         2.34e-06       15004.82054
         2.35e-06       15017.92657
         2.36e-06       15027.29016
         2.37e-06       15032.25861
         2.38e-06       15022.51438
         2.39e-06       15045.56494
          2.4e-06        15067.3377
         2.41e-06       15076.53372
         2.42e-06       15042.47984
         2.43e-06       15031.24616
         2.44e-06       15027.00598
         2.45e-06       15025.04923
         2.46e-06         15020.909
         2.47e-06       15060.86966
         2.48e-06        15029.1878
         2.49e-06       15050.76069
          2.5e-06       15031.15637
         2.51e-06       15051.23904
         2.52e-06        15035.2841
         2.53e-06       15047.75327
         2.54e-06       15044.93597
         2.55e-06       15046.64658
         2.56e-06       15046.03031
         2.57e-06       15062.04967
         2.58e-06       15039.99486
         2.59e-06       15063.19078
          2.6e-06       15076.46601
         2.61e-06       15085.69343
         2.62e-06       15097.73618
         2.63e-06        15097.8365
         2.64e-06       15059.10059
         2.65e-06       15069.13599
         2.66e-06       15042.69124
         2.67e-06       15066.58743
         2.68e-06       15050.55002
         2.69e-06       15060.03914
          2.7e-06       15069.45565
         2.71e-06       15080.79168
         2.72e-06       15097.33437
         2.73e-06       15106.99342
         2.74e-06       15092.41614
         2.75e-06       15083.24281
         2.76e-06       15065.69859
         2.77e-06       15055.83354
         2.78e-06       15068.67284
         2.79e-06       15064.86435
          2.8e-06        15042.2629
         2.81e-06       15047.91584
         2.82e-06       15045.49312
         2.83e-06       15037.29057
         2.84e-06       15014.98164
         2.85e-06       15013.75174
         2.86e-06       15000.21401
         2.87e-06       15003.26904
         2.88e-06       15013.63416
         2.89e-06       15016.11732
          2.9e-06       15013.10918
         2.91e-06       14990.31795
         2.92e-06       14982.03298
         2.93e-06       14987.48853
         2.94e-06       14979.84243
         2.95e-06       15003.43968
         2.96e-06       15011.70081
         2.97e-06       15013.26464
         2.98e-06       15051.15355
         2.99e-06       15049.44313
            3e-06        15041.6207
         3.01e-06       15025.11506
         3.02e-06        15027.8243
         3.03e-06       15012.66614
         3.04e-06        15028.5944
         3.05e-06       15029.18361
         3.06e-06       15035.60348
         3.07e-06       15027.88557
         3.08e-06       15045.21382
         3.09e-06       15041.15971
          3.1e-06       15032.05847
         3.11e-06       15005.01142
         3.12e-06       15007.94401
         3.13e-06       14995.63261
         3.14e-06        15019.4291
         3.15e-06       15051.35445
         3.16e-06       15018.08292
         3.17e-06       14993.73218
         3.18e-06       14993.28771
         3.19e-06       14977.43413
          3.2e-06       14990.83244
         3.21e-06       14982.19402
         3.22e-06       14984.12783
         3.23e-06        14983.5836
         3.24e-06       14989.51222
         3.25e-06       14999.40755
         3.26e-06       15026.89123
         3.27e-06       15030.19342
         3.28e-06        15044.9823
         3.29e-06       15018.66057
          3.3e-06       15034.15637
         3.31e-06       15046.80634
         3.32e-06       15045.31664
         3.33e-06       15025.72516
         3.34e-06       15043.56473
         3.35e-06       15062.73416
         3.36e-06       15041.99271
         3.37e-06       15040.25582
         3.38e-06       15034.89031
         3.39e-06       15038.52641
          3.4e-06       15040.48825
         3.41e-06        15034.2422
         3.42e-06       15037.94393
         3.43e-06       15038.54279
         3.44e-06       15039.85431
         3.45e-06       15044.23686
         3.46e-06       15085.09799
         3.47e-06       15085.32098
         3.48e-06       15102.79848
         3.49e-06       15066.98785
          3.5e-06       15072.37704
         3.51e-06       15051.27002
         3.52e-06       15041.89861
         3.53e-06       15053.25524
         3.54e-06       15056.43704
         3.55e-06       15039.36079
         3.56e-06       15020.28666
         3.57e-06       15037.13765
         3.58e-06       15031.20774
         3.59e-06        15046.4094
          3.6e-06       15031.05614
         3.61e-06       15025.66225
         3.62e-06       15009.82612
         3.63e-06       15024.42473
         3.64e-06       15044.48185
         3.65e-06       15037.67515
         3.66e-06        15025.4118
         3.67e-06       15003.28351
         3.68e-06       14974.89689
         3.69e-06       14978.26923
          3.7e-06       15009.27289
         3.71e-06       15004.52907
         3.72e-06       15001.09565
         3.73e-06       14984.24427
         3.74e-06       15004.22885
         3.75e-06       15020.30122
         3.76e-06       15025.77164
         3.77e-06       15049.48049
         3.78e-06       15055.80505
         3.79e-06       15067.50907
          3.8e-06       15058.15887
         3.81e-06       15056.06088
         3.82e-06        15063.5919
         3.83e-06       15043.50627
         3.84e-06       15036.02296
         3.85e-06       15037.25654
         3.86e-06       15048.82315
         3.87e-06       15042.29285
         3.88e-06       15085.38457
         3.89e-06       15067.14277
          3.9e-06       15047.41231
         3.91e-06        15052.2673
         3.92e-06       15044.31306
         3.93e-06       15052.81916
         3.94e-06       15040.48626
         3.95e-06       15030.69153
         3.96e-06       15006.04395
         3.97e-06       15011.59139
         3.98e-06       15004.17834
         3.99e-06        15012.8432
            4e-06       14997.01059
         4.01e-06       15007.07366
         4.02e-06       15031.23677
         4.03e-06       15045.29371
         4.04e-06       15043.00965
         4.05e-06       15009.45161
         4.06e-06       15006.95997
         4.07e-06       14983.40604
         4.08e-06       14986.02285
         4.09e-06       14995.72977
          4.1e-06       14991.59665
         4.11e-06       14979.66048
         4.12e-06        14992.6612
         4.13e-06       15039.99632
         4.14e-06       15040.81047
         4.15e-06       15011.26648
         4.16e-06       15016.15541
         4.17e-06       15030.06387
         4.18e-06       15032.63253
         4.19e-06       15039.99653
          4.2e-06       15055.46614
         4.21e-06       15056.41688
         4.22e-06       15036.93561
         4.23e-06       15026.81118
         4.24e-06       15018.21038
         4.25e-06       14996.62206
         4.26e-06       14999.45976
         4.27e-06       15010.08982
         4.28e-06        15035.7709
         4.29e-06       15048.48006
          4.3e-06       15018.81956
         4.31e-06       15000.45176
         4.32e-06       14990.26091
         4.33e-06       14999.11048
         4.34e-06        14985.3681
         4.35e-06       14977.22266
         4.36e-06       14996.08697
         4.37e-06       14996.05985
         4.38e-06       15000.24298
         4.39e-06        15000.1397
          4.4e-06       14991.49754
         4.41e-06       14999.90109
         4.42e-06       15008.70193
         4.43e-06       15018.53562
         4.44e-06       15009.86753
         4.45e-06       14995.91314
         4.46e-06       15004.96767
         4.47e-06       15013.85531
         4.48e-06       15033.95538
         4.49e-06       15028.95813
          4.5e-06       15024.44049
         4.51e-06       15029.18424
         4.52e-06       15020.51389
         4.53e-06       15004.45696
         4.54e-06       14997.36097
         4.55e-06       15022.37543
         4.56e-06       15015.84156
         4.57e-06       15038.82956
         4.58e-06       15064.73666
         4.59e-06       15031.46157
          4.6e-06       15043.23677
         4.61e-06       15062.44548
         4.62e-06       15086.17579
         4.63e-06       15084.49049
         4.64e-06        15056.7654
         4.65e-06       15047.86086
         4.66e-06       15044.34168
         4.67e-06       15007.81887
         4.68e-06       15027.97026
         4.69e-06       15026.24932
          4.7e-06       15037.36554
         4.71e-06       15050.27828
         4.72e-06       15048.47421
         4.73e-06       15028.75455
         4.74e-06       15032.72587
         4.75e-06       15029.96216
         4.76e-06       15024.98628
         4.77e-06       15021.41763
         4.78e-06       15036.95072
         4.79e-06       15022.04531
          4.8e-06       14999.07988
         4.81e-06       15004.08336
         4.82e-06       15002.71579
         4.83e-06       15005.29464
         4.84e-06       14992.54151
         4.85e-06       15020.41115
         4.86e-06       15019.29968
         4.87e-06        15025.3324
         4.88e-06       15071.94086
         4.89e-06       15064.59422
          4.9e-06       15053.45834
         4.91e-06       15031.12276
         4.92e-06       14996.48101
         4.93e-06       15012.14477
         4.94e-06       15007.21497
         4.95e-06       14986.28749
         4.96e-06       15006.88392
         4.97e-06       14987.45504
         4.98e-06       14999.22736
         4.99e-06       15018.44675
            5e-06       15023.02289
         5.01e-06       15050.06219
         5.02e-06       15039.01992
         5.03e-06       15026.99886
         5.04e-06       15023.17099
         5.05e-06       15010.98009
         5.06e-06       15015.97405
         5.07e-06       15004.65259
         5.08e-06       15030.37716
         5.09e-06        15044.4751
          5.1e-06       15047.05677
         5.11e-06       15047.71446
         5.12e-06       15036.65816
         5.13e-06       15025.88382
         5.14e-06       15014.65408
         5.15e-06        15032.3725
         5.16e-06       15029.34097
         5.17e-06       15020.96427
         5.18e-06       15011.09268
         5.19e-06       14988.41726
          5.2e-06       14961.99096
         5.21e-06       14971.29661
         5.22e-06       14991.92894
         5.23e-06       14966.75736
         5.24e-06       14976.97346
         5.25e-06       14974.62318
         5.26e-06        14991.2492
         5.27e-06       14984.94719
         5.28e-06       14981.66611
         5.29e-06       14976.79799
          5.3e-06       14993.21928
         5.31e-06        15007.0621
         5.32e-06        14988.2938
         5.33e-06       14981.28133
         5.34e-06       14970.94939
         5.35e-06       14974.52727
         5.36e-06       14942.49941
         5.37e-06        14961.2571
         5.38e-06       14961.23746
         5.39e-06       14974.52201
          5.4e-06       14972.68402
         5.41e-06       14998.00524
         5.42e-06       15012.62814
         5.43e-06       15004.56472
         5.44e-06       15026.00005
         5.45e-06       15026.63897
         5.46e-06       15005.69271
         5.47e-06       14982.21608
         5.48e-06       14985.04738
         5.49e-06       14979.05597
          5.5e-06       14990.81213
         5.51e-06       15009.02487
         5.52e-06       15018.94599
         5.53e-06        15043.9229
         5.54e-06       15043.70321
         5.55e-06       15035.85339
         5.56e-06       15038.76497
         5.57e-06       15008.62618
         5.58e-06       15005.35179
         5.59e-06       15004.02212
          5.6e-06       15003.74367
         5.61e-06       15007.40591
         5.62e-06       14989.30388
         5.63e-06       14999.66123
         5.64e-06       14999.11313
         5.65e-06       14978.53735
         5.66e-06       14976.30152
         5.67e-06       14963.44976
         5.68e-06       14953.39577
         5.69e-06       14938.10281
          5.7e-06       14925.90819
         5.71e-06       14936.00338
         5.72e-06       14926.89798
         5.73e-06       14969.99074
         5.74e-06        14972.7438
         5.75e-06       14971.17232
         5.76e-06       14959.44618
         5.77e-06       14947.07168
         5.78e-06       14967.72615
         5.79e-06        14974.0498
          5.8e-06       14983.80632
         5.81e-06       14998.19538
         5.82e-06       14991.73479
         5.83e-06        14980.8854
         5.84e-06       14974.57437
         5.85e-06       14996.98233
         5.86e-06       14974.56804
         5.87e-06       14969.96653
         5.88e-06         14971.667
         5.89e-06        14967.3664
          5.9e-06       14950.62322
         5.91e-06       14963.87773
         5.92e-06       14950.01258
         5.93e-06       14933.28364
         5.94e-06       14938.83789
         5.95e-06       14975.02922
         5.96e-06        14966.4338
         5.97e-06        14967.6043
         5.98e-06       14979.33426
         5.99e-06       14992.45457
            6e-06       14978.66617
         6.01e-06       14996.58027
         6.02e-06       15001.97526
         6.03e-06       14972.75453
         6.04e-06       14961.16922
         6.05e-06       14951.45031
         6.06e-06        14944.5572
         6.07e-06       14940.70779
         6.08e-06       14959.45109
         6.09e-06       14968.49882
          6.1e-06       14939.32594
         6.11e-06       14942.81642
         6.12e-06       14955.54522
         6.13e-06       14976.64823
         6.14e-06       15006.98515
         6.15e-06       15005.27214
         6.16e-06       15004.33416
         6.17e-06       14991.22574
         6.18e-06       14997.37976
         6.19e-06       15004.75621
          6.2e-06       14987.61457
         6.21e-06       14978.78349
         6.22e-06        14991.0681
         6.23e-06       15003.41749
         6.24e-06        14981.0764
         6.25e-06       14988.56312
         6.26e-06       14975.65924
         6.27e-06       14967.59086
         6.28e-06       14992.84262
         6.29e-06       14983.59365
          6.3e-06        14974.6323
         6.31e-06        14937.4314
         6.32e-06       14945.21575
         6.33e-06       14941.79602
         6.34e-06       14950.47728
         6.35e-06       14929.51992
         6.36e-06       14941.52967
         6.37e-06       14933.77722
         6.38e-06       14925.84837
         6.39e-06       14934.51557
          6.4e-06       14967.42159
         6.41e-06       14981.30722
         6.42e-06        15008.5195
         6.43e-06        15006.3434
         6.44e-06       15010.50261
         6.45e-06       15013.45375
         6.46e-06       15001.43367
         6.47e-06        14980.2959
         6.48e-06         14975.702
         6.49e-06       14984.82868
          6.5e-06       14999.85765
         6.51e-06       14980.63391
         6.52e-06       14969.04798
         6.53e-06       14974.52088
         6.54e-06       14984.83645
         6.55e-06       14991.49484
         6.56e-06       14974.86995
         6.57e-06       14977.75138
         6.58e-06       14971.15981
         6.59e-06       14993.87995
          6.6e-06       14991.81763
         6.61e-06       14969.71454
         6.62e-06       14965.31502
         6.63e-06       14955.49883
         6.64e-06        14966.4241
         6.65e-06       14933.58003
         6.66e-06       14942.05166
         6.67e-06       14940.84287
         6.68e-06       14965.49634
         6.69e-06       14947.49698
          6.7e-06       14953.14893
         6.71e-06       14966.50335
         6.72e-06       14968.83226
         6.73e-06       15006.59991
         6.74e-06       15001.02886
         6.75e-06       15022.76252
         6.76e-06       15008.44737
         6.77e-06       15004.51434
         6.78e-06       15030.64119
         6.79e-06       15014.92246
          6.8e-06       15020.79201
         6.81e-06       15006.30017
         6.82e-06       15025.80893
         6.83e-06       15041.68941
         6.84e-06       15032.60632
         6.85e-06       15039.24955
         6.86e-06       15024.97143
         6.87e-06       15009.68298
         6.88e-06       14975.93473
         6.89e-06       14985.50374
          6.9e-06       14981.37083
         6.91e-06       14998.09685
         6.92e-06       15020.38637
         6.93e-06       15007.99453
         6.94e-06       15006.82166
         6.95e-06       15020.73483
         6.96e-06       15025.79746
         6.97e-06       15010.12728
         6.98e-06       15005.69722
         6.99e-06       14983.18762
            7e-06       14992.40061
         7.01e-06       14982.05555
         7.02e-06       14984.92202
         7.03e-06       14987.77786
         7.04e-06       14992.20396
         7.05e-06       14991.03403
         7.06e-06       15004.02579
         7.07e-06       14972.46938
         7.08e-06         14967.113
         7.09e-06       14972.72406
          7.1e-06       14968.94134
         7.11e-06       14962.89803
         7.12e-06       14979.34966
         7.13e-06       14988.73759
         7.14e-06       14974.19154
         7.15e-06       14988.97669
         7.16e-06       15010.34218
         7.17e-06       15020.51698
         7.18e-06       15008.77115
         7.19e-06       15020.03843
          7.2e-06        14994.9537
         7.21e-06       14997.56013
         7.22e-06       14996.16017
         7.23e-06       15011.80449
         7.24e-06       14992.58949
         7.25e-06       14959.20418
         7.26e-06       14977.44979
         7.27e-06       14991.44081
         7.28e-06       14976.60157
         7.29e-06       14959.96467
          7.3e-06       14975.15397
         7.31e-06       14995.55014
         7.32e-06       15002.68603
         7.33e-06       14999.32705
         7.34e-06       15000.84617
         7.35e-06       15017.60148
         7.36e-06       15002.86088
         7.37e-06       15008.22278
         7.38e-06       15011.87359
         7.39e-06       14988.94405
          7.4e-06       14960.02105
         7.41e-06       14964.67299
         7.42e-06       14951.27486
         7.43e-06       14942.87145
         7.44e-06       14972.01683
         7.45e-06       14967.51648
         7.46e-06       14967.16564
         7.47e-06       14993.33494
         7.48e-06        14977.5006
         7.49e-06       14979.07559
          7.5e-06        14988.8138
         7.51e-06       14964.59304
         7.52e-06        14960.9767
         7.53e-06       14948.70763
         7.54e-06       14961.30418
         7.55e-06       14954.31906
         7.56e-06       14990.87137
         7.57e-06       14989.20207
         7.58e-06       14980.76837
         7.59e-06       14954.25082
          7.6e-06       14953.21268
         7.61e-06       14954.35674
         7.62e-06       14957.71254
         7.63e-06        14971.2098
         7.64e-06       14996.69633
         7.65e-06        15003.8182
         7.66e-06       14986.42946
         7.67e-06       14994.43684
         7.68e-06       14982.29057
         7.69e-06       14978.75838
          7.7e-06       14985.39429
         7.71e-06       14972.73702
         7.72e-06       14979.50516
         7.73e-06       14983.83782
         7.74e-06       14987.41245
         7.75e-06       14990.41136
         7.76e-06       14976.22945
         7.77e-06       14954.15482
         7.78e-06       14939.30909
         7.79e-06       14942.16753
          7.8e-06        14967.0036
         7.81e-06       14957.34164
         7.82e-06        14960.0503
         7.83e-06       14969.45064
         7.84e-06        14989.1199
         7.85e-06       15007.97783
         7.86e-06        14996.8646
         7.87e-06       14996.14374
         7.88e-06       14985.94389
         7.89e-06       14995.42429
          7.9e-06       14988.04015
         7.91e-06       14999.01542
         7.92e-06       14970.14184
         7.93e-06       14972.15241
         7.94e-06       14960.36945
         7.95e-06       14968.09181
         7.96e-06       14969.33939
         7.97e-06       14931.42063
         7.98e-06       14923.84943
         7.99e-06       14945.90811
            8e-06       14921.25356
         8.01e-06       14927.24851
         8.02e-06       14968.17041
         8.03e-06       14953.53351
         8.04e-06       14947.85402
         8.05e-06        14945.8111
         8.06e-06       14955.90709
         8.07e-06       14932.25671
         8.08e-06       14948.30247
         8.09e-06       14961.71059
          8.1e-06       14980.76457
         8.11e-06       14998.60326
         8.12e-06       15000.43779
         8.13e-06       15012.06862
         8.14e-06       15009.60416
         8.15e-06       15010.26784
         8.16e-06       15008.64701
         8.17e-06       15002.32628
         8.18e-06        14956.2334
         8.19e-06       14958.66983
          8.2e-06       14967.41508
         8.21e-06       14975.86012
         8.22e-06       14965.38598
         8.23e-06       14941.53024
         8.24e-06       14926.11955
         8.25e-06        14933.2146
         8.26e-06       14947.45156
         8.27e-06       14942.47447
         8.28e-06       14957.51107
         8.29e-06       14963.29011
          8.3e-06       14952.67925
         8.31e-06       14970.25978
         8.32e-06       14984.74738
         8.33e-06       14983.02871
         8.34e-06       14985.73366
         8.35e-06       14997.59199
         8.36e-06       14988.58216
         8.37e-06       14955.00093
         8.38e-06       14963.82691
         8.39e-06       14962.52852
          8.4e-06       14977.99909
         8.41e-06       14998.85262
         8.42e-06        15020.0331
         8.43e-06       15020.86539
         8.44e-06       15017.49811
         8.45e-06       14980.11053
         8.46e-06       14976.39092
         8.47e-06       14985.07396
         8.48e-06       14977.81009
         8.49e-06       14995.98543
          8.5e-06       14996.06873
         8.51e-06       14981.54841
         8.52e-06       15002.56249
         8.53e-06        14974.4317
         8.54e-06       14982.57217
         8.55e-06       14976.39819
         8.56e-06       14974.26641
         8.57e-06       14948.54084
         8.58e-06       14933.15585
         8.59e-06       14942.29846
          8.6e-06       14974.17094
         8.61e-06       14965.29466
         8.62e-06       14960.33002
         8.63e-06       14972.64608
         8.64e-06       14983.39432
         8.65e-06        14980.4892
         8.66e-06       14984.58042
         8.67e-06       14960.91043
         8.68e-06       14963.52764
         8.69e-06       14972.22657
          8.7e-06       14997.00224
         8.71e-06       14986.68133
         8.72e-06       14982.22307
         8.73e-06       14979.15858
         8.74e-06       14958.79747
         8.75e-06       14944.42142
         8.76e-06       14954.52467
         8.77e-06       14949.22477
         8.78e-06       14959.65174
         8.79e-06       14965.85849
          8.8e-06       14965.42802
         8.81e-06       14980.11534
         8.82e-06       14979.58299
         8.83e-06       14994.25651
         8.84e-06       14974.74157
         8.85e-06       14967.84971
         8.86e-06        14954.1836
         8.87e-06       14975.76753
         8.88e-06       14957.41616
         8.89e-06       14955.66172
          8.9e-06       14946.75383
         8.91e-06       14945.55699
         8.92e-06       14947.08997
         8.93e-06         14966.181
         8.94e-06        14970.2616
         8.95e-06       14982.41503
         8.96e-06       14970.60363
         8.97e-06       14972.03331
         8.98e-06       14955.25523
         8.99e-06       14945.64861
            9e-06       14957.70742
         9.01e-06       14954.80364
         9.02e-06       14967.31953
         9.03e-06       14962.85741
         9.04e-06       14972.41786
         9.05e-06       14992.23893
         9.06e-06       14989.90541
         9.07e-06       14988.16344
         9.08e-06       14987.74108
         9.09e-06       14966.73835
          9.1e-06       14954.15947
         9.11e-06       14966.43015
         9.12e-06       14973.15341
         9.13e-06       15006.01042
         9.14e-06       15017.54109
         9.15e-06       15017.72241
         9.16e-06        15023.0177
         9.17e-06       15015.25364
         9.18e-06       14978.58812
         9.19e-06       14981.32926
          9.2e-06       15000.93223
         9.21e-06       15006.44672
         9.22e-06       14996.65018
         9.23e-06       15028.90503
         9.24e-06       15003.14494
         9.25e-06       15012.26083
         9.26e-06       15006.94697
         9.27e-06       15008.50561
         9.28e-06       15008.24679
         9.29e-06        15003.8386
          9.3e-06       14998.12716
         9.31e-06       14962.07106
         9.32e-06        14962.8091
         9.33e-06       14953.31351
         9.34e-06       14933.33606
         9.35e-06        14932.9537
         9.36e-06       14942.52295
         9.37e-06       14962.34563
         9.38e-06       14954.30517
         9.39e-06       14960.67319
          9.4e-06       14943.84868
         9.41e-06       14925.42298
         9.42e-06       14922.72079
         9.43e-06       14928.90055
         9.44e-06        14917.4019
         9.45e-06        14925.8386
         9.46e-06       14933.72047
         9.47e-06       14930.65092
         9.48e-06       14935.85267
         9.49e-06       14937.71147
          9.5e-06       14944.59539
         9.51e-06       14917.57258
         9.52e-06       14926.07722
         9.53e-06       14931.76512
         9.54e-06       14939.27265
         9.55e-06       14947.70694
         9.56e-06       14932.25424
         9.57e-06       14932.24987
         9.58e-06       14954.73435
         9.59e-06       14962.73973
          9.6e-06       14957.67088
         9.61e-06       14958.82504
         9.62e-06       14957.16604
         9.63e-06       14958.10268
         9.64e-06       14945.04896
         9.65e-06       14950.89611
         9.66e-06       14959.91299
         9.67e-06       14970.47412
         9.68e-06       14973.99974
         9.69e-06       14990.88209
          9.7e-06       14995.14912
         9.71e-06       14993.23719
         9.72e-06       14999.20922
         9.73e-06       14988.20427
         9.74e-06       14968.01738
         9.75e-06       14955.02271
         9.76e-06       14984.50925
         9.77e-06        14972.3967
         9.78e-06       14981.14227
         9.79e-06       14974.67634
          9.8e-06       14986.71566
         9.81e-06       14976.72912
         9.82e-06       14976.80269
         9.83e-06       14959.44997
         9.84e-06       14978.87048
         9.85e-06       14965.88816
         9.86e-06       14974.67591
         9.87e-06        14981.5881
         9.88e-06       14975.03761
         9.89e-06       14978.48153
          9.9e-06       14979.70223
         9.91e-06       14999.84444
         9.92e-06       15009.07345
         9.93e-06        15005.6712
         9.94e-06       14966.98714
         9.95e-06       14982.20232
         9.96e-06       14972.46534
         9.97e-06        14973.6867
         9.98e-06       14982.52314
         9.99e-06       15000.19681
            1e-05       15019.19572
        1.001e-05       14997.20841
        1.002e-05       14977.32767
        1.003e-05       14991.35147
        1.004e-05       14979.46383
        1.005e-05       14980.43363
        1.006e-05       14986.03982
        1.007e-05       15008.54935
        1.008e-05        15001.2668
        1.009e-05        14994.1264
         1.01e-05       15027.39096
        1.011e-05       15027.71565
        1.012e-05       15005.94838
        1.013e-05       15007.62371
        1.014e-05       15038.75887
        1.015e-05       15032.59532
        1.016e-05       15025.60238
        1.017e-05       15014.18003
        1.018e-05       15013.27072
        1.019e-05       15014.60661
         1.02e-05       15015.09786
        1.021e-05       14998.14027
        1.022e-05       14997.51396
        1.023e-05        15008.4896
        1.024e-05       15025.87514
        1.025e-05       15000.56374
        1.026e-05        15017.6872
        1.027e-05       15020.08636
        1.028e-05       14979.86001
        1.029e-05       14985.18942
         1.03e-05       14969.43855
        1.031e-05         14987.755
        1.032e-05       14980.48533
        1.033e-05       14990.08868
        1.034e-05       14995.58597
        1.035e-05       14987.74032
        1.036e-05       14995.38796
        1.037e-05       14976.86549
        1.038e-05       14954.71442
        1.039e-05       14957.34965
         1.04e-05       14958.24665
        1.041e-05       14966.39279
        1.042e-05       14964.84648
        1.043e-05        14991.8933
        1.044e-05       14978.30453
        1.045e-05       15007.35443
        1.046e-05       15000.79009
        1.047e-05       15021.45528
        1.048e-05       14998.99882
        1.049e-05       14991.86241
         1.05e-05       14983.61498
        1.051e-05       14976.44695
        1.052e-05        14958.5989
        1.053e-05       14955.31222
