# Probe 0 (5e-06 5e-06 5e-06)
#           Probe                 0
#            Time
            1e-08       14993.43308
            2e-08       14998.00308
            3e-08        14995.6673
            4e-08       14994.27937
            5e-08       14997.63071
            6e-08       15002.64077
            7e-08       15003.58862
            8e-08       15000.27115
            9e-08       15001.76063
            1e-07        15003.3178
          1.1e-07       15006.90608
          1.2e-07       15008.80177
          1.3e-07       15013.30403
          1.4e-07       15016.79074
          1.5e-07       15012.99937
          1.6e-07       15013.03322
          1.7e-07       15016.48607
          1.8e-07        15015.8429
          1.9e-07       15022.54548
            2e-07       15016.01215
          2.1e-07       15014.35343
          2.2e-07       15017.29851
          2.3e-07       15006.29675
          2.4e-07       15011.13753
          2.5e-07       15010.90057
          2.6e-07       15008.26015
          2.7e-07       15014.25188
          2.8e-07       15024.77966
          2.9e-07       15024.57656
            3e-07       15032.90396
          3.1e-07       15030.90674
          3.2e-07       15035.30739
          3.3e-07       15033.68254
          3.4e-07       15037.33845
          3.5e-07       15035.07043
          3.6e-07       15031.38066
          3.7e-07       15036.96609
          3.8e-07       15039.47107
          3.9e-07       15037.98162
            4e-07       15044.14251
          4.1e-07       15047.22294
          4.2e-07       15050.77728
          4.3e-07       15059.23996
          4.4e-07       15066.41629
          4.5e-07       15059.47692
          4.6e-07       15050.91268
          4.7e-07       15045.19189
          4.8e-07       15046.74903
          4.9e-07       15042.78847
            5e-07       15038.55709
          5.1e-07       15038.28628
          5.2e-07       15033.88564
          5.3e-07       15031.58376
          5.4e-07       15027.62317
          5.5e-07       15029.18033
          5.6e-07       15029.48499
          5.7e-07       15027.52162
          5.8e-07       15028.77411
          5.9e-07        15028.5033
            6e-07         15024.475
          6.1e-07       15021.36068
          6.2e-07       15011.71301
          6.3e-07       15011.13753
          6.4e-07       15008.19245
          6.5e-07       15003.85943
          6.6e-07       15003.11469
          6.7e-07       14996.24278
          6.8e-07       14996.75056
          6.9e-07       14993.36537
            7e-07       14999.08634
          7.1e-07       14999.28945
          7.2e-07       15001.76063
          7.3e-07       14993.22997
          7.4e-07       14992.95915
          7.5e-07       15001.32055
          7.6e-07       15000.64352
          7.7e-07        15003.2501
          7.8e-07       15004.50261
          7.9e-07       15002.13299
            8e-07       15008.56481
          8.1e-07       15007.58312
          8.2e-07       15006.22905
          8.3e-07       15001.32055
          8.4e-07       14998.64626
          8.5e-07       14999.96648
          8.6e-07       15001.72677
          8.7e-07       15006.09364
          8.8e-07       15005.51817
          8.9e-07       15004.13025
            9e-07       15007.00764
          9.1e-07       15009.14029
          9.2e-07       15008.59866
          9.3e-07       15001.59137
          9.4e-07       15000.44041
          9.5e-07       15006.73682
          9.6e-07       15002.84388
          9.7e-07       15008.73407
          9.8e-07       15003.58862
          9.9e-07       15004.77343
            1e-06       15010.59591
         1.01e-06       15019.22804
         1.02e-06       15021.15757
         1.03e-06        15013.6764
         1.04e-06       15011.47605
         1.05e-06       15019.90507
         1.06e-06       15017.56932
         1.07e-06       15012.89781
         1.08e-06       15013.06707
         1.09e-06       15015.43668
          1.1e-06       15016.07986
         1.11e-06       15008.46326
         1.12e-06       15006.77068
         1.13e-06       15006.29675
         1.14e-06       15007.48156
         1.15e-06       15011.67916
         1.16e-06        15007.3123
         1.17e-06       15019.90507
         1.18e-06       15014.15032
         1.19e-06       15015.26742
          1.2e-06        15011.5776
         1.21e-06       15014.15032
         1.22e-06       15015.16587
         1.23e-06       15004.67187
         1.24e-06       15003.85943
         1.25e-06       15010.15584
         1.26e-06       15007.48156
         1.27e-06        14997.4953
         1.28e-06       14993.39922
         1.29e-06       14988.21988
          1.3e-06       14990.08174
         1.31e-06       14992.21441
         1.32e-06       14999.86493
         1.33e-06        14989.4047
         1.34e-06       14986.76424
         1.35e-06       14986.39187
         1.36e-06       14990.11559
         1.37e-06       14998.78167
         1.38e-06       14993.09456
         1.39e-06       14994.14397
          1.4e-06       14989.77707
         1.41e-06       14994.34708
         1.42e-06       14998.10463
         1.43e-06       14994.99026
         1.44e-06       15000.54196
         1.45e-06       14997.35989
         1.46e-06       14998.91708
         1.47e-06       14995.63345
         1.48e-06       15003.38551
         1.49e-06       15003.08084
          1.5e-06       15007.65082
         1.51e-06       15003.79173
         1.52e-06        15007.1769
         1.53e-06       15009.91888
         1.54e-06       15007.27845
         1.55e-06       15006.63527
         1.56e-06        15005.2812
         1.57e-06       15010.49435
         1.58e-06        15007.2446
         1.59e-06        15008.2263
          1.6e-06       15013.20248
         1.61e-06       15014.52269
         1.62e-06       15007.41386
         1.63e-06       14998.27389
         1.64e-06       14999.25559
         1.65e-06       14998.91708
         1.66e-06       14993.70389
         1.67e-06       14994.78715
         1.68e-06       14997.59686
         1.69e-06       15000.03419
          1.7e-06       14989.37084
         1.71e-06       14983.24363
         1.72e-06       14979.68915
         1.73e-06       14977.18409
         1.74e-06       14971.19224
         1.75e-06       14963.94783
         1.76e-06       14967.60389
         1.77e-06       14964.79414
         1.78e-06       14962.32291
         1.79e-06       14965.33578
          1.8e-06       14959.85167
         1.81e-06       14960.12249
         1.82e-06       14958.97151
         1.83e-06       14957.85437
         1.84e-06       14968.61946
         1.85e-06        14968.4502
         1.86e-06       14954.50296
         1.87e-06       14944.24558
         1.88e-06       14944.75337
         1.89e-06       14947.05536
          1.9e-06       14946.07363
         1.91e-06       14951.25311
         1.92e-06       14950.23752
         1.93e-06       14938.86297
         1.94e-06       14939.98012
         1.95e-06        14945.0242
         1.96e-06       14945.43043
         1.97e-06       14949.56047
         1.98e-06       14951.52393
         1.99e-06       14956.73724
            2e-06       14962.76299
         2.01e-06       14973.69731
         2.02e-06       14972.24166
         2.03e-06       14960.35946
         2.04e-06       14950.67761
         2.05e-06       14956.12789
         2.06e-06       14953.35197
         2.07e-06       14955.18002
         2.08e-06        14954.4014
         2.09e-06       14959.44544
          2.1e-06       14956.56797
         2.11e-06       14957.24502
         2.12e-06       14956.83879
         2.13e-06       14958.02363
         2.14e-06       14945.76896
         2.15e-06       14947.02151
         2.16e-06       14940.25094
         2.17e-06       14941.63891
         2.18e-06        14942.6545
         2.19e-06       14948.98497
          2.2e-06       14956.50027
         2.21e-06       14950.40679
         2.22e-06       14947.36004
         2.23e-06       14947.76627
         2.24e-06       14946.61528
         2.25e-06       14944.48255
         2.26e-06       14937.23803
         2.27e-06       14927.45449
         2.28e-06       14926.33734
         2.29e-06       14932.56631
          2.3e-06       14935.37611
         2.31e-06       14947.96939
         2.32e-06       14949.52662
         2.33e-06        14946.2429
         2.34e-06       14950.57605
         2.35e-06       14944.31329
         2.36e-06        14951.7609
         2.37e-06       14945.83666
         2.38e-06       14951.11769
         2.39e-06       14952.67492
          2.4e-06       14946.34446
         2.41e-06       14935.95162
         2.42e-06       14936.42556
         2.43e-06       14923.42596
         2.44e-06       14929.89192
         2.45e-06       14932.02466
         2.46e-06       14924.61082
         2.47e-06       14918.58494
         2.48e-06       14925.18633
         2.49e-06       14933.20952
          2.5e-06       14936.73023
         2.51e-06       14936.45941
         2.52e-06       14941.43579
         2.53e-06       14940.75874
         2.54e-06       14936.73023
         2.55e-06       14940.72488
         2.56e-06       14938.18591
         2.57e-06       14934.15741
         2.58e-06       14938.35518
         2.59e-06       14935.64694
          2.6e-06       14931.95696
         2.61e-06       14940.21709
         2.62e-06       14941.87588
         2.63e-06       14940.86029
         2.64e-06       14946.78454
         2.65e-06       14951.25311
         2.66e-06       14952.26869
         2.67e-06        14954.4014
         2.68e-06       14950.81302
         2.69e-06       14957.14347
          2.7e-06       14956.83879
         2.71e-06        14953.6905
         2.72e-06       14953.35197
         2.73e-06       14950.23752
         2.74e-06       14948.81571
         2.75e-06       14942.62064
         2.76e-06       14948.37562
         2.77e-06       14952.13328
         2.78e-06       14958.86995
         2.79e-06       14963.40619
          2.8e-06       14961.27348
         2.81e-06       14960.69799
         2.82e-06       14957.98978
         2.83e-06       14955.01075
         2.84e-06       14953.58894
         2.85e-06       14960.08864
         2.86e-06       14957.88822
         2.87e-06       14962.69528
         2.88e-06       14961.37504
         2.89e-06       14955.38313
          2.9e-06       14961.67971
         2.91e-06       14959.14077
         2.92e-06       14956.06018
         2.93e-06       14958.12519
         2.94e-06       14954.29985
         2.95e-06       14954.06288
         2.96e-06       14947.15692
         2.97e-06       14945.59969
         2.98e-06        14942.7222
         2.99e-06       14940.65718
            3e-06       14944.07632
         3.01e-06       14947.22463
         3.02e-06       14931.07678
         3.03e-06       14929.55339
         3.04e-06       14933.81888
         3.05e-06       14938.45674
         3.06e-06       14940.89415
         3.07e-06       14953.25041
         3.08e-06       14942.58679
         3.09e-06       14941.80817
          3.1e-06       14946.17519
         3.11e-06       14951.99786
         3.12e-06       14944.99034
         3.13e-06       14947.73242
         3.14e-06       14946.00593
         3.15e-06       14945.59969
         3.16e-06       14938.72756
         3.17e-06       14934.90217
         3.18e-06       14936.96721
         3.19e-06       14934.39438
          3.2e-06       14927.45449
         3.21e-06         14921.801
         3.22e-06       14916.48603
         3.23e-06       14913.71005
         3.24e-06       14908.69974
         3.25e-06       14916.99383
         3.26e-06       14914.96263
         3.27e-06       14915.53814
         3.28e-06       14914.04859
         3.29e-06       14914.75951
          3.3e-06       14919.36357
         3.31e-06       14919.02503
         3.32e-06       14923.62908
         3.33e-06       14920.98853
         3.34e-06       14918.92347
         3.35e-06       14920.10834
         3.36e-06       14915.43658
         3.37e-06       14916.68915
         3.38e-06       14911.74655
         3.39e-06        14915.6397
          3.4e-06       14914.52254
         3.41e-06       14921.49632
         3.42e-06        14931.9231
         3.43e-06       14932.12622
         3.44e-06       14932.29549
         3.45e-06       14929.89192
         3.46e-06       14929.75651
         3.47e-06       14930.53513
         3.48e-06       14924.64468
         3.49e-06       14927.55605
          3.5e-06       14924.54312
         3.51e-06       14922.78275
         3.52e-06       14926.20192
         3.53e-06       14927.48834
         3.54e-06       14922.10568
         3.55e-06       14919.53283
         3.56e-06       14922.57963
         3.57e-06       14927.72532
         3.58e-06       14930.06118
         3.59e-06       14926.26963
          3.6e-06       14918.78806
         3.61e-06       14923.25669
         3.62e-06       14927.18367
         3.63e-06       14932.16008
         3.64e-06       14938.59215
         3.65e-06       14936.49326
         3.66e-06       14931.00907
         3.67e-06       14930.53513
         3.68e-06       14930.43357
         3.69e-06       14922.88431
          3.7e-06       14921.53018
         3.71e-06       14920.88697
         3.72e-06       14915.74126
         3.73e-06       14922.91816
         3.74e-06       14924.71238
         3.75e-06       14922.10568
         3.76e-06       14918.48338
         3.77e-06       14922.88431
         3.78e-06       14920.85311
         3.79e-06        14919.1943
          3.8e-06       14907.04091
         3.81e-06       14898.34053
         3.82e-06       14899.69468
         3.83e-06       14902.80921
         3.84e-06       14904.19721
         3.85e-06       14895.15828
         3.86e-06       14892.48382
         3.87e-06       14893.56715
         3.88e-06       14892.85622
         3.89e-06        14892.2807
          3.9e-06       14896.44472
         3.91e-06       14887.81199
         3.92e-06       14897.32492
         3.93e-06        14905.0097
         3.94e-06       14898.71292
         3.95e-06       14893.63485
         3.96e-06        14891.4005
         3.97e-06       14889.23385
         3.98e-06       14887.98126
         3.99e-06       14893.90568
            4e-06       14893.19475
         4.01e-06        14897.6296
         4.02e-06        14905.9576
         4.03e-06       14911.03563
         4.04e-06       14908.90286
         4.05e-06       14907.54872
         4.06e-06       14909.17369
         4.07e-06       14910.02003
         4.08e-06       14906.60082
         4.09e-06       14909.13983
          4.1e-06       14916.11364
         4.11e-06       14908.66588
         4.12e-06       14916.31677
         4.13e-06       14915.47043
         4.14e-06       14911.30646
         4.15e-06       14914.86107
         4.16e-06       14910.79866
         4.17e-06       14909.61378
         4.18e-06       14916.24906
         4.19e-06        14918.6865
          4.2e-06       14921.56403
         4.21e-06       14918.38182
         4.22e-06       14926.06651
         4.23e-06       14922.44422
         4.24e-06        14930.7721
         4.25e-06       14931.41531
         4.26e-06       14923.15513
         4.27e-06       14921.09009
         4.28e-06       14914.92878
         4.29e-06       14922.37651
          4.3e-06       14925.28789
         4.31e-06       14920.75155
         4.32e-06       14927.82688
         4.33e-06       14926.26963
         4.34e-06       14927.75917
         4.35e-06       14926.03266
         4.36e-06       14929.31641
         4.37e-06       14922.17339
         4.38e-06       14922.64734
         4.39e-06        14929.6888
          4.4e-06       14933.88658
         4.41e-06       14927.48834
         4.42e-06       14930.90751
         4.43e-06       14942.31597
         4.44e-06       14947.32619
         4.45e-06       14950.03441
         4.46e-06        14951.8286
         4.47e-06       14944.75337
         4.48e-06       14948.34177
         4.49e-06       14949.56047
          4.5e-06       14938.28747
         4.51e-06       14933.54805
         4.52e-06        14929.1133
         4.53e-06       14941.84203
         4.54e-06       14942.45138
         4.55e-06       14941.33423
         4.56e-06       14947.32619
         4.57e-06       14945.43043
         4.58e-06         14953.115
         4.59e-06       14950.57605
          4.6e-06       14953.58894
         4.61e-06       14960.02094
         4.62e-06       14964.45561
         4.63e-06       14964.52332
         4.64e-06       14964.92955
         4.65e-06       14962.79684
         4.66e-06       14962.69528
         4.67e-06         14965.742
         4.68e-06       14960.12249
         4.69e-06       14949.83129
          4.7e-06       14949.08653
         4.71e-06       14945.76896
         4.72e-06       14944.82108
         4.73e-06       14944.75337
         4.74e-06       14936.29015
         4.75e-06       14937.61041
         4.76e-06       14946.47987
         4.77e-06       14944.21173
         4.78e-06       14945.46428
         4.79e-06       14937.40729
          4.8e-06       14939.47232
         4.81e-06       14949.59432
         4.82e-06       14952.50566
         4.83e-06       14959.78397
         4.84e-06       14966.89299
         4.85e-06       14964.82799
         4.86e-06       14966.52061
         4.87e-06        14971.3615
         4.88e-06       14970.85371
         4.89e-06       14985.20705
          4.9e-06       14983.95452
         4.91e-06       14982.09265
         4.92e-06       14980.12923
         4.93e-06       14981.17865
         4.94e-06       14971.39535
         4.95e-06       14981.24635
         4.96e-06       14980.19693
         4.97e-06       14984.90238
         4.98e-06       14982.29577
         4.99e-06       14981.72028
            5e-06       14979.85841
         5.01e-06       14981.24635
         5.02e-06       14987.30587
         5.03e-06       14987.13661
         5.04e-06       14991.60507
         5.05e-06       14994.27937
         5.06e-06       14991.36811
         5.07e-06       14987.37358
         5.08e-06        14979.6553
         5.09e-06       14976.16852
          5.1e-06       14971.15839
         5.11e-06       14974.40821
         5.12e-06       14977.55646
         5.13e-06        14980.4339
         5.14e-06        14978.1658
         5.15e-06       14972.44477
         5.16e-06       14968.78872
         5.17e-06        14967.7393
         5.18e-06       14968.85643
         5.19e-06       14974.78058
          5.2e-06       14976.27008
         5.21e-06       14968.61946
         5.22e-06       14968.65331
         5.23e-06       14972.74944
         5.24e-06       14970.51519
         5.25e-06       14978.30121
         5.26e-06       14989.43855
         5.27e-06       14988.89692
         5.28e-06       14986.12105
         5.29e-06        14988.6938
          5.3e-06       14990.92803
         5.31e-06       14981.58487
         5.32e-06        14987.0012
         5.33e-06       14985.85023
         5.34e-06       14985.64712
         5.35e-06       14972.41092
         5.36e-06       14977.04868
         5.37e-06       14979.21522
         5.38e-06       14978.91055
         5.39e-06       14976.37164
          5.4e-06       14972.24166
         5.41e-06       14976.27008
         5.42e-06       14979.51989
         5.43e-06       14986.25646
         5.44e-06       14983.04051
         5.45e-06       14987.81365
         5.46e-06        14987.0012
         5.47e-06       14987.74595
         5.48e-06       14984.08993
         5.49e-06       14999.25559
          5.5e-06       15000.00033
         5.51e-06       14995.15952
         5.52e-06       14999.83107
         5.53e-06       15000.03419
         5.54e-06       15003.79173
         5.55e-06       15003.58862
         5.56e-06       15003.96099
         5.57e-06       15005.55202
         5.58e-06       15007.88778
         5.59e-06       15011.47605
          5.6e-06       15010.86672
         5.61e-06       15017.56932
         5.62e-06       15019.76966
         5.63e-06       15017.94169
         5.64e-06       15019.02493
         5.65e-06       15024.30574
         5.66e-06       15017.06155
         5.67e-06       15025.11818
         5.68e-06       15022.41007
         5.69e-06        15027.0477
          5.7e-06       15031.31295
         5.71e-06       15026.26912
         5.72e-06       15033.03936
         5.73e-06        15031.2791
         5.74e-06       15031.88842
         5.75e-06       15032.93781
         5.76e-06        15028.3002
         5.77e-06       15027.01385
         5.78e-06       15034.86732
         5.79e-06       15033.44558
          5.8e-06       15036.45833
         5.81e-06       15035.03658
         5.82e-06       15039.03101
         5.83e-06       15036.76299
         5.84e-06       15041.29903
         5.85e-06       15038.92945
         5.86e-06       15044.37946
         5.87e-06       15050.20182
         5.88e-06       15049.25399
         5.89e-06         15051.522
          5.9e-06       15055.44869
         5.91e-06       15053.82385
         5.92e-06       15061.71106
         5.93e-06       15063.47129
         5.94e-06       15063.64055
         5.95e-06       15071.15536
         5.96e-06       15065.26537
         5.97e-06       15054.29776
         5.98e-06       15054.87322
         5.99e-06        15053.8577
            6e-06       15052.50367
         6.01e-06       15046.95213
         6.02e-06       15042.78847
         6.03e-06       15040.08039
         6.04e-06       15032.80241
         6.05e-06       15029.51884
         6.06e-06       15037.47386
         6.07e-06       15036.05211
         6.08e-06       15037.27075
         6.09e-06       15030.77133
          6.1e-06       15030.33127
         6.11e-06       15035.81516
         6.12e-06       15030.39897
         6.13e-06       15028.84182
         6.14e-06       15027.86013
         6.15e-06       15024.00108
         6.16e-06       15027.58932
         6.17e-06       15033.61483
         6.18e-06       15035.81516
         6.19e-06       15032.12538
          6.2e-06       15038.65865
         6.21e-06       15034.69807
         6.22e-06       15035.20584
         6.23e-06       15035.34124
         6.24e-06       15034.29186
         6.25e-06       15026.26912
         6.26e-06        15024.4073
         6.27e-06       15028.02939
         6.28e-06        15029.6881
         6.29e-06        15031.1437
          6.3e-06       15029.41729
         6.31e-06       15030.12816
         6.32e-06       15026.26912
         6.33e-06       15033.00551
         6.34e-06        15027.1154
         6.35e-06       15030.97444
         6.36e-06       15023.69642
         6.37e-06       15024.27189
         6.38e-06       15020.17588
         6.39e-06        15018.3479
          6.4e-06       15015.47053
         6.41e-06       15012.05153
         6.42e-06       14998.91708
         6.43e-06        14998.4093
         6.44e-06       14997.15678
         6.45e-06       14988.52454
         6.46e-06       14988.99847
         6.47e-06       14987.06891
         6.48e-06       14985.07164
         6.49e-06       14984.90238
          6.5e-06       14989.03232
         6.51e-06       14995.53189
         6.52e-06       14993.56848
         6.53e-06       14991.43581
         6.54e-06       14991.06344
         6.55e-06       14988.52454
         6.56e-06       14992.55293
         6.57e-06       14988.99847
         6.58e-06       14990.52181
         6.59e-06       14990.11559
          6.6e-06       14994.92256
         6.61e-06       15002.53922
         6.62e-06       15005.75513
         6.63e-06       14997.12293
         6.64e-06       14998.13849
         6.65e-06       15005.55202
         6.66e-06       15003.45321
         6.67e-06       14998.78167
         6.68e-06       14993.60234
         6.69e-06       14997.39374
          6.7e-06       14992.95915
         6.71e-06        14993.8393
         6.72e-06       14989.84477
         6.73e-06       14986.59498
         6.74e-06       14978.77514
         6.75e-06       14976.64245
         6.76e-06       14978.67359
         6.77e-06       14987.88136
         6.78e-06       14982.97281
         6.79e-06       14983.27748
          6.8e-06       14981.00939
         6.81e-06        14976.6086
         6.82e-06       14983.17592
         6.83e-06        14985.2409
         6.84e-06       14990.62337
         6.85e-06       14988.05062
         6.86e-06       14990.62337
         6.87e-06       14996.61515
         6.88e-06       14997.69841
         6.89e-06       14997.39374
          6.9e-06       14991.40196
         6.91e-06       14991.60507
         6.92e-06       14993.80545
         6.93e-06       14992.24826
         6.94e-06       14993.67004
         6.95e-06       14983.17592
         6.96e-06       14977.18409
         6.97e-06       14980.36619
         6.98e-06       14985.47786
         6.99e-06       14986.05335
            7e-06       14990.92803
         7.01e-06       14999.18789
         7.02e-06       14998.20619
         7.03e-06       14999.86493
         7.04e-06       14999.66182
         7.05e-06       14999.72952
         7.06e-06       14997.86767
         7.07e-06       15003.79173
         7.08e-06       15006.83838
         7.09e-06       15007.85393
          7.1e-06       15012.35619
         7.11e-06       15014.92891
         7.12e-06       15013.81181
         7.13e-06       15011.98382
         7.14e-06       15010.86672
         7.15e-06       15010.73132
         7.16e-06       15002.03144
         7.17e-06       14995.32878
         7.18e-06       14991.77433
         7.19e-06       14984.59771
          7.2e-06       14981.72028
         7.21e-06        14982.9051
         7.22e-06       14986.01949
         7.23e-06       14994.21167
         7.24e-06       14995.09182
         7.25e-06       14994.95641
         7.26e-06       14988.52454
         7.27e-06       14993.39922
         7.28e-06       14991.67278
         7.29e-06       14985.64712
          7.3e-06       14981.44946
         7.31e-06        14971.4292
         7.32e-06       14978.03039
         7.33e-06       14981.07709
         7.34e-06       14985.57942
         7.35e-06       14988.01676
         7.36e-06       14991.97744
         7.37e-06       14996.68286
         7.38e-06       14994.65174
         7.39e-06       14992.58678
          7.4e-06       14997.15678
         7.41e-06       14994.00856
         7.42e-06       15007.34615
         7.43e-06       15012.45774
         7.44e-06       15016.07986
         7.45e-06       15014.99661
         7.46e-06       15013.71025
         7.47e-06       15015.19972
         7.48e-06       15013.06707
         7.49e-06       15013.84566
          7.5e-06       15011.20524
         7.51e-06       15013.77795
         7.52e-06       15003.01314
         7.53e-06       15001.82833
         7.54e-06       15007.65082
         7.55e-06       15008.15859
         7.56e-06       15008.97103
         7.57e-06       15019.26189
         7.58e-06       15021.59764
         7.59e-06       15017.36621
          7.6e-06       15023.35791
         7.61e-06        15021.9023
         7.62e-06       15017.60317
         7.63e-06       15015.23357
         7.64e-06       15010.49435
         7.65e-06       15008.42941
         7.66e-06       15010.15584
         7.67e-06       15014.99661
         7.68e-06       15019.43115
         7.69e-06       15022.44392
          7.7e-06       15025.08432
         7.71e-06       15022.37622
         7.72e-06       15020.20973
         7.73e-06       15018.58486
         7.74e-06       15020.88676
         7.75e-06       15018.55101
         7.76e-06       15024.13649
         7.77e-06       15027.35236
         7.78e-06       15031.44836
         7.79e-06       15024.50885
          7.8e-06        15024.3396
         7.81e-06        15028.3679
         7.82e-06       15025.93061
         7.83e-06       15028.46945
         7.84e-06        15023.1548
         7.85e-06       15026.06601
         7.86e-06       15021.80075
         7.87e-06       15023.42561
         7.88e-06       15024.81351
         7.89e-06       15019.09263
          7.9e-06       15011.27294
         7.91e-06        15000.2373
         7.92e-06       15008.15859
         7.93e-06       15006.80453
         7.94e-06       15006.77068
         7.95e-06       15001.92988
         7.96e-06       15004.97654
         7.97e-06       15010.83287
         7.98e-06       15019.05878
         7.99e-06       15021.93615
            8e-06       15024.20419
         8.01e-06       15023.86568
         8.02e-06       15019.87122
         8.03e-06       15018.14479
         8.04e-06       15015.74134
         8.05e-06       15006.43216
         8.06e-06       14997.19063
         8.07e-06       14997.19063
         8.08e-06       14990.01403
         8.09e-06       14991.33426
          8.1e-06       14991.87589
         8.11e-06       14987.10276
         8.12e-06       14988.99847
         8.13e-06       14983.04051
         8.14e-06       14987.03506
         8.15e-06       14989.84477
         8.16e-06       14992.41752
         8.17e-06       14990.82648
         8.18e-06       14993.12841
         8.19e-06       14993.60234
          8.2e-06       14997.69841
         8.21e-06       15003.85943
         8.22e-06       15008.73407
         8.23e-06       15019.32959
         8.24e-06       15024.91507
         8.25e-06       15023.79797
         8.26e-06       15014.96276
         8.27e-06       15013.27018
         8.28e-06       15013.43944
         8.29e-06       15012.11923
          8.3e-06       15015.94445
         8.31e-06       15024.37345
         8.32e-06       15026.64148
         8.33e-06       15016.58763
         8.34e-06       15009.51266
         8.35e-06       15004.87498
         8.36e-06       15005.89053
         8.37e-06       15014.82735
         8.38e-06       15019.05878
         8.39e-06       15024.57656
          8.4e-06       15023.56102
         8.41e-06       15014.59039
         8.42e-06       15011.78071
         8.43e-06       15015.47053
         8.44e-06       15013.77795
         8.45e-06       15016.45222
         8.46e-06       15012.01767
         8.47e-06       15012.99937
         8.48e-06       15006.87223
         8.49e-06       15013.87951
          8.5e-06       15012.86396
         8.51e-06       15016.45222
         8.52e-06       15016.55378
         8.53e-06       15014.69194
         8.54e-06        15018.2125
         8.55e-06       15014.35343
         8.56e-06       15016.24911
         8.57e-06       15012.18693
         8.58e-06       15018.55101
         8.59e-06       15020.75135
          8.6e-06       15018.24635
         8.61e-06       15014.92891
         8.62e-06       15014.31958
         8.63e-06       15022.61318
         8.64e-06        15017.0954
         8.65e-06       15020.07433
         8.66e-06       15021.02216
         8.67e-06       15024.81351
         8.68e-06       15021.08987
         8.69e-06       15018.31405
          8.7e-06       15014.35343
         8.71e-06       15016.11371
         8.72e-06       15015.70749
         8.73e-06       15019.05878
         8.74e-06        15017.0277
         8.75e-06       15029.18033
         8.76e-06       15029.21418
         8.77e-06       15038.86175
         8.78e-06       15037.27075
         8.79e-06       15039.80958
          8.8e-06       15037.71082
         8.81e-06       15039.77573
         8.82e-06       15039.74188
         8.83e-06        15035.7813
         8.84e-06       15041.33288
         8.85e-06       15040.04654
         8.86e-06       15042.72077
         8.87e-06       15041.87449
         8.88e-06       15043.36394
         8.89e-06       15050.67573
          8.9e-06       15055.34713
         8.91e-06       15057.61513
         8.92e-06       15049.99871
         8.93e-06       15044.98878
         8.94e-06       15039.80958
         8.95e-06       15049.96486
         8.96e-06       15048.57698
         8.97e-06       15042.68692
         8.98e-06       15040.38505
         8.99e-06       15049.93101
            9e-06       15053.62075
         9.01e-06       15054.50087
         9.02e-06       15042.51766
         9.03e-06       15034.79962
         9.04e-06       15030.50053
         9.05e-06       15028.94337
         9.06e-06       15024.57656
         9.07e-06       15023.83183
         9.08e-06       15012.11923
         9.09e-06        15011.5776
          9.1e-06       15007.27845
         9.11e-06       15008.73407
         9.12e-06       15010.83287
         9.13e-06       15007.82008
         9.14e-06       15013.10092
         9.15e-06       15012.25464
         9.16e-06       15015.70749
         9.17e-06       15017.73858
         9.18e-06       15020.10818
         9.19e-06       15015.60594
          9.2e-06       15016.51992
         9.21e-06       15010.05428
         9.22e-06       15012.05153
         9.23e-06       15017.53547
         9.24e-06       15023.18865
         9.25e-06       15015.40283
         9.26e-06       15021.08987
         9.27e-06       15022.10541
         9.28e-06       15013.94721
         9.29e-06        15012.4916
          9.3e-06       15012.69471
         9.31e-06       15022.57933
         9.32e-06       15027.89398
         9.33e-06       15032.87011
         9.34e-06        15031.1437
         9.35e-06       15032.02383
         9.36e-06       15030.09431
         9.37e-06       15031.41451
         9.38e-06        15034.0549
         9.39e-06       15040.18194
          9.4e-06       15037.33845
         9.41e-06       15030.50053
         9.42e-06       15037.47386
         9.43e-06        15040.4189
         9.44e-06       15042.85617
         9.45e-06       15042.31456
         9.46e-06        15032.7347
         9.47e-06       15034.39341
         9.48e-06       15033.81794
         9.49e-06       15031.04214
          9.5e-06       15020.68365
         9.51e-06       15014.99661
         9.52e-06       15023.66257
         9.53e-06       15016.95999
         9.54e-06       15013.87951
         9.55e-06       15005.11194
         9.56e-06       14997.39374
         9.57e-06       14997.66456
         9.58e-06       15001.59137
         9.59e-06       15000.10189
          9.6e-06       15007.88778
         9.61e-06       15012.05153
         9.62e-06       15008.12474
         9.63e-06       15006.80453
         9.64e-06        15013.7441
         9.65e-06       15014.55654
         9.66e-06       15011.88227
         9.67e-06       15010.76517
         9.68e-06       15006.09364
         9.69e-06       14997.86767
          9.7e-06       14998.71397
         9.71e-06       14994.51634
         9.72e-06       14994.99026
         9.73e-06       14987.91521
         9.74e-06       14988.38914
         9.75e-06       14992.89145
         9.76e-06       14988.99847
         9.77e-06       14993.94086
         9.78e-06       14991.90974
         9.79e-06         14990.251
          9.8e-06       14988.96462
         9.81e-06       14995.15952
         9.82e-06       14999.49256
         9.83e-06        14996.5136
         9.84e-06       15002.81003
         9.85e-06       15003.45321
         9.86e-06       14995.32878
         9.87e-06       14997.25834
         9.88e-06       14999.79722
         9.89e-06       14996.27663
          9.9e-06       14999.28945
         9.91e-06       14994.44863
         9.92e-06       14985.85023
         9.93e-06       14987.44128
         9.94e-06       14990.08174
         9.95e-06       14994.71945
         9.96e-06       14996.54745
         9.97e-06       14999.42485
         9.98e-06       14997.69841
         9.99e-06        14996.5136
            1e-05       14998.07078
        1.001e-05        14995.6673
        1.002e-05        14987.7798
        1.003e-05       14981.68643
        1.004e-05       14971.12453
        1.005e-05       14977.79343
        1.006e-05       14978.30121
        1.007e-05       14981.41561
        1.008e-05       14987.54284
        1.009e-05       14990.45411
         1.01e-05       14995.43034
        1.011e-05       15000.67737
        1.012e-05       15005.48431
        1.013e-05       15004.57032
        1.014e-05       15008.56481
        1.015e-05       15006.53371
        1.016e-05       15004.06254
        1.017e-05       15001.79448
        1.018e-05       15003.21625
        1.019e-05       15006.93993
         1.02e-05        15003.2501
        1.021e-05       15003.41936
        1.022e-05       15003.55477
        1.023e-05       14999.93263
        1.024e-05       15001.38826
        1.025e-05       15002.57307
        1.026e-05       15006.46601
        1.027e-05       15008.19245
        1.028e-05       15005.04424
        1.029e-05       14999.83107
         1.03e-05       14998.95093
        1.031e-05         14998.477
        1.032e-05       14991.90974
        1.033e-05       14998.95093
        1.034e-05       14997.66456
        1.035e-05       14999.72952
        1.036e-05       15004.46876
        1.037e-05       15001.45596
        1.038e-05       15002.43766
        1.039e-05       14998.00308
         1.04e-05       14998.57856
        1.041e-05       14997.73226
        1.042e-05       15002.77618
        1.043e-05       15000.91433
        1.044e-05       15004.84113
        1.045e-05       15001.89603
        1.046e-05       14995.97197
        1.047e-05       14995.93812
        1.048e-05       14998.54471
        1.049e-05       14992.72219
         1.05e-05       14993.12841
        1.051e-05        14989.4047
        1.052e-05         14994.821
        1.053e-05       14987.13661
