/*--------------------------------*- C++ -*----------------------------------*\
| =========                 |                                                 |
| \\      /  F ield         | OpenFOAM: The Open Source CFD Toolbox           |
|  \\    /   O peration     | Version:  combo                                 |
|   \\  /    A nd           | Web:      www.OpenFOAM.org                      |
|    \\/     M anipulation  |                                                 |
\*---------------------------------------------------------------------------*/
FoamFile
{
    version     2.0;
    format      ascii;
    class       regIOobject;
    location    "constant/polyMesh";
    object      faceZones;
}
// * * * * * * * * * * * * * * * * * * * * * * * * * * * * * * * * * * * * * //

40
(
e0000w0001CutFaceZone
{
    type faceZone;
faceLabels      List<label> 
50
(
38050
38267
38484
38701
38918
39135
39352
39569
39786
40003
40220
40437
40654
40871
41088
41305
41522
41739
41956
42173
42390
42607
42824
43041
43258
43475
43692
43909
44126
44343
44560
44777
44994
45211
45428
45645
45862
46079
46296
46513
46730
46947
47164
47381
47598
47815
48032
48249
48466
48563
)
;
flipMap         List<bool> 50{0};
}

s0000n0002CutFaceZone
{
    type faceZone;
faceLabels      List<label> 
228
(
2451
2551
2653
2757
2863
2971
3081
3193
3307
3423
3541
3661
3783
3907
4033
4161
4291
4423
4557
4693
4831
4971
5113
5257
5403
5551
5701
5853
6007
6163
6321
6481
6643
6807
6973
7141
7311
7483
7657
7833
8011
8191
8373
8557
8743
8931
9121
9313
9507
9703
9901
10101
10303
10507
10713
10921
11131
11343
11557
11773
11991
12210
12429
12648
12867
13086
13305
13524
13743
13962
14181
14400
14619
14838
15057
15276
15495
15714
15933
16152
16371
16590
16809
17028
17247
17466
17685
17904
18123
18342
18561
18780
18999
19218
19437
19656
19875
20094
20313
20532
20751
20970
21189
21408
21627
21846
22065
22284
22503
22722
22941
23160
23379
23598
23817
24036
24255
24474
24693
24912
25131
25350
25569
25788
26007
26226
26445
26664
26883
27102
27321
27540
27759
27978
28197
28416
28635
28854
29073
29292
29511
29730
29949
30168
30387
30606
30825
31044
31263
31482
31701
31920
32139
32358
32577
32796
33015
33234
33453
33672
33891
34110
34329
34548
34767
34986
35205
35424
35643
35862
36081
36300
36519
36738
36957
37176
37395
37614
37833
38052
38271
38490
38709
38928
39147
39366
39585
39804
40023
40242
40461
40680
40899
41118
41337
41556
41775
41994
42213
42432
42651
42870
43089
43308
43527
43746
43965
44184
44403
44622
44841
45060
45279
45498
45717
45936
46155
46374
46593
46812
47031
47250
47469
47688
47907
48126
48345
48564
)
;
flipMap         List<bool> 228{0};
}

e0001w0004CutFaceZone
{
    type faceZone;
faceLabels      List<label> 
50
(
87982
88199
88416
88633
88850
89067
89284
89501
89718
89935
90152
90369
90586
90803
91020
91237
91454
91671
91888
92105
92322
92539
92756
92973
93190
93407
93624
93841
94058
94275
94492
94709
94926
95143
95360
95577
95794
96011
96228
96445
96662
96879
97096
97313
97530
97747
97964
98181
98398
98496
)
;
flipMap         List<bool> 50{0};
}

s0001n0003CutFaceZone
{
    type faceZone;
faceLabels      List<label> 
228
(
48783
49002
49221
49440
49659
49878
50097
50316
50535
50754
50973
51192
51411
51630
51849
52068
52287
52506
52725
52944
53163
53382
53601
53820
54039
54258
54477
54696
54915
55134
55353
55572
55791
56010
56229
56448
56667
56886
57105
57324
57543
57762
57981
58200
58419
58638
58857
59076
59295
59514
59733
59952
60171
60390
60609
60828
61047
61266
61485
61704
61923
62142
62361
62580
62799
63018
63237
63456
63675
63894
64113
64332
64551
64770
64989
65208
65427
65646
65865
66084
66303
66522
66741
66960
67179
67398
67617
67836
68055
68274
68493
68712
68931
69150
69369
69588
69807
70026
70245
70464
70683
70902
71121
71340
71559
71778
71997
72216
72435
72654
72873
73092
73311
73530
73749
73968
74187
74406
74625
74844
75063
75282
75501
75720
75939
76158
76377
76596
76815
77034
77253
77472
77691
77910
78129
78348
78567
78786
79005
79224
79443
79662
79881
80100
80319
80538
80757
80976
81195
81414
81633
81852
82071
82290
82509
82728
82947
83166
83385
83604
83823
84042
84261
84480
84699
84918
85137
85356
85575
85794
86013
86232
86451
86670
86889
87108
87327
87546
87765
87984
88203
88422
88641
88860
89079
89298
89517
89736
89955
90174
90393
90612
90831
91050
91269
91488
91707
91926
92145
92364
92583
92802
93021
93240
93459
93678
93897
94116
94335
94554
94773
94992
95211
95430
95649
95868
96087
96306
96525
96744
96963
97182
97401
97620
97839
98058
98277
98495
)
;
flipMap         List<bool> 228{0};
}

e0002w0003CutFaceZone
{
    type faceZone;
faceLabels      List<label> 
60
(
48784
49005
49226
49447
49668
49889
50110
50331
50552
50773
50994
51215
51436
51657
51878
52099
52320
52541
52762
52983
53204
53425
53646
53867
54088
54309
54530
54751
54972
55193
55414
55635
55856
56077
56298
56519
56740
56961
57182
57403
57624
57845
58066
58287
58508
58729
58950
59171
59392
59613
59834
60055
60276
60497
60718
60939
61160
61381
61602
61823
)
;
flipMap         List<bool> 60{0};
}

e0003w0005CutFaceZone
{
    type faceZone;
faceLabels      List<label> 
60
(
98715
98934
99153
99372
99591
99810
100029
100248
100467
100686
100905
101124
101343
101562
101781
102000
102219
102438
102657
102876
103095
103314
103533
103752
103971
104190
104409
104628
104847
105066
105285
105504
105723
105942
106161
106380
106599
106818
107037
107256
107475
107694
107913
108132
108351
108570
108789
109008
109227
109446
109665
109884
110103
110322
110541
110760
110979
111198
111417
111635
)
;
flipMap         List<bool> 60{0};
}

e0004w0006CutFaceZone
{
    type faceZone;
faceLabels      List<label> 
50
(
120832
121049
121266
121483
121700
121917
122134
122351
122568
122785
123002
123219
123436
123653
123870
124087
124304
124521
124738
124955
125172
125389
125606
125823
126040
126257
126474
126691
126908
127125
127342
127559
127776
127993
128210
128427
128644
128861
129078
129295
129512
129729
129946
130163
130380
130597
130814
131031
131248
131465
)
;
flipMap         List<bool> 50{0};
}

s0004n0005CutFaceZone
{
    type faceZone;
faceLabels      List<label> 
150
(
98716
98937
99158
99379
99600
99821
100042
100263
100484
100705
100926
101147
101368
101589
101810
102031
102252
102473
102694
102915
103136
103357
103578
103799
104020
104241
104462
104683
104904
105125
105346
105567
105788
106009
106230
106451
106672
106893
107114
107335
107556
107777
107998
108219
108440
108661
108882
109103
109324
109545
109766
109987
110208
110429
110650
110871
111092
111313
111534
111754
111973
112192
112411
112630
112849
113068
113287
113506
113725
113944
114163
114382
114601
114820
115039
115258
115477
115696
115915
116134
116353
116572
116791
117010
117229
117448
117667
117886
118105
118324
118543
118762
118981
119200
119419
119638
119857
120076
120295
120514
120733
120952
121171
121390
121609
121828
122047
122266
122485
122704
122923
123142
123361
123580
123799
124018
124237
124456
124675
124894
125113
125332
125551
125770
125989
126208
126427
126646
126865
127084
127303
127522
127741
127960
128179
128398
128617
128836
129055
129274
129493
129712
129931
130150
130369
130588
130807
131026
131245
131464
)
;
flipMap         List<bool> 150{0};
}

e0005w0007CutFaceZone
{
    type faceZone;
faceLabels      List<label> 
60
(
131682
131899
132116
132333
132550
132767
132984
133201
133418
133635
133852
134069
134286
134503
134720
134937
135154
135371
135588
135805
136022
136239
136456
136673
136890
137107
137324
137541
137758
137975
138192
138409
138626
138843
139060
139277
139494
139711
139928
140145
140362
140579
140796
141013
141230
141447
141664
141881
142098
142315
142532
142749
142966
143183
143400
143617
143834
144051
144268
144485
)
;
flipMap         List<bool> 60{0};
}

e0006w0008CutFaceZone
{
    type faceZone;
faceLabels      List<label> 
50
(
153682
153899
154116
154333
154550
154767
154984
155201
155418
155635
155852
156069
156286
156503
156720
156937
157154
157371
157588
157805
158022
158239
158456
158673
158890
159107
159324
159541
159758
159975
160192
160409
160626
160843
161060
161277
161494
161711
161928
162145
162362
162579
162796
163013
163230
163447
163664
163881
164098
164315
)
;
flipMap         List<bool> 50{0};
}

s0006n0007CutFaceZone
{
    type faceZone;
faceLabels      List<label> 
150
(
131683
131902
132121
132340
132559
132778
132997
133216
133435
133654
133873
134092
134311
134530
134749
134968
135187
135406
135625
135844
136063
136282
136501
136720
136939
137158
137377
137596
137815
138034
138253
138472
138691
138910
139129
139348
139567
139786
140005
140224
140443
140662
140881
141100
141319
141538
141757
141976
142195
142414
142633
142852
143071
143290
143509
143728
143947
144166
144385
144604
144823
145042
145261
145480
145699
145918
146137
146356
146575
146794
147013
147232
147451
147670
147889
148108
148327
148546
148765
148984
149203
149422
149641
149860
150079
150298
150517
150736
150955
151174
151393
151612
151831
152050
152269
152488
152707
152926
153145
153364
153583
153802
154021
154240
154459
154678
154897
155116
155335
155554
155773
155992
156211
156430
156649
156868
157087
157306
157525
157744
157963
158182
158401
158620
158839
159058
159277
159496
159715
159934
160153
160372
160591
160810
161029
161248
161467
161686
161905
162124
162343
162562
162781
163000
163219
163438
163657
163876
164095
164314
)
;
flipMap         List<bool> 150{0};
}

e0007w0009CutFaceZone
{
    type faceZone;
faceLabels      List<label> 
60
(
164532
164749
164966
165183
165400
165617
165834
166051
166268
166485
166702
166919
167136
167353
167570
167787
168004
168221
168438
168655
168872
169089
169306
169523
169740
169957
170174
170391
170608
170825
171042
171259
171476
171693
171910
172127
172344
172561
172778
172995
173212
173429
173646
173863
174080
174297
174514
174731
174948
175165
175382
175599
175816
176033
176250
176467
176684
176901
177118
177335
)
;
flipMap         List<bool> 60{0};
}

e0008w0010CutFaceZone
{
    type faceZone;
faceLabels      List<label> 
50
(
187408
187625
187842
188059
188276
188493
188710
188927
189144
189361
189578
189795
190012
190229
190446
190663
190880
191097
191314
191531
191748
191965
192182
192399
192616
192833
193050
193267
193484
193701
193918
194135
194352
194569
194786
195003
195220
195437
195654
195871
196088
196305
196522
196739
196956
197173
197390
197607
197824
198041
)
;
flipMap         List<bool> 50{0};
}

s0008n0009CutFaceZone
{
    type faceZone;
faceLabels      List<label> 
154
(
164533
164752
164971
165190
165409
165628
165847
166066
166285
166504
166723
166942
167161
167380
167599
167818
168037
168256
168475
168694
168913
169132
169351
169570
169789
170008
170227
170446
170665
170884
171103
171322
171541
171760
171979
172198
172417
172636
172855
173074
173293
173512
173731
173950
174169
174388
174607
174826
175045
175264
175483
175702
175921
176140
176359
176578
176797
177016
177235
177454
177673
177892
178111
178330
178549
178768
178987
179206
179425
179644
179863
180082
180301
180520
180739
180958
181177
181396
181615
181834
182053
182272
182491
182710
182929
183148
183367
183586
183805
184024
184243
184462
184681
184900
185119
185338
185557
185776
185995
186214
186433
186652
186871
187090
187309
187528
187747
187966
188185
188404
188623
188842
189061
189280
189499
189718
189937
190156
190375
190594
190813
191032
191251
191470
191689
191908
192127
192346
192565
192784
193003
193222
193441
193660
193879
194098
194317
194536
194755
194974
195193
195412
195631
195850
196069
196288
196507
196726
196945
197164
197383
197602
197821
198040
)
;
flipMap         List<bool> 154{0};
}

e0009w0011CutFaceZone
{
    type faceZone;
faceLabels      List<label> 
60
(
198258
198475
198692
198909
199126
199343
199560
199777
199994
200211
200428
200645
200862
201079
201296
201513
201730
201947
202164
202381
202598
202815
203032
203249
203466
203683
203900
204117
204334
204551
204768
204985
205202
205419
205636
205853
206070
206287
206504
206721
206938
207155
207372
207589
207806
208023
208240
208457
208674
208891
209108
209325
209542
209759
209976
210193
210410
210627
210844
211061
)
;
flipMap         List<bool> 60{0};
}

e0010w0012CutFaceZone
{
    type faceZone;
faceLabels      List<label> 
50
(
204928
205145
205362
205579
205796
206013
206230
206447
206664
206881
207098
207315
207532
207749
207966
208183
208400
208617
208834
209051
209268
209485
209702
209919
210136
210353
210570
210787
211004
211221
211438
211655
211872
212089
212306
212523
212740
212957
213174
213391
213608
213825
214042
214259
214476
214693
214910
215127
215344
215561
)
;
flipMap         List<bool> 50{0};
}

s0010n0011CutFaceZone
{
    type faceZone;
faceLabels      List<label> 
80
(
198259
198478
198697
198916
199135
199354
199573
199792
200011
200230
200449
200668
200887
201106
201325
201544
201763
201982
202201
202420
202639
202858
203077
203296
203515
203734
203953
204172
204391
204610
204829
205048
205267
205486
205705
205924
206143
206362
206581
206800
207019
207238
207457
207676
207895
208114
208333
208552
208771
208990
209209
209428
209647
209866
210085
210304
210523
210742
210961
211180
211399
211618
211837
212056
212275
212494
212713
212932
213151
213370
213589
213808
214027
214246
214465
214684
214903
215122
215341
215560
)
;
flipMap         List<bool> 80{0};
}

e0011w0013CutFaceZone
{
    type faceZone;
faceLabels      List<label> 
60
(
215778
215995
216212
216429
216646
216863
217080
217297
217514
217731
217948
218165
218382
218599
218816
219033
219250
219467
219684
219901
220118
220335
220552
220769
220986
221203
221420
221637
221854
222071
222288
222505
222722
222939
223156
223373
223590
223807
224024
224241
224458
224675
224892
225109
225326
225543
225760
225977
226194
226411
226628
226845
227062
227279
227496
227713
227930
228147
228364
228581
)
;
flipMap         List<bool> 60{0};
}

e0012w0014CutFaceZone
{
    type faceZone;
faceLabels      List<label> 
50
(
294061
294278
294495
294712
294929
295146
295363
295580
295797
296014
296231
296448
296665
296882
297099
297316
297533
297750
297967
298184
298401
298618
298835
299052
299269
299486
299703
299920
300137
300354
300571
300788
301005
301222
301439
301656
301873
302090
302307
302524
302741
302958
303175
303392
303609
303826
304043
304260
304477
304694
)
;
flipMap         List<bool> 50{0};
}

s0012n0013CutFaceZone
{
    type faceZone;
faceLabels      List<label> 
407
(
215779
215998
216217
216436
216655
216874
217093
217312
217531
217750
217969
218188
218407
218626
218845
219064
219283
219502
219721
219940
220159
220378
220597
220816
221035
221254
221473
221692
221911
222130
222349
222568
222787
223006
223225
223444
223663
223882
224101
224320
224539
224758
224977
225196
225415
225634
225853
226072
226291
226510
226729
226948
227167
227386
227605
227824
228043
228262
228481
228700
228919
229138
229357
229576
229795
230014
230233
230452
230671
230890
231109
231328
231547
231766
231985
232204
232423
232642
232861
233080
233299
233518
233737
233956
234175
234394
234613
234832
235051
235270
235489
235708
235927
236146
236365
236584
236803
237022
237241
237460
237679
237898
238117
238336
238555
238774
238993
239212
239431
239650
239869
240088
240307
240526
240745
240964
241183
241402
241621
241840
242059
242278
242497
242716
242935
243154
243373
243592
243811
244030
244249
244468
244687
244906
245125
245344
245563
245782
246001
246220
246439
246658
246877
247096
247315
247534
247753
247972
248191
248410
248629
248848
249067
249286
249505
249724
249943
250162
250381
250600
250819
251038
251257
251476
251695
251914
252133
252352
252571
252790
253009
253228
253447
253666
253885
254104
254323
254542
254761
254980
255199
255418
255637
255856
256075
256294
256513
256732
256951
257170
257389
257608
257827
258046
258265
258484
258703
258922
259141
259360
259579
259798
260017
260236
260455
260674
260893
261112
261331
261550
261769
261988
262207
262426
262645
262864
263083
263302
263521
263740
263959
264178
264397
264616
264835
265054
265273
265492
265711
265930
266149
266368
266587
266806
267025
267244
267463
267682
267901
268120
268339
268558
268777
268996
269215
269434
269653
269872
270091
270310
270529
270748
270967
271186
271405
271624
271843
272062
272281
272500
272719
272938
273157
273376
273595
273814
274033
274252
274471
274690
274909
275128
275347
275566
275785
276004
276223
276442
276661
276880
277099
277318
277537
277756
277975
278194
278413
278632
278851
279070
279289
279508
279727
279946
280165
280384
280603
280822
281041
281260
281479
281698
281917
282136
282355
282574
282793
283012
283231
283450
283669
283888
284107
284326
284545
284764
284983
285202
285421
285640
285859
286078
286297
286516
286735
286954
287173
287392
287611
287830
288049
288268
288487
288706
288925
289144
289363
289582
289801
290020
290239
290458
290677
290896
291115
291334
291553
291772
291991
292210
292429
292648
292867
293086
293305
293524
293743
293962
294181
294400
294619
294838
295057
295276
295495
295714
295933
296152
296371
296590
296809
297028
297247
297466
297685
297904
298123
298342
298561
298780
298999
299218
299437
299656
299875
300094
300313
300532
300751
300970
301189
301408
301627
301846
302065
302284
302503
302722
302941
303160
303379
303598
303817
304036
304255
304474
304693
)
;
flipMap         List<bool> 407{0};
}

e0013w0015CutFaceZone
{
    type faceZone;
faceLabels      List<label> 
60
(
304911
305128
305345
305562
305779
305996
306213
306430
306647
306864
307081
307298
307515
307732
307949
308166
308383
308600
308817
309034
309251
309468
309685
309902
310119
310336
310553
310770
310987
311204
311421
311638
311855
312072
312289
312506
312723
312940
313157
313374
313591
313808
314025
314242
314459
314676
314893
315110
315327
315544
315761
315978
316195
316412
316629
316846
317063
317280
317497
317714
)
;
flipMap         List<bool> 60{0};
}

e0014w0016CutFaceZone
{
    type faceZone;
faceLabels      List<label> 
50
(
339394
339611
339828
340045
340262
340479
340696
340913
341130
341347
341564
341781
341998
342215
342432
342649
342866
343083
343300
343517
343734
343951
344168
344385
344602
344819
345036
345253
345470
345687
345904
346121
346338
346555
346772
346989
347206
347423
347640
347857
348074
348291
348508
348725
348942
349159
349376
349593
349810
350027
)
;
flipMap         List<bool> 50{0};
}

s0014n0015CutFaceZone
{
    type faceZone;
faceLabels      List<label> 
207
(
304912
305131
305350
305569
305788
306007
306226
306445
306664
306883
307102
307321
307540
307759
307978
308197
308416
308635
308854
309073
309292
309511
309730
309949
310168
310387
310606
310825
311044
311263
311482
311701
311920
312139
312358
312577
312796
313015
313234
313453
313672
313891
314110
314329
314548
314767
314986
315205
315424
315643
315862
316081
316300
316519
316738
316957
317176
317395
317614
317833
318052
318271
318490
318709
318928
319147
319366
319585
319804
320023
320242
320461
320680
320899
321118
321337
321556
321775
321994
322213
322432
322651
322870
323089
323308
323527
323746
323965
324184
324403
324622
324841
325060
325279
325498
325717
325936
326155
326374
326593
326812
327031
327250
327469
327688
327907
328126
328345
328564
328783
329002
329221
329440
329659
329878
330097
330316
330535
330754
330973
331192
331411
331630
331849
332068
332287
332506
332725
332944
333163
333382
333601
333820
334039
334258
334477
334696
334915
335134
335353
335572
335791
336010
336229
336448
336667
336886
337105
337324
337543
337762
337981
338200
338419
338638
338857
339076
339295
339514
339733
339952
340171
340390
340609
340828
341047
341266
341485
341704
341923
342142
342361
342580
342799
343018
343237
343456
343675
343894
344113
344332
344551
344770
344989
345208
345427
345646
345865
346084
346303
346522
346741
346960
347179
347398
347617
347836
348055
348274
348493
348712
348931
349150
349369
349588
349807
350026
)
;
flipMap         List<bool> 207{0};
}

e0015w0017CutFaceZone
{
    type faceZone;
faceLabels      List<label> 
60
(
350244
350461
350678
350895
351112
351329
351546
351763
351980
352197
352414
352631
352848
353065
353282
353499
353716
353933
354150
354367
354584
354801
355018
355235
355452
355669
355886
356103
356320
356537
356754
356971
357188
357405
357622
357839
358056
358273
358490
358707
358924
359141
359358
359575
359792
360009
360226
360443
360660
360877
361094
361311
361528
361745
361962
362179
362396
362613
362830
363047
)
;
flipMap         List<bool> 60{0};
}

e0016w0018CutFaceZone
{
    type faceZone;
faceLabels      List<label> 
50
(
380566
380783
381000
381217
381434
381651
381868
382085
382302
382519
382736
382953
383170
383387
383604
383821
384038
384255
384472
384689
384906
385123
385340
385557
385774
385991
386208
386425
386642
386859
387076
387293
387510
387727
387944
388161
388378
388595
388812
389029
389246
389463
389680
389897
390114
390331
390548
390765
390982
391199
)
;
flipMap         List<bool> 50{0};
}

s0016n0017CutFaceZone
{
    type faceZone;
faceLabels      List<label> 
188
(
350245
350464
350683
350902
351121
351340
351559
351778
351997
352216
352435
352654
352873
353092
353311
353530
353749
353968
354187
354406
354625
354844
355063
355282
355501
355720
355939
356158
356377
356596
356815
357034
357253
357472
357691
357910
358129
358348
358567
358786
359005
359224
359443
359662
359881
360100
360319
360538
360757
360976
361195
361414
361633
361852
362071
362290
362509
362728
362947
363166
363385
363604
363823
364042
364261
364480
364699
364918
365137
365356
365575
365794
366013
366232
366451
366670
366889
367108
367327
367546
367765
367984
368203
368422
368641
368860
369079
369298
369517
369736
369955
370174
370393
370612
370831
371050
371269
371488
371707
371926
372145
372364
372583
372802
373021
373240
373459
373678
373897
374116
374335
374554
374773
374992
375211
375430
375649
375868
376087
376306
376525
376744
376963
377182
377401
377620
377839
378058
378277
378496
378715
378934
379153
379372
379591
379810
380029
380248
380467
380686
380905
381124
381343
381562
381781
382000
382219
382438
382657
382876
383095
383314
383533
383752
383971
384190
384409
384628
384847
385066
385285
385504
385723
385942
386161
386380
386599
386818
387037
387256
387475
387694
387913
388132
388351
388570
388789
389008
389227
389446
389665
389884
390103
390322
390541
390760
390979
391198
)
;
flipMap         List<bool> 188{0};
}

e0017w0019CutFaceZone
{
    type faceZone;
faceLabels      List<label> 
60
(
391416
391633
391850
392067
392284
392501
392718
392935
393152
393369
393586
393803
394020
394237
394454
394671
394888
395105
395322
395539
395756
395973
396190
396407
396624
396841
397058
397275
397492
397709
397926
398143
398360
398577
398794
399011
399228
399445
399662
399879
400096
400313
400530
400747
400964
401181
401398
401615
401832
402049
402266
402483
402700
402917
403134
403351
403568
403785
404002
404219
)
;
flipMap         List<bool> 60{0};
}

e0018w0020CutFaceZone
{
    type faceZone;
faceLabels      List<label> 
50
(
424147
424364
424581
424798
425015
425232
425449
425666
425883
426100
426317
426534
426751
426968
427185
427402
427619
427836
428053
428270
428487
428704
428921
429138
429355
429572
429789
430006
430223
430440
430657
430874
431091
431308
431525
431742
431959
432176
432393
432610
432827
433044
433261
433478
433695
433912
434129
434346
434563
434780
)
;
flipMap         List<bool> 50{0};
}

s0018n0019CutFaceZone
{
    type faceZone;
faceLabels      List<label> 
199
(
391417
391636
391855
392074
392293
392512
392731
392950
393169
393388
393607
393826
394045
394264
394483
394702
394921
395140
395359
395578
395797
396016
396235
396454
396673
396892
397111
397330
397549
397768
397987
398206
398425
398644
398863
399082
399301
399520
399739
399958
400177
400396
400615
400834
401053
401272
401491
401710
401929
402148
402367
402586
402805
403024
403243
403462
403681
403900
404119
404338
404557
404776
404995
405214
405433
405652
405871
406090
406309
406528
406747
406966
407185
407404
407623
407842
408061
408280
408499
408718
408937
409156
409375
409594
409813
410032
410251
410470
410689
410908
411127
411346
411565
411784
412003
412222
412441
412660
412879
413098
413317
413536
413755
413974
414193
414412
414631
414850
415069
415288
415507
415726
415945
416164
416383
416602
416821
417040
417259
417478
417697
417916
418135
418354
418573
418792
419011
419230
419449
419668
419887
420106
420325
420544
420763
420982
421201
421420
421639
421858
422077
422296
422515
422734
422953
423172
423391
423610
423829
424048
424267
424486
424705
424924
425143
425362
425581
425800
426019
426238
426457
426676
426895
427114
427333
427552
427771
427990
428209
428428
428647
428866
429085
429304
429523
429742
429961
430180
430399
430618
430837
431056
431275
431494
431713
431932
432151
432370
432589
432808
433027
433246
433465
433684
433903
434122
434341
434560
434779
)
;
flipMap         List<bool> 199{0};
}

e0019w0021CutFaceZone
{
    type faceZone;
faceLabels      List<label> 
60
(
434997
435214
435431
435648
435865
436082
436299
436516
436733
436950
437167
437384
437601
437818
438035
438252
438469
438686
438903
439120
439337
439554
439771
439988
440205
440422
440639
440856
441073
441290
441507
441724
441941
442158
442375
442592
442809
443026
443243
443460
443677
443894
444111
444328
444545
444762
444979
445196
445413
445630
445847
446064
446281
446498
446715
446932
447149
447366
447583
447800
)
;
flipMap         List<bool> 60{0};
}

e0020w0022CutFaceZone
{
    type faceZone;
faceLabels      List<label> 
50
(
472108
472325
472542
472759
472976
473193
473410
473627
473844
474061
474278
474495
474712
474929
475146
475363
475580
475797
476014
476231
476448
476665
476882
477099
477316
477533
477750
477967
478184
478401
478618
478835
479052
479269
479486
479703
479920
480137
480354
480571
480788
481005
481222
481439
481656
481873
482090
482307
482524
482741
)
;
flipMap         List<bool> 50{0};
}

s0020n0021CutFaceZone
{
    type faceZone;
faceLabels      List<label> 
219
(
434998
435217
435436
435655
435874
436093
436312
436531
436750
436969
437188
437407
437626
437845
438064
438283
438502
438721
438940
439159
439378
439597
439816
440035
440254
440473
440692
440911
441130
441349
441568
441787
442006
442225
442444
442663
442882
443101
443320
443539
443758
443977
444196
444415
444634
444853
445072
445291
445510
445729
445948
446167
446386
446605
446824
447043
447262
447481
447700
447919
448138
448357
448576
448795
449014
449233
449452
449671
449890
450109
450328
450547
450766
450985
451204
451423
451642
451861
452080
452299
452518
452737
452956
453175
453394
453613
453832
454051
454270
454489
454708
454927
455146
455365
455584
455803
456022
456241
456460
456679
456898
457117
457336
457555
457774
457993
458212
458431
458650
458869
459088
459307
459526
459745
459964
460183
460402
460621
460840
461059
461278
461497
461716
461935
462154
462373
462592
462811
463030
463249
463468
463687
463906
464125
464344
464563
464782
465001
465220
465439
465658
465877
466096
466315
466534
466753
466972
467191
467410
467629
467848
468067
468286
468505
468724
468943
469162
469381
469600
469819
470038
470257
470476
470695
470914
471133
471352
471571
471790
472009
472228
472447
472666
472885
473104
473323
473542
473761
473980
474199
474418
474637
474856
475075
475294
475513
475732
475951
476170
476389
476608
476827
477046
477265
477484
477703
477922
478141
478360
478579
478798
479017
479236
479455
479674
479893
480112
480331
480550
480769
480988
481207
481426
481645
481864
482083
482302
482521
482740
)
;
flipMap         List<bool> 219{0};
}

e0021w0025CutFaceZone
{
    type faceZone;
faceLabels      List<label> 
60
(
482958
483175
483392
483609
483826
484043
484260
484477
484694
484911
485128
485345
485562
485779
485996
486213
486430
486647
486864
487081
487298
487515
487732
487949
488166
488383
488600
488817
489034
489251
489468
489685
489902
490119
490336
490553
490770
490987
491204
491421
491638
491855
492072
492289
492506
492723
492940
493157
493374
493591
493808
494025
494242
494459
494676
494893
495110
495327
495544
495761
)
;
flipMap         List<bool> 60{0};
}

e0022w0023CutFaceZone
{
    type faceZone;
faceLabels      List<label> 
50
(
524449
524666
524883
525100
525317
525534
525751
525968
526185
526402
526619
526836
527053
527270
527487
527704
527921
528138
528355
528572
528789
529006
529223
529440
529657
529874
530091
530308
530525
530742
530959
531176
531393
531610
531827
532044
532261
532478
532695
532912
533129
533346
533563
533780
533997
534214
534431
534648
534865
535082
)
;
flipMap         List<bool> 50{0};
}

s0022n0025CutFaceZone
{
    type faceZone;
faceLabels      List<label> 
239
(
482959
483178
483397
483616
483835
484054
484273
484492
484711
484930
485149
485368
485587
485806
486025
486244
486463
486682
486901
487120
487339
487558
487777
487996
488215
488434
488653
488872
489091
489310
489529
489748
489967
490186
490405
490624
490843
491062
491281
491500
491719
491938
492157
492376
492595
492814
493033
493252
493471
493690
493909
494128
494347
494566
494785
495004
495223
495442
495661
495880
496099
496318
496537
496756
496975
497194
497413
497632
497851
498070
498289
498508
498727
498946
499165
499384
499603
499822
500041
500260
500479
500698
500917
501136
501355
501574
501793
502012
502231
502450
502669
502888
503107
503326
503545
503764
503983
504202
504421
504640
504859
505078
505297
505516
505735
505954
506173
506392
506611
506830
507049
507268
507487
507706
507925
508144
508363
508582
508801
509020
509239
509458
509677
509896
510115
510334
510553
510772
510991
511210
511429
511648
511867
512086
512305
512524
512743
512962
513181
513400
513619
513838
514057
514276
514495
514714
514933
515152
515371
515590
515809
516028
516247
516466
516685
516904
517123
517342
517561
517780
517999
518218
518437
518656
518875
519094
519313
519532
519751
519970
520189
520408
520627
520846
521065
521284
521503
521722
521941
522160
522379
522598
522817
523036
523255
523474
523693
523912
524131
524350
524569
524788
525007
525226
525445
525664
525883
526102
526321
526540
526759
526978
527197
527416
527635
527854
528073
528292
528511
528730
528949
529168
529387
529606
529825
530044
530263
530482
530701
530920
531139
531358
531577
531796
532015
532234
532453
532672
532891
533110
533329
533548
533767
533986
534205
534424
534643
534862
535081
)
;
flipMap         List<bool> 239{0};
}

e0023w0024CutFaceZone
{
    type faceZone;
faceLabels      List<label> 
50
(
576790
577007
577224
577441
577658
577875
578092
578309
578526
578743
578960
579177
579394
579611
579828
580045
580262
580479
580696
580913
581130
581347
581564
581781
581998
582215
582432
582649
582866
583083
583300
583517
583734
583951
584168
584385
584602
584819
585036
585253
585470
585687
585904
586121
586338
586555
586772
586989
587206
587423
)
;
flipMap         List<bool> 50{0};
}

s0023n0026CutFaceZone
{
    type faceZone;
faceLabels      List<label> 
239
(
535300
535519
535738
535957
536176
536395
536614
536833
537052
537271
537490
537709
537928
538147
538366
538585
538804
539023
539242
539461
539680
539899
540118
540337
540556
540775
540994
541213
541432
541651
541870
542089
542308
542527
542746
542965
543184
543403
543622
543841
544060
544279
544498
544717
544936
545155
545374
545593
545812
546031
546250
546469
546688
546907
547126
547345
547564
547783
548002
548221
548440
548659
548878
549097
549316
549535
549754
549973
550192
550411
550630
550849
551068
551287
551506
551725
551944
552163
552382
552601
552820
553039
553258
553477
553696
553915
554134
554353
554572
554791
555010
555229
555448
555667
555886
556105
556324
556543
556762
556981
557200
557419
557638
557857
558076
558295
558514
558733
558952
559171
559390
559609
559828
560047
560266
560485
560704
560923
561142
561361
561580
561799
562018
562237
562456
562675
562894
563113
563332
563551
563770
563989
564208
564427
564646
564865
565084
565303
565522
565741
565960
566179
566398
566617
566836
567055
567274
567493
567712
567931
568150
568369
568588
568807
569026
569245
569464
569683
569902
570121
570340
570559
570778
570997
571216
571435
571654
571873
572092
572311
572530
572749
572968
573187
573406
573625
573844
574063
574282
574501
574720
574939
575158
575377
575596
575815
576034
576253
576472
576691
576910
577129
577348
577567
577786
578005
578224
578443
578662
578881
579100
579319
579538
579757
579976
580195
580414
580633
580852
581071
581290
581509
581728
581947
582166
582385
582604
582823
583042
583261
583480
583699
583918
584137
584356
584575
584794
585013
585232
585451
585670
585889
586108
586327
586546
586765
586984
587203
587422
)
;
flipMap         List<bool> 239{0};
}

s0024n0027CutFaceZone
{
    type faceZone;
faceLabels      List<label> 
240
(
587641
587860
588079
588298
588517
588736
588955
589174
589393
589612
589831
590050
590269
590488
590707
590926
591145
591364
591583
591802
592021
592240
592459
592678
592897
593116
593335
593554
593773
593992
594211
594430
594649
594868
595087
595306
595525
595744
595963
596182
596401
596620
596839
597058
597277
597496
597715
597934
598153
598372
598591
598810
599029
599248
599467
599686
599905
600124
600343
600562
600781
601000
601219
601438
601657
601876
602095
602314
602533
602752
602971
603190
603409
603628
603847
604066
604285
604504
604723
604942
605161
605380
605599
605818
606037
606256
606475
606694
606913
607132
607351
607570
607789
608008
608227
608446
608665
608884
609103
609322
609541
609760
609979
610198
610417
610636
610855
611074
611293
611512
611731
611950
612169
612388
612607
612826
613045
613264
613483
613702
613921
614140
614359
614578
614797
615016
615235
615454
615673
615892
616111
616330
616549
616768
616987
617206
617425
617644
617863
618082
618301
618520
618739
618958
619177
619396
619615
619834
620053
620272
620491
620710
620929
621148
621367
621586
621805
622024
622243
622462
622681
622900
623119
623338
623557
623776
623995
624214
624433
624652
624871
625090
625309
625528
625747
625966
626185
626404
626623
626842
627061
627280
627499
627718
627937
628156
628375
628594
628813
629032
629251
629469
629685
629899
630111
630321
630529
630735
630939
631141
631341
631539
631735
631929
632121
632311
632499
632685
632869
633051
633231
633409
633585
633759
633931
634101
634269
634435
634599
634761
634921
635079
635235
635389
635541
635691
635839
635985
636129
636271
636411
636549
636685
636819
636951
637081
637209
637335
637459
637581
)
;
flipMap         List<bool> 240{0};
}

e0025w0026CutFaceZone
{
    type faceZone;
faceLabels      List<label> 
60
(
535299
535516
535733
535950
536167
536384
536601
536818
537035
537252
537469
537686
537903
538120
538337
538554
538771
538988
539205
539422
539639
539856
540073
540290
540507
540724
540941
541158
541375
541592
541809
542026
542243
542460
542677
542894
543111
543328
543545
543762
543979
544196
544413
544630
544847
545064
545281
545498
545715
545932
546149
546366
546583
546800
547017
547234
547451
547668
547885
548102
)
;
flipMap         List<bool> 60{0};
}

e0026w0027CutFaceZone
{
    type faceZone;
faceLabels      List<label> 
60
(
587640
587857
588074
588291
588508
588725
588942
589159
589376
589593
589810
590027
590244
590461
590678
590895
591112
591329
591546
591763
591980
592197
592414
592631
592848
593065
593282
593499
593716
593933
594150
594367
594584
594801
595018
595235
595452
595669
595886
596103
596320
596537
596754
596971
597188
597405
597622
597839
598056
598273
598490
598707
598924
599141
599358
599575
599792
600009
600226
600443
)
;
flipMap         List<bool> 60{0};
}
)

// ************************************************************************* //
