# Probe 0 (5e-06 5e-06 5e-06)
#           Probe                 0
#            Time
            1e-08        9.9998e+22
            2e-08        9.9998e+22
            3e-08        9.9998e+22
            4e-08        9.9998e+22
            5e-08        9.9998e+22
            6e-08        9.9998e+22
            7e-08        9.9998e+22
            8e-08        9.9998e+22
            9e-08        9.9998e+22
            1e-07        9.9998e+22
          1.1e-07        9.9998e+22
          1.2e-07        9.9998e+22
          1.3e-07        9.9998e+22
          1.4e-07        9.9998e+22
          1.5e-07        9.9998e+22
          1.6e-07        9.9998e+22
          1.7e-07        9.9998e+22
          1.8e-07        9.9998e+22
          1.9e-07        9.9998e+22
            2e-07        9.9998e+22
          2.1e-07        9.9998e+22
          2.2e-07        9.9998e+22
          2.3e-07        9.9998e+22
          2.4e-07        9.9998e+22
          2.5e-07        9.9998e+22
          2.6e-07        9.9998e+22
          2.7e-07        9.9998e+22
          2.8e-07        9.9998e+22
          2.9e-07        9.9998e+22
            3e-07        9.9998e+22
          3.1e-07        9.9998e+22
          3.2e-07        9.9998e+22
          3.3e-07        9.9998e+22
          3.4e-07        9.9998e+22
          3.5e-07        9.9998e+22
          3.6e-07        9.9998e+22
          3.7e-07        9.9998e+22
          3.8e-07        9.9998e+22
          3.9e-07        9.9998e+22
            4e-07        9.9998e+22
          4.1e-07        9.9998e+22
          4.2e-07        9.9998e+22
          4.3e-07        9.9998e+22
          4.4e-07        9.9998e+22
          4.5e-07        9.9998e+22
          4.6e-07        9.9998e+22
          4.7e-07        9.9998e+22
          4.8e-07        9.9998e+22
          4.9e-07        9.9998e+22
            5e-07        9.9998e+22
          5.1e-07        9.9998e+22
          5.2e-07        9.9998e+22
          5.3e-07        9.9998e+22
          5.4e-07        9.9998e+22
          5.5e-07        9.9998e+22
          5.6e-07        9.9998e+22
          5.7e-07        9.9998e+22
          5.8e-07        9.9998e+22
          5.9e-07        9.9998e+22
            6e-07        9.9998e+22
          6.1e-07        9.9998e+22
          6.2e-07        9.9998e+22
          6.3e-07        9.9998e+22
          6.4e-07        9.9998e+22
          6.5e-07        9.9998e+22
          6.6e-07        9.9998e+22
          6.7e-07        9.9998e+22
          6.8e-07        9.9998e+22
          6.9e-07        9.9998e+22
            7e-07        9.9998e+22
          7.1e-07        9.9998e+22
          7.2e-07        9.9998e+22
          7.3e-07        9.9998e+22
          7.4e-07        9.9998e+22
          7.5e-07        9.9998e+22
          7.6e-07        9.9998e+22
          7.7e-07        9.9998e+22
          7.8e-07        9.9998e+22
          7.9e-07        9.9998e+22
            8e-07        9.9998e+22
          8.1e-07        9.9998e+22
          8.2e-07        9.9998e+22
          8.3e-07        9.9998e+22
          8.4e-07        9.9998e+22
          8.5e-07        9.9998e+22
          8.6e-07        9.9998e+22
          8.7e-07        9.9998e+22
          8.8e-07        9.9998e+22
          8.9e-07        9.9998e+22
            9e-07        9.9998e+22
          9.1e-07        9.9998e+22
          9.2e-07        9.9998e+22
          9.3e-07        9.9998e+22
          9.4e-07        9.9998e+22
          9.5e-07        9.9998e+22
          9.6e-07        9.9998e+22
          9.7e-07        9.9998e+22
          9.8e-07        9.9998e+22
          9.9e-07        9.9998e+22
            1e-06        9.9998e+22
         1.01e-06        9.9998e+22
         1.02e-06        9.9998e+22
         1.03e-06        9.9998e+22
         1.04e-06        9.9998e+22
         1.05e-06        9.9998e+22
         1.06e-06        9.9998e+22
         1.07e-06        9.9998e+22
         1.08e-06        9.9998e+22
         1.09e-06        9.9998e+22
          1.1e-06        9.9998e+22
         1.11e-06        9.9998e+22
         1.12e-06        9.9998e+22
         1.13e-06        9.9998e+22
         1.14e-06        9.9998e+22
         1.15e-06        9.9998e+22
         1.16e-06        9.9998e+22
         1.17e-06        9.9998e+22
         1.18e-06        9.9998e+22
         1.19e-06        9.9998e+22
          1.2e-06        9.9998e+22
         1.21e-06        9.9998e+22
         1.22e-06        9.9998e+22
         1.23e-06        9.9998e+22
         1.24e-06        9.9998e+22
         1.25e-06        9.9998e+22
         1.26e-06        9.9998e+22
         1.27e-06        9.9998e+22
         1.28e-06        9.9998e+22
         1.29e-06        9.9998e+22
          1.3e-06        9.9998e+22
         1.31e-06        9.9998e+22
         1.32e-06        9.9998e+22
         1.33e-06        9.9998e+22
         1.34e-06        9.9998e+22
         1.35e-06        9.9998e+22
         1.36e-06        9.9998e+22
         1.37e-06        9.9998e+22
         1.38e-06        9.9998e+22
         1.39e-06        9.9998e+22
          1.4e-06        9.9998e+22
         1.41e-06        9.9998e+22
         1.42e-06        9.9998e+22
         1.43e-06        9.9998e+22
         1.44e-06        9.9998e+22
         1.45e-06        9.9998e+22
         1.46e-06        9.9998e+22
         1.47e-06        9.9998e+22
         1.48e-06        9.9998e+22
         1.49e-06        9.9998e+22
          1.5e-06        9.9998e+22
         1.51e-06        9.9998e+22
         1.52e-06        9.9998e+22
         1.53e-06        9.9998e+22
         1.54e-06        9.9998e+22
         1.55e-06        9.9998e+22
         1.56e-06        9.9998e+22
         1.57e-06        9.9998e+22
         1.58e-06        9.9998e+22
         1.59e-06        9.9998e+22
          1.6e-06        9.9998e+22
         1.61e-06        9.9998e+22
         1.62e-06        9.9998e+22
         1.63e-06        9.9998e+22
         1.64e-06        9.9998e+22
         1.65e-06        9.9998e+22
         1.66e-06        9.9998e+22
         1.67e-06        9.9998e+22
         1.68e-06        9.9998e+22
         1.69e-06        9.9998e+22
          1.7e-06        9.9998e+22
         1.71e-06        9.9998e+22
         1.72e-06        9.9998e+22
         1.73e-06        9.9998e+22
         1.74e-06        9.9998e+22
         1.75e-06        9.9998e+22
         1.76e-06        9.9998e+22
         1.77e-06        9.9998e+22
         1.78e-06        9.9998e+22
         1.79e-06        9.9998e+22
          1.8e-06        9.9998e+22
         1.81e-06        9.9998e+22
         1.82e-06        9.9998e+22
         1.83e-06        9.9998e+22
         1.84e-06        9.9998e+22
         1.85e-06        9.9998e+22
         1.86e-06        9.9998e+22
         1.87e-06        9.9998e+22
         1.88e-06        9.9998e+22
         1.89e-06        9.9998e+22
          1.9e-06        9.9998e+22
         1.91e-06        9.9998e+22
         1.92e-06        9.9998e+22
         1.93e-06        9.9998e+22
         1.94e-06        9.9998e+22
         1.95e-06        9.9998e+22
         1.96e-06        9.9998e+22
         1.97e-06        9.9998e+22
         1.98e-06        9.9998e+22
         1.99e-06        9.9998e+22
            2e-06        9.9998e+22
         2.01e-06        9.9998e+22
         2.02e-06        9.9998e+22
         2.03e-06        9.9998e+22
         2.04e-06        9.9998e+22
         2.05e-06        9.9998e+22
         2.06e-06        9.9998e+22
         2.07e-06        9.9998e+22
         2.08e-06        9.9998e+22
         2.09e-06        9.9998e+22
          2.1e-06        9.9998e+22
         2.11e-06        9.9998e+22
         2.12e-06        9.9998e+22
         2.13e-06        9.9998e+22
         2.14e-06        9.9998e+22
         2.15e-06        9.9998e+22
         2.16e-06        9.9998e+22
         2.17e-06        9.9998e+22
         2.18e-06        9.9998e+22
         2.19e-06        9.9998e+22
          2.2e-06        9.9998e+22
         2.21e-06        9.9998e+22
         2.22e-06        9.9998e+22
         2.23e-06        9.9998e+22
         2.24e-06        9.9998e+22
         2.25e-06        9.9998e+22
         2.26e-06        9.9998e+22
         2.27e-06        9.9998e+22
         2.28e-06        9.9998e+22
         2.29e-06        9.9998e+22
          2.3e-06        9.9998e+22
         2.31e-06        9.9998e+22
         2.32e-06        9.9998e+22
         2.33e-06        9.9998e+22
         2.34e-06        9.9998e+22
         2.35e-06        9.9998e+22
         2.36e-06        9.9998e+22
         2.37e-06        9.9998e+22
         2.38e-06        9.9998e+22
         2.39e-06        9.9998e+22
          2.4e-06        9.9998e+22
         2.41e-06        9.9998e+22
         2.42e-06        9.9998e+22
         2.43e-06        9.9998e+22
         2.44e-06        9.9998e+22
         2.45e-06        9.9998e+22
         2.46e-06        9.9998e+22
         2.47e-06        9.9998e+22
         2.48e-06        9.9998e+22
         2.49e-06        9.9998e+22
          2.5e-06        9.9998e+22
         2.51e-06        9.9998e+22
         2.52e-06        9.9998e+22
         2.53e-06        9.9998e+22
         2.54e-06        9.9998e+22
         2.55e-06        9.9998e+22
         2.56e-06        9.9998e+22
         2.57e-06        9.9998e+22
         2.58e-06        9.9998e+22
         2.59e-06        9.9998e+22
          2.6e-06        9.9998e+22
         2.61e-06        9.9998e+22
         2.62e-06        9.9998e+22
         2.63e-06        9.9998e+22
         2.64e-06        9.9998e+22
         2.65e-06        9.9998e+22
         2.66e-06        9.9998e+22
         2.67e-06        9.9998e+22
         2.68e-06        9.9998e+22
         2.69e-06        9.9998e+22
          2.7e-06        9.9998e+22
         2.71e-06        9.9998e+22
         2.72e-06        9.9998e+22
         2.73e-06        9.9998e+22
         2.74e-06        9.9998e+22
         2.75e-06        9.9998e+22
         2.76e-06        9.9998e+22
         2.77e-06        9.9998e+22
         2.78e-06        9.9998e+22
         2.79e-06        9.9998e+22
          2.8e-06        9.9998e+22
         2.81e-06        9.9998e+22
         2.82e-06        9.9998e+22
         2.83e-06        9.9998e+22
         2.84e-06        9.9998e+22
         2.85e-06        9.9998e+22
         2.86e-06        9.9998e+22
         2.87e-06        9.9998e+22
         2.88e-06        9.9998e+22
         2.89e-06        9.9998e+22
          2.9e-06        9.9998e+22
         2.91e-06        9.9998e+22
         2.92e-06        9.9998e+22
         2.93e-06        9.9998e+22
         2.94e-06        9.9998e+22
         2.95e-06        9.9998e+22
         2.96e-06        9.9998e+22
         2.97e-06        9.9998e+22
         2.98e-06        9.9998e+22
         2.99e-06        9.9998e+22
            3e-06        9.9998e+22
         3.01e-06        9.9998e+22
         3.02e-06        9.9998e+22
         3.03e-06        9.9998e+22
         3.04e-06        9.9998e+22
         3.05e-06        9.9998e+22
         3.06e-06        9.9998e+22
         3.07e-06        9.9998e+22
         3.08e-06        9.9998e+22
         3.09e-06        9.9998e+22
          3.1e-06        9.9998e+22
         3.11e-06        9.9998e+22
         3.12e-06        9.9998e+22
         3.13e-06        9.9998e+22
         3.14e-06        9.9998e+22
         3.15e-06        9.9998e+22
         3.16e-06        9.9998e+22
         3.17e-06        9.9998e+22
         3.18e-06        9.9998e+22
         3.19e-06        9.9998e+22
          3.2e-06        9.9998e+22
         3.21e-06        9.9998e+22
         3.22e-06        9.9998e+22
         3.23e-06        9.9998e+22
         3.24e-06        9.9998e+22
         3.25e-06        9.9998e+22
         3.26e-06        9.9998e+22
         3.27e-06        9.9998e+22
         3.28e-06        9.9998e+22
         3.29e-06        9.9998e+22
          3.3e-06        9.9998e+22
         3.31e-06        9.9998e+22
         3.32e-06        9.9998e+22
         3.33e-06        9.9998e+22
         3.34e-06        9.9998e+22
         3.35e-06        9.9998e+22
         3.36e-06        9.9998e+22
         3.37e-06        9.9998e+22
         3.38e-06        9.9998e+22
         3.39e-06        9.9998e+22
          3.4e-06        9.9998e+22
         3.41e-06        9.9998e+22
         3.42e-06        9.9998e+22
         3.43e-06        9.9998e+22
         3.44e-06        9.9998e+22
         3.45e-06        9.9998e+22
         3.46e-06        9.9998e+22
         3.47e-06        9.9998e+22
         3.48e-06        9.9998e+22
         3.49e-06        9.9998e+22
          3.5e-06        9.9998e+22
         3.51e-06        9.9998e+22
         3.52e-06        9.9998e+22
         3.53e-06        9.9998e+22
         3.54e-06        9.9998e+22
         3.55e-06        9.9998e+22
         3.56e-06        9.9998e+22
         3.57e-06        9.9998e+22
         3.58e-06        9.9998e+22
         3.59e-06        9.9998e+22
          3.6e-06        9.9998e+22
         3.61e-06        9.9998e+22
         3.62e-06        9.9998e+22
         3.63e-06        9.9998e+22
         3.64e-06        9.9998e+22
         3.65e-06        9.9998e+22
         3.66e-06        9.9998e+22
         3.67e-06        9.9998e+22
         3.68e-06        9.9998e+22
         3.69e-06        9.9998e+22
          3.7e-06        9.9998e+22
         3.71e-06        9.9998e+22
         3.72e-06        9.9998e+22
         3.73e-06        9.9998e+22
         3.74e-06        9.9998e+22
         3.75e-06        9.9998e+22
         3.76e-06        9.9998e+22
         3.77e-06        9.9998e+22
         3.78e-06        9.9998e+22
         3.79e-06        9.9998e+22
          3.8e-06        9.9998e+22
         3.81e-06        9.9998e+22
         3.82e-06        9.9998e+22
         3.83e-06        9.9998e+22
         3.84e-06        9.9998e+22
         3.85e-06        9.9998e+22
         3.86e-06        9.9998e+22
         3.87e-06        9.9998e+22
         3.88e-06        9.9998e+22
         3.89e-06        9.9998e+22
          3.9e-06        9.9998e+22
         3.91e-06        9.9998e+22
         3.92e-06        9.9998e+22
         3.93e-06        9.9998e+22
         3.94e-06        9.9998e+22
         3.95e-06        9.9998e+22
         3.96e-06        9.9998e+22
         3.97e-06        9.9998e+22
         3.98e-06        9.9998e+22
         3.99e-06        9.9998e+22
            4e-06        9.9998e+22
         4.01e-06        9.9998e+22
         4.02e-06        9.9998e+22
         4.03e-06        9.9998e+22
         4.04e-06        9.9998e+22
         4.05e-06        9.9998e+22
         4.06e-06        9.9998e+22
         4.07e-06        9.9998e+22
         4.08e-06        9.9998e+22
         4.09e-06        9.9998e+22
          4.1e-06        9.9998e+22
         4.11e-06        9.9998e+22
         4.12e-06        9.9998e+22
         4.13e-06        9.9998e+22
         4.14e-06        9.9998e+22
         4.15e-06        9.9998e+22
         4.16e-06        9.9998e+22
         4.17e-06        9.9998e+22
         4.18e-06        9.9998e+22
         4.19e-06        9.9998e+22
          4.2e-06        9.9998e+22
         4.21e-06        9.9998e+22
         4.22e-06        9.9998e+22
         4.23e-06        9.9998e+22
         4.24e-06        9.9998e+22
         4.25e-06        9.9998e+22
         4.26e-06        9.9998e+22
         4.27e-06        9.9998e+22
         4.28e-06        9.9998e+22
         4.29e-06        9.9998e+22
          4.3e-06        9.9998e+22
         4.31e-06        9.9998e+22
         4.32e-06        9.9998e+22
         4.33e-06        9.9998e+22
         4.34e-06        9.9998e+22
         4.35e-06        9.9998e+22
         4.36e-06        9.9998e+22
         4.37e-06        9.9998e+22
         4.38e-06        9.9998e+22
         4.39e-06        9.9998e+22
          4.4e-06        9.9998e+22
         4.41e-06        9.9998e+22
         4.42e-06        9.9998e+22
         4.43e-06        9.9998e+22
         4.44e-06        9.9998e+22
         4.45e-06        9.9998e+22
         4.46e-06        9.9998e+22
         4.47e-06        9.9998e+22
         4.48e-06        9.9998e+22
         4.49e-06        9.9998e+22
          4.5e-06        9.9998e+22
         4.51e-06        9.9998e+22
         4.52e-06        9.9998e+22
         4.53e-06        9.9998e+22
         4.54e-06        9.9998e+22
         4.55e-06        9.9998e+22
         4.56e-06        9.9998e+22
         4.57e-06        9.9998e+22
         4.58e-06        9.9998e+22
         4.59e-06        9.9998e+22
          4.6e-06        9.9998e+22
         4.61e-06        9.9998e+22
         4.62e-06        9.9998e+22
         4.63e-06        9.9998e+22
         4.64e-06        9.9998e+22
         4.65e-06        9.9998e+22
         4.66e-06        9.9998e+22
         4.67e-06        9.9998e+22
         4.68e-06        9.9998e+22
         4.69e-06        9.9998e+22
          4.7e-06        9.9998e+22
         4.71e-06        9.9998e+22
         4.72e-06        9.9998e+22
         4.73e-06        9.9998e+22
         4.74e-06        9.9998e+22
         4.75e-06        9.9998e+22
         4.76e-06        9.9998e+22
         4.77e-06        9.9998e+22
         4.78e-06        9.9998e+22
         4.79e-06        9.9998e+22
          4.8e-06        9.9998e+22
         4.81e-06        9.9998e+22
         4.82e-06        9.9998e+22
         4.83e-06        9.9998e+22
         4.84e-06        9.9998e+22
         4.85e-06        9.9998e+22
         4.86e-06        9.9998e+22
         4.87e-06        9.9998e+22
         4.88e-06        9.9998e+22
         4.89e-06        9.9998e+22
          4.9e-06        9.9998e+22
         4.91e-06        9.9998e+22
         4.92e-06        9.9998e+22
         4.93e-06        9.9998e+22
         4.94e-06        9.9998e+22
         4.95e-06        9.9998e+22
         4.96e-06        9.9998e+22
         4.97e-06        9.9998e+22
         4.98e-06        9.9998e+22
         4.99e-06        9.9998e+22
            5e-06        9.9998e+22
         5.01e-06        9.9998e+22
         5.02e-06        9.9998e+22
         5.03e-06        9.9998e+22
         5.04e-06        9.9998e+22
         5.05e-06        9.9998e+22
         5.06e-06        9.9998e+22
         5.07e-06        9.9998e+22
         5.08e-06        9.9998e+22
         5.09e-06        9.9998e+22
          5.1e-06        9.9998e+22
         5.11e-06        9.9998e+22
         5.12e-06        9.9998e+22
         5.13e-06        9.9998e+22
         5.14e-06        9.9998e+22
         5.15e-06        9.9998e+22
         5.16e-06        9.9998e+22
         5.17e-06        9.9998e+22
         5.18e-06        9.9998e+22
         5.19e-06        9.9998e+22
          5.2e-06        9.9998e+22
         5.21e-06        9.9998e+22
         5.22e-06        9.9998e+22
         5.23e-06        9.9998e+22
         5.24e-06        9.9998e+22
         5.25e-06        9.9998e+22
         5.26e-06        9.9998e+22
         5.27e-06        9.9998e+22
         5.28e-06        9.9998e+22
         5.29e-06        9.9998e+22
          5.3e-06        9.9998e+22
         5.31e-06        9.9998e+22
         5.32e-06        9.9998e+22
         5.33e-06        9.9998e+22
         5.34e-06        9.9998e+22
         5.35e-06        9.9998e+22
         5.36e-06        9.9998e+22
         5.37e-06        9.9998e+22
         5.38e-06        9.9998e+22
         5.39e-06        9.9998e+22
          5.4e-06        9.9998e+22
         5.41e-06        9.9998e+22
         5.42e-06        9.9998e+22
         5.43e-06        9.9998e+22
         5.44e-06        9.9998e+22
         5.45e-06        9.9998e+22
         5.46e-06        9.9998e+22
         5.47e-06        9.9998e+22
         5.48e-06        9.9998e+22
         5.49e-06        9.9998e+22
          5.5e-06        9.9998e+22
         5.51e-06        9.9998e+22
         5.52e-06        9.9998e+22
         5.53e-06        9.9998e+22
         5.54e-06        9.9998e+22
         5.55e-06        9.9998e+22
         5.56e-06        9.9998e+22
         5.57e-06        9.9998e+22
         5.58e-06        9.9998e+22
         5.59e-06        9.9998e+22
          5.6e-06        9.9998e+22
         5.61e-06        9.9998e+22
         5.62e-06        9.9998e+22
         5.63e-06        9.9998e+22
         5.64e-06        9.9998e+22
         5.65e-06        9.9998e+22
         5.66e-06        9.9998e+22
         5.67e-06        9.9998e+22
         5.68e-06        9.9998e+22
         5.69e-06        9.9998e+22
          5.7e-06        9.9998e+22
         5.71e-06        9.9998e+22
         5.72e-06        9.9998e+22
         5.73e-06        9.9998e+22
         5.74e-06        9.9998e+22
         5.75e-06        9.9998e+22
         5.76e-06        9.9998e+22
         5.77e-06        9.9998e+22
         5.78e-06        9.9998e+22
         5.79e-06        9.9998e+22
          5.8e-06        9.9998e+22
         5.81e-06        9.9998e+22
         5.82e-06        9.9998e+22
         5.83e-06        9.9998e+22
         5.84e-06        9.9998e+22
         5.85e-06        9.9998e+22
         5.86e-06        9.9998e+22
         5.87e-06        9.9998e+22
         5.88e-06        9.9998e+22
         5.89e-06        9.9998e+22
          5.9e-06        9.9998e+22
         5.91e-06        9.9998e+22
         5.92e-06        9.9998e+22
         5.93e-06        9.9998e+22
         5.94e-06        9.9998e+22
         5.95e-06        9.9998e+22
         5.96e-06        9.9998e+22
         5.97e-06        9.9998e+22
         5.98e-06        9.9998e+22
         5.99e-06        9.9998e+22
            6e-06        9.9998e+22
         6.01e-06        9.9998e+22
         6.02e-06        9.9998e+22
         6.03e-06        9.9998e+22
         6.04e-06        9.9998e+22
         6.05e-06        9.9998e+22
         6.06e-06        9.9998e+22
         6.07e-06        9.9998e+22
         6.08e-06        9.9998e+22
         6.09e-06        9.9998e+22
          6.1e-06        9.9998e+22
         6.11e-06        9.9998e+22
         6.12e-06        9.9998e+22
         6.13e-06        9.9998e+22
         6.14e-06        9.9998e+22
         6.15e-06        9.9998e+22
         6.16e-06        9.9998e+22
         6.17e-06        9.9998e+22
         6.18e-06        9.9998e+22
         6.19e-06        9.9998e+22
          6.2e-06        9.9998e+22
         6.21e-06        9.9998e+22
         6.22e-06        9.9998e+22
         6.23e-06        9.9998e+22
         6.24e-06        9.9998e+22
         6.25e-06        9.9998e+22
         6.26e-06        9.9998e+22
         6.27e-06        9.9998e+22
         6.28e-06        9.9998e+22
         6.29e-06        9.9998e+22
          6.3e-06        9.9998e+22
         6.31e-06        9.9998e+22
         6.32e-06        9.9998e+22
         6.33e-06        9.9998e+22
         6.34e-06        9.9998e+22
         6.35e-06        9.9998e+22
         6.36e-06        9.9998e+22
         6.37e-06        9.9998e+22
         6.38e-06        9.9998e+22
         6.39e-06        9.9998e+22
          6.4e-06        9.9998e+22
         6.41e-06        9.9998e+22
         6.42e-06        9.9998e+22
         6.43e-06        9.9998e+22
         6.44e-06        9.9998e+22
         6.45e-06        9.9998e+22
         6.46e-06        9.9998e+22
         6.47e-06        9.9998e+22
         6.48e-06        9.9998e+22
         6.49e-06        9.9998e+22
          6.5e-06        9.9998e+22
         6.51e-06        9.9998e+22
         6.52e-06        9.9998e+22
         6.53e-06        9.9998e+22
         6.54e-06        9.9998e+22
         6.55e-06        9.9998e+22
         6.56e-06        9.9998e+22
         6.57e-06        9.9998e+22
         6.58e-06        9.9998e+22
         6.59e-06        9.9998e+22
          6.6e-06        9.9998e+22
         6.61e-06        9.9998e+22
         6.62e-06        9.9998e+22
         6.63e-06        9.9998e+22
         6.64e-06        9.9998e+22
         6.65e-06        9.9998e+22
         6.66e-06        9.9998e+22
         6.67e-06        9.9998e+22
         6.68e-06        9.9998e+22
         6.69e-06        9.9998e+22
          6.7e-06        9.9998e+22
         6.71e-06        9.9998e+22
         6.72e-06        9.9998e+22
         6.73e-06        9.9998e+22
         6.74e-06        9.9998e+22
         6.75e-06        9.9998e+22
         6.76e-06        9.9998e+22
         6.77e-06        9.9998e+22
         6.78e-06        9.9998e+22
         6.79e-06        9.9998e+22
          6.8e-06        9.9998e+22
         6.81e-06        9.9998e+22
         6.82e-06        9.9998e+22
         6.83e-06        9.9998e+22
         6.84e-06        9.9998e+22
         6.85e-06        9.9998e+22
         6.86e-06        9.9998e+22
         6.87e-06        9.9998e+22
         6.88e-06        9.9998e+22
         6.89e-06        9.9998e+22
          6.9e-06        9.9998e+22
         6.91e-06        9.9998e+22
         6.92e-06        9.9998e+22
         6.93e-06        9.9998e+22
         6.94e-06        9.9998e+22
         6.95e-06        9.9998e+22
         6.96e-06        9.9998e+22
         6.97e-06        9.9998e+22
         6.98e-06        9.9998e+22
         6.99e-06        9.9998e+22
            7e-06        9.9998e+22
         7.01e-06        9.9998e+22
         7.02e-06        9.9998e+22
         7.03e-06        9.9998e+22
         7.04e-06        9.9998e+22
         7.05e-06        9.9998e+22
         7.06e-06        9.9998e+22
         7.07e-06        9.9998e+22
         7.08e-06        9.9998e+22
         7.09e-06        9.9998e+22
          7.1e-06        9.9998e+22
         7.11e-06        9.9998e+22
         7.12e-06        9.9998e+22
         7.13e-06        9.9998e+22
         7.14e-06        9.9998e+22
         7.15e-06        9.9998e+22
         7.16e-06        9.9998e+22
         7.17e-06        9.9998e+22
         7.18e-06        9.9998e+22
         7.19e-06        9.9998e+22
          7.2e-06        9.9998e+22
         7.21e-06        9.9998e+22
         7.22e-06        9.9998e+22
         7.23e-06        9.9998e+22
         7.24e-06        9.9998e+22
         7.25e-06        9.9998e+22
         7.26e-06        9.9998e+22
         7.27e-06        9.9998e+22
         7.28e-06        9.9998e+22
         7.29e-06        9.9998e+22
          7.3e-06        9.9998e+22
         7.31e-06        9.9998e+22
         7.32e-06        9.9998e+22
         7.33e-06        9.9998e+22
         7.34e-06        9.9998e+22
         7.35e-06        9.9998e+22
         7.36e-06        9.9998e+22
         7.37e-06        9.9998e+22
         7.38e-06        9.9998e+22
         7.39e-06        9.9998e+22
          7.4e-06        9.9998e+22
         7.41e-06        9.9998e+22
         7.42e-06        9.9998e+22
         7.43e-06        9.9998e+22
         7.44e-06        9.9998e+22
         7.45e-06        9.9998e+22
         7.46e-06        9.9998e+22
         7.47e-06        9.9998e+22
         7.48e-06        9.9998e+22
         7.49e-06        9.9998e+22
          7.5e-06        9.9998e+22
         7.51e-06        9.9998e+22
         7.52e-06        9.9998e+22
         7.53e-06        9.9998e+22
         7.54e-06        9.9998e+22
         7.55e-06        9.9998e+22
         7.56e-06        9.9998e+22
         7.57e-06        9.9998e+22
         7.58e-06        9.9998e+22
         7.59e-06        9.9998e+22
          7.6e-06        9.9998e+22
         7.61e-06        9.9998e+22
         7.62e-06        9.9998e+22
         7.63e-06        9.9998e+22
         7.64e-06        9.9998e+22
         7.65e-06        9.9998e+22
         7.66e-06        9.9998e+22
         7.67e-06        9.9998e+22
         7.68e-06        9.9998e+22
         7.69e-06        9.9998e+22
          7.7e-06        9.9998e+22
         7.71e-06        9.9998e+22
         7.72e-06        9.9998e+22
         7.73e-06        9.9998e+22
         7.74e-06        9.9998e+22
         7.75e-06        9.9998e+22
         7.76e-06        9.9998e+22
         7.77e-06        9.9998e+22
         7.78e-06        9.9998e+22
         7.79e-06        9.9998e+22
          7.8e-06        9.9998e+22
         7.81e-06        9.9998e+22
         7.82e-06        9.9998e+22
         7.83e-06        9.9998e+22
         7.84e-06        9.9998e+22
         7.85e-06        9.9998e+22
         7.86e-06        9.9998e+22
         7.87e-06        9.9998e+22
         7.88e-06        9.9998e+22
         7.89e-06        9.9998e+22
          7.9e-06        9.9998e+22
         7.91e-06        9.9998e+22
         7.92e-06        9.9998e+22
         7.93e-06        9.9998e+22
         7.94e-06        9.9998e+22
         7.95e-06        9.9998e+22
         7.96e-06        9.9998e+22
         7.97e-06        9.9998e+22
         7.98e-06        9.9998e+22
         7.99e-06        9.9998e+22
            8e-06        9.9998e+22
         8.01e-06        9.9998e+22
         8.02e-06        9.9998e+22
         8.03e-06        9.9998e+22
         8.04e-06        9.9998e+22
         8.05e-06        9.9998e+22
         8.06e-06        9.9998e+22
         8.07e-06        9.9998e+22
         8.08e-06        9.9998e+22
         8.09e-06        9.9998e+22
          8.1e-06        9.9998e+22
         8.11e-06        9.9998e+22
         8.12e-06        9.9998e+22
         8.13e-06        9.9998e+22
         8.14e-06        9.9998e+22
         8.15e-06        9.9998e+22
         8.16e-06        9.9998e+22
         8.17e-06        9.9998e+22
         8.18e-06        9.9998e+22
         8.19e-06        9.9998e+22
          8.2e-06        9.9998e+22
         8.21e-06        9.9998e+22
         8.22e-06        9.9998e+22
         8.23e-06        9.9998e+22
         8.24e-06        9.9998e+22
         8.25e-06        9.9998e+22
         8.26e-06        9.9998e+22
         8.27e-06        9.9998e+22
         8.28e-06        9.9998e+22
         8.29e-06        9.9998e+22
          8.3e-06        9.9998e+22
         8.31e-06        9.9998e+22
         8.32e-06        9.9998e+22
         8.33e-06        9.9998e+22
         8.34e-06        9.9998e+22
         8.35e-06        9.9998e+22
         8.36e-06        9.9998e+22
         8.37e-06        9.9998e+22
         8.38e-06        9.9998e+22
         8.39e-06        9.9998e+22
          8.4e-06        9.9998e+22
         8.41e-06        9.9998e+22
         8.42e-06        9.9998e+22
         8.43e-06        9.9998e+22
         8.44e-06        9.9998e+22
         8.45e-06        9.9998e+22
         8.46e-06        9.9998e+22
         8.47e-06        9.9998e+22
         8.48e-06        9.9998e+22
         8.49e-06        9.9998e+22
          8.5e-06        9.9998e+22
         8.51e-06        9.9998e+22
         8.52e-06        9.9998e+22
         8.53e-06        9.9998e+22
         8.54e-06        9.9998e+22
         8.55e-06        9.9998e+22
         8.56e-06        9.9998e+22
         8.57e-06        9.9998e+22
         8.58e-06        9.9998e+22
         8.59e-06        9.9998e+22
          8.6e-06        9.9998e+22
         8.61e-06        9.9998e+22
         8.62e-06        9.9998e+22
         8.63e-06        9.9998e+22
         8.64e-06        9.9998e+22
         8.65e-06        9.9998e+22
         8.66e-06        9.9998e+22
         8.67e-06        9.9998e+22
         8.68e-06        9.9998e+22
         8.69e-06        9.9998e+22
          8.7e-06        9.9998e+22
         8.71e-06        9.9998e+22
         8.72e-06        9.9998e+22
         8.73e-06        9.9998e+22
         8.74e-06        9.9998e+22
         8.75e-06        9.9998e+22
         8.76e-06        9.9998e+22
         8.77e-06        9.9998e+22
         8.78e-06        9.9998e+22
         8.79e-06        9.9998e+22
          8.8e-06        9.9998e+22
         8.81e-06        9.9998e+22
         8.82e-06        9.9998e+22
         8.83e-06        9.9998e+22
         8.84e-06        9.9998e+22
         8.85e-06        9.9998e+22
         8.86e-06        9.9998e+22
         8.87e-06        9.9998e+22
         8.88e-06        9.9998e+22
         8.89e-06        9.9998e+22
          8.9e-06        9.9998e+22
         8.91e-06        9.9998e+22
         8.92e-06        9.9998e+22
         8.93e-06        9.9998e+22
         8.94e-06        9.9998e+22
         8.95e-06        9.9998e+22
         8.96e-06        9.9998e+22
         8.97e-06        9.9998e+22
         8.98e-06        9.9998e+22
         8.99e-06        9.9998e+22
            9e-06        9.9998e+22
         9.01e-06        9.9998e+22
         9.02e-06        9.9998e+22
         9.03e-06        9.9998e+22
         9.04e-06        9.9998e+22
         9.05e-06        9.9998e+22
         9.06e-06        9.9998e+22
         9.07e-06        9.9998e+22
         9.08e-06        9.9998e+22
         9.09e-06        9.9998e+22
          9.1e-06        9.9998e+22
         9.11e-06        9.9998e+22
         9.12e-06        9.9998e+22
         9.13e-06        9.9998e+22
         9.14e-06        9.9998e+22
         9.15e-06        9.9998e+22
         9.16e-06        9.9998e+22
         9.17e-06        9.9998e+22
         9.18e-06        9.9998e+22
         9.19e-06        9.9998e+22
          9.2e-06        9.9998e+22
         9.21e-06        9.9998e+22
         9.22e-06        9.9998e+22
         9.23e-06        9.9998e+22
         9.24e-06        9.9998e+22
         9.25e-06        9.9998e+22
         9.26e-06        9.9998e+22
         9.27e-06        9.9998e+22
         9.28e-06        9.9998e+22
         9.29e-06        9.9998e+22
          9.3e-06        9.9998e+22
         9.31e-06        9.9998e+22
         9.32e-06        9.9998e+22
         9.33e-06        9.9998e+22
         9.34e-06        9.9998e+22
         9.35e-06        9.9998e+22
         9.36e-06        9.9998e+22
         9.37e-06        9.9998e+22
         9.38e-06        9.9998e+22
         9.39e-06        9.9998e+22
          9.4e-06        9.9998e+22
         9.41e-06        9.9998e+22
         9.42e-06        9.9998e+22
         9.43e-06        9.9998e+22
         9.44e-06        9.9998e+22
         9.45e-06        9.9998e+22
         9.46e-06        9.9998e+22
         9.47e-06        9.9998e+22
         9.48e-06        9.9998e+22
         9.49e-06        9.9998e+22
          9.5e-06        9.9998e+22
         9.51e-06        9.9998e+22
         9.52e-06        9.9998e+22
         9.53e-06        9.9998e+22
         9.54e-06        9.9998e+22
         9.55e-06        9.9998e+22
         9.56e-06        9.9998e+22
         9.57e-06        9.9998e+22
         9.58e-06        9.9998e+22
         9.59e-06        9.9998e+22
          9.6e-06        9.9998e+22
         9.61e-06        9.9998e+22
         9.62e-06        9.9998e+22
         9.63e-06        9.9998e+22
         9.64e-06        9.9998e+22
         9.65e-06        9.9998e+22
         9.66e-06        9.9998e+22
         9.67e-06        9.9998e+22
         9.68e-06        9.9998e+22
         9.69e-06        9.9998e+22
          9.7e-06        9.9998e+22
         9.71e-06        9.9998e+22
         9.72e-06        9.9998e+22
         9.73e-06        9.9998e+22
         9.74e-06        9.9998e+22
         9.75e-06        9.9998e+22
         9.76e-06        9.9998e+22
         9.77e-06        9.9998e+22
         9.78e-06        9.9998e+22
         9.79e-06        9.9998e+22
          9.8e-06        9.9998e+22
         9.81e-06        9.9998e+22
         9.82e-06        9.9998e+22
         9.83e-06        9.9998e+22
         9.84e-06        9.9998e+22
         9.85e-06        9.9998e+22
         9.86e-06        9.9998e+22
         9.87e-06        9.9998e+22
         9.88e-06        9.9998e+22
         9.89e-06        9.9998e+22
          9.9e-06        9.9998e+22
         9.91e-06        9.9998e+22
         9.92e-06        9.9998e+22
         9.93e-06        9.9998e+22
         9.94e-06        9.9998e+22
         9.95e-06        9.9998e+22
         9.96e-06        9.9998e+22
         9.97e-06        9.9998e+22
         9.98e-06        9.9998e+22
         9.99e-06        9.9998e+22
            1e-05        9.9998e+22
        1.001e-05        9.9998e+22
        1.002e-05        9.9998e+22
        1.003e-05        9.9998e+22
        1.004e-05        9.9998e+22
        1.005e-05        9.9998e+22
        1.006e-05        9.9998e+22
        1.007e-05        9.9998e+22
        1.008e-05        9.9998e+22
        1.009e-05        9.9998e+22
         1.01e-05        9.9998e+22
        1.011e-05        9.9998e+22
        1.012e-05        9.9998e+22
        1.013e-05        9.9998e+22
        1.014e-05        9.9998e+22
        1.015e-05        9.9998e+22
        1.016e-05        9.9998e+22
        1.017e-05        9.9998e+22
        1.018e-05        9.9998e+22
        1.019e-05        9.9998e+22
         1.02e-05        9.9998e+22
        1.021e-05        9.9998e+22
        1.022e-05        9.9998e+22
        1.023e-05        9.9998e+22
        1.024e-05        9.9998e+22
        1.025e-05        9.9998e+22
        1.026e-05        9.9998e+22
        1.027e-05        9.9998e+22
        1.028e-05        9.9998e+22
        1.029e-05        9.9998e+22
         1.03e-05        9.9998e+22
        1.031e-05        9.9998e+22
        1.032e-05        9.9998e+22
        1.033e-05        9.9998e+22
        1.034e-05        9.9998e+22
        1.035e-05        9.9998e+22
        1.036e-05        9.9998e+22
        1.037e-05        9.9998e+22
        1.038e-05        9.9998e+22
        1.039e-05        9.9998e+22
         1.04e-05        9.9998e+22
        1.041e-05        9.9998e+22
        1.042e-05        9.9998e+22
        1.043e-05        9.9998e+22
        1.044e-05        9.9998e+22
        1.045e-05        9.9998e+22
        1.046e-05        9.9998e+22
        1.047e-05        9.9998e+22
        1.048e-05        9.9998e+22
        1.049e-05        9.9998e+22
         1.05e-05        9.9998e+22
        1.051e-05        9.9998e+22
        1.052e-05        9.9998e+22
        1.053e-05        9.9998e+22
        1.054e-05        9.9998e+22
        1.055e-05        9.9998e+22
        1.056e-05        9.9998e+22
        1.057e-05        9.9998e+22
        1.058e-05        9.9998e+22
        1.059e-05        9.9998e+22
         1.06e-05        9.9998e+22
        1.061e-05        9.9998e+22
        1.062e-05        9.9998e+22
        1.063e-05        9.9998e+22
        1.064e-05        9.9998e+22
        1.065e-05        9.9998e+22
        1.066e-05        9.9998e+22
        1.067e-05        9.9998e+22
        1.068e-05        9.9998e+22
        1.069e-05        9.9998e+22
         1.07e-05        9.9998e+22
        1.071e-05        9.9998e+22
        1.072e-05        9.9998e+22
        1.073e-05        9.9998e+22
        1.074e-05        9.9998e+22
        1.075e-05        9.9998e+22
        1.076e-05        9.9998e+22
        1.077e-05        9.9998e+22
        1.078e-05        9.9998e+22
        1.079e-05        9.9998e+22
         1.08e-05        9.9998e+22
        1.081e-05        9.9998e+22
        1.082e-05        9.9998e+22
        1.083e-05        9.9998e+22
        1.084e-05        9.9998e+22
        1.085e-05        9.9998e+22
        1.086e-05        9.9998e+22
        1.087e-05        9.9998e+22
        1.088e-05        9.9998e+22
        1.089e-05        9.9998e+22
         1.09e-05        9.9998e+22
        1.091e-05        9.9998e+22
        1.092e-05        9.9998e+22
        1.093e-05        9.9998e+22
        1.094e-05        9.9998e+22
        1.095e-05        9.9998e+22
        1.096e-05        9.9998e+22
        1.097e-05        9.9998e+22
        1.098e-05        9.9998e+22
        1.099e-05        9.9998e+22
          1.1e-05        9.9998e+22
        1.101e-05        9.9998e+22
        1.102e-05        9.9998e+22
        1.103e-05        9.9998e+22
        1.104e-05        9.9998e+22
        1.105e-05        9.9998e+22
        1.106e-05        9.9998e+22
        1.107e-05        9.9998e+22
        1.108e-05        9.9998e+22
        1.109e-05        9.9998e+22
         1.11e-05        9.9998e+22
        1.111e-05        9.9998e+22
        1.112e-05        9.9998e+22
        1.113e-05        9.9998e+22
        1.114e-05        9.9998e+22
        1.115e-05        9.9998e+22
        1.116e-05        9.9998e+22
        1.117e-05        9.9998e+22
        1.118e-05        9.9998e+22
        1.119e-05        9.9998e+22
         1.12e-05        9.9998e+22
        1.121e-05        9.9998e+22
        1.122e-05        9.9998e+22
        1.123e-05        9.9998e+22
        1.124e-05        9.9998e+22
        1.125e-05        9.9998e+22
        1.126e-05        9.9998e+22
        1.127e-05        9.9998e+22
        1.128e-05        9.9998e+22
        1.129e-05        9.9998e+22
         1.13e-05        9.9998e+22
        1.131e-05        9.9998e+22
        1.132e-05        9.9998e+22
        1.133e-05        9.9998e+22
        1.134e-05        9.9998e+22
        1.135e-05        9.9998e+22
        1.136e-05        9.9998e+22
        1.137e-05        9.9998e+22
        1.138e-05        9.9998e+22
        1.139e-05        9.9998e+22
         1.14e-05        9.9998e+22
        1.141e-05        9.9998e+22
        1.142e-05        9.9998e+22
        1.143e-05        9.9998e+22
        1.144e-05        9.9998e+22
        1.145e-05        9.9998e+22
        1.146e-05        9.9998e+22
        1.147e-05        9.9998e+22
        1.148e-05        9.9998e+22
        1.149e-05        9.9998e+22
         1.15e-05        9.9998e+22
        1.151e-05        9.9998e+22
        1.152e-05        9.9998e+22
        1.153e-05        9.9998e+22
        1.154e-05        9.9998e+22
        1.155e-05        9.9998e+22
        1.156e-05        9.9998e+22
        1.157e-05        9.9998e+22
        1.158e-05        9.9998e+22
        1.159e-05        9.9998e+22
         1.16e-05        9.9998e+22
        1.161e-05        9.9998e+22
        1.162e-05        9.9998e+22
        1.163e-05        9.9998e+22
        1.164e-05        9.9998e+22
        1.165e-05        9.9998e+22
        1.166e-05        9.9998e+22
        1.167e-05        9.9998e+22
        1.168e-05        9.9998e+22
        1.169e-05        9.9998e+22
         1.17e-05        9.9998e+22
        1.171e-05        9.9998e+22
        1.172e-05        9.9998e+22
        1.173e-05        9.9998e+22
        1.174e-05        9.9998e+22
        1.175e-05        9.9998e+22
        1.176e-05        9.9998e+22
        1.177e-05        9.9998e+22
        1.178e-05        9.9998e+22
        1.179e-05        9.9998e+22
         1.18e-05        9.9998e+22
        1.181e-05        9.9998e+22
        1.182e-05        9.9998e+22
        1.183e-05        9.9998e+22
        1.184e-05        9.9998e+22
        1.185e-05        9.9998e+22
        1.186e-05        9.9998e+22
        1.187e-05        9.9998e+22
        1.188e-05        9.9998e+22
        1.189e-05        9.9998e+22
         1.19e-05        9.9998e+22
        1.191e-05        9.9998e+22
        1.192e-05        9.9998e+22
        1.193e-05        9.9998e+22
        1.194e-05        9.9998e+22
        1.195e-05        9.9998e+22
        1.196e-05        9.9998e+22
        1.197e-05        9.9998e+22
        1.198e-05        9.9998e+22
        1.199e-05        9.9998e+22
          1.2e-05        9.9998e+22
        1.201e-05        9.9998e+22
        1.202e-05        9.9998e+22
        1.203e-05        9.9998e+22
        1.204e-05        9.9998e+22
        1.205e-05        9.9998e+22
        1.206e-05        9.9998e+22
        1.207e-05        9.9998e+22
        1.208e-05        9.9998e+22
        1.209e-05        9.9998e+22
         1.21e-05        9.9998e+22
        1.211e-05        9.9998e+22
        1.212e-05        9.9998e+22
        1.213e-05        9.9998e+22
        1.214e-05        9.9998e+22
        1.215e-05        9.9998e+22
        1.216e-05        9.9998e+22
        1.217e-05        9.9998e+22
        1.218e-05        9.9998e+22
        1.219e-05        9.9998e+22
         1.22e-05        9.9998e+22
        1.221e-05        9.9998e+22
        1.222e-05        9.9998e+22
        1.223e-05        9.9998e+22
        1.224e-05        9.9998e+22
        1.225e-05        9.9998e+22
        1.226e-05        9.9998e+22
        1.227e-05        9.9998e+22
        1.228e-05        9.9998e+22
        1.229e-05        9.9998e+22
         1.23e-05        9.9998e+22
        1.231e-05        9.9998e+22
        1.232e-05        9.9998e+22
        1.233e-05        9.9998e+22
        1.234e-05        9.9998e+22
        1.235e-05        9.9998e+22
        1.236e-05        9.9998e+22
        1.237e-05        9.9998e+22
        1.238e-05        9.9998e+22
        1.239e-05        9.9998e+22
         1.24e-05        9.9998e+22
        1.241e-05        9.9998e+22
        1.242e-05        9.9998e+22
        1.243e-05        9.9998e+22
        1.244e-05        9.9998e+22
        1.245e-05        9.9998e+22
        1.246e-05        9.9998e+22
        1.247e-05        9.9998e+22
        1.248e-05        9.9998e+22
        1.249e-05        9.9998e+22
         1.25e-05        9.9998e+22
        1.251e-05        9.9998e+22
        1.252e-05        9.9998e+22
        1.253e-05        9.9998e+22
        1.254e-05        9.9998e+22
        1.255e-05        9.9998e+22
        1.256e-05        9.9998e+22
        1.257e-05        9.9998e+22
        1.258e-05        9.9998e+22
        1.259e-05        9.9998e+22
         1.26e-05        9.9998e+22
        1.261e-05        9.9998e+22
        1.262e-05        9.9998e+22
        1.263e-05        9.9998e+22
        1.264e-05        9.9998e+22
        1.265e-05        9.9998e+22
        1.266e-05        9.9998e+22
        1.267e-05        9.9998e+22
        1.268e-05        9.9998e+22
        1.269e-05        9.9998e+22
         1.27e-05        9.9998e+22
        1.271e-05        9.9998e+22
        1.272e-05        9.9998e+22
        1.273e-05        9.9998e+22
        1.274e-05        9.9998e+22
        1.275e-05        9.9998e+22
        1.276e-05        9.9998e+22
        1.277e-05        9.9998e+22
        1.278e-05        9.9998e+22
        1.279e-05        9.9998e+22
         1.28e-05        9.9998e+22
        1.281e-05        9.9998e+22
        1.282e-05        9.9998e+22
        1.283e-05        9.9998e+22
        1.284e-05        9.9998e+22
        1.285e-05        9.9998e+22
        1.286e-05        9.9998e+22
        1.287e-05        9.9998e+22
        1.288e-05        9.9998e+22
        1.289e-05        9.9998e+22
         1.29e-05        9.9998e+22
        1.291e-05        9.9998e+22
        1.292e-05        9.9998e+22
        1.293e-05        9.9998e+22
        1.294e-05        9.9998e+22
        1.295e-05        9.9998e+22
        1.296e-05        9.9998e+22
        1.297e-05        9.9998e+22
        1.298e-05        9.9998e+22
        1.299e-05        9.9998e+22
          1.3e-05        9.9998e+22
        1.301e-05        9.9998e+22
        1.302e-05        9.9998e+22
        1.303e-05        9.9998e+22
        1.304e-05        9.9998e+22
        1.305e-05        9.9998e+22
        1.306e-05        9.9998e+22
        1.307e-05        9.9998e+22
        1.308e-05        9.9998e+22
        1.309e-05        9.9998e+22
         1.31e-05        9.9998e+22
        1.311e-05        9.9998e+22
        1.312e-05        9.9998e+22
        1.313e-05        9.9998e+22
        1.314e-05        9.9998e+22
        1.315e-05        9.9998e+22
        1.316e-05        9.9998e+22
        1.317e-05        9.9998e+22
        1.318e-05        9.9998e+22
        1.319e-05        9.9998e+22
         1.32e-05        9.9998e+22
        1.321e-05        9.9998e+22
        1.322e-05        9.9998e+22
        1.323e-05        9.9998e+22
        1.324e-05        9.9998e+22
        1.325e-05        9.9998e+22
        1.326e-05        9.9998e+22
        1.327e-05        9.9998e+22
        1.328e-05        9.9998e+22
        1.329e-05        9.9998e+22
         1.33e-05        9.9998e+22
        1.331e-05        9.9998e+22
        1.332e-05        9.9998e+22
        1.333e-05        9.9998e+22
        1.334e-05        9.9998e+22
        1.335e-05        9.9998e+22
        1.336e-05        9.9998e+22
        1.337e-05        9.9998e+22
        1.338e-05        9.9998e+22
        1.339e-05        9.9998e+22
         1.34e-05        9.9998e+22
        1.341e-05        9.9998e+22
        1.342e-05        9.9998e+22
        1.343e-05        9.9998e+22
        1.344e-05        9.9998e+22
        1.345e-05        9.9998e+22
        1.346e-05        9.9998e+22
        1.347e-05        9.9998e+22
        1.348e-05        9.9998e+22
        1.349e-05        9.9998e+22
         1.35e-05        9.9998e+22
        1.351e-05        9.9998e+22
        1.352e-05        9.9998e+22
        1.353e-05        9.9998e+22
        1.354e-05        9.9998e+22
        1.355e-05        9.9998e+22
        1.356e-05        9.9998e+22
        1.357e-05        9.9998e+22
        1.358e-05        9.9998e+22
        1.359e-05        9.9998e+22
         1.36e-05        9.9998e+22
        1.361e-05        9.9998e+22
        1.362e-05        9.9998e+22
        1.363e-05        9.9998e+22
        1.364e-05        9.9998e+22
        1.365e-05        9.9998e+22
        1.366e-05        9.9998e+22
        1.367e-05        9.9998e+22
        1.368e-05        9.9998e+22
        1.369e-05        9.9998e+22
         1.37e-05        9.9998e+22
        1.371e-05        9.9998e+22
        1.372e-05        9.9998e+22
        1.373e-05        9.9998e+22
        1.374e-05        9.9998e+22
        1.375e-05        9.9998e+22
        1.376e-05        9.9998e+22
        1.377e-05        9.9998e+22
        1.378e-05        9.9998e+22
        1.379e-05        9.9998e+22
         1.38e-05        9.9998e+22
        1.381e-05        9.9998e+22
        1.382e-05        9.9998e+22
        1.383e-05        9.9998e+22
        1.384e-05        9.9998e+22
        1.385e-05        9.9998e+22
        1.386e-05        9.9998e+22
        1.387e-05        9.9998e+22
        1.388e-05        9.9998e+22
        1.389e-05        9.9998e+22
         1.39e-05        9.9998e+22
        1.391e-05        9.9998e+22
        1.392e-05        9.9998e+22
        1.393e-05        9.9998e+22
        1.394e-05        9.9998e+22
        1.395e-05        9.9998e+22
        1.396e-05        9.9998e+22
        1.397e-05        9.9998e+22
        1.398e-05        9.9998e+22
        1.399e-05        9.9998e+22
          1.4e-05        9.9998e+22
        1.401e-05        9.9998e+22
        1.402e-05        9.9998e+22
        1.403e-05        9.9998e+22
        1.404e-05        9.9998e+22
        1.405e-05        9.9998e+22
        1.406e-05        9.9998e+22
        1.407e-05        9.9998e+22
        1.408e-05        9.9998e+22
        1.409e-05        9.9998e+22
         1.41e-05        9.9998e+22
        1.411e-05        9.9998e+22
        1.412e-05        9.9998e+22
        1.413e-05        9.9998e+22
        1.414e-05        9.9998e+22
        1.415e-05        9.9998e+22
        1.416e-05        9.9998e+22
        1.417e-05        9.9998e+22
        1.418e-05        9.9998e+22
        1.419e-05        9.9998e+22
         1.42e-05        9.9998e+22
        1.421e-05        9.9998e+22
        1.422e-05        9.9998e+22
        1.423e-05        9.9998e+22
        1.424e-05        9.9998e+22
        1.425e-05        9.9998e+22
        1.426e-05        9.9998e+22
        1.427e-05        9.9998e+22
        1.428e-05        9.9998e+22
        1.429e-05        9.9998e+22
         1.43e-05        9.9998e+22
        1.431e-05        9.9998e+22
        1.432e-05        9.9998e+22
        1.433e-05        9.9998e+22
        1.434e-05        9.9998e+22
        1.435e-05        9.9998e+22
        1.436e-05        9.9998e+22
        1.437e-05        9.9998e+22
        1.438e-05        9.9998e+22
        1.439e-05        9.9998e+22
         1.44e-05        9.9998e+22
        1.441e-05        9.9998e+22
        1.442e-05        9.9998e+22
        1.443e-05        9.9998e+22
        1.444e-05        9.9998e+22
        1.445e-05        9.9998e+22
        1.446e-05        9.9998e+22
        1.447e-05        9.9998e+22
        1.448e-05        9.9998e+22
        1.449e-05        9.9998e+22
         1.45e-05        9.9998e+22
        1.451e-05        9.9998e+22
        1.452e-05        9.9998e+22
        1.453e-05        9.9998e+22
        1.454e-05        9.9998e+22
        1.455e-05        9.9998e+22
        1.456e-05        9.9998e+22
        1.457e-05        9.9998e+22
        1.458e-05        9.9998e+22
        1.459e-05        9.9998e+22
         1.46e-05        9.9998e+22
        1.461e-05        9.9998e+22
        1.462e-05        9.9998e+22
        1.463e-05        9.9998e+22
        1.464e-05        9.9998e+22
        1.465e-05        9.9998e+22
        1.466e-05        9.9998e+22
        1.467e-05        9.9998e+22
        1.468e-05        9.9998e+22
        1.469e-05        9.9998e+22
         1.47e-05        9.9998e+22
        1.471e-05        9.9998e+22
        1.472e-05        9.9998e+22
        1.473e-05        9.9998e+22
        1.474e-05        9.9998e+22
        1.475e-05        9.9998e+22
        1.476e-05        9.9998e+22
        1.477e-05        9.9998e+22
        1.478e-05        9.9998e+22
        1.479e-05        9.9998e+22
         1.48e-05        9.9998e+22
        1.481e-05        9.9998e+22
        1.482e-05        9.9998e+22
        1.483e-05        9.9998e+22
        1.484e-05        9.9998e+22
        1.485e-05        9.9998e+22
        1.486e-05        9.9998e+22
        1.487e-05        9.9998e+22
        1.488e-05        9.9998e+22
        1.489e-05        9.9998e+22
         1.49e-05        9.9998e+22
        1.491e-05        9.9998e+22
        1.492e-05        9.9998e+22
        1.493e-05        9.9998e+22
        1.494e-05        9.9998e+22
        1.495e-05        9.9998e+22
        1.496e-05        9.9998e+22
        1.497e-05        9.9998e+22
        1.498e-05        9.9998e+22
        1.499e-05        9.9998e+22
          1.5e-05        9.9998e+22
        1.501e-05        9.9998e+22
        1.502e-05        9.9998e+22
        1.503e-05        9.9998e+22
        1.504e-05        9.9998e+22
        1.505e-05        9.9998e+22
        1.506e-05        9.9998e+22
        1.507e-05        9.9998e+22
        1.508e-05        9.9998e+22
        1.509e-05        9.9998e+22
         1.51e-05        9.9998e+22
        1.511e-05        9.9998e+22
        1.512e-05        9.9998e+22
        1.513e-05        9.9998e+22
        1.514e-05        9.9998e+22
        1.515e-05        9.9998e+22
        1.516e-05        9.9998e+22
        1.517e-05        9.9998e+22
        1.518e-05        9.9998e+22
        1.519e-05        9.9998e+22
         1.52e-05        9.9998e+22
        1.521e-05        9.9998e+22
        1.522e-05        9.9998e+22
        1.523e-05        9.9998e+22
        1.524e-05        9.9998e+22
        1.525e-05        9.9998e+22
        1.526e-05        9.9998e+22
        1.527e-05        9.9998e+22
        1.528e-05        9.9998e+22
        1.529e-05        9.9998e+22
         1.53e-05        9.9998e+22
        1.531e-05        9.9998e+22
        1.532e-05        9.9998e+22
        1.533e-05        9.9998e+22
        1.534e-05        9.9998e+22
        1.535e-05        9.9998e+22
        1.536e-05        9.9998e+22
        1.537e-05        9.9998e+22
        1.538e-05        9.9998e+22
        1.539e-05        9.9998e+22
         1.54e-05        9.9998e+22
        1.541e-05        9.9998e+22
        1.542e-05        9.9998e+22
        1.543e-05        9.9998e+22
        1.544e-05        9.9998e+22
        1.545e-05        9.9998e+22
        1.546e-05        9.9998e+22
        1.547e-05        9.9998e+22
        1.548e-05        9.9998e+22
        1.549e-05        9.9998e+22
         1.55e-05        9.9998e+22
        1.551e-05        9.9998e+22
        1.552e-05        9.9998e+22
        1.553e-05        9.9998e+22
        1.554e-05        9.9998e+22
        1.555e-05        9.9998e+22
        1.556e-05        9.9998e+22
        1.557e-05        9.9998e+22
        1.558e-05        9.9998e+22
        1.559e-05        9.9998e+22
         1.56e-05        9.9998e+22
        1.561e-05        9.9998e+22
        1.562e-05        9.9998e+22
        1.563e-05        9.9998e+22
        1.564e-05        9.9998e+22
        1.565e-05        9.9998e+22
        1.566e-05        9.9998e+22
        1.567e-05        9.9998e+22
        1.568e-05        9.9998e+22
        1.569e-05        9.9998e+22
         1.57e-05        9.9998e+22
        1.571e-05        9.9998e+22
        1.572e-05        9.9998e+22
        1.573e-05        9.9998e+22
        1.574e-05        9.9998e+22
        1.575e-05        9.9998e+22
        1.576e-05        9.9998e+22
        1.577e-05        9.9998e+22
        1.578e-05        9.9998e+22
        1.579e-05        9.9998e+22
         1.58e-05        9.9998e+22
        1.581e-05        9.9998e+22
        1.582e-05        9.9998e+22
        1.583e-05        9.9998e+22
        1.584e-05        9.9998e+22
        1.585e-05        9.9998e+22
        1.586e-05        9.9998e+22
        1.587e-05        9.9998e+22
        1.588e-05        9.9998e+22
        1.589e-05        9.9998e+22
         1.59e-05        9.9998e+22
        1.591e-05        9.9998e+22
        1.592e-05        9.9998e+22
        1.593e-05        9.9998e+22
        1.594e-05        9.9998e+22
        1.595e-05        9.9998e+22
        1.596e-05        9.9998e+22
        1.597e-05        9.9998e+22
        1.598e-05        9.9998e+22
        1.599e-05        9.9998e+22
          1.6e-05        9.9998e+22
        1.601e-05        9.9998e+22
        1.602e-05        9.9998e+22
        1.603e-05        9.9998e+22
        1.604e-05        9.9998e+22
        1.605e-05        9.9998e+22
        1.606e-05        9.9998e+22
        1.607e-05        9.9998e+22
        1.608e-05        9.9998e+22
        1.609e-05        9.9998e+22
         1.61e-05        9.9998e+22
        1.611e-05        9.9998e+22
        1.612e-05        9.9998e+22
        1.613e-05        9.9998e+22
        1.614e-05        9.9998e+22
        1.615e-05        9.9998e+22
        1.616e-05        9.9998e+22
        1.617e-05        9.9998e+22
        1.618e-05        9.9998e+22
        1.619e-05        9.9998e+22
         1.62e-05        9.9998e+22
        1.621e-05        9.9998e+22
        1.622e-05        9.9998e+22
        1.623e-05        9.9998e+22
        1.624e-05        9.9998e+22
        1.625e-05        9.9998e+22
        1.626e-05        9.9998e+22
        1.627e-05        9.9998e+22
        1.628e-05        9.9998e+22
        1.629e-05        9.9998e+22
         1.63e-05        9.9998e+22
        1.631e-05        9.9998e+22
        1.632e-05        9.9998e+22
        1.633e-05        9.9998e+22
        1.634e-05        9.9998e+22
        1.635e-05        9.9998e+22
        1.636e-05        9.9998e+22
        1.637e-05        9.9998e+22
        1.638e-05        9.9998e+22
        1.639e-05        9.9998e+22
         1.64e-05        9.9998e+22
        1.641e-05        9.9998e+22
        1.642e-05        9.9998e+22
        1.643e-05        9.9998e+22
        1.644e-05        9.9998e+22
        1.645e-05        9.9998e+22
        1.646e-05        9.9998e+22
        1.647e-05        9.9998e+22
        1.648e-05        9.9998e+22
        1.649e-05        9.9998e+22
         1.65e-05        9.9998e+22
        1.651e-05        9.9998e+22
        1.652e-05        9.9998e+22
        1.653e-05        9.9998e+22
        1.654e-05        9.9998e+22
        1.655e-05        9.9998e+22
        1.656e-05        9.9998e+22
        1.657e-05        9.9998e+22
        1.658e-05        9.9998e+22
        1.659e-05        9.9998e+22
         1.66e-05        9.9998e+22
        1.661e-05        9.9998e+22
        1.662e-05        9.9998e+22
        1.663e-05        9.9998e+22
        1.664e-05        9.9998e+22
        1.665e-05        9.9998e+22
        1.666e-05        9.9998e+22
        1.667e-05        9.9998e+22
        1.668e-05        9.9998e+22
        1.669e-05        9.9998e+22
         1.67e-05        9.9998e+22
        1.671e-05        9.9998e+22
        1.672e-05        9.9998e+22
        1.673e-05        9.9998e+22
        1.674e-05        9.9998e+22
        1.675e-05        9.9998e+22
        1.676e-05        9.9998e+22
        1.677e-05        9.9998e+22
        1.678e-05        9.9998e+22
        1.679e-05        9.9998e+22
         1.68e-05        9.9998e+22
        1.681e-05        9.9998e+22
        1.682e-05        9.9998e+22
        1.683e-05        9.9998e+22
        1.684e-05        9.9998e+22
        1.685e-05        9.9998e+22
        1.686e-05        9.9998e+22
        1.687e-05        9.9998e+22
        1.688e-05        9.9998e+22
        1.689e-05        9.9998e+22
         1.69e-05        9.9998e+22
        1.691e-05        9.9998e+22
        1.692e-05        9.9998e+22
        1.693e-05        9.9998e+22
        1.694e-05        9.9998e+22
        1.695e-05        9.9998e+22
        1.696e-05        9.9998e+22
        1.697e-05        9.9998e+22
        1.698e-05        9.9998e+22
        1.699e-05        9.9998e+22
          1.7e-05        9.9998e+22
        1.701e-05        9.9998e+22
        1.702e-05        9.9998e+22
        1.703e-05        9.9998e+22
        1.704e-05        9.9998e+22
        1.705e-05        9.9998e+22
        1.706e-05        9.9998e+22
        1.707e-05        9.9998e+22
        1.708e-05        9.9998e+22
        1.709e-05        9.9998e+22
         1.71e-05        9.9998e+22
        1.711e-05        9.9998e+22
        1.712e-05        9.9998e+22
        1.713e-05        9.9998e+22
        1.714e-05        9.9998e+22
        1.715e-05        9.9998e+22
        1.716e-05        9.9998e+22
        1.717e-05        9.9998e+22
        1.718e-05        9.9998e+22
        1.719e-05        9.9998e+22
         1.72e-05        9.9998e+22
        1.721e-05        9.9998e+22
        1.722e-05        9.9998e+22
        1.723e-05        9.9998e+22
        1.724e-05        9.9998e+22
        1.725e-05        9.9998e+22
        1.726e-05        9.9998e+22
        1.727e-05        9.9998e+22
        1.728e-05        9.9998e+22
        1.729e-05        9.9998e+22
         1.73e-05        9.9998e+22
        1.731e-05        9.9998e+22
        1.732e-05        9.9998e+22
        1.733e-05        9.9998e+22
        1.734e-05        9.9998e+22
        1.735e-05        9.9998e+22
        1.736e-05        9.9998e+22
        1.737e-05        9.9998e+22
        1.738e-05        9.9998e+22
        1.739e-05        9.9998e+22
         1.74e-05        9.9998e+22
        1.741e-05        9.9998e+22
        1.742e-05        9.9998e+22
        1.743e-05        9.9998e+22
        1.744e-05        9.9998e+22
        1.745e-05        9.9998e+22
        1.746e-05        9.9998e+22
        1.747e-05        9.9998e+22
        1.748e-05        9.9998e+22
        1.749e-05        9.9998e+22
         1.75e-05        9.9998e+22
        1.751e-05        9.9998e+22
        1.752e-05        9.9998e+22
        1.753e-05        9.9998e+22
        1.754e-05        9.9998e+22
        1.755e-05        9.9998e+22
        1.756e-05        9.9998e+22
        1.757e-05        9.9998e+22
        1.758e-05        9.9998e+22
        1.759e-05        9.9998e+22
         1.76e-05        9.9998e+22
        1.761e-05        9.9998e+22
        1.762e-05        9.9998e+22
        1.763e-05        9.9998e+22
        1.764e-05        9.9998e+22
        1.765e-05        9.9998e+22
        1.766e-05        9.9998e+22
        1.767e-05        9.9998e+22
        1.768e-05        9.9998e+22
        1.769e-05        9.9998e+22
         1.77e-05        9.9998e+22
        1.771e-05        9.9998e+22
        1.772e-05        9.9998e+22
        1.773e-05        9.9998e+22
        1.774e-05        9.9998e+22
        1.775e-05        9.9998e+22
        1.776e-05        9.9998e+22
        1.777e-05        9.9998e+22
        1.778e-05        9.9998e+22
        1.779e-05        9.9998e+22
         1.78e-05        9.9998e+22
        1.781e-05        9.9998e+22
        1.782e-05        9.9998e+22
        1.783e-05        9.9998e+22
        1.784e-05        9.9998e+22
        1.785e-05        9.9998e+22
        1.786e-05        9.9998e+22
        1.787e-05        9.9998e+22
        1.788e-05        9.9998e+22
        1.789e-05        9.9998e+22
         1.79e-05        9.9998e+22
        1.791e-05        9.9998e+22
        1.792e-05        9.9998e+22
        1.793e-05        9.9998e+22
        1.794e-05        9.9998e+22
        1.795e-05        9.9998e+22
        1.796e-05        9.9998e+22
        1.797e-05        9.9998e+22
        1.798e-05        9.9998e+22
        1.799e-05        9.9998e+22
          1.8e-05        9.9998e+22
        1.801e-05        9.9998e+22
        1.802e-05        9.9998e+22
        1.803e-05        9.9998e+22
        1.804e-05        9.9998e+22
        1.805e-05        9.9998e+22
        1.806e-05        9.9998e+22
        1.807e-05        9.9998e+22
        1.808e-05        9.9998e+22
        1.809e-05        9.9998e+22
         1.81e-05        9.9998e+22
        1.811e-05        9.9998e+22
        1.812e-05        9.9998e+22
        1.813e-05        9.9998e+22
        1.814e-05        9.9998e+22
        1.815e-05        9.9998e+22
        1.816e-05        9.9998e+22
        1.817e-05        9.9998e+22
        1.818e-05        9.9998e+22
        1.819e-05        9.9998e+22
         1.82e-05        9.9998e+22
        1.821e-05        9.9998e+22
        1.822e-05        9.9998e+22
        1.823e-05        9.9998e+22
        1.824e-05        9.9998e+22
        1.825e-05        9.9998e+22
        1.826e-05        9.9998e+22
        1.827e-05        9.9998e+22
        1.828e-05        9.9998e+22
        1.829e-05        9.9998e+22
         1.83e-05        9.9998e+22
        1.831e-05        9.9998e+22
        1.832e-05        9.9998e+22
        1.833e-05        9.9998e+22
        1.834e-05        9.9998e+22
        1.835e-05        9.9998e+22
        1.836e-05        9.9998e+22
        1.837e-05        9.9998e+22
        1.838e-05        9.9998e+22
        1.839e-05        9.9998e+22
         1.84e-05        9.9998e+22
        1.841e-05        9.9998e+22
        1.842e-05        9.9998e+22
        1.843e-05        9.9998e+22
        1.844e-05        9.9998e+22
        1.845e-05        9.9998e+22
        1.846e-05        9.9998e+22
        1.847e-05        9.9998e+22
        1.848e-05        9.9998e+22
        1.849e-05        9.9998e+22
         1.85e-05        9.9998e+22
        1.851e-05        9.9998e+22
        1.852e-05        9.9998e+22
        1.853e-05        9.9998e+22
        1.854e-05        9.9998e+22
        1.855e-05        9.9998e+22
        1.856e-05        9.9998e+22
        1.857e-05        9.9998e+22
        1.858e-05        9.9998e+22
        1.859e-05        9.9998e+22
         1.86e-05        9.9998e+22
        1.861e-05        9.9998e+22
        1.862e-05        9.9998e+22
        1.863e-05        9.9998e+22
        1.864e-05        9.9998e+22
        1.865e-05        9.9998e+22
        1.866e-05        9.9998e+22
        1.867e-05        9.9998e+22
        1.868e-05        9.9998e+22
        1.869e-05        9.9998e+22
         1.87e-05        9.9998e+22
        1.871e-05        9.9998e+22
        1.872e-05        9.9998e+22
        1.873e-05        9.9998e+22
        1.874e-05        9.9998e+22
        1.875e-05        9.9998e+22
        1.876e-05        9.9998e+22
        1.877e-05        9.9998e+22
        1.878e-05        9.9998e+22
        1.879e-05        9.9998e+22
         1.88e-05        9.9998e+22
        1.881e-05        9.9998e+22
        1.882e-05        9.9998e+22
        1.883e-05        9.9998e+22
        1.884e-05        9.9998e+22
        1.885e-05        9.9998e+22
        1.886e-05        9.9998e+22
        1.887e-05        9.9998e+22
        1.888e-05        9.9998e+22
        1.889e-05        9.9998e+22
         1.89e-05        9.9998e+22
        1.891e-05        9.9998e+22
        1.892e-05        9.9998e+22
        1.893e-05        9.9998e+22
        1.894e-05        9.9998e+22
        1.895e-05        9.9998e+22
        1.896e-05        9.9998e+22
        1.897e-05        9.9998e+22
        1.898e-05        9.9998e+22
        1.899e-05        9.9998e+22
          1.9e-05        9.9998e+22
        1.901e-05        9.9998e+22
        1.902e-05        9.9998e+22
        1.903e-05        9.9998e+22
        1.904e-05        9.9998e+22
        1.905e-05        9.9998e+22
        1.906e-05        9.9998e+22
        1.907e-05        9.9998e+22
        1.908e-05        9.9998e+22
        1.909e-05        9.9998e+22
         1.91e-05        9.9998e+22
        1.911e-05        9.9998e+22
        1.912e-05        9.9998e+22
        1.913e-05        9.9998e+22
        1.914e-05        9.9998e+22
        1.915e-05        9.9998e+22
        1.916e-05        9.9998e+22
        1.917e-05        9.9998e+22
        1.918e-05        9.9998e+22
        1.919e-05        9.9998e+22
         1.92e-05        9.9998e+22
        1.921e-05        9.9998e+22
        1.922e-05        9.9998e+22
        1.923e-05        9.9998e+22
        1.924e-05        9.9998e+22
        1.925e-05        9.9998e+22
        1.926e-05        9.9998e+22
        1.927e-05        9.9998e+22
        1.928e-05        9.9998e+22
        1.929e-05        9.9998e+22
         1.93e-05        9.9998e+22
        1.931e-05        9.9998e+22
        1.932e-05        9.9998e+22
        1.933e-05        9.9998e+22
        1.934e-05        9.9998e+22
        1.935e-05        9.9998e+22
        1.936e-05        9.9998e+22
        1.937e-05        9.9998e+22
        1.938e-05        9.9998e+22
        1.939e-05        9.9998e+22
         1.94e-05        9.9998e+22
        1.941e-05        9.9998e+22
        1.942e-05        9.9998e+22
        1.943e-05        9.9998e+22
        1.944e-05        9.9998e+22
        1.945e-05        9.9998e+22
        1.946e-05        9.9998e+22
        1.947e-05        9.9998e+22
        1.948e-05        9.9998e+22
        1.949e-05        9.9998e+22
         1.95e-05        9.9998e+22
        1.951e-05        9.9998e+22
        1.952e-05        9.9998e+22
        1.953e-05        9.9998e+22
        1.954e-05        9.9998e+22
        1.955e-05        9.9998e+22
        1.956e-05        9.9998e+22
        1.957e-05        9.9998e+22
        1.958e-05        9.9998e+22
        1.959e-05        9.9998e+22
         1.96e-05        9.9998e+22
        1.961e-05        9.9998e+22
        1.962e-05        9.9998e+22
        1.963e-05        9.9998e+22
        1.964e-05        9.9998e+22
        1.965e-05        9.9998e+22
        1.966e-05        9.9998e+22
        1.967e-05        9.9998e+22
        1.968e-05        9.9998e+22
        1.969e-05        9.9998e+22
         1.97e-05        9.9998e+22
        1.971e-05        9.9998e+22
        1.972e-05        9.9998e+22
        1.973e-05        9.9998e+22
        1.974e-05        9.9998e+22
        1.975e-05        9.9998e+22
        1.976e-05        9.9998e+22
        1.977e-05        9.9998e+22
        1.978e-05        9.9998e+22
        1.979e-05        9.9998e+22
         1.98e-05        9.9998e+22
        1.981e-05        9.9998e+22
        1.982e-05        9.9998e+22
        1.983e-05        9.9998e+22
        1.984e-05        9.9998e+22
        1.985e-05        9.9998e+22
        1.986e-05        9.9998e+22
        1.987e-05        9.9998e+22
        1.988e-05        9.9998e+22
        1.989e-05        9.9998e+22
         1.99e-05        9.9998e+22
        1.991e-05        9.9998e+22
        1.992e-05        9.9998e+22
        1.993e-05        9.9998e+22
        1.994e-05        9.9998e+22
        1.995e-05        9.9998e+22
        1.996e-05        9.9998e+22
        1.997e-05        9.9998e+22
        1.998e-05        9.9998e+22
        1.999e-05        9.9998e+22
            2e-05        9.9998e+22
        2.001e-05        9.9998e+22
        2.002e-05        9.9998e+22
        2.003e-05        9.9998e+22
        2.004e-05        9.9998e+22
        2.005e-05        9.9998e+22
        2.006e-05        9.9998e+22
        2.007e-05        9.9998e+22
        2.008e-05        9.9998e+22
        2.009e-05        9.9998e+22
         2.01e-05        9.9998e+22
        2.011e-05        9.9998e+22
        2.012e-05        9.9998e+22
        2.013e-05        9.9998e+22
        2.014e-05        9.9998e+22
        2.015e-05        9.9998e+22
        2.016e-05        9.9998e+22
        2.017e-05        9.9998e+22
        2.018e-05        9.9998e+22
        2.019e-05        9.9998e+22
         2.02e-05        9.9998e+22
        2.021e-05        9.9998e+22
        2.022e-05        9.9998e+22
        2.023e-05        9.9998e+22
        2.024e-05        9.9998e+22
        2.025e-05        9.9998e+22
        2.026e-05        9.9998e+22
        2.027e-05        9.9998e+22
        2.028e-05        9.9998e+22
        2.029e-05        9.9998e+22
         2.03e-05        9.9998e+22
        2.031e-05        9.9998e+22
        2.032e-05        9.9998e+22
        2.033e-05        9.9998e+22
        2.034e-05        9.9998e+22
        2.035e-05        9.9998e+22
        2.036e-05        9.9998e+22
        2.037e-05        9.9998e+22
        2.038e-05        9.9998e+22
        2.039e-05        9.9998e+22
         2.04e-05        9.9998e+22
        2.041e-05        9.9998e+22
        2.042e-05        9.9998e+22
        2.043e-05        9.9998e+22
        2.044e-05        9.9998e+22
        2.045e-05        9.9998e+22
        2.046e-05        9.9998e+22
        2.047e-05        9.9998e+22
        2.048e-05        9.9998e+22
        2.049e-05        9.9998e+22
         2.05e-05        9.9998e+22
        2.051e-05        9.9998e+22
        2.052e-05        9.9998e+22
        2.053e-05        9.9998e+22
        2.054e-05        9.9998e+22
        2.055e-05        9.9998e+22
        2.056e-05        9.9998e+22
        2.057e-05        9.9998e+22
        2.058e-05        9.9998e+22
        2.059e-05        9.9998e+22
         2.06e-05        9.9998e+22
        2.061e-05        9.9998e+22
        2.062e-05        9.9998e+22
        2.063e-05        9.9998e+22
        2.064e-05        9.9998e+22
        2.065e-05        9.9998e+22
        2.066e-05        9.9998e+22
        2.067e-05        9.9998e+22
        2.068e-05        9.9998e+22
        2.069e-05        9.9998e+22
         2.07e-05        9.9998e+22
        2.071e-05        9.9998e+22
        2.072e-05        9.9998e+22
        2.073e-05        9.9998e+22
        2.074e-05        9.9998e+22
        2.075e-05        9.9998e+22
        2.076e-05        9.9998e+22
        2.077e-05        9.9998e+22
        2.078e-05        9.9998e+22
        2.079e-05        9.9998e+22
         2.08e-05        9.9998e+22
        2.081e-05        9.9998e+22
        2.082e-05        9.9998e+22
        2.083e-05        9.9998e+22
        2.084e-05        9.9998e+22
        2.085e-05        9.9998e+22
        2.086e-05        9.9998e+22
        2.087e-05        9.9998e+22
        2.088e-05        9.9998e+22
        2.089e-05        9.9998e+22
         2.09e-05        9.9998e+22
        2.091e-05        9.9998e+22
        2.092e-05        9.9998e+22
        2.093e-05        9.9998e+22
        2.094e-05        9.9998e+22
        2.095e-05        9.9998e+22
