/*--------------------------------*- C++ -*----------------------------------*\
| =========                 |                                                 |
| \\      /  F ield         | OpenFOAM: The Open Source CFD Toolbox           |
|  \\    /   O peration     | Version:  v1706                                 |
|   \\  /    A nd           | Web:      www.OpenFOAM.com                      |
|    \\/     M anipulation  |                                                 |
\*---------------------------------------------------------------------------*/
FoamFile
{
    version     2.0;
    format      ascii;
    class       volScalarField;
    location    "5";
    object      Ma_mixture;
}
// * * * * * * * * * * * * * * * * * * * * * * * * * * * * * * * * * * * * * //

dimensions      [0 0 0 0 0 0 0];


internalField   nonuniform List<scalar> 
500
(
0.01698328965
0.01711678004
0.01717446209
0.016959633
0.01690235325
0.0213254242
0.02115783977
0.02150590782
0.0212305389
0.02162829147
0.02530149919
0.02509442658
0.02503515169
0.02508961928
0.02523736086
0.02880235153
0.02896695883
0.02875858938
0.02887871963
0.02861564007
0.03221419347
0.03224925047
0.03216670897
0.03223772554
0.03209161756
0.03528720152
0.03531209908
0.03534164522
0.03526586045
0.03540204073
0.03866988833
0.03869991298
0.03870395642
0.03867976618
0.03863371516
0.04172401218
0.04165968507
0.04162058418
0.04184113643
0.04155442384
0.04488625853
0.04478092649
0.04484398898
0.04474853466
0.04494177123
0.04785395938
0.04771679857
0.04783343845
0.0477359211
0.04783375622
0.05098658534
0.05074637112
0.05097465637
0.05092128654
0.0508088672
0.05382574116
0.05388882622
0.0539569918
0.0540863982
0.0536875309
0.0567011308
0.05689944398
0.05669662157
0.0567199759
0.05708974774
0.05982981268
0.0598845641
0.05974871215
0.05981499215
0.05968354157
0.06265603521
0.06265457985
0.06262645209
0.06255676413
0.06257070652
0.0653875079
0.06553426253
0.06549209904
0.06551301047
0.0656295551
0.06837321568
0.06822231116
0.06825924672
0.06838177702
0.06814588857
0.07136036919
0.07111849111
0.07121575194
0.07113423601
0.07106604728
0.07358782877
0.07384887958
0.07391951414
0.07395554806
0.07405955978
0.07665712059
0.07671153957
0.07655470099
0.07658302379
0.07653346231
0.0793350368
0.07954644528
0.07951312633
0.07955853057
0.07959583052
0.08212978566
0.08235166726
0.08231259799
0.08210683981
0.08215540366
0.08521220529
0.08501819284
0.08504068373
0.08499745723
0.08517909788
0.08777299882
0.08763486905
0.08777508105
0.08777781683
0.08775306498
0.0903062502
0.09043329493
0.09024421414
0.09038652187
0.09025622002
0.09307876795
0.09303555101
0.09291957642
0.09265879857
0.09300066712
0.09545953858
0.09549939969
0.09549806934
0.09557043238
0.0956930235
0.09815540917
0.09809249694
0.09823517714
0.09807476001
0.09804952973
0.1006661515
0.1009022275
0.1008612058
0.1009062431
0.1008295258
0.1037385003
0.1035839549
0.1036041168
0.1038439969
0.1035588676
0.1059187815
0.1062611041
0.1061551159
0.105950988
0.1062681598
0.1086796326
0.1085603485
0.1086676033
0.1086177853
0.1087805621
0.1112960575
0.1113666345
0.1111499901
0.1112315046
0.1111253597
0.1138068555
0.1137121977
0.1140611293
0.1138784617
0.1138195993
0.1163777606
0.1164615541
0.1165397062
0.1163582278
0.1161890822
0.1189003943
0.1187996446
0.1188554616
0.1187561319
0.118801949
0.1214478768
0.1213529874
0.1214941545
0.1214398365
0.1214511659
0.1239135902
0.1237425078
0.1241499213
0.1239625024
0.1240011053
0.1263121839
0.1264498329
0.1262489687
0.1263483429
0.1263198306
0.1288161983
0.1288347824
0.1288093042
0.1287531252
0.1287374771
0.1313715722
0.1312198957
0.1311045487
0.1311997241
0.1313293229
0.1336056246
0.1336318017
0.1334499494
0.1336303188
0.1336742171
0.1361434903
0.1360254906
0.1360866487
0.1360996964
0.1358925461
0.1384640214
0.1384749434
0.1383123033
0.1386305569
0.13836826
0.1408417547
0.1405034411
0.1410332994
0.1406660503
0.140769027
0.1433179787
0.1432478289
0.1433881519
0.1432617328
0.143215543
0.1455721744
0.1455092496
0.1456087169
0.1454613313
0.1457670482
0.1479359588
0.1478946362
0.147810753
0.1479739421
0.1478918334
0.150222642
0.1504636452
0.1501775647
0.1502443548
0.1502502231
0.1526118105
0.1523876097
0.1528564304
0.1524254441
0.1523578162
0.1548047054
0.1548778352
0.1549328402
0.1547409014
0.1545758432
0.1573472161
0.1571108905
0.1572438511
0.1572564746
0.1570598978
0.1594538032
0.1593729091
0.159582924
0.1593401064
0.1595472422
0.1616585182
0.1615417336
0.1614317087
0.1616135427
0.1617107672
0.1636708545
0.1639280231
0.1640026178
0.1641229398
0.1638246515
0.166227398
0.1661653473
0.1661808062
0.1663075667
0.1661059925
0.1686761597
0.1685808073
0.1687455423
0.1685513271
0.1686956825
0.1707486852
0.1709634349
0.1705882825
0.170854309
0.1707705958
0.1729453425
0.1730492569
0.1732316635
0.1733078048
0.1728173145
0.175441917
0.1754087958
0.1750565904
0.1750553973
0.1752885442
0.1773866482
0.1773331753
0.1770627203
0.1775653414
0.1776462153
0.1795988098
0.1797105735
0.1797455148
0.179438081
0.1797235238
0.1817451193
0.1820796003
0.1819289225
0.1818328964
0.1818381556
0.1839407916
0.1837463703
0.1841622445
0.1838928894
0.1840232171
0.186035878
0.1860968922
0.1859993604
0.1858119112
0.1859879527
0.1883172093
0.1880339152
0.1880760546
0.1882453448
0.1882834352
0.190563711
0.1904402189
0.1904998277
0.1904597532
0.1903815631
0.1924130538
0.1926007622
0.1924303106
0.1925726734
0.1922127557
0.1945948051
0.1945078921
0.1945853305
0.1945076738
0.1949568681
0.1965853747
0.1966344101
0.1965588004
0.1965422269
0.1966012405
0.1988549692
0.1986285139
0.1985973163
0.1987470997
0.1985537174
0.2008949101
0.2008569598
0.2008198204
0.2007706143
0.2007570351
0.2029305512
0.2032017332
0.2029301033
0.2030975274
0.2030521753
0.2049990807
0.2049055787
0.2049477357
0.2052357768
0.205069394
0.2070717458
0.2070775684
0.2070740998
0.2071413631
0.2071138359
0.2093200155
0.2091907729
0.2089098733
0.2092984129
0.2091103732
0.2112631438
0.2111180129
0.2113903426
0.2113254013
0.2115407313
0.2132869854
0.2136207181
0.2132442824
0.2133008705
0.2134734421
0.2156141395
0.2153692334
0.2156419177
0.215734807
0.2154889897
0.2176084316
0.2179500326
0.2174900701
0.2178305971
0.2173042149
0.2195730453
0.2194039765
0.2195437664
0.2194379968
0.2196277804
0.2215314862
0.2214348724
0.221564024
0.2216530382
0.2217039051
0.2236134259
0.2236617749
0.2234995828
0.2237818341
0.2235301892
0.2255081794
0.2256734151
0.2256391016
0.2254515298
0.2256189495
0.2273218631
0.2275352173
0.2275835901
0.2271813063
0.2273519184
0.229112136
0.2294021209
0.2292365633
0.2294740747
0.2292928762
0.2314135806
0.2313322643
0.2312465856
0.2315832982
0.2315634121
0.2336265522
0.2337060888
0.233826017
0.2333723731
0.2336917546
0.2352753695
0.2354312217
0.2354045727
0.2354390921
0.2352491087
0.2373196374
0.2373073483
0.2373412234
0.2373881731
0.2374582141
0.2395844888
0.2396543306
0.2394385555
0.2393745364
0.2394703868
0.241760911
0.24174823
0.2416023689
0.2418739132
0.2417767862
0.2436211069
0.2438545456
0.2437446852
0.2438038815
0.2436938701
0.2460393097
0.2458194373
0.2457930982
0.2458011136
0.2459350892
0.2478567712
0.2478329059
0.2479720303
0.247848842
0.2480065716
0.2501358801
0.2501345432
0.2500473024
0.2498934859
0.250066714
0.2521381169
0.252092141
0.2520275869
0.2522297984
0.2518975475
0.2542831066
0.2543874952
0.2542954416
0.2542520282
0.2543595843
0.256826353
0.2564966179
0.2566203705
0.2567625171
0.2566127689
0.259544521
0.2594142855
0.2597194901
0.2596118213
0.2595315107
)
;

boundaryField
{
    upperWall
    {
        type            calculated;
        value           nonuniform List<scalar> 5(0.2620236952 0.2616982211 0.2613219009 0.2619403845 0.2618769214);
    }
    lowerWall
    {
        type            calculated;
        value           nonuniform List<scalar> 5(0.01421777234 0.01364027627 0.014804804 0.0133651656 0.01352743246);
    }
    periodicX_half0
    {
        type            cyclic;
    }
    periodicX_half1
    {
        type            cyclic;
    }
    frontAndBack
    {
        type            empty;
    }
}


// ************************************************************************* //
