/*--------------------------------*- C++ -*----------------------------------*\
| =========                 |                                                 |
| \\      /  F ield         | OpenFOAM: The Open Source CFD Toolbox           |
|  \\    /   O peration     | Version:  v1706                                 |
|   \\  /    A nd           | Web:      www.OpenFOAM.com                      |
|    \\/     M anipulation  |                                                 |
\*---------------------------------------------------------------------------*/
FoamFile
{
    version     2.0;
    format      ascii;
    class       volScalarField;
    location    "5";
    object      Ma_N2;
}
// * * * * * * * * * * * * * * * * * * * * * * * * * * * * * * * * * * * * * //

dimensions      [0 0 0 0 0 0 0];


internalField   nonuniform List<scalar> 
500
(
0.01673759062
0.01678873866
0.01683316881
0.01673068541
0.01648684568
0.02097140223
0.02077905564
0.02113018108
0.02091069631
0.0213506993
0.02477493652
0.02467147792
0.02469654476
0.02465130613
0.02469163283
0.02835114576
0.02851465426
0.02829188903
0.02844393101
0.02809661631
0.03168750995
0.03163193658
0.03162057205
0.03172933666
0.0314502545
0.03462360866
0.03458259914
0.03473855498
0.03473474799
0.03481601375
0.03813683055
0.0382358177
0.03811915926
0.0379601128
0.03808852533
0.04113687789
0.04112519527
0.04093114119
0.0411197316
0.04095454197
0.04412231871
0.04394054211
0.04423032107
0.04402260272
0.04419206172
0.04704023023
0.04700764244
0.04711063144
0.04698919278
0.04693912859
0.0502621687
0.04998426371
0.0502284847
0.05022841738
0.05009130212
0.05303120726
0.05311370174
0.0531452708
0.05329792584
0.05292120607
0.05585943943
0.05607739961
0.05594304625
0.05591141244
0.05635008127
0.05903187378
0.05917700368
0.05895461284
0.05903641982
0.05897362403
0.06164073092
0.06179109308
0.06170935071
0.06167599227
0.06163448243
0.06441552573
0.06471292694
0.06455554488
0.06462274887
0.06469330029
0.0674470764
0.06734813164
0.06731380894
0.06744829314
0.06732956698
0.07029778088
0.07026541422
0.07016187166
0.07029744413
0.07005073032
0.07257478267
0.07275925954
0.07275180171
0.07285208578
0.07286011164
0.07546663719
0.07552707577
0.07546766301
0.0753280649
0.07550427346
0.07812491645
0.07834313622
0.07830218221
0.07845480316
0.07837360975
0.08087614804
0.08094153256
0.08104005955
0.08087636963
0.08089486465
0.08391683697
0.08378348504
0.08362652527
0.08364511196
0.08380962597
0.08653183976
0.08624798834
0.08643418445
0.08642860394
0.08640654028
0.08903286947
0.08913689922
0.08896847725
0.08900539621
0.08901320128
0.09176811532
0.09170930465
0.09163350802
0.09143909934
0.09177615563
0.09420876018
0.09433361553
0.09425065257
0.0943679655
0.09449294807
0.09680555014
0.09673047939
0.09685606125
0.0967350232
0.09680660159
0.09924661303
0.09938980748
0.09942431431
0.09950551586
0.09930796002
0.1023008881
0.1021428778
0.1021524991
0.1022440766
0.1019607178
0.1042970128
0.1047048306
0.1045555231
0.1043813623
0.1046491779
0.1070463752
0.1069259389
0.1070316237
0.1069796235
0.1072011319
0.109748945
0.1097467926
0.1094298531
0.1096704046
0.1095181916
0.1120085362
0.1120526054
0.1124597508
0.1120944626
0.1122133524
0.1146620058
0.1147856797
0.1149247002
0.1146591346
0.114414282
0.1172082661
0.1171785775
0.1171864319
0.1170995473
0.1171563871
0.1197809598
0.1197432556
0.1198747434
0.119634629
0.1197709988
0.1220679328
0.1218631041
0.1223407166
0.1221972259
0.1222695558
0.1244917996
0.1246671066
0.1244377005
0.1244779082
0.1245811914
0.127091867
0.1271257308
0.1269936442
0.1269016942
0.1268647282
0.1294495772
0.129363649
0.1293256182
0.1293061503
0.1294956636
0.1316571026
0.1318478121
0.1315482809
0.131765611
0.1317323004
0.1342601257
0.1340105315
0.134259396
0.1342707401
0.1340336975
0.1365529468
0.1364151033
0.1363625379
0.1365634941
0.1363323941
0.1388950267
0.138490588
0.1390270188
0.1385813619
0.1386676818
0.1411854649
0.14111525
0.1411899399
0.1411332455
0.1411807002
0.1434771608
0.1433357579
0.1434346596
0.1433425484
0.1437763853
0.1458733691
0.145846048
0.1456925478
0.1458972258
0.1456300504
0.1480805288
0.148328682
0.1480032254
0.1480847371
0.1482309317
0.1505102662
0.1502321124
0.150574674
0.1502548053
0.1500928555
0.1525147769
0.1526869632
0.1527625647
0.15243424
0.1522534886
0.154926343
0.1547046255
0.1548698449
0.1549831582
0.1548067978
0.1572974685
0.1569891743
0.157375984
0.1571607772
0.1572229905
0.1594119451
0.1591401895
0.1591852893
0.1591730633
0.1592837794
0.1612505295
0.1614530889
0.1615859246
0.1616453062
0.1614613131
0.1638200251
0.1636974698
0.1636745895
0.1638745073
0.1636607748
0.1660659217
0.1662506866
0.1661556821
0.1660255292
0.1662908783
0.1682493855
0.1685280889
0.1679519382
0.1683865469
0.16820202
0.1704333158
0.1704985132
0.1707171271
0.1708503493
0.1702682222
0.1729666623
0.1729751888
0.1725899764
0.1724316387
0.172812324
0.1749607984
0.1748527189
0.1746598273
0.1751531028
0.1751293803
0.1770054705
0.1771715338
0.1770944793
0.1767139077
0.1771548793
0.179099679
0.179418596
0.1792197996
0.1792064204
0.1792425464
0.1812036083
0.1810929835
0.1815231927
0.1812917469
0.1815774772
0.1834071673
0.1835382363
0.1834087427
0.1831631054
0.1833838028
0.1856152985
0.1852764151
0.1853184585
0.1854818345
0.1854875825
0.187606764
0.1876393931
0.1878535387
0.1876813981
0.1873971113
0.189578848
0.1897473078
0.1894952581
0.1897977043
0.1893767366
0.1917854088
0.1916052137
0.1916876839
0.1915839255
0.1920802884
0.1936992024
0.1936849653
0.1936825546
0.1936227455
0.1937784928
0.1959272573
0.1956651245
0.1955649143
0.1958320035
0.1956498919
0.1979478789
0.197891662
0.1979052086
0.1978047512
0.1978673253
0.1998777918
0.2003105429
0.1999323205
0.2001040588
0.2000007227
0.2019760324
0.2018534427
0.2018897417
0.202216425
0.2021199919
0.2041335167
0.2041460652
0.2040538067
0.2042392012
0.2040739787
0.2063277642
0.2061496333
0.2058855695
0.2062412568
0.2060615892
0.2080885554
0.2080615712
0.2082038977
0.2081565023
0.2084663318
0.2101635839
0.21049862
0.2101544252
0.2102091994
0.210404015
0.2125779923
0.2121930972
0.2124263162
0.2125100204
0.2123514892
0.214235663
0.2146566921
0.2143151992
0.2146204085
0.21404896
0.2163343116
0.2161722806
0.2164238961
0.2162009318
0.2164442574
0.2182049382
0.2181955436
0.2182779684
0.2184734563
0.2184154342
0.2204118539
0.220428366
0.2202257613
0.2204768242
0.2201895474
0.2221789057
0.2222947372
0.2223636889
0.2220248016
0.2221157979
0.2240253155
0.2242608964
0.2242750383
0.2239154674
0.2241462299
0.2257091318
0.2259516431
0.2259420314
0.2261301594
0.2259156743
0.2280911441
0.2279572525
0.2278058155
0.2282042269
0.2280813018
0.230235045
0.2302240274
0.2304612287
0.2298754736
0.2302592748
0.2317954161
0.2320077269
0.2320178447
0.2319512933
0.2317551449
0.233960898
0.2338012927
0.2338490307
0.2339108552
0.233842086
0.2359482489
0.2360642337
0.2359800184
0.2357595669
0.2359529376
0.2382358148
0.238259524
0.2381051933
0.2383786357
0.2382658054
0.2401017525
0.2402282088
0.2402325827
0.240174335
0.2400221714
0.2425648857
0.2422946472
0.242294247
0.2423097003
0.2423412401
0.2443681223
0.2441131078
0.2444381212
0.2442810711
0.2444256989
0.2464508215
0.2464032013
0.2463299561
0.2462656639
0.2462985813
0.2484593977
0.2483911867
0.2482381898
0.2486074372
0.2481975579
0.2505424822
0.2507898122
0.2506691616
0.2504361541
0.2508071739
0.2532046681
0.2527016271
0.2528775597
0.2529974528
0.2528759473
0.2557360155
0.2557437917
0.2558857553
0.255895472
0.2557758682
)
;

boundaryField
{
    upperWall
    {
        type            calculated;
        value           nonuniform List<scalar> 5(0.2578596082 0.2580272849 0.257792557 0.2582372875 0.2581908052);
    }
    lowerWall
    {
        type            calculated;
        value           nonuniform List<scalar> 5(0.01385318731 0.01365342508 0.01456936007 0.0130202407 0.01337411963);
    }
    periodicX_half0
    {
        type            cyclic;
    }
    periodicX_half1
    {
        type            cyclic;
    }
    frontAndBack
    {
        type            empty;
    }
}


// ************************************************************************* //
