/*--------------------------------*- C++ -*----------------------------------*\
| =========                 |                                                 |
| \\      /  F ield         | OpenFOAM: The Open Source CFD Toolbox           |
|  \\    /   O peration     | Version:  v1706                                 |
|   \\  /    A nd           | Web:      www.OpenFOAM.com                      |
|    \\/     M anipulation  |                                                 |
\*---------------------------------------------------------------------------*/
FoamFile
{
    version     2.0;
    format      ascii;
    class       volScalarField;
    location    "5";
    object      mctToDt_N2;
}
// * * * * * * * * * * * * * * * * * * * * * * * * * * * * * * * * * * * * * //

dimensions      [0 0 0 0 0 0 0];


internalField   nonuniform List<scalar> 
500
(
4.357041514
4.354517456
4.354430854
4.356091509
4.356865175
4.377470769
4.375805955
4.375206464
4.37556621
4.374326217
4.392090348
4.392964148
4.391891765
4.391456676
4.394026467
4.407299975
4.407582126
4.407248922
4.406089765
4.409382368
4.423211321
4.423241958
4.423035772
4.42362586
4.423800041
4.437843393
4.436471787
4.437735306
4.438256788
4.438232174
4.452673215
4.453198286
4.453116916
4.454293489
4.452311996
4.468720576
4.467011329
4.4691071
4.468043396
4.467071192
4.483688277
4.482006526
4.481595702
4.482303651
4.481360526
4.495939955
4.497786241
4.49702994
4.496100614
4.495660395
4.510525469
4.511210216
4.511596808
4.509486409
4.510085087
4.52379277
4.523287266
4.523828246
4.523067347
4.524047258
4.538024681
4.5376556
4.536443272
4.537998857
4.538540455
4.551288083
4.551134462
4.551756717
4.550940519
4.552470036
4.565147555
4.565103164
4.566146792
4.56589143
4.565146975
4.578919539
4.579513104
4.578907167
4.57799786
4.58007448
4.593250387
4.590943906
4.59248543
4.591989412
4.591723371
4.604751877
4.605886448
4.604866887
4.606645946
4.605517699
4.615305048
4.617898168
4.61834825
4.617872263
4.617348867
4.631403166
4.630725129
4.631166307
4.632156274
4.630853481
4.645454672
4.643242599
4.644314328
4.645143185
4.645121225
4.656670757
4.655206286
4.657591068
4.657574078
4.656042456
4.670986541
4.670814953
4.671372321
4.671904831
4.669234828
4.684204878
4.684953486
4.684438341
4.684320419
4.684733022
4.697981244
4.697482316
4.69732383
4.697433991
4.697830719
4.711379504
4.711478855
4.71063318
4.708503677
4.710982606
4.722433554
4.723539751
4.721836091
4.722934504
4.720013
4.735247857
4.735345832
4.735094163
4.735597283
4.734352466
4.747877122
4.747717171
4.746341692
4.749107952
4.747751559
4.760133122
4.758686466
4.759288315
4.758641691
4.758727165
4.770721887
4.771779466
4.772884913
4.77459588
4.772693682
4.784145337
4.785405817
4.784871537
4.785047023
4.786188339
4.796335063
4.797358742
4.796445978
4.797237078
4.797805315
4.808892715
4.812218592
4.810128366
4.811746124
4.808783676
4.821670923
4.822521304
4.823746342
4.823809228
4.82361411
4.835348
4.833763201
4.836534757
4.836034963
4.835881298
4.847823942
4.849087895
4.847515495
4.849300076
4.847784363
4.861233846
4.860311781
4.860329788
4.860479737
4.859885143
4.871883368
4.871999887
4.871756027
4.871395533
4.870826709
4.885876588
4.885356778
4.883677941
4.883632453
4.883869336
4.897880139
4.896509313
4.896449134
4.895842524
4.896206067
4.908628428
4.907276949
4.907977492
4.906558007
4.906961965
4.919041648
4.918813917
4.91921593
4.918863506
4.9197043
4.931061522
4.932120226
4.931803493
4.93245974
4.931486276
4.942197469
4.943210319
4.942945544
4.942652154
4.942178273
4.953947103
4.955914619
4.953734983
4.955178587
4.955220173
4.969622278
4.967425017
4.967096535
4.9657071
4.96850314
4.978348544
4.979117855
4.977970026
4.981123728
4.980094363
4.989441546
4.992051083
4.989756676
4.989712281
4.990420024
5.001379344
5.002766894
5.003844734
5.001789236
5.001762968
5.014772155
5.014532944
5.015049978
5.013283494
5.011967862
5.023980892
5.025615408
5.027712011
5.025886569
5.026114237
5.037882802
5.040023077
5.038074971
5.037412177
5.036721194
5.048584143
5.049366462
5.048129829
5.048256389
5.049830688
5.05941128
5.059397469
5.062389963
5.06023354
5.060350054
5.069626944
5.070517932
5.071079864
5.071780201
5.073921647
5.081673204
5.08357312
5.081812887
5.082400119
5.080541306
5.095359026
5.094358058
5.09262388
5.093887244
5.095140337
5.105220438
5.104769161
5.106171592
5.104363885
5.106654117
5.115079738
5.1162798
5.117137414
5.11680862
5.118261485
5.127991152
5.130681824
5.127394971
5.128353478
5.129778507
5.139177162
5.139937191
5.140132037
5.139101203
5.138333331
5.150135107
5.148801148
5.151649998
5.149418505
5.149586083
5.161717812
5.160741673
5.1628801
5.161658815
5.161200368
5.170884291
5.172978868
5.172335053
5.17352176
5.173317745
5.183330504
5.184772879
5.185050715
5.182505973
5.183847453
5.195504304
5.19338835
5.195011601
5.196809235
5.195754545
5.206534485
5.205317323
5.206519573
5.2055986
5.206534264
5.216867119
5.215370588
5.215905604
5.218284261
5.216346325
5.225722431
5.227364743
5.22697949
5.22949618
5.228519296
5.238096275
5.23662382
5.240290378
5.24041173
5.240306756
5.249811851
5.249037357
5.249661923
5.250253633
5.249898091
5.25994101
5.261540774
5.262074912
5.26114722
5.260618938
5.269934843
5.270437184
5.270524674
5.272170684
5.27147482
5.281419353
5.282007167
5.280638746
5.280263879
5.281635449
5.290398179
5.289438792
5.289799938
5.290818408
5.290633752
5.30229517
5.300458185
5.3025177
5.301233394
5.302441322
5.312827623
5.312147575
5.312714409
5.314609154
5.313038319
5.32481582
5.323589356
5.3222414
5.323392443
5.321700346
5.335403809
5.334769423
5.333887582
5.335130574
5.334755733
5.345136685
5.344585367
5.345741815
5.344793187
5.34370544
5.355245035
5.355908339
5.355914354
5.355533134
5.356268582
5.36396792
5.364262525
5.365142104
5.364172821
5.365548915
5.376129659
5.375970407
5.375297194
5.376024015
5.375321272
5.38559052
5.386311116
5.385584434
5.384995803
5.387050942
5.395188461
5.395264157
5.397185871
5.3977349
5.395052457
5.407475103
5.407946988
5.409001072
5.407489174
5.406644941
5.416668661
5.420016938
5.419362523
5.417597706
5.418773143
5.428741763
5.431228874
5.429129366
5.426322997
5.427908458
5.43961927
5.439290739
5.439512794
5.437592078
5.437838714
5.451522374
5.450825274
5.44924641
5.450381114
5.450918737
5.458978022
5.458233909
5.46085494
5.460125348
5.458797941
5.469177681
5.471320383
5.470293642
5.46902064
5.470102788
5.480247669
5.480688847
5.480842721
5.479092214
5.481432129
5.492054506
5.491274987
5.49079016
5.492893868
5.492664085
5.503055159
5.504141173
5.505906556
5.501963799
5.504165065
5.516914486
5.516035069
5.515092391
5.515358938
5.515498553
5.527169104
5.524958812
5.525828142
5.528184594
5.527155026
5.540412505
5.541704428
5.540529512
5.539127361
5.540237166
5.555378268
5.555677646
5.55426616
5.556175106
5.556773583
)
;

boundaryField
{
    upperWall
    {
        type            calculated;
        value           nonuniform List<scalar> 5(5.555378268 5.555677646 5.55426616 5.556175106 5.556773583);
    }
    lowerWall
    {
        type            calculated;
        value           nonuniform List<scalar> 5(4.357041514 4.354517456 4.354430854 4.356091509 4.356865175);
    }
    periodicX_half0
    {
        type            cyclic;
    }
    periodicX_half1
    {
        type            cyclic;
    }
    frontAndBack
    {
        type            empty;
    }
}


// ************************************************************************* //
