/*--------------------------------*- C++ -*----------------------------------*\
| =========                 |                                                 |
| \\      /  F ield         | OpenFOAM: The Open Source CFD Toolbox           |
|  \\    /   O peration     | Version:  v1706                                 |
|   \\  /    A nd           | Web:      www.OpenFOAM.com                      |
|    \\/     M anipulation  |                                                 |
\*---------------------------------------------------------------------------*/
FoamFile
{
    version     2.0;
    format      ascii;
    class       volScalarField;
    location    "5";
    object      mctToDt_O2;
}
// * * * * * * * * * * * * * * * * * * * * * * * * * * * * * * * * * * * * * //

dimensions      [0 0 0 0 0 0 0];


internalField   nonuniform List<scalar> 
500
(
19.49737087
19.49657206
19.49572952
19.50807458
19.49533391
19.59880232
19.58987655
19.60741602
19.59804706
19.59482178
19.67428779
19.68030978
19.68907636
19.68500793
19.68498215
19.75369161
19.76834236
19.77736539
19.76058341
19.76649358
19.84367599
19.83475274
19.82496042
19.82409031
19.84536493
19.90122392
19.91370575
19.89758666
19.89544364
19.89223539
19.96856554
19.97668173
19.98432507
19.97726134
19.97630555
20.03492742
20.03991118
20.04842311
20.03420486
20.05417044
20.10789129
20.11035602
20.11587886
20.12992701
20.12544933
20.17656722
20.16872966
20.17660729
20.18170365
20.19074523
20.2374315
20.24647209
20.23732051
20.23712487
20.24401358
20.29974127
20.31196204
20.30976597
20.31632669
20.31964676
20.36649707
20.37460306
20.36823468
20.37941491
20.37323853
20.44404263
20.43993983
20.45206741
20.42550516
20.43782684
20.50216879
20.51067179
20.5092937
20.50203432
20.51174469
20.55887236
20.57754032
20.56771668
20.56580093
20.56632807
20.63642437
20.62978179
20.64431608
20.62744274
20.63889702
20.70206127
20.69934008
20.69728901
20.70223253
20.69526646
20.7547865
20.7639686
20.75751263
20.76299403
20.73906101
20.8254868
20.81319462
20.84105733
20.84480643
20.81802957
20.87985494
20.88916828
20.90314059
20.89111924
20.89214579
20.94666823
20.947517
20.94723876
20.95845041
20.96177547
21.01914461
21.01125633
21.00710145
21.01933939
21.0242786
21.0747317
21.0729228
21.06511995
21.07635886
21.07714199
21.15251058
21.14538398
21.13772329
21.1352531
21.13736373
21.21716182
21.19977752
21.20703387
21.20202006
21.22008026
21.2811283
21.28051001
21.26905632
21.26214771
21.27777451
21.33296459
21.34028768
21.32454
21.31626038
21.31437256
21.39306343
21.3832803
21.3918178
21.39338155
21.38672468
21.44951727
21.45626577
21.45398653
21.4619833
21.45114163
21.52221855
21.50768921
21.52729019
21.51302968
21.52153676
21.56220759
21.58352151
21.56558462
21.56724905
21.56987383
21.6267419
21.64625177
21.6264794
21.64127737
21.63503731
21.70540318
21.69396477
21.70070371
21.69913114
21.69489474
21.74063557
21.76233957
21.76401625
21.76544777
21.76191697
21.82604676
21.80428777
21.81845955
21.81557341
21.80628573
21.87668998
21.87197709
21.86769152
21.87388255
21.86599481
21.93499625
21.90706401
21.91733539
21.92444844
21.91883531
21.98455583
21.99012761
21.98426852
21.96432978
21.98415263
22.03891524
22.03308976
22.0385408
22.05463493
22.03652794
22.10608283
22.10417468
22.10291875
22.12135611
22.11812715
22.16069871
22.15742052
22.17572215
22.16778076
22.18294875
22.23274224
22.2328705
22.22106782
22.21967159
22.24498989
22.28591767
22.27458839
22.28126892
22.26747985
22.26675946
22.34279679
22.34061702
22.35549207
22.3404375
22.33112531
22.39337508
22.38977893
22.39805543
22.3852538
22.3907059
22.45711576
22.45276576
22.45555213
22.44641134
22.44322777
22.50504411
22.51642973
22.52850395
22.51237737
22.50788528
22.56365875
22.57155942
22.5648159
22.57125997
22.56542847
22.61579389
22.62817551
22.62255976
22.61654971
22.63626064
22.68231243
22.69039636
22.66352069
22.66679577
22.65968441
22.75053409
22.74229545
22.74559848
22.74370628
22.74915731
22.81356998
22.80124498
22.80394962
22.79954274
22.80224209
22.83898746
22.84886913
22.85877016
22.85764071
22.84266188
22.89923165
22.92001519
22.90686811
22.90283115
22.90167815
22.97236912
22.9629144
22.97137885
22.96133488
22.96465239
22.99894488
23.02436286
23.02707962
23.01844764
23.01697277
23.06433142
23.07738187
23.06782451
23.07496806
23.06101534
23.13043869
23.1287253
23.12242658
23.11882609
23.11580209
23.18762237
23.17225897
23.18903473
23.17492674
23.18124717
23.22282065
23.22629211
23.21710236
23.2350612
23.23846411
23.28903564
23.29648105
23.28366341
23.28793095
23.28300465
23.33105867
23.34489868
23.35066817
23.33037618
23.34930247
23.40242942
23.39764079
23.38695279
23.3977253
23.39365713
23.44041906
23.45799821
23.4526211
23.45339544
23.4529078
23.50008039
23.49476066
23.48404738
23.5093658
23.51167438
23.56712411
23.55576812
23.5580192
23.55974591
23.54718536
23.61953565
23.60686821
23.60213645
23.60272751
23.60242889
23.66652864
23.6648615
23.65506883
23.66783715
23.65298937
23.71389065
23.72211373
23.71686104
23.70629475
23.72008637
23.75003771
23.77870482
23.77322471
23.78079032
23.76895866
23.82455971
23.80454288
23.82908093
23.83142205
23.82877643
23.87608813
23.88379997
23.85133461
23.86910751
23.88416687
23.93590082
23.92585102
23.93241753
23.92187356
23.93284113
23.98316347
23.98525874
23.96780528
23.99365635
23.98735797
24.01980973
24.02023764
24.03815364
24.045628
24.02659481
24.07328455
24.06999704
24.09064445
24.09522762
24.0677776
24.12634775
24.11621181
24.13630549
24.13525888
24.13371935
24.18001986
24.19903076
24.18145795
24.20229085
24.19107574
24.23195145
24.25004752
24.2317492
24.24057692
24.23989199
24.29614979
24.28912617
24.31299432
24.29163078
24.28798768
24.36615456
24.34922504
24.3573435
24.35569799
24.35152393
24.38804963
24.39341617
24.39774668
24.40314254
24.39594449
24.44934114
24.45158978
24.46275466
24.44563976
24.46352229
24.5178705
24.50965241
24.48889894
24.50183401
24.49463795
24.56801081
24.5554545
24.55824348
24.55927142
24.54289174
24.62206223
24.60219253
24.60060169
24.59373248
24.61524545
24.65041718
24.66217639
24.639319
24.65912968
24.65413734
24.68542451
24.70513696
24.67726838
24.68400559
24.69157268
24.75185834
24.74673644
24.75756952
24.74978603
24.76662119
24.80156068
24.77713122
24.7754152
24.79892888
24.81040872
24.84411347
24.84073718
24.85252066
24.83148241
24.85480215
24.89675934
24.88540598
24.89348261
24.91616395
24.8928064
24.95998976
24.93849987
24.95097132
24.95369656
24.95391968
25.00267353
25.0019302
25.00455918
24.99837097
25.00936846
25.05217898
25.05530393
25.07338246
25.05417117
25.05584941
25.11743941
25.11993881
25.10797032
25.12181027
25.1114784
25.17505091
25.18687052
25.19508777
25.1779331
25.18452549
25.23396488
25.24321242
25.23959
25.2505814
25.23589158
25.31871024
25.33105866
25.32553598
25.32470765
25.31665263
)
;

boundaryField
{
    upperWall
    {
        type            calculated;
        value           nonuniform List<scalar> 5(25.31871024 25.33105866 25.32553598 25.32470765 25.31665263);
    }
    lowerWall
    {
        type            calculated;
        value           nonuniform List<scalar> 5(19.49737087 19.49657206 19.49572952 19.50807458 19.49533391);
    }
    periodicX_half0
    {
        type            cyclic;
    }
    periodicX_half1
    {
        type            cyclic;
    }
    frontAndBack
    {
        type            empty;
    }
}


// ************************************************************************* //
