/*--------------------------------*- C++ -*----------------------------------*\
| =========                 |                                                 |
| \\      /  F ield         | OpenFOAM: The Open Source CFD Toolbox           |
|  \\    /   O peration     | Version:  v1706                                 |
|   \\  /    A nd           | Web:      www.OpenFOAM.com                      |
|    \\/     M anipulation  |                                                 |
\*---------------------------------------------------------------------------*/
FoamFile
{
    version     2.0;
    format      ascii;
    class       volScalarField;
    location    "5";
    object      mfpCellRatio_mixture;
}
// * * * * * * * * * * * * * * * * * * * * * * * * * * * * * * * * * * * * * //

dimensions      [0 0 0 0 0 0 0];


internalField   nonuniform List<scalar> 
500
(
4.405865631
4.405928862
4.405208759
4.403864393
4.406295775
4.441079317
4.442620706
4.443198409
4.441155185
4.441513732
4.472440307
4.473108466
4.473092575
4.47262232
4.471884637
4.501045741
4.501027214
4.501494493
4.500560058
4.502238093
4.528538988
4.528600959
4.52965273
4.529110473
4.52877152
4.556537117
4.556450318
4.555635786
4.555837525
4.555530544
4.582535119
4.584138467
4.583375618
4.582565847
4.581980916
4.607487266
4.60876396
4.60939363
4.608831786
4.609415341
4.632917756
4.633452362
4.633465176
4.634223524
4.633040587
4.65860474
4.657977347
4.659260515
4.659021526
4.657064507
4.68226785
4.683138194
4.683159318
4.682618548
4.682944728
4.709020988
4.706519506
4.707413855
4.708698904
4.707574691
4.732046728
4.731803822
4.731866014
4.73265416
4.732057399
4.755389205
4.755867293
4.75607753
4.755761744
4.756256879
4.780638745
4.778705649
4.779176837
4.779294738
4.779133169
4.804964582
4.803938278
4.802911771
4.802998043
4.804285484
4.828669014
4.828100516
4.82827108
4.828352406
4.827585873
4.851654709
4.852815613
4.851260807
4.852435582
4.852230209
4.875608052
4.876610434
4.876299351
4.876658023
4.87806597
4.898657166
4.900417436
4.89910171
4.899607103
4.899736542
4.923588399
4.925176223
4.925051995
4.92497019
4.922793316
4.947603496
4.947733364
4.94655408
4.948564293
4.947420598
4.971920116
4.971168238
4.971142158
4.970774973
4.973231122
4.995704829
4.994842217
4.995921961
4.994256385
4.99332765
5.01584632
5.018660632
5.017530278
5.018289131
5.016075937
5.041855276
5.041315174
5.040206712
5.040287938
5.041026883
5.06623684
5.06506486
5.064566893
5.064717008
5.064943806
5.089416763
5.087229725
5.086295059
5.085748557
5.088879496
5.111591066
5.112173173
5.111007008
5.110051724
5.111935596
5.134235856
5.134482827
5.135131617
5.135104813
5.13463842
5.157690265
5.158453458
5.158253083
5.159805812
5.160042586
5.18290477
5.182685824
5.181769829
5.182114266
5.182124967
5.204223505
5.206218159
5.202729339
5.203465055
5.204005622
5.226739674
5.228981783
5.228948324
5.226245624
5.226800326
5.249438218
5.25106549
5.249758381
5.249041181
5.248901806
5.27154693
5.271243231
5.272158379
5.27272206
5.270904124
5.293836623
5.295510962
5.293959045
5.293708705
5.295461315
5.318788832
5.317505961
5.317975292
5.317317656
5.318455023
5.341102905
5.340558095
5.33916257
5.339859428
5.342531353
5.362818015
5.363066246
5.361747181
5.362050754
5.364787797
5.386190742
5.385739918
5.383849732
5.384691059
5.386161611
5.407282058
5.405943793
5.406267873
5.407607426
5.407734555
5.430364977
5.429464715
5.430346178
5.431517096
5.432086017
5.451195083
5.451457759
5.451126069
5.451931571
5.451722945
5.47552839
5.474481656
5.476054303
5.476144896
5.475763054
5.496753341
5.495114664
5.495306853
5.496098598
5.49594188
5.519434752
5.517758853
5.518263288
5.51723175
5.517624599
5.539843568
5.539617888
5.538289827
5.539929207
5.540992791
5.561546336
5.56192344
5.560601616
5.559986893
5.563047277
5.585052883
5.584759488
5.58427111
5.584264195
5.585500472
5.606619034
5.60793081
5.608005877
5.607910207
5.60982095
5.628633744
5.629219531
5.630986311
5.629328735
5.629251525
5.650627245
5.652338873
5.652695252
5.650726983
5.651430325
5.673691298
5.674405253
5.675258546
5.674419504
5.672952746
5.6952011
5.696414063
5.695666796
5.694137012
5.694055857
5.716310837
5.716307729
5.716180007
5.716205191
5.715981013
5.739059908
5.739766201
5.739640031
5.73823767
5.740274038
5.758679388
5.758842063
5.758715573
5.759230596
5.759579671
5.780805458
5.780183196
5.781178527
5.780712134
5.780918644
5.802417413
5.802636263
5.804206122
5.803082514
5.802075755
5.822449428
5.821811385
5.826152531
5.823988089
5.824277207
5.843724832
5.845273164
5.844625911
5.845585837
5.845850802
5.86395471
5.866855965
5.86704552
5.867538221
5.86653349
5.887592614
5.887198737
5.889667821
5.8863536
5.890356217
5.909191075
5.909294579
5.911272941
5.909936923
5.911224589
5.931096229
5.93208888
5.931292362
5.932129619
5.931922368
5.952324805
5.954438066
5.95354407
5.952000724
5.953828517
5.975756715
5.976763822
5.972368707
5.975750342
5.972361885
5.995292786
5.995985885
5.997089087
5.996370347
5.99447801
6.017241042
6.018800281
6.020066864
6.017356338
6.014969098
6.035185781
6.039391333
6.038964953
6.037443678
6.037667811
6.055917825
6.056098746
6.05664409
6.058931741
6.058578618
6.078419245
6.079845857
6.078595654
6.078317817
6.079783016
6.099032848
6.100379453
6.098438627
6.102936132
6.101432277
6.12201011
6.122923408
6.121981391
6.120152195
6.123116242
6.142056474
6.143235978
6.143172838
6.143349061
6.143366362
6.163869937
6.164009907
6.166094777
6.165922139
6.161210698
6.185973809
6.186904498
6.185964114
6.185641283
6.185049349
6.210251473
6.208360729
6.208842713
6.206857426
6.207117852
6.228142076
6.227471096
6.229134442
6.228130262
6.227250498
6.248017723
6.248857094
6.249040824
6.247834811
6.250207406
6.270766373
6.268160249
6.269565364
6.270304853
6.271077361
6.293495085
6.29410396
6.291840058
6.293015892
6.293816259
6.314670402
6.313631193
6.315045381
6.314816907
6.312730151
6.334861576
6.33280089
6.334763041
6.333932251
6.335069744
6.357701029
6.354696865
6.35463378
6.354701251
6.357441069
6.37621775
6.379820956
6.378794509
6.379798269
6.377686505
6.398803373
6.398256466
6.400378656
6.398356241
6.398180955
6.420267547
6.422654269
6.417847816
6.41869465
6.422039605
6.440405344
6.440559521
6.4427563
6.441713048
6.442138459
6.462936718
6.463691375
6.463632887
6.464268622
6.462190302
6.48429009
6.483971771
6.483989002
6.48344235
6.484132277
6.50679295
6.506547299
6.507756016
6.507205388
6.505382738
6.529764804
6.531391423
6.528734133
6.531847047
6.530796899
6.551972164
6.550679766
6.550530063
6.549971861
6.552701071
6.574659445
6.573087062
6.573933572
6.575962898
6.574022556
6.599057625
6.599216964
6.600161614
6.598965411
6.597004986
6.627523755
6.625477453
6.624103982
6.625780224
6.624539726
6.653343573
6.653502468
6.652209946
6.6523833
6.651430582
6.685009354
6.685418336
6.684380336
6.685520149
6.686117659
)
;

boundaryField
{
    upperWall
    {
        type            calculated;
        value           nonuniform List<scalar> 5(6.685009354 6.685418336 6.684380336 6.685520149 6.686117659);
    }
    lowerWall
    {
        type            calculated;
        value           nonuniform List<scalar> 5(4.405865631 4.405928862 4.405208759 4.403864393 4.406295775);
    }
    periodicX_half0
    {
        type            cyclic;
    }
    periodicX_half1
    {
        type            cyclic;
    }
    frontAndBack
    {
        type            empty;
    }
}


// ************************************************************************* //
