/*--------------------------------*- C++ -*----------------------------------*\
| =========                 |                                                 |
| \\      /  F ield         | OpenFOAM: The Open Source CFD Toolbox           |
|  \\    /   O peration     | Version:  v1706                                 |
|   \\  /    A nd           | Web:      www.OpenFOAM.com                      |
|    \\/     M anipulation  |                                                 |
\*---------------------------------------------------------------------------*/
FoamFile
{
    version     2.0;
    format      ascii;
    class       volScalarField;
    location    "5";
    object      overallT_mixture;
}
// * * * * * * * * * * * * * * * * * * * * * * * * * * * * * * * * * * * * * //

dimensions      [0 0 0 1 0 0 0];


internalField   nonuniform List<scalar> 
500
(
2069.733748
2069.851544
2069.67679
2069.747116
2069.728166
2085.040828
2085.377705
2085.127114
2085.088495
2085.072804
2097.86402
2097.881742
2098.006376
2097.956911
2098.314938
2109.972562
2109.830846
2109.691928
2109.642615
2110.049859
2121.004287
2120.926331
2121.003248
2121.160319
2120.787893
2131.650517
2131.618528
2131.452745
2131.383964
2131.718156
2141.876748
2141.774722
2142.400947
2142.190927
2141.622569
2152.39986
2152.411224
2152.174539
2152.176195
2152.185949
2162.038064
2162.240388
2161.680379
2162.102795
2162.152634
2171.867718
2171.99576
2171.474105
2171.703018
2171.788075
2181.015231
2181.700386
2181.882178
2181.661672
2181.533883
2191.628994
2190.956793
2191.187711
2191.364475
2191.146504
2200.536452
2200.397402
2200.986414
2200.70491
2200.570192
2209.711463
2210.06312
2209.995216
2210.230483
2209.635695
2218.961176
2218.96213
2218.883406
2218.64312
2219.243173
2228.577279
2228.111928
2228.161756
2228.005093
2228.449653
2237.409481
2237.438743
2238.055461
2237.969592
2237.697945
2246.858061
2246.855765
2246.550151
2246.363364
2246.794469
2256.001168
2255.882336
2255.537386
2255.40715
2255.937197
2264.577905
2264.766515
2264.62657
2264.796972
2264.735835
2273.779838
2273.600711
2273.999493
2274.049355
2273.594126
2282.737788
2282.584328
2282.608188
2282.820411
2282.596737
2291.471626
2291.316367
2291.534843
2291.385262
2291.676051
2300.631643
2300.222734
2300.406174
2300.386994
2300.83995
2309.308512
2309.229019
2309.078793
2308.914745
2308.954843
2317.580082
2318.112931
2317.871203
2317.572258
2317.864306
2326.719107
2326.438992
2326.657444
2326.906643
2327.032068
2335.567713
2335.453585
2335.645771
2335.548857
2335.156908
2344.236241
2344.666397
2343.924859
2344.624118
2344.500561
2353.013559
2352.694423
2352.936914
2352.916999
2352.641558
2361.14512
2361.485038
2361.66916
2361.432422
2361.911825
2370.709752
2369.925283
2370.396432
2370.259506
2370.021262
2378.749226
2378.466771
2378.284478
2378.350312
2378.235515
2386.972154
2387.376986
2387.386972
2387.134342
2386.521412
2395.575205
2395.921936
2395.726144
2395.712309
2395.710482
2404.040442
2403.787479
2403.747673
2403.95944
2404.150481
2412.649896
2412.555335
2412.105337
2412.133019
2412.385313
2420.841928
2420.805945
2420.62094
2420.518317
2420.598146
2429.539419
2429.527746
2429.150204
2429.029049
2429.505477
2437.901502
2437.868126
2437.434676
2437.459009
2437.558903
2445.919741
2446.483121
2445.920125
2445.748554
2446.116059
2454.18578
2454.417976
2454.454478
2454.12974
2454.524534
2462.865616
2462.56498
2462.654441
2462.769514
2462.893836
2470.644245
2470.495553
2470.795717
2470.830096
2471.05655
2478.226468
2479.121156
2479.246328
2478.570588
2478.599918
2486.671433
2486.789819
2487.003776
2486.837003
2486.409491
2495.10978
2494.798344
2495.2552
2494.824833
2494.669476
2502.79252
2502.673814
2502.659122
2502.565421
2502.890989
2511.120964
2511.361006
2511.373308
2511.255827
2511.45762
2519.490381
2519.473326
2519.404337
2519.28063
2519.836849
2527.824322
2527.532779
2528.060304
2527.882556
2527.942831
2535.986377
2535.501846
2536.2978
2535.893548
2535.655655
2543.987879
2544.027424
2543.897432
2543.619473
2543.520536
2551.804265
2551.702382
2551.885075
2551.982777
2551.554159
2559.891898
2559.633752
2559.342655
2559.384139
2559.68979
2567.823946
2567.555814
2567.077788
2567.592882
2567.906345
2575.622764
2575.850086
2575.917693
2575.017163
2574.956399
2583.390941
2583.729315
2583.923244
2583.247088
2583.601036
2591.136983
2590.957726
2591.516101
2591.321932
2591.143481
2599.042911
2599.386909
2599.383249
2599.294337
2599.137407
2606.6331
2606.748725
2607.060381
2606.949838
2607.437581
2614.973495
2614.925281
2614.909126
2614.4716
2615.565502
2622.56699
2621.922238
2622.331784
2623.145153
2622.448689
2630.524534
2630.132298
2630.780577
2630.279314
2630.772637
2638.168766
2637.899181
2638.32798
2638.597409
2638.486843
2646.108245
2646.405311
2646.223348
2646.243604
2646.351648
2654.171303
2653.848722
2654.173157
2654.195929
2654.299342
2661.574598
2661.482759
2661.394179
2661.657395
2660.947226
2669.265964
2669.688194
2668.937257
2669.338106
2669.51928
2676.242988
2677.084007
2676.640849
2676.32835
2676.668657
2684.474
2684.678393
2684.557331
2684.100286
2684.842793
2691.776062
2691.560328
2691.438113
2691.314541
2692.318231
2699.586579
2699.402077
2699.497026
2699.884415
2699.700836
2707.306922
2707.546507
2707.235449
2707.549652
2707.733196
2715.545863
2715.660488
2714.893738
2714.723447
2714.809437
2723.245913
2722.859748
2722.611626
2723.033777
2722.820582
2730.41263
2730.58284
2730.608642
2730.505856
2730.236759
2738.371942
2738.428623
2738.512866
2738.101345
2737.871622
2746.420041
2746.337548
2746.347333
2746.048912
2746.266049
2753.970585
2754.039154
2754.72183
2753.756275
2753.499979
2761.373245
2761.801326
2761.402893
2761.774404
2761.972153
2769.271231
2768.656444
2768.983539
2769.05659
2769.28756
2777.692362
2777.231049
2776.987754
2777.44716
2777.053702
2784.970607
2784.339322
2785.119496
2784.741386
2784.345152
2792.874371
2792.419151
2792.260311
2792.357022
2792.580027
2800.4804
2800.246742
2800.163945
2800.064817
2800.218305
2808.515043
2808.101641
2808.391524
2808.396167
2807.995392
2816.031782
2816.690947
2815.803135
2816.065164
2816.147273
2823.450575
2824.005116
2823.457529
2823.43382
2823.689496
2831.531929
2832.081663
2831.262807
2831.912542
2831.633131
2839.214609
2839.486948
2840.23005
2840.025139
2839.728986
2847.356509
2847.712349
2847.600021
2848.078492
2847.790521
2856.205201
2855.887242
2856.196283
2856.259589
2855.905728
2863.86483
2863.925747
2864.133914
2864.075192
2864.406314
2872.458396
2872.381814
2872.641399
2872.662531
2873.106313
2881.361738
2880.913133
2881.54013
2881.483687
2881.080917
2890.931631
2890.786388
2890.669331
2890.169724
2890.601762
2900.359567
2901.101594
2900.674868
2900.454286
2899.666032
2911.200864
2911.379428
2911.194476
2910.74093
2910.646979
2923.521261
2923.331383
2923.16455
2923.295455
2923.717175
)
;

boundaryField
{
    upperWall
    {
        type            calculated;
        value           nonuniform List<scalar> 5(2933.93527 2932.595125 2931.288142 2931.946684 2934.515581);
    }
    lowerWall
    {
        type            calculated;
        value           nonuniform List<scalar> 5(2058.649834 2058.874558 2058.424107 2058.081775 2058.708394);
    }
    periodicX_half0
    {
        type            cyclic;
    }
    periodicX_half1
    {
        type            cyclic;
    }
    frontAndBack
    {
        type            empty;
    }
}


// ************************************************************************* //
