/*--------------------------------*- C++ -*----------------------------------*\
| =========                 |                                                 |
| \\      /  F ield         | OpenFOAM: The Open Source CFD Toolbox           |
|  \\    /   O peration     | Version:  v1706                                 |
|   \\  /    A nd           | Web:      www.OpenFOAM.com                      |
|    \\/     M anipulation  |                                                 |
\*---------------------------------------------------------------------------*/
FoamFile
{
    version     2.0;
    format      ascii;
    class       volScalarField;
    location    "5";
    object      overallT_O2;
}
// * * * * * * * * * * * * * * * * * * * * * * * * * * * * * * * * * * * * * //

dimensions      [0 0 0 1 0 0 0];


internalField   nonuniform List<scalar> 
500
(
2070.342373
2070.215304
2070.473925
2070.87859
2070.029656
2086.312919
2085.737333
2085.466096
2085.284539
2085.750283
2097.880777
2098.054742
2097.771901
2098.086275
2098.552528
2110.288936
2110.696893
2109.991984
2109.948235
2110.648826
2121.505451
2121.450055
2121.302649
2121.282577
2120.90091
2131.724487
2131.90322
2131.880633
2131.408736
2131.739361
2141.994226
2141.301375
2142.765635
2142.142375
2141.64072
2152.680157
2152.326123
2151.484181
2152.436595
2152.282439
2161.519346
2162.112314
2161.729799
2161.613872
2162.404259
2171.133812
2171.154794
2170.408681
2171.506433
2171.846146
2181.316951
2180.506244
2180.551226
2181.496153
2181.649612
2191.219822
2190.237638
2190.297002
2190.788749
2190.974424
2200.133143
2199.999419
2200.905337
2200.631085
2200.264217
2209.414345
2208.793037
2209.238481
2209.849614
2208.718683
2218.024104
2217.787853
2217.829692
2217.043163
2218.800112
2227.135192
2227.268277
2226.708794
2226.194855
2226.474719
2236.846394
2236.64329
2236.109394
2236.721622
2235.566854
2246.153572
2245.38133
2245.238098
2245.120713
2246.457732
2254.747476
2254.932841
2253.798197
2254.328024
2254.409744
2263.564441
2263.855024
2262.924305
2263.320258
2263.18294
2272.500177
2271.64983
2271.94169
2273.277171
2272.242793
2281.35801
2281.442942
2281.783799
2281.711628
2281.8777
2290.304787
2289.519907
2290.033582
2290.774839
2289.576686
2298.944901
2298.575169
2298.533648
2299.010944
2299.428268
2308.214933
2307.232945
2306.874405
2306.973493
2307.418704
2316.244075
2317.093489
2316.342851
2316.477908
2316.796706
2324.650174
2325.031564
2324.781891
2325.08665
2325.049437
2334.273703
2333.352856
2334.444461
2333.860909
2333.003469
2342.79018
2343.219126
2341.905315
2343.0197
2342.310556
2351.308871
2351.234728
2351.247638
2351.585886
2350.417719
2359.064189
2359.84118
2359.639826
2359.258503
2360.241414
2369.360848
2368.388923
2368.55392
2368.621238
2368.696923
2377.341216
2376.904039
2376.618667
2376.146742
2376.587085
2385.298371
2386.171985
2386.057453
2384.198858
2384.680933
2393.979749
2394.35584
2394.426126
2393.67797
2393.057454
2401.679268
2401.622337
2401.12673
2401.503272
2401.84105
2410.564751
2410.238186
2409.068683
2409.576765
2409.792779
2419.07131
2418.535931
2418.467905
2418.459128
2418.074412
2427.284312
2427.811088
2427.876916
2426.665525
2427.500587
2435.765516
2435.939332
2435.406255
2435.27895
2434.32621
2442.769148
2444.134715
2445.188475
2443.530278
2443.908582
2452.788304
2452.618295
2452.135515
2452.047015
2453.001933
2460.503953
2460.549896
2460.848996
2461.054948
2460.703206
2469.423724
2468.853273
2468.780578
2468.308835
2468.639416
2477.375722
2477.576181
2477.086822
2476.553456
2476.052167
2485.532411
2485.478546
2485.123743
2484.309003
2484.71075
2493.399722
2492.459939
2493.825565
2493.961277
2492.760147
2501.972067
2500.792965
2500.455333
2501.129365
2501.406577
2509.145882
2509.657085
2509.373008
2509.449978
2510.833078
2518.453956
2517.9688
2518.220178
2517.934131
2518.829464
2525.603079
2524.600288
2525.809871
2526.369341
2527.018929
2533.343131
2533.991974
2534.260112
2533.920606
2533.228667
2541.374012
2542.362505
2541.967737
2542.285077
2541.273875
2549.277629
2549.361446
2549.826036
2551.104131
2549.449596
2557.65015
2557.202249
2557.445784
2557.660058
2558.053429
2566.318868
2565.262714
2564.953593
2566.131383
2565.782292
2573.288304
2574.784641
2574.296201
2573.720106
2572.966639
2581.825681
2582.834048
2582.170582
2581.66558
2581.914769
2589.450552
2589.06238
2590.300628
2588.64451
2589.040646
2597.117981
2597.407566
2596.593733
2597.125973
2597.163164
2604.772236
2604.913732
2604.758025
2604.741641
2606.494401
2612.560463
2613.142589
2612.803019
2613.042735
2615.002535
2620.170983
2620.184629
2621.649433
2621.765578
2621.285653
2629.308411
2628.62663
2629.418725
2629.740776
2629.432058
2635.404285
2636.886846
2637.515939
2637.528524
2637.654024
2644.419732
2644.324328
2643.812151
2644.242319
2645.134771
2652.879465
2652.502949
2652.726989
2653.140598
2653.045064
2659.418137
2660.447282
2660.489391
2660.896419
2660.205872
2667.543698
2668.583648
2668.896536
2669.661293
2668.544944
2675.871328
2676.552551
2675.616348
2675.030124
2675.442431
2682.837911
2682.78234
2682.740185
2682.557578
2683.56768
2689.665493
2690.703535
2690.177446
2690.09219
2690.03463
2697.733171
2698.703213
2699.019204
2698.817759
2698.405484
2705.645466
2706.173417
2706.804327
2705.502309
2706.850514
2713.616366
2714.878271
2713.500736
2713.878604
2714.221848
2721.725593
2721.702292
2721.06572
2721.746959
2721.124979
2727.879755
2727.750218
2728.858604
2729.363787
2727.982085
2736.026149
2736.272477
2735.772033
2736.273552
2736.119955
2745.007731
2744.634625
2744.283871
2743.206916
2744.740316
2752.780311
2752.667392
2753.073736
2751.527892
2751.066418
2759.611391
2759.339048
2759.452532
2760.809749
2760.152995
2767.519381
2767.590349
2767.051169
2766.585568
2767.997283
2776.552426
2776.862101
2775.979048
2775.758215
2776.694802
2783.387882
2782.775359
2784.470689
2783.828363
2784.181509
2792.483957
2791.435477
2790.808543
2790.328142
2791.129145
2799.342381
2798.238145
2798.411043
2799.16888
2798.773453
2806.367089
2805.267872
2805.657566
2806.61792
2806.090584
2813.508479
2814.046225
2812.719856
2813.988025
2813.44999
2820.651033
2821.449703
2820.799509
2820.286046
2820.75497
2829.277615
2830.170175
2829.302988
2829.064831
2829.68599
2837.103399
2838.714069
2838.611547
2837.387118
2837.116503
2844.788248
2844.791255
2846.844748
2845.994615
2845.04809
2854.038925
2853.482619
2855.107909
2854.764701
2852.670545
2861.585473
2860.964906
2861.982493
2862.30403
2862.304083
2869.295818
2869.641783
2869.095701
2870.499099
2870.744978
2879.119783
2877.409768
2877.737802
2877.81629
2878.317381
2887.463371
2888.202556
2888.363756
2887.440376
2887.687165
2898.413594
2898.882905
2897.738262
2896.253747
2895.734891
2907.852304
2908.427939
2907.809235
2907.638787
2907.265027
2920.374298
2918.851394
2919.222698
2920.447886
2920.671566
)
;

boundaryField
{
    upperWall
    {
        type            calculated;
        value           nonuniform List<scalar> 5(2929.610969 2929.389905 2925.09481 2928.042319 2929.872579);
    }
    lowerWall
    {
        type            calculated;
        value           nonuniform List<scalar> 5(2058.989421 2060.197014 2059.601629 2060.065359 2058.946214);
    }
    periodicX_half0
    {
        type            cyclic;
    }
    periodicX_half1
    {
        type            cyclic;
    }
    frontAndBack
    {
        type            empty;
    }
}


// ************************************************************************* //
