/*--------------------------------*- C++ -*----------------------------------*\
| =========                 |                                                 |
| \\      /  F ield         | OpenFOAM: The Open Source CFD Toolbox           |
|  \\    /   O peration     | Version:  v1706                                 |
|   \\  /    A nd           | Web:      www.OpenFOAM.com                      |
|    \\/     M anipulation  |                                                 |
\*---------------------------------------------------------------------------*/
FoamFile
{
    version     2.0;
    format      ascii;
    class       volScalarField;
    location    "5";
    object      p_N2;
}
// * * * * * * * * * * * * * * * * * * * * * * * * * * * * * * * * * * * * * //

dimensions      [1 -1 -2 0 0 0 0];


internalField   nonuniform List<scalar> 
500
(
1.104183124
1.104050733
1.104466621
1.104561654
1.104066301
1.104965203
1.105227556
1.105129046
1.105315733
1.105055656
1.10567622
1.105730027
1.10585176
1.105578341
1.106025628
1.106418765
1.106672872
1.106514833
1.106093662
1.106405196
1.106929573
1.106938398
1.106843328
1.106828649
1.106881588
1.107191681
1.10681488
1.10686971
1.106842739
1.107142831
1.107414427
1.106646126
1.107259308
1.107206766
1.1073371
1.107806305
1.10754468
1.107075472
1.107270236
1.107296759
1.107521893
1.107525486
1.10734892
1.107418066
1.107439457
1.10754863
1.108135061
1.107327087
1.107417997
1.107765937
1.107838823
1.108096556
1.107975279
1.108116138
1.108115314
1.107892057
1.108147167
1.107898568
1.107971669
1.108156702
1.107727004
1.108174015
1.108390328
1.108087277
1.107919495
1.107984176
1.108167271
1.108161012
1.108200357
1.107972217
1.108108367
1.108493127
1.108302667
1.108174066
1.108181274
1.108170314
1.108323173
1.108544206
1.108116876
1.108365751
1.108177851
1.108377887
1.108621283
1.108692218
1.108641749
1.108854165
1.108401659
1.108483204
1.108422613
1.108506755
1.108808537
1.10834677
1.108543396
1.108186051
1.108403488
1.108425344
1.108436102
1.108706002
1.108865032
1.108481517
1.108286551
1.107932387
1.108736075
1.108567141
1.108688732
1.108668887
1.108583737
1.108431915
1.108453875
1.108682588
1.107998901
1.108567671
1.108601828
1.108472985
1.108305765
1.108333753
1.108317657
1.108150342
1.108625139
1.109005657
1.108908174
1.108212883
1.108756113
1.108145428
1.108658174
1.108318373
1.108800698
1.10898555
1.108777407
1.108360645
1.108409423
1.108233626
1.108986845
1.108854186
1.108806369
1.108762165
1.109213844
1.109384402
1.109499982
1.108458551
1.109041827
1.10891151
1.108525599
1.109482723
1.109057346
1.109192241
1.108574856
1.108645386
1.108717671
1.108623421
1.108675099
1.108783132
1.108915371
1.108463215
1.108624385
1.108887266
1.108281497
1.10864112
1.108860292
1.108562779
1.108998717
1.10840272
1.108849769
1.108924777
1.108742819
1.108840215
1.108641702
1.108844521
1.109290034
1.108488836
1.108818787
1.108782365
1.109195282
1.109208364
1.109333161
1.109208299
1.109004446
1.109056924
1.109150376
1.109092549
1.109452741
1.109093809
1.109075312
1.108886877
1.108908357
1.109012859
1.109277754
1.108762708
1.108719985
1.108768692
1.109152378
1.109094702
1.109358065
1.108782442
1.108947918
1.109209995
1.109354771
1.109150929
1.10916232
1.108881256
1.109052464
1.109346936
1.109514551
1.109381564
1.109082895
1.109123459
1.109559099
1.109743327
1.109070846
1.10940135
1.109257711
1.109365865
1.109469209
1.108743624
1.109034153
1.109148944
1.109338142
1.109746995
1.109556151
1.109535111
1.108908073
1.109281028
1.10929025
1.109091372
1.109071545
1.108911697
1.10929997
1.109482866
1.109220481
1.109056105
1.109114759
1.109487672
1.109429879
1.109553191
1.109263943
1.109060838
1.109341232
1.109422127
1.109438106
1.108934591
1.109276989
1.109680032
1.109783292
1.109723732
1.109508849
1.10915409
1.109523798
1.109480648
1.109513315
1.109652628
1.109752971
1.109537994
1.109447802
1.109491359
1.109015312
1.109697987
1.109251995
1.109471192
1.109654852
1.109163043
1.109913016
1.109278903
1.109693972
1.109637997
1.109437551
1.109494976
1.109450281
1.109301958
1.109645731
1.109538183
1.109513579
1.109132564
1.109209392
1.109649533
1.109547025
1.109695845
1.109451397
1.109329902
1.109078026
1.109566473
1.109695316
1.109270378
1.109407322
1.109234977
1.108859197
1.109859944
1.109910916
1.110069013
1.109337314
1.109769293
1.109814542
1.109767384
1.109975444
1.109601843
1.109516738
1.109840197
1.109815587
1.109373123
1.109550822
1.1097754
1.109513657
1.109906963
1.109586317
1.10975695
1.109694627
1.110171208
1.110008577
1.110031854
1.10962269
1.110063353
1.110043925
1.109491595
1.109746338
1.110090674
1.109507057
1.109585297
1.109589216
1.109829688
1.110256906
1.109447776
1.109997069
1.10963998
1.10978686
1.110027946
1.109533451
1.110012364
1.110125882
1.1101023
1.109686548
1.109988062
1.110186975
1.109483233
1.109962715
1.110385655
1.110105731
1.109718232
1.109249911
1.110330856
1.109820059
1.109765439
1.110208651
1.110042405
1.109580323
1.109663881
1.110300593
1.109240194
1.109653527
1.109315396
1.109742632
1.110034134
1.110380223
1.109831305
1.110012693
1.110171201
1.110037868
1.110325231
1.11028555
1.110155483
1.109480171
1.110192725
1.110334279
1.10989121
1.110196089
1.110492935
1.109898675
1.110402513
1.110394888
1.109978106
1.109835071
1.109465715
1.110163203
1.110330551
1.109953771
1.110369791
1.109703987
1.110371585
1.10976965
1.109756512
1.110281001
1.109730873
1.110189512
1.110448257
1.10995981
1.109866179
1.11059338
1.110154822
1.110139444
1.110349562
1.110265816
1.11001667
1.109954901
1.110075571
1.110036379
1.110339192
1.110179317
1.11026869
1.110582561
1.110546057
1.110492164
1.110547836
1.110582319
1.110764924
1.110526385
1.111348318
1.110616509
1.110522061
1.110463302
1.110379251
1.110706079
1.110334196
1.110963437
1.110287506
1.1105614
1.110790929
1.110279333
1.110484962
1.110447799
1.110213874
1.110437822
1.110655466
1.110725231
1.110835925
1.110331939
1.110912583
1.110975701
1.110736799
1.111478288
1.111017675
1.111053655
1.110683277
1.111467691
1.110714428
1.111300104
1.110768992
1.110817324
1.11121818
1.111419579
1.110911026
1.111150739
1.111117443
1.110839495
1.110622267
1.111353068
1.11104013
1.110732671
1.111270022
1.111518435
1.110580032
1.111200393
1.111207778
1.110940749
1.110916938
1.111381045
1.111304338
1.111563915
1.111483866
1.111781327
1.111530892
1.111370573
1.111518019
1.111784424
1.11172603
1.111213982
1.111523805
1.111649463
1.111512875
1.111123076
1.112047682
1.111492264
1.111641672
1.111764088
1.11199546
1.112260274
1.112170373
1.111938563
1.112391692
1.11233181
1.112368467
1.112196887
1.111963733
1.112374441
1.112268584
1.112326395
1.111948726
1.112574397
1.112276518
1.112579897
1.112631666
1.112603427
1.111946445
1.112852084
1.112832707
1.113028708
1.112768323
1.112850482
1.113290128
1.113271256
1.113343401
1.113218366
1.113715745
)
;

boundaryField
{
    upperWall
    {
        type            calculated;
        value           nonuniform List<scalar> 5(1.109394732 1.110153606 1.109772559 1.109837591 1.109618389);
    }
    lowerWall
    {
        type            calculated;
        value           nonuniform List<scalar> 5(1.10824043 1.107164855 1.108221342 1.108199349 1.10809926);
    }
    periodicX_half0
    {
        type            cyclic;
    }
    periodicX_half1
    {
        type            cyclic;
    }
    frontAndBack
    {
        type            empty;
    }
}


// ************************************************************************* //
