/*--------------------------------*- C++ -*----------------------------------*\
| =========                 |                                                 |
| \\      /  F ield         | OpenFOAM: The Open Source CFD Toolbox           |
|  \\    /   O peration     | Version:  v1706                                 |
|   \\  /    A nd           | Web:      www.OpenFOAM.com                      |
|    \\/     M anipulation  |                                                 |
\*---------------------------------------------------------------------------*/
FoamFile
{
    version     2.0;
    format      ascii;
    class       volScalarField;
    location    "5";
    object      rhoM_O2;
}
// * * * * * * * * * * * * * * * * * * * * * * * * * * * * * * * * * * * * * //

dimensions      [1 -3 0 0 0 0 0];


internalField   nonuniform List<scalar> 
500
(
5.461194661e-07
5.461781682e-07
5.461617955e-07
5.458531673e-07
5.461854133e-07
5.423540314e-07
5.4265125e-07
5.422013717e-07
5.424163846e-07
5.42493399e-07
5.395200148e-07
5.393595967e-07
5.392252493e-07
5.392439609e-07
5.392555416e-07
5.367914225e-07
5.363064027e-07
5.361375985e-07
5.365663692e-07
5.363705244e-07
5.337677793e-07
5.339381808e-07
5.341928418e-07
5.342581615e-07
5.336579624e-07
5.31533049e-07
5.312684617e-07
5.316416678e-07
5.317287797e-07
5.317870254e-07
5.291578672e-07
5.290279125e-07
5.287217374e-07
5.28926938e-07
5.290146204e-07
5.268448674e-07
5.267820579e-07
5.265573469e-07
5.269554259e-07
5.263838648e-07
5.24403111e-07
5.243593554e-07
5.242455452e-07
5.238229927e-07
5.239087925e-07
5.220816682e-07
5.222971374e-07
5.220607317e-07
5.220176606e-07
5.217006465e-07
5.20099317e-07
5.197654737e-07
5.199823692e-07
5.20015685e-07
5.198473943e-07
5.179273962e-07
5.17593553e-07
5.176623525e-07
5.175364482e-07
5.174305106e-07
5.156530748e-07
5.155058917e-07
5.156636287e-07
5.153644704e-07
5.155620837e-07
5.132808025e-07
5.133075579e-07
5.130519271e-07
5.13712996e-07
5.134420764e-07
5.113075219e-07
5.111350667e-07
5.110766498e-07
5.113580091e-07
5.110525186e-07
5.094069201e-07
5.089744414e-07
5.091777594e-07
5.093439965e-07
5.092900864e-07
5.070086911e-07
5.072496606e-07
5.068649308e-07
5.072564493e-07
5.069648214e-07
5.048897676e-07
5.050437394e-07
5.05129311e-07
5.0498344e-07
5.05122123e-07
5.03223689e-07
5.030162065e-07
5.0321285e-07
5.0300725e-07
5.035555356e-07
5.010158282e-07
5.014028399e-07
5.007099383e-07
5.006125579e-07
5.012411667e-07
4.992984637e-07
4.991245252e-07
4.987282147e-07
4.989819059e-07
4.990650244e-07
4.97339445e-07
4.973601533e-07
4.972811993e-07
4.970083401e-07
4.969455876e-07
4.950571369e-07
4.953529294e-07
4.953918929e-07
4.951326681e-07
4.950418481e-07
4.933507826e-07
4.935085766e-07
4.936299171e-07
4.933299032e-07
4.934175855e-07
4.911901003e-07
4.913603307e-07
4.915008962e-07
4.915323295e-07
4.915009533e-07
4.892395247e-07
4.896359493e-07
4.894770714e-07
4.895942474e-07
4.891330166e-07
4.87351074e-07
4.873491344e-07
4.875945537e-07
4.877836669e-07
4.873507318e-07
4.856792906e-07
4.855320505e-07
4.859313275e-07
4.861653943e-07
4.861846764e-07
4.839816646e-07
4.841585696e-07
4.840113294e-07
4.839806948e-07
4.841241128e-07
4.822888877e-07
4.821427314e-07
4.822130142e-07
4.820772406e-07
4.822293869e-07
4.803523458e-07
4.805491034e-07
4.801188495e-07
4.805028377e-07
4.803277582e-07
4.789898181e-07
4.785475842e-07
4.789340825e-07
4.788668803e-07
4.787939733e-07
4.771107233e-07
4.767664973e-07
4.771287504e-07
4.768194947e-07
4.769734094e-07
4.750431428e-07
4.753285525e-07
4.751647685e-07
4.751169626e-07
4.75341103e-07
4.739397829e-07
4.735007436e-07
4.734124338e-07
4.7333502e-07
4.7349521e-07
4.717317509e-07
4.721365045e-07
4.718397993e-07
4.718763098e-07
4.720982825e-07
4.702619165e-07
4.70386908e-07
4.704576472e-07
4.703029908e-07
4.704796105e-07
4.685975493e-07
4.691983188e-07
4.690301992e-07
4.688552338e-07
4.690301421e-07
4.671168187e-07
4.670286799e-07
4.672285181e-07
4.676451946e-07
4.672047863e-07
4.657675831e-07
4.657505829e-07
4.656134972e-07
4.653602053e-07
4.657641602e-07
4.639054885e-07
4.639082838e-07
4.638888306e-07
4.635472859e-07
4.635671385e-07
4.62379405e-07
4.624403319e-07
4.620484711e-07
4.622367286e-07
4.619033417e-07
4.605199346e-07
4.605282065e-07
4.607456153e-07
4.607818977e-07
4.602923142e-07
4.591018994e-07
4.592845662e-07
4.591734373e-07
4.594484643e-07
4.594294674e-07
4.575409597e-07
4.575929302e-07
4.573131112e-07
4.575624667e-07
4.577609928e-07
4.561477974e-07
4.562119761e-07
4.560862429e-07
4.563606424e-07
4.562707352e-07
4.545921632e-07
4.546562277e-07
4.545793845e-07
4.547969074e-07
4.548351294e-07
4.532610117e-07
4.529885518e-07
4.527545991e-07
4.531379598e-07
4.531912423e-07
4.516867228e-07
4.516054298e-07
4.517297939e-07
4.515925941e-07
4.516955082e-07
4.502957283e-07
4.501099809e-07
4.502743354e-07
4.503098191e-07
4.499152771e-07
4.486556064e-07
4.485694073e-07
4.490387959e-07
4.490366852e-07
4.492107948e-07
4.470265517e-07
4.471935875e-07
4.471555366e-07
4.471389358e-07
4.471388787e-07
4.454803874e-07
4.457598071e-07
4.457028735e-07
4.457891297e-07
4.45711773e-07
4.44657417e-07
4.444722972e-07
4.443499869e-07
4.44376457e-07
4.445829698e-07
4.432129117e-07
4.427530501e-07
4.431174139e-07
4.431583741e-07
4.431021251e-07
4.414735838e-07
4.416446129e-07
4.414466573e-07
4.417514062e-07
4.416102131e-07
4.406621371e-07
4.401378115e-07
4.401088883e-07
4.402621755e-07
4.402952632e-07
4.391051337e-07
4.388577748e-07
4.390284045e-07
4.389910953e-07
4.391248152e-07
4.375806475e-07
4.376048928e-07
4.377218977e-07
4.378075263e-07
4.378176237e-07
4.361626124e-07
4.364284547e-07
4.360984907e-07
4.364088303e-07
4.362672379e-07
4.35235644e-07
4.3518664e-07
4.353453468e-07
4.349781306e-07
4.349533719e-07
4.336243882e-07
4.335826863e-07
4.338484717e-07
4.336586739e-07
4.338119611e-07
4.32615157e-07
4.32338989e-07
4.321770306e-07
4.326662147e-07
4.323321433e-07
4.309679042e-07
4.309969414e-07
4.312939889e-07
4.310846238e-07
4.31153081e-07
4.299953546e-07
4.296435414e-07
4.297820532e-07
4.297633416e-07
4.297449152e-07
4.286234711e-07
4.287327745e-07
4.289258811e-07
4.284335022e-07
4.283801055e-07
4.271382337e-07
4.27330998e-07
4.272988231e-07
4.272945445e-07
4.274450934e-07
4.259148454e-07
4.261301435e-07
4.261885604e-07
4.26232373e-07
4.261823992e-07
4.247431423e-07
4.248227809e-07
4.249045303e-07
4.246870644e-07
4.250659183e-07
4.236337924e-07
4.234502699e-07
4.235740064e-07
4.237176525e-07
4.235126801e-07
4.227957043e-07
4.222135894e-07
4.222871239e-07
4.221226554e-07
4.223506751e-07
4.211309949e-07
4.214039111e-07
4.20982899e-07
4.209601369e-07
4.209427944e-07
4.198920896e-07
4.197705209e-07
4.203710052e-07
4.200426385e-07
4.197507824e-07
4.186405197e-07
4.187888437e-07
4.186622548e-07
4.188461767e-07
4.186312209e-07
4.175228978e-07
4.174697293e-07
4.178198312e-07
4.173528956e-07
4.174532996e-07
4.166442488e-07
4.166553161e-07
4.163166238e-07
4.161344704e-07
4.164799514e-07
4.154375184e-07
4.155484762e-07
4.151547329e-07
4.150545571e-07
4.154821868e-07
4.142293618e-07
4.143952566e-07
4.141028871e-07
4.141204007e-07
4.14162616e-07
4.130755717e-07
4.127040199e-07
4.130182958e-07
4.127599267e-07
4.128680892e-07
4.119905812e-07
4.116238784e-07
4.119388959e-07
4.117564003e-07
4.118201226e-07
4.105718615e-07
4.106503021e-07
4.102697938e-07
4.106116237e-07
4.107036987e-07
4.091978101e-07
4.094351857e-07
4.092886301e-07
4.093499564e-07
4.094177291e-07
4.085167174e-07
4.084355385e-07
4.08432572e-07
4.082578919e-07
4.084260686e-07
4.072721073e-07
4.072046199e-07
4.070476245e-07
4.073379974e-07
4.070157349e-07
4.058557265e-07
4.05960238e-07
4.063175278e-07
4.061238508e-07
4.062336677e-07
4.047909879e-07
4.049597921e-07
4.049636714e-07
4.049551713e-07
4.052357319e-07
4.036203117e-07
4.039081745e-07
4.039705847e-07
4.041040763e-07
4.037905991e-07
4.029720785e-07
4.027382399e-07
4.03160393e-07
4.02799395e-07
4.029322591e-07
4.020655902e-07
4.018122413e-07
4.022666264e-07
4.021710144e-07
4.019736293e-07
4.008175002e-07
4.00890122e-07
4.007351804e-07
4.00771862e-07
4.005232481e-07
3.997105463e-07
4.001236288e-07
4.001369209e-07
3.997473421e-07
3.995550342e-07
3.987419901e-07
3.987935042e-07
3.98641472e-07
3.988734281e-07
3.985528199e-07
3.976597378e-07
3.978451429e-07
3.976577412e-07
3.973350222e-07
3.977154735e-07
3.96387916e-07
3.967470884e-07
3.964678969e-07
3.965507872e-07
3.964819877e-07
3.954317962e-07
3.954651691e-07
3.954266619e-07
3.955126899e-07
3.953200397e-07
3.943549635e-07
3.943696248e-07
3.941035542e-07
3.943743597e-07
3.943736751e-07
3.931056184e-07
3.930801181e-07
3.932212542e-07
3.930306577e-07
3.93195982e-07
3.918719615e-07
3.917558124e-07
3.916146193e-07
3.918582701e-07
3.917809704e-07
3.907157754e-07
3.905027592e-07
3.905946631e-07
3.903977344e-07
3.906783521e-07
3.889739374e-07
3.88784539e-07
3.888975505e-07
3.889060506e-07
3.889911658e-07
)
;

boundaryField
{
    upperWall
    {
        type            calculated;
        value           nonuniform List<scalar> 5(3.883594611e-07 3.878208383e-07 3.877101384e-07 3.880225104e-07 3.871501023e-07);
    }
    lowerWall
    {
        type            calculated;
        value           nonuniform List<scalar> 5(5.493924972e-07 5.478980629e-07 5.482925347e-07 5.481961142e-07 5.489826536e-07);
    }
    periodicX_half0
    {
        type            cyclic;
    }
    periodicX_half1
    {
        type            cyclic;
    }
    frontAndBack
    {
        type            empty;
    }
}


// ************************************************************************* //
