/*--------------------------------*- C++ -*----------------------------------*\
| =========                 |                                                 |
| \\      /  F ield         | OpenFOAM: The Open Source CFD Toolbox           |
|  \\    /   O peration     | Version:  v1706                                 |
|   \\  /    A nd           | Web:      www.OpenFOAM.com                      |
|    \\/     M anipulation  |                                                 |
\*---------------------------------------------------------------------------*/
FoamFile
{
    version     2.0;
    format      ascii;
    class       volScalarField;
    location    "5";
    object      rotationalT_N2;
}
// * * * * * * * * * * * * * * * * * * * * * * * * * * * * * * * * * * * * * //

dimensions      [0 0 0 1 0 0 0];


internalField   nonuniform List<scalar> 
500
(
2065.441253
2065.882362
2065.041155
2065.52313
2065.347033
2081.792521
2081.767576
2080.91893
2081.513177
2081.640678
2095.35897
2094.509583
2095.279625
2095.67856
2095.696534
2107.473171
2106.69228
2106.377851
2107.330431
2107.244881
2118.339425
2118.203029
2118.19633
2118.832983
2118.20405
2128.818387
2129.686579
2129.330354
2129.23781
2129.468582
2139.577088
2140.411723
2140.118888
2140.482638
2139.288458
2150.614804
2150.741271
2151.329361
2150.079127
2150.194566
2160.678541
2161.068686
2160.846145
2161.038255
2160.728905
2170.765416
2171.154277
2170.776131
2170.7141
2170.892979
2179.567517
2180.511043
2182.117383
2181.001628
2180.185143
2191.022973
2190.246577
2191.132273
2190.247707
2190.306162
2199.960938
2199.349758
2200.080917
2199.582909
2199.78565
2209.60399
2210.19001
2209.515432
2210.145902
2209.29752
2218.688114
2218.811437
2218.628283
2218.395097
2219.21349
2228.523293
2228.167431
2227.965657
2228.137933
2228.438611
2237.434279
2237.361468
2237.917606
2237.546683
2238.251495
2246.568473
2246.904024
2246.6723
2245.990055
2246.638688
2255.847789
2256.02418
2255.221161
2255.316526
2255.399209
2264.741352
2264.915872
2264.395633
2264.737375
2264.326036
2273.602675
2274.303335
2273.708835
2273.535338
2273.189553
2282.358174
2282.348695
2282.770416
2282.628721
2281.598568
2292.326993
2291.20727
2291.238114
2291.146225
2290.97512
2300.788379
2300.667216
2301.033059
2300.627995
2300.830931
2309.206686
2310.11074
2309.207712
2309.132394
2308.947371
2317.293772
2317.862301
2317.021282
2317.522383
2317.809729
2326.290911
2326.76753
2326.155238
2326.509276
2326.156341
2334.330169
2335.237251
2335.149657
2334.688268
2335.142636
2343.831759
2344.886305
2344.55568
2344.675898
2344.544738
2353.061412
2353.583586
2352.935969
2352.545193
2353.131937
2361.186307
2361.304779
2361.582178
2361.347212
2361.595751
2370.011224
2369.401168
2370.817948
2369.310959
2369.223315
2378.534277
2378.027986
2378.478776
2377.273745
2377.642824
2386.984607
2386.895418
2386.534006
2386.392174
2385.517814
2395.916458
2395.544625
2394.808686
2394.922008
2395.513256
2403.839605
2403.293943
2403.421266
2403.445426
2403.8709
2411.795235
2411.540597
2411.726629
2411.85815
2411.462384
2420.058553
2420.254541
2420.239199
2419.872313
2419.946188
2429.192149
2428.777836
2428.025887
2429.410347
2428.60258
2437.78685
2437.156282
2436.761511
2436.49528
2436.823704
2445.727621
2446.444194
2445.133707
2444.971601
2445.345843
2454.247244
2454.36115
2453.892279
2454.003633
2453.66714
2462.739954
2462.555076
2462.179542
2462.603559
2462.203617
2470.0212
2469.228228
2469.366268
2469.903648
2470.10866
2476.061179
2478.154221
2478.797157
2477.064079
2477.6798
2485.666838
2485.972435
2485.892817
2486.121085
2485.676679
2493.608307
2493.867251
2494.426098
2493.585318
2493.36035
2501.631452
2501.27522
2502.164281
2501.278842
2501.848091
2510.436269
2509.97267
2511.418549
2510.906845
2510.101148
2518.613742
2517.919972
2517.963033
2518.181723
2518.196196
2526.466343
2525.552462
2526.893267
2526.031004
2526.559811
2534.893987
2533.958411
2535.45034
2534.376165
2535.489494
2543.118328
2543.160119
2542.221774
2542.122585
2541.869535
2550.618774
2550.188931
2550.507373
2549.257864
2549.55969
2558.816006
2558.92803
2557.901237
2557.614913
2557.640321
2566.042738
2566.593388
2565.896036
2567.115641
2566.966261
2574.472557
2574.50046
2574.520589
2573.096536
2573.808554
2581.941113
2581.710467
2582.503631
2582.336889
2582.654677
2589.029722
2589.435499
2589.165548
2591.153218
2590.51714
2597.8548
2597.965128
2598.329682
2598.41756
2597.932623
2605.953105
2605.949094
2605.294474
2606.135984
2606.29881
2613.743333
2613.23514
2613.195395
2612.737783
2614.048446
2621.910978
2620.203956
2620.42949
2621.274104
2621.399257
2629.107097
2628.615755
2628.935793
2628.532711
2629.481041
2637.170403
2635.712861
2636.20456
2637.535628
2636.035256
2644.991754
2644.998053
2644.662295
2645.273957
2644.422737
2653.091141
2652.416143
2652.347343
2652.50335
2652.350933
2660.988263
2660.239399
2659.151583
2659.863108
2659.285787
2667.552879
2668.590626
2666.779915
2667.208207
2668.185153
2675.069415
2674.871628
2674.45115
2674.223123
2674.911509
2682.929778
2683.612121
2682.498565
2681.746648
2683.457581
2690.500109
2689.549708
2689.700238
2689.253438
2691.131995
2697.631066
2697.363392
2697.372556
2697.563877
2698.110048
2705.652047
2705.76514
2706.251642
2706.463161
2706.953877
2714.164751
2713.245799
2713.47941
2712.396398
2712.520238
2721.6725
2721.590928
2721.587952
2720.330235
2721.508873
2729.512864
2729.49463
2729.318188
2728.936093
2728.936648
2737.231652
2737.276497
2737.788617
2736.742435
2736.919476
2744.756627
2745.444538
2744.805903
2745.340357
2745.175279
2752.825157
2752.294891
2753.413924
2752.137351
2752.600267
2760.405311
2760.348208
2760.19475
2759.976378
2760.837624
2767.403883
2767.291533
2768.572355
2767.807942
2768.462152
2776.12727
2775.848913
2776.482674
2776.623431
2775.353714
2784.302785
2783.46344
2784.596471
2783.601765
2783.81296
2791.389547
2791.247122
2791.81636
2791.429167
2791.354655
2799.13414
2798.422586
2799.191772
2798.647049
2798.618354
2807.729884
2807.406349
2807.767466
2807.537523
2807.479921
2816.011293
2817.162901
2814.508143
2815.391676
2816.671352
2823.394033
2824.287303
2823.810017
2823.911908
2824.247492
2831.843874
2832.295008
2831.00198
2832.477823
2831.360873
2840.002091
2839.577275
2840.240806
2840.286812
2840.253302
2848.042724
2848.333081
2847.517654
2849.776917
2848.740853
2856.892177
2856.86211
2857.321286
2857.207296
2857.794346
2864.702991
2865.915206
2864.706286
2864.184412
2865.263339
2873.755027
2873.493017
2874.48178
2873.713526
2873.960012
2882.307484
2882.480953
2882.8835
2883.358335
2883.361086
2893.108912
2893.464065
2892.3423
2892.017154
2893.281976
2902.177574
2904.359852
2903.367269
2903.638132
2903.089253
2914.962371
2914.789405
2914.590343
2913.786231
2913.767749
2927.194292
2928.14138
2927.200917
2927.443556
2926.603928
)
;

boundaryField
{
    upperWall
    {
        type            calculated;
        value           nonuniform List<scalar> 5(2939.055053 2936.297652 2937.021819 2936.488277 2935.188135);
    }
    lowerWall
    {
        type            calculated;
        value           nonuniform List<scalar> 5(2054.651312 2051.942562 2053.363601 2051.191514 2056.298466);
    }
    periodicX_half0
    {
        type            cyclic;
    }
    periodicX_half1
    {
        type            cyclic;
    }
    frontAndBack
    {
        type            empty;
    }
}


// ************************************************************************* //
