/*--------------------------------*- C++ -*----------------------------------*\
| =========                 |                                                 |
| \\      /  F ield         | OpenFOAM: The Open Source CFD Toolbox           |
|  \\    /   O peration     | Version:  v1706                                 |
|   \\  /    A nd           | Web:      www.OpenFOAM.com                      |
|    \\/     M anipulation  |                                                 |
\*---------------------------------------------------------------------------*/
FoamFile
{
    version     2.0;
    format      ascii;
    class       volScalarField;
    location    "5";
    object      SOFP_O2;
}
// * * * * * * * * * * * * * * * * * * * * * * * * * * * * * * * * * * * * * //

dimensions      [0 0 0 0 0 0 0];


internalField   nonuniform List<scalar> 
500
(
0.01140803794
0.01140677683
0.01140828213
0.01139760993
0.01140903492
0.0112999857
0.01131089806
0.01130710136
0.01130628919
0.01130832778
0.01122543124
0.01122086355
0.01122273002
0.011219274
0.01122190914
0.01115397061
0.01114284961
0.01113977117
0.01114854072
0.01114479133
0.0110824141
0.01107889773
0.01108824126
0.01108972173
0.01107778434
0.01101772995
0.0110136582
0.01101961177
0.01101938977
0.01101941598
0.01095310861
0.01095381825
0.01094012494
0.01094797869
0.01095292714
0.01089123443
0.0108896158
0.01088811828
0.01089570659
0.01088162669
0.01082898064
0.01082605975
0.01082706101
0.01081809001
0.01081633565
0.01076290013
0.01076866411
0.01076807147
0.01076986131
0.01075919773
0.01071420995
0.01070643347
0.01071060237
0.01071247203
0.01070622356
0.01065658328
0.01065198945
0.01065213122
0.0106494731
0.01064675994
0.01059617933
0.0105949566
0.01059761939
0.01059148988
0.0105922201
0.01053829673
0.01053770506
0.01053113909
0.01054428813
0.01054126003
0.01048363534
0.01048327404
0.0104787903
0.01048808009
0.01047713004
0.01043027508
0.01043017458
0.01042847659
0.01043146063
0.010431335
0.01037304255
0.01037990495
0.01037076092
0.01037654547
0.01037403042
0.01031552447
0.01032155015
0.01032249818
0.01032012536
0.0103235799
0.01027415599
0.01026729181
0.01027615779
0.0102675599
0.01028016615
0.0102162649
0.01022750297
0.01021354717
0.01021284137
0.01022130913
0.01017396881
0.01017080079
0.01016012934
0.01016917187
0.01017055973
0.01012262545
0.01012629996
0.01012233397
0.01011811576
0.01011811838
0.01006636501
0.01007237652
0.01007474438
0.01006718395
0.01006452577
0.01002200391
0.01002401032
0.01002881537
0.01001974868
0.01002941276
0.009968018754
0.009968827592
0.009966305232
0.00997531699
0.009972017653
0.00991829992
0.009925117799
0.009922620403
0.00992080969
0.009916033968
0.009870503427
0.009867780907
0.00986864361
0.009879729326
0.009867316468
0.009824371221
0.009821535364
0.009830079103
0.009834971161
0.009830277746
0.009780249476
0.009783767457
0.009780723298
0.009780968692
0.009784133605
0.009736700109
0.009732074698
0.009735566028
0.009735837814
0.00973076728
0.009688973838
0.009691367518
0.00968467339
0.009693559242
0.009692465873
0.009648853733
0.009643168019
0.009650600866
0.009649313937
0.009644778179
0.009603001872
0.009596083644
0.009601137604
0.009599155818
0.009601797928
0.009552459504
0.009559740119
0.009557994004
0.009552260235
0.009558441041
0.009522485231
0.009515677029
0.009508085041
0.009506176498
0.009514885123
0.009471095983
0.009477320456
0.009468464322
0.009470185223
0.00947717575
0.009435570838
0.009434803713
0.009436086265
0.009433074046
0.009436426843
0.009390522395
0.009400126825
0.009400155213
0.009393630222
0.009399591546
0.009354073052
0.009348754034
0.009353226083
0.009363040119
0.009354409909
0.009319055532
0.009307184095
0.009312429493
0.009304474022
0.009315488713
0.009268754586
0.009268478741
0.009269983664
0.009262559365
0.00926027859
0.009230490889
0.009229366529
0.009225936895
0.009226040894
0.009220755701
0.009184351003
0.009185944239
0.009190900388
0.009192213974
0.009178804039
0.009148232377
0.009152804721
0.009149326582
0.009157867186
0.009156174287
0.009108235681
0.009110775114
0.009104431625
0.009106447684
0.009113542194
0.009071967409
0.009071766339
0.009074359868
0.009079331522
0.009076544101
0.009037374325
0.009036504305
0.009034185348
0.009041681589
0.009038674774
0.008998417733
0.008993278175
0.008989945912
0.008997121362
0.009002309993
0.008962659837
0.008964286689
0.008966315899
0.008960846978
0.008963379352
0.008924260652
0.008924506758
0.008929486597
0.00892630489
0.008918517006
0.008884518431
0.008885538872
0.008891348198
0.008894682081
0.008898226805
0.008847808462
0.008851445083
0.008847344808
0.008846764111
0.008849370119
0.008809765108
0.008815652684
0.008812864204
0.008815041965
0.008814400469
0.008782656813
0.008782551602
0.008779348731
0.008781706691
0.008780391907
0.008748942054
0.008739048718
0.008747029596
0.00874824049
0.008747785478
0.00870178554
0.008713941618
0.00870606002
0.008716056284
0.008710942792
0.00868186421
0.008670822606
0.008675403195
0.008674297278
0.008673080269
0.008645478614
0.008641978452
0.008649359192
0.008645258896
0.008643185693
0.008612360851
0.008609435265
0.008617042877
0.008616947814
0.008615004616
0.008571476235
0.008579919743
0.008571139907
0.008578768175
0.008574200597
0.008550756327
0.008548267595
0.008556289031
0.008546086193
0.008546962935
0.008509696722
0.008509787669
0.008519377074
0.008506223576
0.008514982297
0.008482167584
0.008479409081
0.008476790842
0.008486471474
0.008477712329
0.008444857791
0.00844653698
0.008450412886
0.008447956161
0.008448129971
0.00841438167
0.008414654175
0.008418000805
0.008414151521
0.008414035739
0.008385799875
0.008387770541
0.008393455057
0.008381641312
0.008380342151
0.008351245766
0.00835441286
0.0083541616
0.008356555885
0.008355198449
0.008319721741
0.00832367564
0.008324839318
0.008325280913
0.008322578837
0.008289278007
0.008294160579
0.008292051288
0.00828471032
0.008296028964
0.008263283392
0.008257210002
0.008262737919
0.008266476174
0.008257145862
0.008244476723
0.008227244956
0.008230635972
0.008227596844
0.008230439296
0.00820072327
0.008203657478
0.008194050178
0.008201085952
0.008197798095
0.008170354094
0.008166715677
0.008181114204
0.008174026092
0.008167300092
0.008140246727
0.008145182335
0.008139833484
0.008145905154
0.008140110594
0.008113443256
0.008113640344
0.008117646998
0.008110619112
0.008112794361
0.008089719982
0.008090435877
0.00808650013
0.008078362789
0.008087187789
0.008062949938
0.008068382281
0.008051757411
0.00805483323
0.008058617635
0.008029735791
0.008031920981
0.008032073629
0.00802623613
0.008032630699
0.008002937428
0.007993453439
0.007999193735
0.008000856934
0.007996170879
0.007977067863
0.007969777618
0.007976796407
0.007970398747
0.007971198205
0.007941681835
0.007943576271
0.007938220958
0.007943852022
0.007941308779
0.007908500178
0.007913419119
0.007911976711
0.007912004907
0.007913218194
0.007889128883
0.007888433871
0.007895656269
0.007883389302
0.007889416884
0.007866043712
0.007859428228
0.007855732246
0.007864093777
0.007857530935
0.007827273851
0.007828597557
0.007838854547
0.007834056934
0.007831419703
0.007803269646
0.007807268412
0.007805720642
0.007807788076
0.007812900045
0.007773431068
0.007779426912
0.007781143165
0.007783933157
0.00777584585
0.007757059544
0.007753394701
0.007760732117
0.007751492365
0.007755778844
0.007729190186
0.0077272991
0.007736443659
0.007739452021
0.007728495792
0.007702890832
0.007705994411
0.007702681183
0.007705078228
0.007692737091
0.007677349534
0.00768279582
0.007684769414
0.007674844467
0.007671603059
0.007651406936
0.007655471547
0.007646419152
0.007652166412
0.007647370905
0.007624082254
0.00763098202
0.00762088128
0.00761880775
0.007628033573
0.007595508758
0.007601632634
0.007591545825
0.00760135171
0.00759750738
0.007569170176
0.007567736245
0.007569593408
0.007573529425
0.007566812787
0.00753939999
0.007546479427
0.007538560511
0.007544031946
0.007546465872
0.007512557524
0.007515775435
0.007515354336
0.007510147981
0.007513574185
0.007484451888
0.007479384056
0.007480511954
0.007483196948
0.007481947465
0.007453052788
0.007448519019
0.007453011795
0.007445426396
0.00745162257
0.007414848551
0.007408744693
0.00741049297
0.00741379488
0.007410853751
)
;

boundaryField
{
    upperWall
    {
        type            calculated;
        value           nonuniform List<scalar> 5(0.007414848551 0.007408744693 0.00741049297 0.00741379488 0.007410853751);
    }
    lowerWall
    {
        type            calculated;
        value           nonuniform List<scalar> 5(0.01140803794 0.01140677683 0.01140828213 0.01139760993 0.01140903492);
    }
    periodicX_half0
    {
        type            cyclic;
    }
    periodicX_half1
    {
        type            cyclic;
    }
    frontAndBack
    {
        type            empty;
    }
}


// ************************************************************************* //
