/*--------------------------------*- C++ -*----------------------------------*\
| =========                 |                                                 |
| \\      /  F ield         | OpenFOAM: The Open Source CFD Toolbox           |
|  \\    /   O peration     | Version:  v1706                                 |
|   \\  /    A nd           | Web:      www.OpenFOAM.com                      |
|    \\/     M anipulation  |                                                 |
\*---------------------------------------------------------------------------*/
FoamFile
{
    version     2.0;
    format      ascii;
    class       volScalarField;
    location    "5";
    object      SOFP_mixture;
}
// * * * * * * * * * * * * * * * * * * * * * * * * * * * * * * * * * * * * * //

dimensions      [0 0 0 0 0 0 0];


internalField   nonuniform List<scalar> 
500
(
0.05918644304
0.05919706729
0.05921542829
0.05916551841
0.05918553356
0.05865994341
0.05870608246
0.05872673315
0.05870000871
0.05872457191
0.05829139149
0.05828181644
0.05829858898
0.05829671431
0.05828198398
0.05793405557
0.05792444613
0.05791349557
0.05794107533
0.05790172124
0.05760189646
0.05756978883
0.05759992152
0.05758921858
0.0575875954
0.05726085651
0.05726379963
0.05725615347
0.05723941471
0.05724031985
0.056918325
0.05692323276
0.05689303174
0.05690342375
0.05693691985
0.05659120541
0.0565953091
0.05658004881
0.05659444322
0.05658850271
0.05627720313
0.05627470438
0.056291912
0.0562827314
0.05627756767
0.05595829941
0.05595209791
0.05597903086
0.05600139447
0.05597801632
0.05568189246
0.05567162762
0.05567697814
0.0556953693
0.05567240473
0.05539153822
0.05540974388
0.05540302763
0.05539663526
0.05538528812
0.05510502551
0.05510497953
0.05511900207
0.05510697281
0.05507405762
0.05483386553
0.05483476981
0.05480589544
0.05482118131
0.05481203317
0.05453979792
0.05455071786
0.05453685975
0.05454813598
0.05452819256
0.05425723433
0.05428546274
0.05426097078
0.05425949692
0.05425229935
0.05398262508
0.05401524866
0.05398458618
0.053987057
0.05400501873
0.05372683135
0.05372312699
0.05373251881
0.05370825911
0.05372923064
0.0534982149
0.05345664555
0.05348524267
0.05346623755
0.05349234647
0.05321046554
0.05322572321
0.0532152818
0.05320905358
0.05320917268
0.0529608516
0.05297119541
0.05295392234
0.05296706168
0.05296231441
0.05271819627
0.0527429155
0.05271267971
0.05271016735
0.05274210804
0.05247641508
0.05246286797
0.05246524366
0.05244073172
0.05245889177
0.05221775742
0.05219892896
0.05221526772
0.05220478492
0.05224012636
0.05195155175
0.05194313356
0.05192130136
0.05197036577
0.05195306875
0.05170734798
0.05170625709
0.05171812865
0.05171264365
0.05170921058
0.05148832284
0.05145960651
0.05146649959
0.05149437762
0.05150108121
0.05124877121
0.05124562723
0.05125643828
0.05124529825
0.05123314828
0.05101548543
0.05102089222
0.05103202191
0.05100690514
0.05102629996
0.05079354008
0.05079468334
0.05080165292
0.05080536003
0.05077894595
0.05057018566
0.05057122146
0.05056227398
0.05055450951
0.05058394089
0.05034484896
0.05034210674
0.05034458414
0.05034644786
0.05031733378
0.05013374855
0.05010422302
0.05011552533
0.05011856362
0.05011943449
0.04989850724
0.04988421491
0.04990297546
0.04986818687
0.04990022753
0.04968963655
0.04968383038
0.04964251668
0.04964799326
0.04967075483
0.04945879658
0.04947506321
0.049433971
0.04944537873
0.0494631145
0.04925889751
0.049238556
0.04925717589
0.0492372897
0.04925769843
0.04902892504
0.04904043023
0.04905109874
0.04903383657
0.04904871068
0.04885570785
0.04882954716
0.04883295689
0.0488551826
0.04885048062
0.04862425638
0.04858338701
0.04863951547
0.0486118265
0.04863691766
0.04840195484
0.04842027132
0.04842696687
0.04841994683
0.0484078867
0.04821596463
0.04822163797
0.04823474767
0.04822057794
0.04821721815
0.04802561724
0.04803138625
0.0480390479
0.04804503024
0.04800588584
0.04783051767
0.04783492283
0.04782514374
0.04784196532
0.0478419527
0.04763941043
0.04763931212
0.04763526546
0.04762766473
0.04765500575
0.04745178553
0.0474239975
0.04746766195
0.04745476882
0.04744306137
0.04723532592
0.04724359311
0.04724494751
0.04727906393
0.04723663595
0.04705158957
0.04704702654
0.04705614753
0.04703464235
0.04707419001
0.04689385588
0.04688354721
0.04690155186
0.04688370127
0.04688567588
0.0467004118
0.0466940846
0.04669893959
0.04669715408
0.04669383799
0.04649027089
0.04649644013
0.04650006608
0.04652133299
0.04652791724
0.04634119443
0.04633225378
0.04629916138
0.04631155769
0.04631422124
0.04613882577
0.04613137704
0.04613076752
0.04614160529
0.04614662746
0.04596008082
0.04596550414
0.04596349196
0.04597175075
0.04594433634
0.04579712676
0.0457830615
0.04576122534
0.04579057469
0.04579557754
0.04559023675
0.04563691298
0.04560993365
0.0456211903
0.04559780918
0.0454416554
0.04542124932
0.04546090308
0.04543210426
0.04543482115
0.04525731436
0.04526989553
0.04530429209
0.04526955305
0.04524539691
0.04511046788
0.04509260077
0.04511637265
0.04512420665
0.04509495068
0.04492521123
0.04493656223
0.04492106619
0.04492778682
0.04490935136
0.04476897337
0.04474938206
0.04479734439
0.04477150342
0.04476117681
0.04459296713
0.04458928142
0.04461278371
0.04457735932
0.04460654802
0.04442753959
0.04444194802
0.04443506512
0.04445236104
0.04442416093
0.04427146853
0.04429192681
0.04425969769
0.04427737589
0.0442737237
0.04409881502
0.04412095077
0.04412176523
0.0440999505
0.0441085835
0.04394987166
0.04395041013
0.04395701428
0.04395253562
0.04394344123
0.04378317006
0.04380397659
0.04379818221
0.04378840994
0.04378209699
0.04361869424
0.04363415603
0.04363230107
0.04363106024
0.04361833639
0.04347013791
0.04349942992
0.04348456923
0.04344666823
0.04347703578
0.04334238734
0.04331763962
0.04333909208
0.04333016991
0.04330479959
0.04320282567
0.04317354634
0.04316614802
0.04316705559
0.04316014133
0.04302070892
0.04302134791
0.04300022161
0.04302725842
0.04302333683
0.04288008431
0.04285428703
0.04287242355
0.04287204314
0.04286725298
0.04272315608
0.04273931224
0.0427238504
0.04273120911
0.04272591418
0.04258348434
0.04258793171
0.04258085044
0.04258865105
0.0425840953
0.04245113746
0.04246033438
0.04246858724
0.04243093066
0.04245324382
0.04231083559
0.04233831257
0.04227867039
0.04230326359
0.04228566507
0.04214892706
0.04214712736
0.04216824038
0.0421250116
0.04216295901
0.0420049298
0.04200061413
0.0420083859
0.04202101569
0.04201127507
0.04186280792
0.04186181503
0.04188138725
0.04185926522
0.04185717379
0.04171864915
0.04172614452
0.04172437328
0.0417356472
0.04171696657
0.04155740036
0.04157308637
0.04158123152
0.04157353529
0.04156844757
0.04145488957
0.04144993837
0.04147706591
0.04144052254
0.04145007022
0.04133259423
0.04130377363
0.04130206339
0.04131532656
0.04131286225
0.04116564683
0.04115819614
0.04118915899
0.04118131546
0.04114279438
0.04104245941
0.04105280512
0.04102796657
0.04103406364
0.04105696352
0.04088954477
0.04088946532
0.04089033637
0.04089990582
0.04088331398
0.04076783987
0.04075535328
0.04075642843
0.04075508714
0.04076068329
0.04061212054
0.04060288554
0.04062508378
0.04066128991
0.04062549983
0.04047983622
0.04049232951
0.04049075518
0.04051857657
0.04046675014
0.04034737408
0.04034415482
0.04036967544
0.0403420993
0.04033730869
0.04022854381
0.04025085986
0.040196319
0.04022859871
0.04022569819
0.04009728082
0.04010241999
0.04007605178
0.04009660354
0.04011041602
0.03996345322
0.03995890724
0.03993693222
0.03997846864
0.03995461592
0.03980909305
0.0398009218
0.0398169728
0.03982579486
0.03980664006
0.03965339058
0.03968129493
0.03964441227
0.03968159076
0.03967847762
0.03950975944
0.03952826793
0.03952342611
0.03950980682
0.0395142198
0.03937857082
0.03936471984
0.03938393258
0.03936470982
0.03937058046
0.0391951085
0.03919170993
0.03921238372
0.03919535383
0.03919422301
0.03902814838
0.03900698898
0.03901946402
0.03902623801
0.03900154236
)
;

boundaryField
{
    upperWall
    {
        type            calculated;
        value           nonuniform List<scalar> 5(0.03902814838 0.03900698898 0.03901946402 0.03902623801 0.03900154236);
    }
    lowerWall
    {
        type            calculated;
        value           nonuniform List<scalar> 5(0.05918644304 0.05919706729 0.05921542829 0.05916551841 0.05918553356);
    }
    periodicX_half0
    {
        type            cyclic;
    }
    periodicX_half1
    {
        type            cyclic;
    }
    frontAndBack
    {
        type            empty;
    }
}


// ************************************************************************* //
