/*--------------------------------*- C++ -*----------------------------------*\
| =========                 |                                                 |
| \\      /  F ield         | OpenFOAM: The Open Source CFD Toolbox           |
|  \\    /   O peration     | Version:  v1706                                 |
|   \\  /    A nd           | Web:      www.OpenFOAM.com                      |
|    \\/     M anipulation  |                                                 |
\*---------------------------------------------------------------------------*/
FoamFile
{
    version     2.0;
    format      ascii;
    class       volScalarField;
    location    "5";
    object      Tov_mixture;
}
// * * * * * * * * * * * * * * * * * * * * * * * * * * * * * * * * * * * * * //

dimensions      [0 0 0 1 0 0 0];


internalField   nonuniform List<scalar> 
500
(
2069.901596
2069.783894
2069.872157
2069.695781
2069.906284
2085.028022
2085.084934
2084.918184
2085.328105
2085.16053
2098.447282
2097.986697
2098.01182
2097.91619
2097.841807
2109.036079
2109.51318
2109.886583
2109.507227
2109.718925
2120.032645
2120.484362
2120.49274
2120.819327
2120.377104
2131.15016
2131.307477
2131.328264
2131.113183
2131.323255
2141.992156
2141.613595
2141.670769
2141.471049
2141.490293
2151.60682
2151.940996
2152.201775
2151.800289
2151.663927
2161.626137
2162.067729
2162.005813
2161.967834
2162.041789
2171.913536
2171.631897
2171.918949
2171.359393
2171.700754
2181.133002
2181.192155
2181.129784
2181.134501
2181.274329
2191.104564
2190.620777
2190.480088
2190.755714
2191.064355
2200.374156
2200.533821
2200.562374
2200.449551
2200.760731
2209.411915
2209.590096
2209.81027
2210.207118
2210.140654
2219.311444
2218.966142
2218.850363
2218.863092
2219.258863
2228.310212
2228.122584
2228.63871
2228.261484
2228.63988
2237.73498
2237.390539
2237.580449
2238.094338
2237.748842
2246.829483
2246.594404
2246.470487
2246.749463
2246.877464
2256.122408
2255.968258
2255.570218
2255.929459
2256.068075
2264.814874
2264.844302
2264.398916
2264.749275
2265.042574
2273.857448
2274.116268
2273.643175
2274.312683
2273.661636
2282.548609
2282.421916
2282.820784
2283.017399
2282.103453
2291.239868
2291.176249
2291.536322
2292.004489
2291.452246
2300.320358
2300.289346
2300.47209
2300.459956
2299.822629
2308.9438
2309.381913
2309.684851
2309.378737
2309.22649
2318.157066
2318.350549
2318.030665
2318.197788
2317.783613
2326.741261
2326.904951
2326.814101
2326.63788
2326.935726
2335.659113
2335.68333
2335.376033
2335.502737
2335.391403
2343.813148
2344.368629
2343.665036
2343.939714
2343.864735
2352.280848
2352.444455
2352.501618
2352.705596
2352.636247
2360.594085
2361.388389
2361.634883
2361.45854
2361.004121
2369.771683
2369.246013
2370.018347
2369.903005
2370.151814
2378.61094
2378.671031
2378.99005
2378.773068
2378.442508
2387.104506
2386.787906
2387.321076
2387.545814
2386.779143
2395.799397
2395.411
2395.99232
2395.327428
2395.62375
2404.321305
2404.246998
2404.022748
2404.263882
2404.051469
2412.865264
2412.195888
2412.315932
2412.601564
2412.340399
2421.179168
2420.836825
2420.262185
2420.613226
2420.563222
2428.953618
2429.419658
2429.142642
2429.170023
2429.200922
2437.4387
2437.801334
2437.746577
2437.200003
2436.846809
2446.095588
2445.758028
2446.547397
2446.081161
2446.224396
2454.571071
2454.058507
2453.819335
2454.313363
2454.502715
2462.32836
2462.487043
2462.032851
2462.588083
2462.394612
2470.395969
2470.392644
2470.365146
2470.258696
2471.084409
2478.638728
2478.794968
2478.50164
2479.217328
2478.610567
2486.760337
2487.43427
2486.821346
2486.866847
2487.170544
2495.239643
2495.548177
2495.172644
2494.696423
2495.329083
2503.481817
2503.732935
2503.31823
2502.948288
2502.801398
2511.591825
2511.108806
2511.2942
2510.882998
2510.908464
2519.40959
2519.515954
2518.610432
2519.351205
2519.245528
2527.885481
2527.824798
2527.631979
2527.336221
2527.62723
2535.645972
2535.370091
2535.169939
2535.816093
2535.361162
2543.811619
2543.295785
2543.795655
2543.508633
2543.72651
2551.624813
2551.933141
2551.591782
2551.441228
2552.01123
2559.654295
2560.280919
2559.720404
2559.462935
2559.803444
2567.680316
2567.410958
2568.045292
2567.610658
2568.029359
2575.417977
2575.490866
2575.339718
2575.680726
2576.255761
2583.342205
2583.184588
2583.40458
2583.098292
2583.914078
2591.201962
2591.532277
2591.656261
2591.456567
2592.208912
2599.094912
2599.752222
2599.314897
2599.780873
2599.501323
2607.585075
2607.336135
2607.525984
2607.180684
2607.302457
2615.849268
2615.218555
2614.712283
2615.265857
2615.271467
2623.162794
2623.486345
2623.057209
2622.882739
2623.129473
2630.785356
2630.453512
2630.739737
2630.462032
2630.842201
2639.008668
2638.683311
2639.16393
2638.811482
2638.678272
2646.373765
2645.709416
2646.338796
2646.306977
2646.3969
2654.270275
2653.877954
2653.88363
2653.980172
2654.543937
2662.053602
2661.83363
2662.071643
2661.875336
2662.153595
2669.957361
2669.568903
2669.835079
2669.470399
2669.751921
2677.661501
2677.486607
2677.282383
2677.76635
2677.322222
2684.653102
2685.302039
2685.019621
2684.99694
2684.93829
2692.258268
2692.726717
2692.768583
2692.683047
2692.975946
2700.23017
2700.708575
2700.746803
2700.522158
2700.454246
2708.344829
2708.340028
2708.419806
2708.356567
2707.827098
2715.852035
2715.859886
2715.774082
2715.630549
2715.796736
2723.212584
2723.095651
2723.022801
2723.829811
2723.447804
2730.975165
2730.636568
2730.552707
2731.448248
2731.466665
2738.781691
2739.235675
2738.71817
2738.570731
2738.880986
2746.188711
2746.446362
2746.256752
2746.183358
2745.958693
2753.83333
2753.912946
2753.791629
2753.992785
2753.537147
2761.579744
2761.821075
2761.446125
2761.201179
2761.352666
2769.632948
2768.988239
2769.002665
2768.953042
2768.971202
2776.279604
2777.006035
2776.743656
2776.792264
2775.935469
2784.258555
2784.564623
2784.016713
2784.113647
2784.186936
2792.026089
2792.518978
2792.306521
2791.963615
2792.348313
2799.760605
2800.244753
2800.104225
2800.143571
2799.55165
2807.553233
2808.469457
2807.900619
2807.956691
2807.53716
2815.804529
2815.708608
2815.542963
2815.631642
2814.881361
2823.520271
2823.596163
2823.960098
2823.721612
2823.360759
2831.679807
2831.482129
2830.940133
2831.330359
2831.813896
2839.579962
2839.650842
2839.240505
2839.509228
2839.760782
2847.909788
2847.720995
2847.425391
2847.331823
2847.993348
2855.447646
2855.589593
2855.752627
2855.886826
2855.495298
2864.037284
2863.780129
2863.770199
2864.478507
2863.919334
2872.55902
2872.504101
2872.376303
2871.899708
2872.153862
2881.3891
2880.706083
2881.016098
2881.078564
2881.271765
2889.762771
2890.153092
2890.23809
2890.325342
2890.472892
2900.385218
2899.965699
2899.738864
2900.267543
2899.793257
2910.403714
2910.386662
2910.157105
2910.706668
2910.334347
2922.994164
2923.49633
2922.541277
2922.660109
2922.630723
)
;

boundaryField
{
    upperWall
    {
        type            calculated;
        value           nonuniform List<scalar> 5(2933.096012 2932.257652 2931.30374 2932.321691 2932.632585);
    }
    lowerWall
    {
        type            calculated;
        value           nonuniform List<scalar> 5(2058.733939 2057.402962 2057.423183 2058.204092 2057.642758);
    }
    periodicX_half0
    {
        type            cyclic;
    }
    periodicX_half1
    {
        type            cyclic;
    }
    frontAndBack
    {
        type            empty;
    }
}


// ************************************************************************* //
