/*--------------------------------*- C++ -*----------------------------------*\
| =========                 |                                                 |
| \\      /  F ield         | OpenFOAM: The Open Source CFD Toolbox           |
|  \\    /   O peration     | Version:  v1706                                 |
|   \\  /    A nd           | Web:      www.OpenFOAM.com                      |
|    \\/     M anipulation  |                                                 |
\*---------------------------------------------------------------------------*/
FoamFile
{
    version     2.0;
    format      ascii;
    class       volScalarField;
    location    "5";
    object      Trot_N2;
}
// * * * * * * * * * * * * * * * * * * * * * * * * * * * * * * * * * * * * * //

dimensions      [0 0 0 1 0 0 0];


internalField   nonuniform List<scalar> 
500
(
2065.403251
2064.723224
2065.510893
2065.068466
2064.677015
2080.575552
2081.489272
2080.739439
2080.861035
2081.243689
2094.886278
2094.835046
2094.723297
2094.451933
2094.151201
2105.346346
2105.983153
2106.827552
2106.486828
2105.985205
2117.112848
2117.143049
2117.68365
2118.082926
2117.610898
2128.869815
2129.056229
2128.657227
2128.623871
2129.302694
2139.416158
2139.76893
2139.289849
2139.396159
2139.898061
2149.544051
2150.073127
2150.897401
2149.506482
2149.360097
2160.207873
2160.418279
2160.644251
2160.310603
2159.796922
2169.976885
2169.504523
2170.307458
2170.047847
2169.577847
2180.565156
2179.690388
2179.726267
2179.846596
2179.65979
2189.867376
2188.54358
2189.492701
2189.697387
2190.059255
2198.961232
2199.258544
2199.423892
2200.079407
2199.592697
2209.372459
2208.272207
2208.595059
2209.178347
2209.611124
2218.148051
2218.129332
2218.275783
2218.292494
2218.640414
2227.691516
2227.571792
2227.505895
2227.86844
2228.667143
2237.015077
2237.077094
2237.15505
2237.957275
2237.259091
2246.507228
2246.103537
2246.901458
2245.941621
2246.442109
2255.765584
2255.368498
2255.454613
2255.813303
2256.187831
2264.536521
2264.455239
2264.228775
2263.827951
2264.539178
2273.431558
2273.978455
2273.097169
2273.781283
2273.740474
2282.791951
2282.627787
2283.097788
2282.681173
2282.067723
2291.306731
2291.313104
2291.378157
2291.930516
2290.704258
2300.142902
2300.57397
2299.892964
2300.113528
2299.853644
2308.622713
2309.587129
2309.747665
2309.197913
2309.439536
2317.922978
2318.578365
2318.096915
2318.234835
2316.621143
2325.861518
2326.439342
2326.521791
2325.973759
2326.350287
2335.377921
2335.539666
2335.73784
2335.028207
2335.342487
2343.385104
2344.762724
2343.894883
2343.690201
2344.055614
2351.986075
2351.818686
2352.70567
2352.465629
2351.847365
2359.73402
2360.535506
2361.978317
2361.628105
2361.237029
2370.501394
2369.616936
2369.732396
2369.281036
2370.096167
2378.63163
2378.812056
2379.364109
2378.617171
2378.631442
2387.271496
2387.095778
2387.639686
2387.354613
2387.167304
2395.604905
2395.838537
2396.605524
2395.475787
2396.25404
2404.553537
2404.210327
2403.854169
2404.284382
2403.565377
2413.309925
2412.433134
2412.741969
2412.887661
2412.799016
2420.847965
2420.293454
2419.465362
2420.460204
2420.363165
2427.328874
2428.900439
2429.003022
2429.147171
2429.586168
2437.060279
2437.775288
2437.021731
2436.38816
2436.436748
2445.856731
2445.31981
2446.177065
2446.040892
2445.963009
2454.377356
2453.137292
2453.412437
2453.324255
2453.627785
2461.777576
2461.290693
2460.883607
2461.90845
2461.760534
2469.964223
2468.685369
2469.114074
2468.485223
2470.456169
2477.758562
2477.80515
2477.660601
2478.476745
2478.32005
2486.026966
2486.424023
2486.378414
2486.062524
2486.332155
2494.3992
2494.925893
2494.052857
2494.074587
2494.727272
2503.056038
2503.076257
2501.639675
2501.45232
2501.616294
2511.02428
2510.120441
2510.025414
2509.086933
2509.36529
2519.047179
2518.361671
2517.503158
2517.977188
2518.234169
2526.417941
2527.328242
2527.098774
2526.306945
2526.872228
2534.912688
2534.156747
2533.396129
2534.786793
2534.410812
2543.417089
2543.072847
2543.110355
2542.467592
2542.157242
2550.328948
2550.241386
2550.388999
2549.882883
2550.981425
2558.396488
2558.784228
2558.76831
2558.854346
2558.395961
2566.28025
2565.461985
2566.198966
2566.321937
2566.609301
2574.038457
2573.993293
2573.539927
2574.372748
2575.590509
2581.491362
2581.304471
2581.963387
2581.586192
2582.507748
2588.585418
2589.408756
2589.897136
2590.339079
2591.275607
2597.250732
2597.457078
2597.688176
2598.542283
2598.52593
2606.50246
2606.888996
2606.828872
2606.269563
2606.232739
2615.335972
2614.318522
2613.67382
2614.628394
2614.120442
2621.903957
2621.714179
2621.698645
2622.850291
2622.373653
2629.56073
2628.475517
2629.153342
2628.917108
2629.858887
2637.835064
2637.596942
2637.897488
2637.111602
2637.402463
2644.097183
2644.189895
2644.645485
2643.581889
2644.673721
2651.935818
2651.342151
2652.790216
2651.938992
2652.051747
2659.856447
2659.057503
2659.923582
2660.07388
2659.975026
2667.710532
2667.870998
2667.246823
2667.029153
2668.910095
2675.724069
2675.837313
2675.540423
2675.404709
2675.126181
2682.936174
2684.431199
2683.014517
2683.072947
2682.611872
2690.94387
2689.978829
2690.487883
2689.893067
2690.580682
2698.860871
2699.066135
2699.746518
2699.104717
2699.171389
2706.826193
2706.771848
2707.698889
2707.449276
2705.896396
2714.826916
2714.81444
2713.95358
2713.97457
2713.695133
2722.402124
2722.232987
2721.398415
2721.528602
2721.720024
2729.206048
2728.89785
2728.927434
2729.056208
2729.492072
2736.716701
2736.810916
2736.805361
2737.068872
2737.459617
2744.134038
2745.050073
2743.994385
2744.008187
2744.799651
2752.49835
2751.917629
2752.106104
2752.371
2752.074073
2759.581401
2760.129251
2760.375382
2758.823349
2759.486107
2767.711473
2767.40456
2767.963077
2767.235537
2767.116626
2775.189249
2775.730631
2775.829997
2775.988645
2773.790749
2783.036087
2783.223463
2782.240877
2782.450231
2782.104189
2790.675893
2790.705139
2790.066608
2790.542944
2790.446467
2798.689172
2799.25686
2798.897524
2798.559583
2798.149546
2806.837856
2807.01851
2806.357908
2806.531193
2806.500114
2814.888702
2815.262446
2814.573337
2814.926119
2814.824033
2822.86813
2823.840244
2823.681422
2823.541559
2823.708271
2831.954688
2830.354305
2831.447273
2830.998127
2832.098786
2838.772158
2839.869816
2839.43529
2839.901551
2840.432449
2848.589295
2848.028599
2847.378502
2847.506371
2848.414462
2855.689695
2857.978807
2857.09153
2856.881651
2856.525879
2865.170306
2865.526877
2865.582048
2866.549648
2864.450451
2873.893319
2873.977792
2873.971829
2873.083738
2873.908656
2882.91392
2881.509423
2882.241126
2883.473516
2882.99597
2892.021024
2892.728571
2892.057117
2892.812218
2893.511085
2904.142339
2902.426434
2902.260703
2903.425978
2903.2668
2913.97725
2913.210168
2913.045765
2913.460113
2913.729173
2926.779617
2927.769892
2926.787392
2926.872222
2926.501423
)
;

boundaryField
{
    upperWall
    {
        type            calculated;
        value           nonuniform List<scalar> 5(2937.36986 2936.212755 2937.289551 2936.467263 2936.30758);
    }
    lowerWall
    {
        type            calculated;
        value           nonuniform List<scalar> 5(2054.865685 2052.06861 2051.803415 2053.20821 2051.8909);
    }
    periodicX_half0
    {
        type            cyclic;
    }
    periodicX_half1
    {
        type            cyclic;
    }
    frontAndBack
    {
        type            empty;
    }
}


// ************************************************************************* //
