/*--------------------------------*- C++ -*----------------------------------*\
| =========                 |                                                 |
| \\      /  F ield         | OpenFOAM: The Open Source CFD Toolbox           |
|  \\    /   O peration     | Version:  v1706                                 |
|   \\  /    A nd           | Web:      www.OpenFOAM.com                      |
|    \\/     M anipulation  |                                                 |
\*---------------------------------------------------------------------------*/
FoamFile
{
    version     2.0;
    format      ascii;
    class       volScalarField;
    location    "5";
    object      Ttra_N2;
}
// * * * * * * * * * * * * * * * * * * * * * * * * * * * * * * * * * * * * * //

dimensions      [0 0 0 1 0 0 0];


internalField   nonuniform List<scalar> 
500
(
2075.482438
2075.625523
2075.274061
2075.230399
2075.598024
2090.264647
2090.038094
2090.196394
2090.57967
2090.05019
2103.462252
2102.570535
2103.042131
2102.726525
2102.615645
2114.178205
2114.182797
2114.672924
2114.278682
2114.78739
2124.727456
2125.257265
2125.19657
2125.399086
2124.74683
2135.4678
2136.039338
2135.928018
2135.884786
2135.629566
2146.503609
2146.127564
2145.854228
2145.724157
2145.602083
2155.758871
2156.085165
2156.617414
2156.51268
2156.239063
2165.598523
2166.176196
2166.077217
2165.866317
2165.989199
2175.882927
2175.659914
2175.789978
2174.923792
2175.720398
2184.649213
2184.864017
2184.432556
2185.07448
2184.898032
2194.919137
2194.333114
2193.82881
2194.493344
2194.382924
2203.510206
2203.918853
2203.765768
2203.011069
2204.014617
2212.201932
2212.494678
2213.07032
2213.535445
2213.330823
2222.032789
2221.880747
2221.365437
2221.879841
2222.172637
2230.728129
2230.707878
2231.518043
2231.455209
2230.991451
2240.483495
2240.116046
2240.558904
2240.661716
2240.413788
2248.881349
2249.119638
2248.520914
2249.579712
2249.463771
2258.854152
2258.630678
2257.837874
2258.223424
2258.284315
2266.841148
2267.596043
2267.113151
2267.372508
2267.758476
2276.187873
2276.565178
2275.727053
2276.569256
2275.953703
2284.417523
2284.624538
2284.960457
2285.470831
2283.954905
2292.037312
2293.122821
2293.932743
2293.884148
2293.60624
2302.266941
2301.989449
2302.983672
2302.292951
2301.544992
2311.122519
2311.350677
2311.555984
2311.20678
2310.928135
2319.739831
2320.003046
2319.482996
2320.014899
2320.058974
2328.122852
2328.855295
2328.114581
2328.230058
2328.091895
2336.875776
2336.662345
2336.417314
2337.291521
2337.21413
2344.928548
2345.350449
2344.542391
2345.053979
2344.757973
2353.462172
2353.358367
2353.148396
2354.346325
2353.82055
2362.533507
2362.350431
2362.399631
2362.42771
2361.800336
2369.993479
2369.628921
2370.693483
2370.537372
2370.933341
2378.521755
2379.159816
2379.085036
2379.613901
2378.840935
2387.352721
2386.96352
2387.573902
2387.993328
2387.15992
2395.947307
2395.597387
2396.089398
2395.517764
2395.809139
2404.496473
2404.689549
2404.218848
2404.362145
2404.258294
2413.389885
2412.545402
2412.198159
2412.771539
2412.032803
2421.550371
2420.943267
2420.748408
2420.631452
2420.735919
2429.352761
2429.5846
2429.283475
2428.971455
2429.381392
2437.889064
2437.692177
2437.507374
2437.422106
2436.713503
2445.968879
2445.301569
2446.278746
2445.959666
2445.996498
2454.388057
2453.733203
2453.415648
2454.402928
2454.701306
2461.880552
2462.207295
2462.135111
2462.120222
2462.149428
2469.86432
2469.970269
2470.074345
2470.128035
2470.606577
2478.209885
2478.25902
2477.495881
2478.169946
2477.653033
2485.879105
2486.785507
2485.895335
2486.319376
2486.614743
2495.134584
2495.273587
2494.950272
2494.206117
2494.802996
2503.101643
2502.963788
2503.096348
2502.690495
2501.985578
2510.681638
2510.449001
2510.534516
2510.787296
2510.603659
2517.756279
2518.654982
2517.867201
2518.662974
2518.14435
2527.172798
2527.299264
2525.916666
2526.376405
2526.910068
2534.250412
2534.423413
2533.956913
2534.612412
2534.44345
2542.385891
2541.735141
2542.498542
2542.258884
2543.025913
2550.420708
2550.837713
2550.521217
2550.588992
2550.58883
2557.948584
2558.846779
2558.907836
2557.939461
2558.515482
2566.671716
2566.292705
2566.516499
2566.457023
2566.515831
2574.224872
2573.710156
2573.32412
2574.317549
2574.473608
2581.981157
2581.534121
2582.039975
2581.706025
2582.558655
2589.939971
2590.584926
2590.088763
2589.485574
2590.405143
2597.367569
2598.008153
2596.907904
2597.669545
2597.41237
2605.881513
2604.455065
2605.225083
2605.112535
2605.559533
2613.4991
2612.462005
2612.548676
2612.594383
2613.076945
2620.861638
2621.638884
2620.492033
2620.094937
2621.156598
2628.005541
2627.783192
2628.260179
2627.728119
2628.122392
2636.388465
2635.936818
2636.787092
2636.114927
2635.578578
2644.485569
2642.9455
2643.761455
2644.333529
2644.127596
2652.155002
2651.486049
2650.772394
2651.9359
2652.150799
2660.031758
2659.575263
2659.211981
2659.343587
2659.605437
2667.262356
2666.502053
2666.890169
2666.925082
2666.889848
2674.723481
2674.819412
2674.358081
2674.988086
2674.369434
2681.795601
2682.39947
2681.932419
2681.760357
2682.054824
2688.820501
2689.62348
2689.64346
2690.575182
2690.063158
2696.364424
2697.116198
2697.339254
2697.019245
2696.97652
2705.122005
2704.631622
2704.382797
2704.15915
2704.07184
2712.101229
2711.906122
2712.484286
2712.159612
2712.099597
2719.245378
2718.943398
2718.852168
2720.188976
2719.426145
2727.099403
2726.861738
2726.094591
2727.71317
2727.52658
2734.733176
2735.496833
2734.703071
2734.546266
2734.657745
2741.840252
2741.436448
2742.035443
2742.138386
2741.344397
2749.519001
2749.949098
2749.390279
2749.193654
2748.933767
2756.888864
2757.439344
2756.698423
2756.373078
2756.646727
2765.896835
2764.422049
2763.973197
2764.292656
2764.538551
2771.211167
2772.08387
2771.89406
2772.001032
2771.191763
2779.260396
2779.83928
2779.272725
2779.569081
2779.766193
2787.189753
2787.926565
2787.398167
2787.426439
2788.069253
2795.21965
2795.225336
2795.1824
2795.39641
2794.804182
2802.601019
2804.085284
2802.915864
2803.156348
2803.34795
2811.136115
2810.454728
2810.833151
2810.266465
2809.238763
2818.359655
2818.10029
2818.32733
2818.853018
2817.46283
2826.378951
2826.525153
2825.411177
2825.745658
2826.347364
2834.39442
2834.471733
2833.537021
2833.784247
2833.949398
2842.092054
2842.012594
2842.043915
2840.905342
2842.066341
2848.770725
2849.278386
2849.321173
2849.092011
2848.474177
2857.06998
2857.62552
2857.367972
2857.638401
2857.934848
2866.111431
2866.185794
2866.080977
2864.951926
2865.428068
2875.161206
2874.390269
2875.261519
2874.464449
2874.581298
2883.24574
2884.018973
2884.20308
2883.792141
2883.610981
2893.431839
2893.961833
2892.962426
2893.348106
2892.87171
2904.213208
2903.504617
2903.2864
2903.968066
2903.871792
2915.870968
2916.368345
2915.056212
2914.956046
2915.431111
)
;

boundaryField
{
    upperWall
    {
        type            calculated;
        value           nonuniform List<scalar> 5(2927.458891 2924.485809 2923.595833 2925.296472 2925.075646);
    }
    lowerWall
    {
        type            calculated;
        value           nonuniform List<scalar> 5(2063.590514 2063.883354 2064.098923 2063.12081 2063.646914);
    }
    periodicX_half0
    {
        type            cyclic;
    }
    periodicX_half1
    {
        type            cyclic;
    }
    frontAndBack
    {
        type            empty;
    }
}


// ************************************************************************* //
