/*--------------------------------*- C++ -*----------------------------------*\
| =========                 |                                                 |
| \\      /  F ield         | OpenFOAM: The Open Source CFD Toolbox           |
|  \\    /   O peration     | Version:  v1706                                 |
|   \\  /    A nd           | Web:      www.OpenFOAM.com                      |
|    \\/     M anipulation  |                                                 |
\*---------------------------------------------------------------------------*/
FoamFile
{
    version     2.0;
    format      ascii;
    class       volVectorField;
    location    "5";
    object      U_mixture;
}
// * * * * * * * * * * * * * * * * * * * * * * * * * * * * * * * * * * * * * //

dimensions      [0 1 -1 0 0 0 0];


internalField   nonuniform List<vector> 
500
(
(15.54018682 -0.2055545889 -0.306107058)
(15.66402192 -0.04686383234 -0.2898618244)
(15.71731574 0.1562920973 -0.1744937774)
(15.52140259 0.1176368483 0.01977885008)
(15.46967629 0.1261014067 -0.1242314144)
(19.58603249 -0.02970327329 -0.3512048327)
(19.43267133 -0.1341093774 -0.1315605483)
(19.75197026 0.04151084762 0.2418163027)
(19.50180527 0.1024339653 -0.1410647201)
(19.86295893 0.03958202584 -0.3582772867)
(23.31311454 0.06287489303 -0.2296840196)
(23.11947765 0.05817201579 -0.05401044727)
(23.06467284 -0.07768627133 -0.1152615331)
(23.11548534 0.09346053694 0.05800094186)
(23.25088718 -0.07050636753 0.02783434481)
(26.60528599 -0.1851761198 -0.139808671)
(26.75801132 0.1038248354 -0.3591328307)
(26.56735742 -0.02595953296 -0.2887152025)
(26.67657308 -0.08542224258 -0.3013367578)
(26.43742827 0.1890783572 -0.1537963922)
(29.8305428 -0.1721288958 -0.2202483593)
(29.86618878 0.1679303091 -0.3660092085)
(29.79128028 0.05553336741 -0.2280469703)
(29.85231407 -0.08654366708 -0.5729189623)
(29.71780602 0.1137928411 -0.3519776607)
(32.759425 -0.1818245864 -0.370513915)
(32.78509733 -0.0007440178775 -0.3485119611)
(32.81393057 0.1244269519 -0.2272160005)
(32.74184453 0.1667976889 -0.2696548143)
(32.86857827 -0.1136822353 -0.1265690047)
(35.99241218 0.04824126132 -0.3139286856)
(36.01626164 0.05827595551 -0.1665387657)
(36.02200307 -0.01125413487 -0.09747463255)
(35.99743395 0.01271162346 -0.1888929113)
(35.95191659 -0.1212424426 -0.153759861)
(38.9209889 -0.06061936735 -0.16212357)
(38.86049025 -0.09891263396 -0.275973893)
(38.82718025 -0.05266559059 -0.3610237297)
(39.03168546 0.08150077696 -0.2907751233)
(38.76540349 0.0422752972 -0.1206238035)
(41.96379649 -0.06342938507 -0.4254705846)
(41.86974299 0.08173774073 -0.3600691437)
(41.92747094 -0.1524736983 -0.2720601454)
(41.83899702 -0.01940872526 -0.3119145616)
(42.0215039 0.2151641024 -0.2703985559)
(44.84275173 -0.09175290275 -0.5058619809)
(44.71369643 0.129711132 -0.2247137504)
(44.82528424 -0.02431931851 -0.3146142599)
(44.72295074 -0.03636107282 -0.3938209343)
(44.82309498 -0.02483421437 -0.5459614659)
(47.87192322 0.08842142253 -0.477772556)
(47.65073492 0.1415125933 -0.6365685063)
(47.86477031 0.1152696131 -0.3729007415)
(47.81911159 -0.001617352584 -0.399718891)
(47.71115955 -0.1295908478 -0.4480247801)
(50.65596227 0.08978292268 -0.6047127978)
(50.71179478 -0.02904088609 -0.5828488945)
(50.77072689 -0.1017891804 -0.5681001071)
(50.89751924 0.002118985416 -0.523286717)
(50.52174529 -0.0962321426 -0.5460812193)
(53.47431506 0.0678058249 -0.3861163031)
(53.65877552 -0.2807974975 -0.7058352373)
(53.46989436 0.007634144584 -0.420188861)
(53.48283898 0.09452166828 -0.6848344269)
(53.84189275 0.03917739514 -0.391672827)
(56.53315572 0.2150403708 -0.4831863069)
(56.58796515 0.02909799307 -0.8349221474)
(56.46843976 -0.04880409681 -0.3047805968)
(56.53523469 0.1515272105 -0.2880282211)
(56.40578527 -0.206133447 -0.4627804517)
(59.33231464 0.01586337216 -0.7631779939)
(59.33129665 0.02793204978 -0.3600484707)
(59.30324082 0.1472615672 -0.4599098188)
(59.23800356 -0.2384352664 -0.2331577)
(59.25512132 -0.07292586637 -0.6809696098)
(62.04536589 -0.04458139621 -0.397112543)
(62.18210492 0.2298561335 -0.5006956239)
(62.15492772 -0.1735232453 -0.172806358)
(62.16706402 0.06540015239 -0.3066710382)
(62.27531315 -0.07913252102 -0.07337435203)
(65.01979543 0.03441959434 -0.2751261173)
(64.86681914 0.005002039133 -0.4220426454)
(64.90905401 -0.05992941102 -0.3928250306)
(65.02622484 -0.2883758372 -0.5037705009)
(64.80244586 0.1848619858 -0.06663237161)
(67.99253863 0.02426220022 -0.3399988911)
(67.75881562 0.2852564851 -0.2693412677)
(67.84256695 -0.0301307324 -0.3338696022)
(67.77616391 -0.09704299346 -0.6873521231)
(67.71475239 -0.04421712976 -0.2606653901)
(70.26112118 0.1795400862 -0.4400248762)
(70.50687214 -0.002480269152 -0.4268430343)
(70.56107545 -0.1300384164 -0.4938232986)
(70.60638667 0.07804683183 -0.3128332493)
(70.70688814 0.0004232911356 -0.4697947935)
(73.32510782 -0.255418727 -0.6899875833)
(73.38146821 0.1596126221 -0.5646844533)
(73.22907828 -0.04603777065 -0.4128085111)
(73.25856012 -0.1487560909 -0.5926225563)
(73.21757577 0.2318907571 -0.3508063574)
(76.03829362 0.06760390872 -0.7469664409)
(76.24565253 -0.05306827563 -0.4342017013)
(76.20735809 -0.02297012417 -0.4734503778)
(76.26469956 -0.01284817638 -0.2573777639)
(76.28378169 -0.1153747395 -0.441748668)
(78.85813279 -0.00794295864 -0.5532418439)
(79.07130193 -0.03254769768 -0.5492465437)
(79.04403135 0.07376409374 -0.5729091927)
(78.85346162 0.1698282362 -0.6649038891)
(78.88042884 -0.08534483913 -0.4597275653)
(81.96728935 0.03114490543 -0.7741486324)
(81.78827495 -0.08520998056 -0.6220503584)
(81.82693719 0.03978099257 -0.3978090924)
(81.78107604 0.05260927627 -0.6681831399)
(81.95218903 -0.119579236 -0.4453662715)
(84.61275468 0.1257245152 -0.4056085656)
(84.46427048 0.1780987541 -0.6784487336)
(84.61825383 -0.2834535123 -0.6629276351)
(84.61641034 0.04618356012 -0.4286129494)
(84.57250647 -0.07953005541 -0.5480174778)
(87.21562384 0.108227193 -0.386230962)
(87.33907462 -0.03811265786 -0.7144578237)
(87.16295294 -0.01778208675 -0.6259581629)
(87.29733449 0.01060745146 -0.6156765306)
(87.16483865 0.1114574496 -0.7434330614)
(90.06304432 -0.1010216648 -0.5428889251)
(90.02482898 0.1796919307 -0.5123894608)
(89.90407702 -0.06467942042 -0.6047716925)
(89.65851744 -0.2043436303 -0.7603694161)
(89.99555877 -0.006127205502 -0.609707339)
(92.53582074 -0.06786401391 -0.4517186681)
(92.583977 0.1785579676 -0.8616942064)
(92.57558757 0.02048254391 -0.4417784349)
(92.64458419 -0.09195144766 -0.3466678766)
(92.76836373 -8.87116894e-05 -0.5582279038)
(95.33413924 0.001707737358 -0.3576247707)
(95.26659604 0.09960759627 -0.6494636254)
(95.3981833 0.0192935078 -0.3999166649)
(95.25157883 -0.09749693963 -0.4101955409)
(95.22855606 -0.05387783426 -0.3302112061)
(97.9350626 0.1543040415 -0.6055678407)
(98.175764 0.07978058677 -0.5618618592)
(98.12058957 0.04003479012 -0.09278861137)
(98.17074108 -0.09678260721 -0.452362919)
(98.09078112 -0.08166023662 -0.6540932025)
(101.1084159 -0.1904838513 -0.7091153376)
(100.9570171 0.136847882 -0.5972916115)
(100.9721398 -0.07148558035 -0.3741649091)
(101.2207802 -0.1968675584 -0.6607689252)
(100.9413571 0.06686199385 -0.8191433814)
(103.4229106 0.2622632951 -0.4676661699)
(103.7657807 -0.002330411705 -0.5490024627)
(103.6631322 0.04388150855 -0.5585581003)
(103.4560476 -0.0100253712 -0.6292242246)
(103.7550029 0.06927203278 -0.5160382854)
(106.2970524 0.05606927758 -0.6641233312)
(106.1717479 0.05257196667 -0.6500833613)
(106.2968573 -0.1057935442 -0.4064741588)
(106.2475594 -0.1843114447 -0.5976169913)
(106.4151765 0.1007119481 -0.6104659813)
(109.0585804 0.00171924499 -0.609438194)
(109.1318194 0.09080515824 -0.4011555305)
(108.9218657 -0.1247749578 -0.9305214591)
(109.0121096 -0.07120165272 -0.659116091)
(108.8924256 -0.02241422149 -0.5791104431)
(111.7196166 0.04606580729 -0.6146748888)
(111.6135075 0.03597677849 -0.7244542016)
(111.9716527 0.09757685265 -0.3759629333)
(111.8080092 -0.1103200432 -0.5111954739)
(111.719243 0.03112892305 -0.8179400179)
(114.4410596 -0.1427260954 -0.5541957169)
(114.513646 0.2277222283 -0.630554966)
(114.605685 -0.07679922159 -0.6066460544)
(114.4225746 0.1138924249 -0.4301623496)
(114.2511527 -0.06736311674 -0.6444746066)
(117.1278831 -0.1755937373 -0.4942290482)
(117.038036 -0.09299959178 -0.7121357492)
(117.0842518 -0.08031396484 -0.461378474)
(116.9902605 0.2410120412 -0.7691922906)
(117.0306416 0.05233261014 -0.7767922028)
(119.8558989 -0.1286712237 -0.3720644896)
(119.7420833 0.1200186194 -0.4512714564)
(119.8769274 0.001300062467 -0.5637904235)
(119.8376218 0.02267237927 -0.3924967735)
(119.8327906 0.003459065001 -0.5731681045)
(122.5012943 -0.07561110734 -0.5135111042)
(122.3182747 0.1305937008 -0.4865600017)
(122.7114179 -0.1173610676 -0.4981534662)
(122.5259052 0.12655396 -0.7247523858)
(122.5601812 -0.01070773358 -0.5592513668)
(125.083318 -0.1140184099 -0.5272954667)
(125.2212364 -0.2384576628 -0.3737502314)
(125.005638 0.08245501098 -0.6376410579)
(125.0983665 0.005262557472 -0.4348511071)
(125.0813213 0.1437104872 -0.6277504008)
(127.7637354 0.01496919542 -0.4180436367)
(127.7962456 -0.1393967502 -0.2429091309)
(127.7696981 0.2575304381 -0.5523081298)
(127.7025494 -0.04071309997 -0.5305846284)
(127.6684548 0.07487494961 -0.5209861566)
(130.5272462 -0.1644529526 -0.3121467457)
(130.3677652 0.004831706989 -0.3588071629)
(130.279392 -0.05080635882 -0.3992588357)
(130.3614844 -0.1158715563 -0.7010011219)
(130.4981945 0.08801027071 -0.4278019988)
(132.9772084 -0.06472088942 -0.5259280771)
(132.9907211 0.1643314648 -0.4559349833)
(132.8049857 0.1456598147 -0.5696878665)
(133.0029107 -0.01782325676 -0.432390786)
(133.055568 -0.004257710751 -0.5951628393)
(135.7169795 -0.2253123925 -0.3979876389)
(135.6040303 0.06864099158 -0.6804966419)
(135.6663058 0.04075602632 -0.6683533696)
(135.6780622 -0.03750654109 -0.6546046499)
(135.4693635 -0.104539425 -0.5382848704)
(138.2499278 0.08252656028 -0.5912461736)
(138.2696853 0.1722605069 -0.4282220344)
(138.1058785 0.1677927102 -0.574538393)
(138.4235186 0.1052238665 -0.8645615638)
(138.1783846 -0.1160833616 -0.6289109724)
(140.867671 0.02281255198 -0.4250323005)
(140.5285361 -0.2525571086 -0.4520503143)
(141.0390675 0.0462206336 -0.5155338094)
(140.6938478 -0.1123148435 -0.6112355876)
(140.7837384 -0.1135715426 -0.6030128969)
(143.5698463 0.06868883798 -0.6871199698)
(143.5212879 -0.01733768528 -0.5044605945)
(143.6360836 0.02636928496 -0.6640157008)
(143.5163637 0.08341061562 -0.4730610459)
(143.4717769 -0.176496859 -0.9220181493)
(146.0786141 0.2129074765 -0.8120367466)
(146.0233553 -0.07741423468 -0.707551313)
(146.1188616 -0.1108590469 -0.757937867)
(145.9486389 0.261496642 -0.7534482385)
(146.271265 -0.03836869245 -0.9034898028)
(148.6939118 0.1034255712 -0.5731915627)
(148.656312 0.03824534667 -0.6029473713)
(148.5744889 -0.2385357839 -0.6843835016)
(148.7181613 0.02278041576 -0.6264994403)
(148.625054 -0.003231696043 -0.5951351622)
(151.2330473 -0.01627332172 -0.8289160351)
(151.4592684 0.06586915061 -0.4997668469)
(151.1742485 0.01749332221 -0.7457261145)
(151.2499453 -0.1366129881 -0.573224057)
(151.2526498 0.006653810913 -0.6687169593)
(153.8651588 -0.1664612557 -0.4503383599)
(153.651093 0.1172379512 -0.564062546)
(154.0962649 0.1689012921 -0.3438512142)
(153.6933508 -0.1952160368 -0.6794777506)
(153.6150452 0.1605687357 -0.599508938)
(156.3576484 0.08277302139 -0.3088416775)
(156.422188 -0.3180691803 -0.5933946719)
(156.4528281 0.08035871865 -0.4497365041)
(156.2596942 -0.006995784289 -0.7507442009)
(156.1018837 0.07968588602 -0.3365381861)
(159.1492444 -0.2263221217 -0.3070678688)
(158.9124888 -0.106239084 -0.3114278403)
(159.0289969 0.04835440509 -0.7704442489)
(159.0679933 0.2619555685 -0.5673009114)
(158.8469536 0.1077602574 -0.7603805069)
(161.5353423 -0.2299253187 -0.3785953258)
(161.4285463 -0.02780455848 -0.5461904931)
(161.6613049 0.1922004247 -0.6835245044)
(161.4088151 0.04566565866 -0.7953381708)
(161.6423281 -0.001785198979 -0.8126861634)
(164.0261753 0.001420237305 -0.4223826394)
(163.9157151 0.2389583483 -0.8348033587)
(163.7869595 -0.01896342306 -0.4539089748)
(163.9712712 -0.1096252973 -0.7151815439)
(164.083431 -0.02291267577 -0.53897072)
(166.3088318 0.02530301714 -0.5290781548)
(166.6043067 -0.04543933331 -0.7155436535)
(166.6605991 -0.04115560538 -0.5854448638)
(166.7658557 0.1168957355 -0.2929348237)
(166.4904928 0.01287563224 -0.5508731818)
(169.1935244 0.04708353133 -0.4503152715)
(169.1213029 -0.1111849352 -0.4571984736)
(169.1491394 -0.1754029433 -0.5946319639)
(169.255295 -0.1237931193 -0.6721292481)
(169.0648308 0.2148296377 -0.6812251477)
(171.936304 0.02618560528 -0.5163176918)
(171.8344214 -0.04692169725 -0.3293970439)
(171.9884153 -0.148375908 -0.5156548215)
(171.8182441 0.1318251748 -0.2597175705)
(171.9692267 0.1949030945 -0.1857547342)
(174.3124207 -0.08692454775 -0.1460010946)
(174.5200822 -0.01553178023 -0.6322608143)
(174.1534087 0.008627978345 -0.2442618615)
(174.3980241 -0.08385206393 -0.1926401393)
(174.3573111 0.1063552923 -0.4870270117)
(176.8209726 -0.09595608448 -0.02002027628)
(176.9457276 -0.07809784131 -0.3530324974)
(177.11854 -0.002331483067 -0.1508143521)
(177.1770721 -0.09295794283 -0.3119070787)
(176.7079941 0.224264655 -0.2036107507)
(179.6411192 -0.2880742441 -0.102143262)
(179.6271437 -0.0828932937 -0.339426174)
(179.2406769 -0.006567075625 -0.2767197659)
(179.2501468 0.01124961187 -0.3887000577)
(179.4858165 0.2377623143 -0.4927573675)
(181.9155548 0.008760663252 -0.2673487063)
(181.8176304 -0.1210358334 -0.3148897808)
(181.564763 0.1110137934 -0.1510694903)
(182.0843805 0.05719326755 -0.04837165955)
(182.1716936 0.06369095061 -0.01812707353)
(184.4709033 0.03755541208 -0.2058350966)
(184.5379381 -0.08597566136 -0.2913149676)
(184.5694145 -0.1229817832 -0.3785601516)
(184.2780434 0.004011646146 -0.1567505669)
(184.5721947 0.1398318708 0.09752374835)
(186.9268986 -0.1489558459 -0.1041990566)
(187.2983843 -0.06588579576 -0.2778706922)
(187.1207676 0.1038345757 -0.6626541342)
(186.9882474 0.01380937046 -0.1357370307)
(187.0217305 0.07264577513 0.006983836126)
(189.4563064 -0.1174780958 -0.1410407462)
(189.2615209 0.02703617377 -0.4032746494)
(189.681005 0.02543726386 -0.3751039807)
(189.3925131 -0.01556892359 -0.2130615889)
(189.5388487 0.1780649676 -0.3020089054)
(191.9102658 -0.3096375067 -0.1763567535)
(191.9674367 -0.006172725067 -0.212610495)
(191.8823308 0.03917332546 -0.3534611561)
(191.6704765 0.1550613302 -0.1765088108)
(191.8425016 -0.04132413211 -0.2234768623)
(194.5571864 -0.1161120284 -0.3036443056)
(194.2165378 -0.09769414379 -0.207298926)
(194.2828403 0.05247350578 -0.3193270801)
(194.4843522 0.1775654665 0.05181896899)
(194.5197425 0.003940504365 -0.2391789866)
(197.1600997 -0.1365446828 -0.4242353832)
(197.0157093 0.07331712963 -0.3261539901)
(197.0540306 0.02157856499 -0.4283073781)
(197.0402482 -0.1870833899 -0.2740098903)
(196.9814344 0.1570178341 -0.3457892923)
(199.3658251 0.08447513386 -0.3286047145)
(199.5487495 -0.2234424048 -0.4409206367)
(199.3664663 0.1862072574 -0.4174234732)
(199.5063655 0.2051773299 -0.4197901784)
(199.1530617 -0.04570517429 -0.3437583897)
(201.9135512 -0.004993908614 -0.333000168)
(201.7886566 -0.3275621198 -0.8114531393)
(201.9012025 0.01027418456 -0.6007088348)
(201.8196447 0.04324321095 -0.4445159794)
(202.2595248 0.1391414393 -0.1654471764)
(204.2617488 0.01237719359 -0.4960780958)
(204.3238457 0.02452427542 -0.5213115149)
(204.2247165 -0.04786509645 -0.3581255402)
(204.2342906 -0.06197934841 -0.393984769)
(204.2699065 0.1118654151 -0.04984260413)
(206.876675 -0.08010412536 -0.2739251944)
(206.6793408 0.03169894196 -0.3265844137)
(206.6361498 -0.08519304532 -0.1866263238)
(206.794321 0.0296704888 -0.2457229233)
(206.5968212 0.04001069907 -0.2214670196)
(209.2948671 -0.03534777659 -0.3687322264)
(209.2971788 0.06179650516 -0.2530596712)
(209.2583112 0.1728802998 -0.13048402)
(209.2305035 0.05527645601 -0.5501043982)
(209.2160982 -0.1875178466 -0.1223720595)
(211.726493 -0.1855895946 0.178277426)
(212.0294342 0.0288271602 -0.185136537)
(211.7422241 0.3053342973 -0.2334232889)
(211.9132131 -0.04123861587 -0.1261072231)
(211.8726984 -0.1038177958 0.1018325733)
(214.206848 -0.05276668512 0.1234739745)
(214.0991397 0.2062994468 -0.08816613729)
(214.1387507 -0.1668746252 -0.275556193)
(214.4312849 0.06980450594 -0.03028695798)
(214.2616728 0.06230653599 0.04018593829)
(216.6612682 -0.4432344717 -0.1962178123)
(216.6657443 0.06207122752 -0.06825653416)
(216.6677923 -0.09968738157 -0.2325575859)
(216.7349358 0.2262753279 -0.04650132131)
(216.7050894 0.1528708346 -0.2594859692)
(219.2990484 0.1373730773 -0.2696809551)
(219.1501478 -0.03037081906 -0.2296534417)
(218.8612676 -0.2317854132 -0.3720843561)
(219.3240011 0.08022694381 -0.3642726731)
(219.0973153 0.0442764798 -0.1549905787)
(221.6554504 -0.1166962763 -0.1620251026)
(221.4821274 -0.02098120266 -0.523134613)
(221.7539763 0.01501020534 -0.4910356084)
(221.7441511 -0.2120650831 -0.2673790761)
(221.9721625 0.1661465475 -0.2257056491)
(224.0990612 -0.03876658889 -0.3514931536)
(224.4754935 0.3438996522 -0.2545240269)
(224.0425046 -0.1701288043 -0.6152626001)
(224.0965977 0.1030142435 -0.3537056692)
(224.2783349 0.001122152669 -0.174960832)
(226.8348974 0.1847907254 -0.3299066274)
(226.5789119 -0.0186621639 -0.3158338666)
(226.8803421 -0.1727369039 -0.2598719809)
(226.9582069 -0.006132030669 -0.2973646605)
(226.694906 -0.08235982184 -0.09198437956)
(229.2366902 -0.09131714678 -0.2810674327)
(229.628437 0.06311288698 -0.1809419732)
(229.1228282 0.08796486385 -0.2705572934)
(229.4840798 -0.02786674579 -0.06672359376)
(228.9072631 -0.03270434569 -0.4260566813)
(231.6385034 -0.04750218235 -0.1282910975)
(231.4883211 0.1036959049 -0.1864894793)
(231.6073078 0.1631323635 -0.289989305)
(231.488307 -0.1713230117 -0.08467040493)
(231.6892556 0.0478263126 -0.4734365954)
(234.0582229 0.04584272667 -0.3359315208)
(233.9176358 -0.104951527 -0.2327973851)
(234.0428166 0.06096480905 -0.146861555)
(234.1384257 -0.212158868 0.1116589568)
(234.2001265 0.01565533358 -0.2560260539)
(236.5188141 0.01767108896 -0.02731753882)
(236.5972744 0.002778057607 -0.07403861896)
(236.40035 0.2978255644 0.2196715448)
(236.7266421 -0.05902869054 0.04486838266)
(236.418971 -0.1049102967 -0.02311529276)
(238.8554547 0.09613700169 -0.1034637222)
(239.0586013 0.04097964081 0.06182272729)
(238.9967106 -0.05224565811 -0.2267433739)
(238.8042923 -0.1815277363 0.1187934177)
(238.9973319 0.2112317395 -0.09917181085)
(241.1256835 -0.01173778934 0.1037023491)
(241.3845137 -0.001704164456 0.01453417123)
(241.4121817 -0.1584431308 0.04736070459)
(240.9824286 -0.05621545254 -0.1155890354)
(241.1859284 -0.08738221566 -0.2024849673)
(243.3661211 0.05961471872 -0.1788282348)
(243.6835916 0.05064788398 0.1706597139)
(243.4914935 0.2007432536 -0.2192098904)
(243.7485939 0.2705287878 -0.02170959323)
(243.532512 -0.1926588018 -0.1880218543)
(246.145265 -0.03257007774 -0.06622292816)
(246.1181745 -0.1174585371 0.1171848315)
(245.9757008 -0.02101383008 0.1907710616)
(246.3362594 0.01021159302 0.2154601191)
(246.3132938 -0.2654987978 -0.02128131305)
(248.8472231 -0.06164907584 0.04399090209)
(248.919869 0.05983336727 -0.009597441774)
(249.0440161 0.03196845047 0.4858358006)
(248.5551403 0.02708653042 0.4471678446)
(248.843994 0.09354075682 0.03734869997)
(250.9510568 0.1011757203 0.05722854853)
(251.0895055 -0.03998138643 -0.1743180708)
(251.0665782 -0.09195169897 0.2967396121)
(251.1197949 0.04422403463 0.3987235886)
(250.8904036 -0.2264439678 -0.07360224006)
(253.4657105 -0.0626831703 -0.1254376884)
(253.460112 -0.358073519 0.09579115659)
(253.452455 -0.01270582999 0.0843829008)
(253.5407066 0.2500013525 -0.03028959385)
(253.631407 0.3515597613 -0.004913059086)
(256.2593823 0.08416221863 -0.1001241012)
(256.3286532 -0.0605709219 0.04801079229)
(256.0695457 -0.04411243498 0.267377729)
(256.0151255 0.1811012887 0.08077191283)
(256.126804 -0.08095075564 -0.07903126361)
(258.9496007 0.1067751738 -0.01534402163)
(258.933645 -0.3548953789 0.255213956)
(258.7674236 0.3578649708 0.03321614218)
(259.0476968 0.04023798213 0.07612770025)
(258.972221 0.01500246096 0.3348426386)
(261.2564567 -0.09273483746 0.08242411299)
(261.5213235 -0.06295017627 -0.1067820816)
(261.4243528 -0.02865986311 -0.2539965058)
(261.4710342 0.08148819063 -0.1190559894)
(261.3251063 -0.002255134495 -0.118281522)
(264.2346639 -0.03629542713 -0.2764168128)
(264.0105032 -0.003117439274 -0.1047089086)
(263.9993503 0.004432271836 -0.1971737588)
(263.9798208 -0.2843587547 0.02368946778)
(264.1534088 0.2648621582 0.1768047583)
(266.6033107 0.03560470781 -0.182084632)
(266.5739043 0.04722418294 -0.1687838512)
(266.7193587 -0.06422045931 -0.1364873568)
(266.5473379 -0.0001418039105 -0.283309771)
(266.741747 0.1593330525 -0.1960767997)
(269.4813715 -0.08989163389 -0.5338965104)
(269.4307642 -0.3694463176 -0.5400698666)
(269.3645217 0.09194134407 -0.5207091059)
(269.1798757 -0.002070732366 0.02451707228)
(269.3613752 -0.04929604807 -0.3049759025)
(272.0111804 0.1858540202 -0.008441702198)
(271.9865473 -0.1508806087 -0.2215309291)
(271.9375419 0.200560834 -0.3046480348)
(272.1338377 0.1544381199 -0.1283442118)
(271.7661347 -0.1494844224 -0.1581287591)
(274.8156952 -0.1139799609 -0.01394653388)
(274.9288487 0.05533752454 -0.1532452416)
(274.7969515 0.1056618129 0.2155251781)
(274.7684356 0.2100185836 0.2360283209)
(274.8601256 -0.02838544482 -0.2403677813)
(278.0494777 -0.02161575206 -0.2412915483)
(277.6895588 -0.1025974887 -0.0468007084)
(277.8036249 0.02893387565 -0.1930767055)
(277.9940275 -0.1878705712 0.3449798072)
(277.8082677 -0.2012977527 -0.169774256)
(281.5827232 0.2521819266 -0.2267682177)
(281.4617186 0.04579387742 0.2144624719)
(281.7337176 0.1348891555 -0.08135877873)
(281.6133792 -0.03740555961 0.08636716911)
(281.5558921 0.1367983364 -0.02406361011)
)
;

boundaryField
{
    upperWall
    {
        type            calculated;
        value           nonuniform List<vector> 5((284.7507559 0 -0.03198207243) (284.3338988 0 -0.1855634946) (283.8801457 0 -0.04170586605) (284.6281194 0 0.2982233679) (284.5705075 0 0.5647491686));
    }
    lowerWall
    {
        type            calculated;
        value           nonuniform List<vector> 5((12.96991686 0 -0.3538870099) (12.42717117 0 -0.7285884684) (13.51244688 0 -0.08406409975) (12.19625146 0 0.1704786302) (12.34528216 0 -0.1544058072));
    }
    periodicX_half0
    {
        type            cyclic;
    }
    periodicX_half1
    {
        type            cyclic;
    }
    frontAndBack
    {
        type            empty;
    }
}


// ************************************************************************* //
