/*--------------------------------*- C++ -*----------------------------------*\
| =========                 |                                                 |
| \\      /  F ield         | OpenFOAM: The Open Source CFD Toolbox           |
|  \\    /   O peration     | Version:  v1706                                 |
|   \\  /    A nd           | Web:      www.OpenFOAM.com                      |
|    \\/     M anipulation  |                                                 |
\*---------------------------------------------------------------------------*/
FoamFile
{
    version     2.0;
    format      ascii;
    class       volScalarField;
    location    "5";
    object      variableHardSphereMeanFreePath_mixture;
}
// * * * * * * * * * * * * * * * * * * * * * * * * * * * * * * * * * * * * * //

dimensions      [0 1 0 0 0 0 0];


internalField   nonuniform List<scalar> 
500
(
0.04405865631
0.04405928862
0.04405208759
0.04403864393
0.04406295775
0.04441079317
0.04442620706
0.04443198409
0.04441155185
0.04441513732
0.04472440307
0.04473108466
0.04473092575
0.0447262232
0.04471884637
0.04501045741
0.04501027214
0.04501494493
0.04500560058
0.04502238093
0.04528538988
0.04528600959
0.0452965273
0.04529110473
0.0452877152
0.04556537117
0.04556450318
0.04555635786
0.04555837525
0.04555530544
0.04582535119
0.04584138467
0.04583375618
0.04582565847
0.04581980916
0.04607487266
0.0460876396
0.0460939363
0.04608831786
0.04609415341
0.04632917756
0.04633452362
0.04633465176
0.04634223524
0.04633040587
0.0465860474
0.04657977347
0.04659260515
0.04659021526
0.04657064507
0.0468226785
0.04683138194
0.04683159318
0.04682618548
0.04682944728
0.04709020988
0.04706519506
0.04707413855
0.04708698904
0.04707574691
0.04732046728
0.04731803822
0.04731866014
0.0473265416
0.04732057399
0.04755389205
0.04755867293
0.0475607753
0.04755761744
0.04756256879
0.04780638745
0.04778705649
0.04779176837
0.04779294738
0.04779133169
0.04804964582
0.04803938278
0.04802911771
0.04802998043
0.04804285484
0.04828669014
0.04828100516
0.0482827108
0.04828352406
0.04827585873
0.04851654709
0.04852815613
0.04851260807
0.04852435582
0.04852230209
0.04875608052
0.04876610434
0.04876299351
0.04876658023
0.0487806597
0.04898657166
0.04900417436
0.0489910171
0.04899607103
0.04899736542
0.04923588399
0.04925176223
0.04925051995
0.0492497019
0.04922793316
0.04947603496
0.04947733364
0.0494655408
0.04948564293
0.04947420598
0.04971920116
0.04971168238
0.04971142158
0.04970774973
0.04973231122
0.04995704829
0.04994842217
0.04995921961
0.04994256385
0.0499332765
0.0501584632
0.05018660632
0.05017530278
0.05018289131
0.05016075937
0.05041855276
0.05041315174
0.05040206712
0.05040287938
0.05041026883
0.0506623684
0.0506506486
0.05064566893
0.05064717008
0.05064943806
0.05089416763
0.05087229725
0.05086295059
0.05085748557
0.05088879496
0.05111591066
0.05112173173
0.05111007008
0.05110051724
0.05111935596
0.05134235856
0.05134482827
0.05135131617
0.05135104813
0.0513463842
0.05157690265
0.05158453458
0.05158253083
0.05159805812
0.05160042586
0.0518290477
0.05182685824
0.05181769829
0.05182114266
0.05182124967
0.05204223505
0.05206218159
0.05202729339
0.05203465055
0.05204005622
0.05226739674
0.05228981783
0.05228948324
0.05226245624
0.05226800326
0.05249438218
0.0525106549
0.05249758381
0.05249041181
0.05248901806
0.0527154693
0.05271243231
0.05272158379
0.0527272206
0.05270904124
0.05293836623
0.05295510962
0.05293959045
0.05293708705
0.05295461315
0.05318788832
0.05317505961
0.05317975292
0.05317317656
0.05318455023
0.05341102905
0.05340558095
0.0533916257
0.05339859428
0.05342531353
0.05362818015
0.05363066246
0.05361747181
0.05362050754
0.05364787797
0.05386190742
0.05385739918
0.05383849732
0.05384691059
0.05386161611
0.05407282058
0.05405943793
0.05406267873
0.05407607426
0.05407734555
0.05430364977
0.05429464715
0.05430346178
0.05431517096
0.05432086017
0.05451195083
0.05451457759
0.05451126069
0.05451931571
0.05451722945
0.0547552839
0.05474481656
0.05476054303
0.05476144896
0.05475763054
0.05496753341
0.05495114664
0.05495306853
0.05496098598
0.0549594188
0.05519434752
0.05517758853
0.05518263288
0.0551723175
0.05517624599
0.05539843568
0.05539617888
0.05538289827
0.05539929207
0.05540992791
0.05561546336
0.0556192344
0.05560601616
0.05559986893
0.05563047277
0.05585052883
0.05584759488
0.0558427111
0.05584264195
0.05585500472
0.05606619034
0.0560793081
0.05608005877
0.05607910207
0.0560982095
0.05628633744
0.05629219531
0.05630986311
0.05629328735
0.05629251525
0.05650627245
0.05652338873
0.05652695252
0.05650726983
0.05651430325
0.05673691298
0.05674405253
0.05675258546
0.05674419504
0.05672952746
0.056952011
0.05696414063
0.05695666796
0.05694137012
0.05694055857
0.05716310837
0.05716307729
0.05716180007
0.05716205191
0.05715981013
0.05739059908
0.05739766201
0.05739640031
0.0573823767
0.05740274038
0.05758679388
0.05758842063
0.05758715573
0.05759230596
0.05759579671
0.05780805458
0.05780183196
0.05781178527
0.05780712134
0.05780918644
0.05802417413
0.05802636263
0.05804206122
0.05803082514
0.05802075755
0.05822449428
0.05821811385
0.05826152531
0.05823988089
0.05824277207
0.05843724832
0.05845273164
0.05844625911
0.05845585837
0.05845850802
0.0586395471
0.05866855965
0.0586704552
0.05867538221
0.0586653349
0.05887592614
0.05887198737
0.05889667821
0.058863536
0.05890356217
0.05909191075
0.05909294579
0.05911272941
0.05909936923
0.05911224589
0.05931096229
0.0593208888
0.05931292362
0.05932129619
0.05931922368
0.05952324805
0.05954438066
0.0595354407
0.05952000724
0.05953828517
0.05975756715
0.05976763822
0.05972368707
0.05975750342
0.05972361885
0.05995292786
0.05995985885
0.05997089087
0.05996370347
0.0599447801
0.06017241042
0.06018800281
0.06020066864
0.06017356338
0.06014969098
0.06035185781
0.06039391333
0.06038964953
0.06037443678
0.06037667811
0.06055917825
0.06056098746
0.0605664409
0.06058931741
0.06058578618
0.06078419245
0.06079845857
0.06078595654
0.06078317817
0.06079783016
0.06099032848
0.06100379453
0.06098438627
0.06102936132
0.06101432277
0.0612201011
0.06122923408
0.06121981391
0.06120152195
0.06123116242
0.06142056474
0.06143235978
0.06143172838
0.06143349061
0.06143366362
0.06163869937
0.06164009907
0.06166094777
0.06165922139
0.06161210698
0.06185973809
0.06186904498
0.06185964114
0.06185641283
0.06185049349
0.06210251473
0.06208360729
0.06208842713
0.06206857426
0.06207117852
0.06228142076
0.06227471096
0.06229134442
0.06228130262
0.06227250498
0.06248017723
0.06248857094
0.06249040824
0.06247834811
0.06250207406
0.06270766373
0.06268160249
0.06269565364
0.06270304853
0.06271077361
0.06293495085
0.0629410396
0.06291840058
0.06293015892
0.06293816259
0.06314670402
0.06313631193
0.06315045381
0.06314816907
0.06312730151
0.06334861576
0.0633280089
0.06334763041
0.06333932251
0.06335069744
0.06357701029
0.06354696865
0.0635463378
0.06354701251
0.06357441069
0.0637621775
0.06379820956
0.06378794509
0.06379798269
0.06377686505
0.06398803373
0.06398256466
0.06400378656
0.06398356241
0.06398180955
0.06420267547
0.06422654269
0.06417847816
0.0641869465
0.06422039605
0.06440405344
0.06440559521
0.064427563
0.06441713048
0.06442138459
0.06462936718
0.06463691375
0.06463632887
0.06464268622
0.06462190302
0.0648429009
0.06483971771
0.06483989002
0.0648344235
0.06484132277
0.0650679295
0.06506547299
0.06507756016
0.06507205388
0.06505382738
0.06529764804
0.06531391423
0.06528734133
0.06531847047
0.06530796899
0.06551972164
0.06550679766
0.06550530063
0.06549971861
0.06552701071
0.06574659445
0.06573087062
0.06573933572
0.06575962898
0.06574022556
0.06599057625
0.06599216964
0.06600161614
0.06598965411
0.06597004986
0.06627523755
0.06625477453
0.06624103982
0.06625780224
0.06624539726
0.06653343573
0.06653502468
0.06652209946
0.066523833
0.06651430582
0.06685009354
0.06685418336
0.06684380336
0.06685520149
0.06686117659
)
;

boundaryField
{
    upperWall
    {
        type            calculated;
        value           nonuniform List<scalar> 5(0.06685009354 0.06685418336 0.06684380336 0.06685520149 0.06686117659);
    }
    lowerWall
    {
        type            calculated;
        value           nonuniform List<scalar> 5(0.04405865631 0.04405928862 0.04405208759 0.04403864393 0.04406295775);
    }
    periodicX_half0
    {
        type            cyclic;
    }
    periodicX_half1
    {
        type            cyclic;
    }
    frontAndBack
    {
        type            empty;
    }
}


// ************************************************************************* //
