/*--------------------------------*- C++ -*----------------------------------*\
| =========                 |                                                 |
| \\      /  F ield         | OpenFOAM: The Open Source CFD Toolbox           |
|  \\    /   O peration     | Version:  v1706                                 |
|   \\  /    A nd           | Web:      www.OpenFOAM.com                      |
|    \\/     M anipulation  |                                                 |
\*---------------------------------------------------------------------------*/
FoamFile
{
    version     2.0;
    format      ascii;
    class       volScalarField;
    location    "5";
    object      vibrationalT_mixture;
}
// * * * * * * * * * * * * * * * * * * * * * * * * * * * * * * * * * * * * * //

dimensions      [0 0 0 1 0 0 0];


internalField   nonuniform List<scalar> 
500
(
2057.802932
2058.15546
2058.517512
2058.051963
2058.452449
2072.923818
2073.118575
2073.171363
2073.311636
2073.020914
2086.172707
2085.858374
2085.862443
2086.010603
2086.441491
2097.638148
2097.911709
2097.890653
2098.089885
2097.519884
2109.59392
2108.680756
2108.619522
2109.020088
2108.334542
2119.779477
2120.038711
2119.340702
2118.986471
2118.980826
2129.52711
2129.345127
2129.949023
2129.982051
2129.122938
2140.307325
2140.410168
2139.901782
2140.718482
2140.261651
2151.321115
2150.630113
2149.211619
2149.580662
2151.210405
2160.852315
2160.336401
2160.011669
2160.155692
2160.396351
2170.574738
2171.350399
2170.24917
2169.489767
2169.507948
2181.056434
2180.528578
2180.744463
2180.626969
2179.690707
2190.879951
2189.988311
2190.86342
2191.028711
2191.220846
2200.018653
2200.215778
2200.558037
2201.211471
2200.4782
2209.682533
2209.473641
2210.07749
2210.563267
2209.885289
2219.688837
2219.077151
2219.72641
2220.181589
2219.657433
2228.789631
2229.295056
2230.03277
2229.821355
2229.447397
2238.31749
2238.428064
2238.12526
2238.722227
2238.460726
2248.367015
2248.331757
2247.571351
2247.610111
2248.133412
2257.434336
2256.863657
2257.567974
2256.98139
2257.835619
2267.358505
2266.686846
2267.306335
2266.942545
2267.457088
2276.077933
2276.156569
2276.27444
2276.241829
2276.276419
2285.094648
2285.899142
2286.072956
2285.169693
2285.421023
2295.440145
2294.66736
2294.908805
2294.511826
2295.054913
2304.870893
2304.083184
2303.711682
2304.005412
2304.868286
2313.291415
2313.565027
2313.844739
2313.214817
2314.323133
2322.528632
2321.928896
2321.983481
2323.546741
2323.982973
2331.498779
2331.011503
2331.995973
2332.762188
2331.247324
2340.082362
2340.70963
2341.013473
2341.034383
2340.528743
2349.093708
2348.673929
2349.757625
2349.750636
2349.030871
2358.553048
2358.153563
2358.538375
2358.533252
2358.879715
2368.486684
2367.662651
2367.712694
2368.251784
2367.628536
2376.276231
2376.065391
2375.543652
2375.939029
2376.298773
2385.099481
2385.097326
2384.595011
2386.14378
2385.772521
2393.653491
2394.667881
2393.750765
2394.592365
2394.415153
2403.615709
2403.273957
2403.285259
2403.041818
2403.835525
2412.408134
2412.594695
2412.125567
2411.814746
2412.485462
2419.718206
2420.335654
2421.062995
2420.861245
2419.796811
2429.39867
2429.937302
2429.073709
2428.560236
2428.814105
2438.33681
2438.326775
2437.841841
2438.69328
2438.269924
2446.494389
2446.883986
2446.16497
2446.438495
2447.135818
2455.106971
2455.531821
2455.672942
2455.458748
2455.809977
2464.501179
2464.090767
2463.426901
2464.76569
2464.274111
2472.2329
2472.782505
2472.32609
2472.71042
2473.736839
2480.594258
2480.822421
2480.82641
2480.738151
2480.353407
2489.837411
2489.786119
2490.32302
2489.621774
2488.991894
2498.371421
2498.21363
2498.155381
2497.432211
2498.68453
2506.246266
2507.012282
2506.576691
2506.087528
2506.915665
2515.204616
2514.865924
2514.725616
2515.606428
2515.782185
2523.695422
2523.197897
2523.472035
2524.266098
2524.152898
2532.34105
2532.833587
2533.680116
2533.482365
2532.845771
2542.175851
2541.033149
2541.104038
2541.128266
2541.053287
2549.22299
2549.010754
2548.94072
2548.892837
2549.034557
2557.897121
2556.820641
2557.543128
2558.109513
2558.369381
2565.529461
2564.971524
2565.783203
2565.539223
2566.374092
2574.169496
2574.613177
2572.96229
2573.67692
2574.38652
2581.609571
2582.36832
2582.586489
2582.111107
2581.40756
2590.672287
2591.246893
2590.903215
2590.287126
2590.213468
2599.339089
2599.5587
2599.239393
2598.617863
2597.85947
2606.191177
2607.099605
2607.953798
2606.99342
2607.315907
2614.673457
2615.043483
2614.943052
2614.646876
2614.976087
2623.981067
2622.544501
2624.266639
2623.577962
2623.750148
2631.944714
2631.240986
2630.952854
2631.460463
2631.292924
2640.767013
2639.700957
2639.691067
2638.891603
2640.18407
2647.821152
2648.550498
2646.744083
2647.144073
2648.461734
2655.079957
2655.918294
2656.37315
2655.724603
2655.371137
2663.342866
2663.361765
2664.756291
2662.755897
2663.325746
2670.413951
2671.149301
2671.371275
2671.574923
2671.136948
2679.434559
2679.244357
2679.09084
2679.55957
2679.879746
2686.871771
2687.779969
2687.740978
2687.092435
2687.552005
2696.556155
2695.859512
2696.239605
2694.922204
2695.951664
2704.047001
2702.6327
2702.092947
2703.496118
2703.979805
2712.064625
2711.419737
2711.052453
2712.422825
2711.748194
2719.868959
2719.57603
2719.49315
2719.765351
2720.572082
2729.108114
2728.216051
2727.489503
2727.293787
2727.589826
2737.051539
2736.783924
2735.486037
2736.597
2737.080821
2743.364165
2743.916716
2743.647981
2743.7459
2744.393349
2752.59063
2751.439898
2751.678465
2751.720619
2750.985351
2759.832697
2759.880282
2760.327617
2759.370069
2759.828847
2768.045421
2768.254541
2768.64369
2767.573277
2766.342415
2774.835143
2776.423109
2775.455292
2774.616154
2775.137717
2783.82091
2782.796629
2782.894427
2783.363979
2783.084488
2791.098363
2790.961321
2789.506628
2791.038861
2790.775201
2799.941653
2798.655164
2798.685599
2798.490305
2797.61492
2807.717869
2806.913289
2807.020232
2807.387796
2806.363955
2815.072326
2814.706206
2814.687386
2815.025767
2814.913557
2823.495878
2822.744412
2822.012871
2822.645124
2822.457205
2830.27466
2831.155683
2830.730972
2831.211502
2830.362468
2838.332527
2838.897435
2838.231689
2839.060159
2837.028505
2846.554259
2847.077767
2846.602169
2846.420064
2845.460272
2854.482537
2854.823358
2855.254468
2854.886967
2853.604782
2861.380936
2861.712473
2861.925629
2862.785662
2861.443598
2870.329103
2870.364537
2870.583722
2871.739488
2870.93972
2878.801455
2878.17503
2878.666736
2878.522981
2879.167936
2887.220411
2887.077043
2886.785454
2888.169323
2887.517626
2894.942996
2895.119365
2896.73791
2895.335013
2895.000781
2905.180235
2904.731433
2904.10503
2905.468153
2904.209235
2914.319612
2914.256583
2915.307529
2914.403237
2914.573123
2925.041394
2925.162902
2924.485724
2924.963988
2924.696811
2937.290974
2935.974137
2936.878639
2936.209375
2937.219972
)
;

boundaryField
{
    upperWall
    {
        type            calculated;
        value           nonuniform List<scalar> 5(2946.545849 2945.505748 2943.222917 2942.714839 2945.250126);
    }
    lowerWall
    {
        type            calculated;
        value           nonuniform List<scalar> 5(2047.940695 2048.930314 2047.305957 2047.355394 2047.430499);
    }
    periodicX_half0
    {
        type            cyclic;
    }
    periodicX_half1
    {
        type            cyclic;
    }
    frontAndBack
    {
        type            empty;
    }
}


// ************************************************************************* //
