/*--------------------------------*- C++ -*----------------------------------*\
| =========                 |                                                 |
| \\      /  F ield         | OpenFOAM: The Open Source CFD Toolbox           |
|  \\    /   O peration     | Version:  v1706                                 |
|   \\  /    A nd           | Web:      www.OpenFOAM.com                      |
|    \\/     M anipulation  |                                                 |
\*---------------------------------------------------------------------------*/
FoamFile
{
    version     2.0;
    format      ascii;
    class       volVectorField;
    location    "5";
    object      heatFluxRotVector_N2;
}
// * * * * * * * * * * * * * * * * * * * * * * * * * * * * * * * * * * * * * //

dimensions      [1 0 -3 0 0 0 0];


internalField   nonuniform List<vector> 
500
(
(0.01901399235 -13.13403525 0.1940454364)
(-0.03702088652 -12.91610197 0.005719932005)
(0.7361474535 -13.29484273 -0.1389924014)
(0.160628047 -13.51253071 0.1612238455)
(0.6118943183 -13.25156687 0.2111979073)
(0.4633168367 -12.92199198 -0.1412405877)
(0.4500759843 -12.86670395 -0.6329704303)
(0.4238802977 -13.2658389 -0.04910146432)
(0.5200191831 -13.28856729 -0.3865182851)
(-0.06867032192 -13.07321194 0.2695652027)
(0.4701416639 -13.44038198 0.04876676608)
(0.2211753393 -12.89224951 -0.1972175855)
(0.6664360887 -13.06125628 -0.1470412317)
(0.1188510447 -13.00717251 -0.520621928)
(-0.06668077155 -12.88420813 -0.1508105084)
(-0.02662553119 -12.84897759 -0.09555927838)
(0.3577257847 -13.03431204 -0.2757130916)
(0.5208782826 -13.27724215 -0.1763398857)
(0.3837437698 -12.90198657 -0.01245814631)
(-0.03872133483 -12.96414539 0.09298351578)
(0.3139248496 -12.6148228 -0.02898660348)
(0.1333092432 -12.94264053 -0.2995360509)
(0.1443647924 -12.94571798 0.1928060401)
(0.7312897821 -12.58102048 0.1376806897)
(0.2642333764 -13.03486843 0.4828021714)
(0.363224169 -12.5065836 -0.02146103063)
(-0.1506721486 -12.70386684 0.1628052675)
(-0.128818891 -12.90098677 0.3893614103)
(0.01470352399 -12.87400639 -0.1366095938)
(0.09036679444 -12.43305734 -0.1694739099)
(0.005211124591 -12.7209902 0.4224636113)
(0.7302751794 -12.56016866 0.4532626699)
(0.3734742701 -12.9168851 0.4697936311)
(-0.09435934423 -13.07369973 -0.2796304085)
(0.5024444727 -12.26354602 0.2500611302)
(0.4401175211 -12.48259462 0.1313220854)
(0.3055820792 -12.68130124 0.3624044613)
(0.3165111602 -12.32736756 0.6466476586)
(0.2586679911 -12.61266165 0.138720215)
(0.225135866 -12.53032012 0.3529344492)
(0.122159895 -12.76198073 0.6669330998)
(-0.03330030948 -12.5272405 0.8752807863)
(0.2877809 -12.32421812 0.3783154406)
(0.0894109103 -12.22008963 -0.1094787798)
(0.3225482711 -12.27517098 0.2253107928)
(0.7190941243 -12.53550394 -0.2891218491)
(-0.1431187017 -12.73429675 -0.02779878517)
(0.2756657235 -12.03201788 0.1950110756)
(0.2429458584 -12.52963865 0.3881475678)
(0.6044473294 -12.5331378 0.2800138458)
(0.1548196935 -12.26827135 0.365460358)
(0.3632684543 -12.12595231 0.1425367129)
(0.09187899402 -12.57690063 -0.03862369195)
(0.2306390121 -12.21678531 0.1606697462)
(0.05544340438 -12.43607003 0.3575040114)
(0.600644793 -12.43663172 -0.3204065533)
(0.2557185624 -12.26940682 0.3015939156)
(0.4093322801 -12.38611832 0.2411192095)
(0.1477824756 -12.59778113 0.04161047399)
(0.3279308738 -12.00610622 -0.1467914334)
(0.3931242823 -12.28843441 0.1572378926)
(-0.04942304525 -12.13928869 0.320403786)
(0.5367153761 -12.31171449 0.4542697571)
(0.2970845855 -12.07999559 -0.3228655985)
(0.06565216318 -12.33941094 0.4856106211)
(0.4684450374 -12.03794872 0.01873765767)
(0.146044657 -12.60320862 -0.2455927536)
(0.7408641236 -12.06230877 -0.3931075593)
(0.2302179449 -12.10649525 -0.615448449)
(0.337130516 -12.28531488 -0.3087844634)
(0.4591238534 -11.87087746 0.1843519544)
(0.2350090478 -12.00574844 -0.2794441781)
(0.4605673382 -12.68236004 -0.09560038213)
(0.4965938369 -12.22818266 0.3352489625)
(0.7311421013 -12.11666962 -0.4249616594)
(0.3404694681 -11.84164243 0.1307167979)
(0.7562197267 -11.971576 0.1894779658)
(0.2316251065 -12.72568905 0.3958152563)
(0.2984795918 -12.41063051 -0.08345639305)
(0.2993211967 -12.13783271 -0.7259245779)
(0.8263730408 -12.32830677 0.1273823905)
(0.5785086345 -11.92069313 0.5523538449)
(0.3509824366 -12.48314294 0.1232599575)
(0.3578827796 -12.12948682 -0.02644832387)
(0.1039191137 -12.01283393 -0.2446093713)
(0.2976760299 -12.20023902 0.1098013798)
(0.4738882198 -11.81373509 0.5262531973)
(0.1194525415 -11.88439476 0.1584101333)
(-0.08459827536 -12.41761206 0.08190732291)
(0.5788614911 -12.24524176 -0.2853509992)
(0.5647580611 -12.07848293 -0.3094674402)
(0.1450090142 -12.21186357 0.1086299936)
(0.8500600641 -11.87221556 0.1124993021)
(0.2103169868 -12.32434786 0.2584196327)
(0.3485048773 -12.42144424 -0.1914811496)
(0.2851118734 -11.75289958 -0.7683663123)
(0.1710118742 -12.18553645 0.060052366)
(0.2965522158 -12.63886446 0.0633782243)
(0.7355589304 -12.13210302 0.393484319)
(0.2690405307 -12.50702842 -0.03186767143)
(-0.06723798942 -11.81118679 0.2268144884)
(0.1763529549 -11.93184066 -0.3050877934)
(0.08743913024 -12.22208451 -0.3287162732)
(0.2130777859 -12.2834488 -0.2073806061)
(0.2669613684 -12.34597358 -0.1575819062)
(0.2071255228 -11.89478726 -0.1053868625)
(0.3360027993 -12.55905636 0.2466229221)
(-0.06819347192 -12.23594106 -0.003045431514)
(0.05810602033 -12.1354732 -0.01143768396)
(0.1335449899 -11.78560731 -0.3839000897)
(0.2172085313 -12.13417196 0.3325753186)
(0.2034714088 -12.05340493 -0.3104641011)
(0.8138143678 -12.32717923 0.1513217503)
(0.1395299086 -12.08483186 -0.2426754604)
(0.2290463907 -11.7482664 0.7688157325)
(0.1162881465 -12.0590073 0.2696016473)
(0.2477309888 -12.17231575 -0.358324565)
(-0.1813950519 -12.10528769 -0.1658951843)
(0.4781218768 -12.04377661 0.05998539553)
(0.5861558094 -12.09025622 0.2818578462)
(0.4631236885 -12.04700711 -0.03175164327)
(0.7196085739 -11.96270808 0.07121287646)
(0.2721977298 -12.19600276 0.05548070147)
(0.5019326295 -11.8413494 0.297160806)
(0.08974743362 -11.80913976 -0.03572507907)
(0.6876580262 -12.31646171 -0.3770081373)
(0.2092709058 -12.22980136 0.0180764259)
(0.9007699984 -12.04340099 -0.3009086623)
(0.4504811519 -12.066281 -0.3749408291)
(0.5018648488 -11.5243597 0.4261785101)
(0.8964154991 -11.58447845 -0.03481555633)
(0.9157211654 -12.00685675 -0.6320870047)
(0.3120065758 -12.10460573 -0.2276261644)
(0.8595765907 -11.54507966 -0.02150445552)
(0.9384003736 -11.98944634 -0.2543838771)
(0.8216290505 -12.12864121 -0.3587515267)
(0.70195107 -11.7885454 0.2923229819)
(0.3751060162 -12.54571969 -0.1610037459)
(0.5207516229 -12.14936714 0.3226457744)
(0.2351905575 -12.16397389 -0.3470663199)
(0.2511689551 -12.01246569 -0.4877126902)
(0.6794213254 -11.92034926 -0.08577007472)
(0.5479152781 -12.19431949 -0.09206973232)
(0.8767102949 -11.76461139 0.1029157933)
(0.5053305643 -11.97803587 0.1629193241)
(1.0490224 -12.01297987 0.3130912507)
(0.302450624 -11.50354366 0.1736116025)
(0.5420963885 -11.89319765 0.04694850062)
(0.6734181805 -12.11949304 0.3197911778)
(0.7100086601 -11.94350782 0.1221384037)
(0.09457200762 -12.10914995 -0.02530912761)
(0.6427779641 -11.55249713 0.3693496658)
(0.1962606081 -11.79008493 -0.01677363243)
(0.3779208318 -12.0081998 0.2353399722)
(0.1288940867 -12.08861735 0.07980703245)
(0.5557621191 -11.88228617 0.391865735)
(0.2260033638 -11.76522075 -0.05717968537)
(0.6060919938 -11.98332165 0.2497809666)
(0.1435262269 -12.43447859 -0.002560211206)
(0.3377768594 -11.80806289 0.03836862343)
(0.1931463339 -12.19441438 0.283347185)
(0.3936630155 -11.63733271 -0.4537479015)
(0.6342715132 -11.87092541 0.210487669)
(0.5586454196 -12.03810717 0.4842860307)
(-0.005232560259 -12.08558905 0.7774730282)
(0.868822844 -11.83253619 0.1092270401)
(0.2366776607 -11.81043989 0.2970082229)
(0.1041625469 -11.89104866 -0.3395353582)
(0.69545147 -11.76106809 0.0306600622)
(0.2328168881 -12.1096991 0.6850252927)
(0.5697744169 -12.21862634 0.5684538176)
(0.519438428 -11.54763955 -0.1358506953)
(0.4572402504 -12.19156195 -0.3426081139)
(0.2885458329 -11.79441652 0.2864641191)
(0.02326221369 -12.16412124 -0.0301915298)
(0.1960972942 -11.7090919 -0.5311365012)
(0.5593173549 -12.06118929 0.4937790794)
(0.4927277365 -11.95368686 0.06114092612)
(0.7326504876 -11.89249658 -0.05618936765)
(0.879588682 -12.08142437 0.5366615119)
(0.5496869809 -11.78099591 -0.3027045372)
(0.2223016567 -11.98533084 -0.03224033319)
(0.2804988076 -11.62919147 0.5153428225)
(0.4659705814 -12.23120653 -0.0009716509225)
(0.6005229323 -11.81360491 0.1292464707)
(0.4617943258 -11.35581516 0.2498450241)
(0.5578469225 -11.72543514 0.1943191557)
(0.2196321316 -11.83520086 0.07346017839)
(0.7289882941 -12.03635784 0.6406520527)
(-0.3003552334 -12.18591352 0.1570776573)
(0.01238808474 -11.92657738 -0.315759708)
(0.01611676116 -12.19555193 -0.01237918484)
(0.4270522434 -12.07762909 -0.1378428178)
(-0.4190792829 -12.02907249 0.01788440534)
(0.6660909783 -12.06342653 0.0202404178)
(0.2676597041 -11.31369969 0.08523197385)
(0.06231135001 -11.58724754 -0.1496423345)
(0.08766322778 -11.82970344 -0.03607496664)
(0.07769962937 -11.71856665 0.5867507923)
(-0.2530953232 -11.49180315 -0.235539829)
(0.419021915 -12.21541823 0.6958872928)
(0.1634024636 -12.17421199 0.5630161535)
(0.6468653637 -11.84646292 -0.03320031144)
(0.4997329892 -12.16919806 0.2921575486)
(0.4791504658 -11.39981444 0.4156404236)
(0.7164295049 -11.68602929 0.2678432395)
(0.3745627024 -12.05285643 0.09089684406)
(0.313930175 -11.97634892 -0.1743561349)
(0.58993205 -12.00197611 -0.3251082146)
(0.7319240378 -11.69562373 0.5415170395)
(0.9333222879 -11.61352105 0.243339252)
(0.7220403963 -11.6115052 0.4403832848)
(0.5909863625 -11.94029038 0.3040168584)
(0.6882454606 -11.80866189 -0.03253823975)
(0.6208532587 -11.96930924 -0.01967928424)
(0.4119940276 -11.57267363 0.5734453877)
(0.7107767394 -11.81641386 -0.02055223996)
(0.1560793951 -12.23584558 -0.3714335104)
(0.3880775804 -11.99384612 0.05073776242)
(0.05861655837 -11.93152812 -0.6233523484)
(0.7745146807 -11.68656786 0.5680933331)
(0.04461207101 -11.6908353 -0.06047045276)
(0.1504719549 -11.76679334 -0.1853891188)
(0.1557803294 -11.81955538 0.01062952001)
(-0.1624957558 -11.96162171 0.1218565038)
(-0.09796994454 -11.63426322 0.373068182)
(0.0774814386 -11.35825142 0.3341777495)
(0.2975020623 -11.96232847 0.4203495697)
(-0.02552786673 -12.34313869 -0.2383443693)
(-0.1756480093 -12.54250499 0.3487769655)
(-0.08673675008 -11.78274664 0.08840713161)
(0.4917540063 -11.86259151 -0.03555612882)
(-0.5664443579 -11.92962882 -0.4362786541)
(0.1720109655 -11.65060697 -0.7236139085)
(-0.1715158737 -12.01414766 0.09745783817)
(-0.1030194855 -11.92821562 0.1863421279)
(-0.2044192058 -11.6192749 -0.01405245608)
(0.1904724515 -11.74566855 0.2121250782)
(0.5513108029 -11.87217228 0.2901540566)
(-0.317369973 -11.64520828 -0.05192508516)
(-0.01625642562 -11.68605908 -0.03681082913)
(0.1279029966 -12.0647719 -0.2109785846)
(0.1638401884 -11.89081537 0.5449947977)
(0.1454185166 -11.63265233 0.4164688894)
(-0.07846511997 -11.95530548 0.2734249033)
(0.03178001914 -11.6699507 0.0812660544)
(0.1525980629 -12.30398437 -0.1363343911)
(-0.5128054935 -11.60634541 -0.214766406)
(0.5371576301 -11.86314246 0.01964278276)
(0.1437049201 -11.80053805 0.3627424648)
(0.3302951849 -12.3603483 -0.7259954937)
(0.07524080462 -11.75701983 -0.4681247639)
(-0.2948936476 -11.69732883 -0.2488378968)
(0.2327960747 -11.89686517 0.5690778834)
(0.5799039949 -11.58264147 0.3709319393)
(0.001150507017 -11.67024585 -0.479020492)
(0.2067168562 -11.86468204 -0.2067426709)
(-0.2809408278 -11.78274186 0.308670878)
(-0.04672702802 -11.78300955 -0.02131147453)
(0.4822499046 -11.97574508 -0.2240475975)
(0.1225053458 -11.72939115 -0.5808599308)
(0.4412574761 -11.97128975 -0.2264392208)
(-0.05606920508 -11.81010132 -0.02112974168)
(0.09965209079 -11.67143073 -0.0472422326)
(0.2227720346 -12.06604423 0.2001584494)
(-0.02938029911 -11.39209071 -0.1401932847)
(0.3581180774 -11.55841277 -0.8105221478)
(-0.1855829305 -11.71823852 -0.3132470934)
(0.5543837929 -12.10121513 0.4835808312)
(-0.002339943389 -11.7951971 0.8043686004)
(0.4297376125 -11.94348053 0.2220196415)
(0.7759149006 -12.01440624 -0.3380016091)
(1.396521791 -12.16341516 0.6349127395)
(0.3410317911 -11.58983149 1.13934197)
(0.9851183036 -12.0869694 0.1807913935)
(0.5190033401 -11.43562136 -0.00520437087)
(0.818838794 -12.5875786 0.5139768296)
(0.372052222 -11.98923234 -0.3211565497)
(0.8348824094 -11.46612638 0.2923903959)
(0.6232789094 -11.53166085 0.02662228696)
(0.6412993712 -12.58435976 0.009402415997)
(0.7558110052 -11.95803654 0.3365152017)
(0.1186204477 -11.51599153 -0.5041783042)
(0.5025164241 -11.99301283 0.3144693176)
(0.5426138989 -11.38604703 0.02466598626)
(0.5548084318 -11.71463717 0.2194903352)
(0.9640778129 -11.86449648 -0.2277337804)
(0.4097761641 -11.93947596 -0.1436215228)
(0.5168609821 -12.03575827 -0.4058476966)
(0.7726057431 -12.01734822 0.3182448167)
(0.9675146561 -12.04515427 -0.06032105951)
(0.5348246163 -12.21416088 0.4066498832)
(0.2740892597 -12.32276899 -0.2954523769)
(0.8754881726 -11.79899399 0.3989197907)
(-0.06853902315 -11.6279477 0.08615218515)
(0.2685776649 -11.77669975 -0.2794264236)
(-0.08156595449 -12.24659557 0.1568981869)
(0.3918733618 -11.69934211 0.009694090437)
(0.4823942156 -11.73516356 0.04949710329)
(0.3141881696 -11.71963858 -0.06704551653)
(0.2474273834 -11.76560239 -0.5701499679)
(0.07029873583 -11.73286623 -0.2694219645)
(0.3324915136 -12.38805338 0.05318541099)
(0.2456356408 -11.94796621 -0.07693220393)
(0.5252208304 -12.2125968 -0.7505595332)
(0.4918442023 -11.32790381 -0.5272027066)
(0.749926653 -11.59467639 -0.07026400906)
(0.3214609195 -11.78349184 0.006501306387)
(0.7406504238 -12.21127431 -0.2448208046)
(0.2175255841 -12.03791061 -0.563749332)
(1.180118906 -11.50864346 -0.1469595454)
(0.1789471467 -11.9044103 0.2936710002)
(0.7015872459 -11.89493976 -0.005201721898)
(1.044450096 -11.89742063 0.1579626106)
(0.08375902094 -12.25289668 -0.02871604533)
(0.4673334271 -12.27246592 0.1785927118)
(0.6082196581 -11.4649384 -0.1472670422)
(0.6880576247 -11.93244114 0.4667683951)
(0.5268401138 -11.52985325 -0.06301211547)
(0.5016068213 -12.14562928 0.07078146232)
(0.4096680855 -11.84840297 0.7882019681)
(0.6292868765 -11.7668677 -0.05150380819)
(0.6057933855 -12.01763811 0.1380229708)
(0.7317264877 -11.91302166 0.2900205544)
(0.4753873133 -11.49971566 0.2496117581)
(0.9272168731 -11.68607636 0.2051028082)
(1.130472453 -12.11510026 0.1720948415)
(0.7965585275 -11.91166455 0.4651318527)
(0.9576582925 -11.83018676 -0.07243455475)
(1.161914144 -12.12018773 0.2516144756)
(0.4748908137 -11.97154576 0.5192275881)
(0.5201636689 -11.71689424 -0.1634909384)
(0.5985083105 -12.0175938 0.2257228559)
(0.6328997246 -12.49701233 0.5601312566)
(0.8303448006 -11.65399328 0.511411823)
(0.7067928342 -11.75736075 -0.310625744)
(0.5239571874 -12.22345238 -0.002750991871)
(0.6836806432 -11.85329482 0.2118566655)
(0.7632717879 -12.18386554 0.3153465463)
(0.8937544969 -11.771089 -0.4096717477)
(0.5926575308 -11.73874472 0.09369797223)
(0.6138838801 -12.39321328 -0.8557422957)
(0.2436698607 -12.12997023 -0.4574843175)
(0.7899567172 -12.11422797 0.06731381524)
(-0.03523287094 -12.001041 0.07753388177)
(0.3503739659 -11.86963933 -0.2511423238)
(0.7170305443 -11.97585603 -0.949627298)
(0.3592717065 -11.67556099 0.09596105359)
(0.05915075032 -12.01977438 0.2104157078)
(0.0564920267 -11.93131851 0.2280075674)
(0.6395285389 -12.51533879 -0.2098141562)
(0.2313451481 -11.83276374 -0.4177479976)
(0.2781993227 -11.68770257 -0.2112522671)
(0.3056950082 -11.50034682 0.5150614786)
(0.7082961977 -11.79057268 0.07292040683)
(0.2135856104 -11.89457204 -0.267289503)
(0.6985511063 -11.86246262 -0.159719915)
(0.4199844407 -12.02287133 -0.1992838924)
(0.8763097487 -12.28196138 0.03865122848)
(1.494871177 -11.73049951 -0.3729401308)
(0.567210108 -11.88162055 0.04222469619)
(1.02153441 -12.25524859 0.7140483171)
(0.5359981157 -11.71075694 0.09041403333)
(0.8643930659 -12.54904816 -0.07141981857)
(0.002254456937 -11.57973712 -0.4548372935)
(0.9040019296 -12.02469578 0.2081690908)
(0.3485835299 -12.15998616 -0.4843303252)
(0.6999759778 -12.11500222 -0.1637583848)
(0.4890582958 -11.77193731 -0.03067034829)
(0.2793714668 -11.81513252 0.4128224612)
(0.5096250658 -11.64419571 0.3841222359)
(0.6836837292 -12.14119836 -0.1713032085)
(0.5617508632 -11.80507234 -0.8900633452)
(0.5266720872 -12.56569613 -0.2493853502)
(0.6029749467 -12.19259076 -0.2863056275)
(0.1259711564 -11.90891844 0.4197899873)
(0.6981307728 -12.36060654 -0.3503548217)
(-0.1751053296 -12.11402629 -0.01878328642)
(0.4471449224 -11.98686114 -0.5809828916)
(0.6397189199 -11.96716028 -0.07187883734)
(-0.01832777828 -12.16808087 -0.525778117)
(0.1987957684 -11.69819482 0.06937130652)
(0.421815462 -11.92783042 -0.5980523019)
(0.3474845738 -12.42241119 -0.3333521921)
(0.5434084138 -12.29890294 -1.285306616)
(0.7179849961 -12.38669053 -0.300187154)
(0.4124380065 -11.92236762 -0.1984645914)
(0.5503813478 -12.1239701 -0.4711597823)
(0.9831806635 -12.0203521 -0.5420017041)
(0.2035919758 -11.6674572 -0.6749386848)
(0.8854415781 -11.95201908 -0.1882707674)
(0.7389952602 -12.2812819 -0.3648099774)
(0.4574526618 -11.88152791 -0.06188484659)
(0.5795030766 -11.91479277 -0.6307456705)
(0.8769469861 -11.82587507 -0.4004282773)
(1.281003491 -12.18409372 -0.6398541844)
(0.7694191603 -11.83675694 -0.1077711046)
(0.3530995028 -11.85675496 -0.05177596832)
(-0.0422960065 -12.21425681 -0.163534322)
(0.8062207942 -12.45327726 -0.1405491043)
(0.4573211092 -11.85426054 0.4333482186)
(0.9826498914 -11.6459192 -0.2379260461)
(0.527627449 -12.1274521 -0.2234317638)
(0.7163807985 -11.82691088 -0.4771126595)
(0.7345330146 -12.74249541 -0.1295938052)
(0.526015777 -12.56782195 -0.06745157697)
(1.247817788 -12.26920994 -0.1309026854)
(1.196050978 -11.4682158 0.0656142393)
(1.237281636 -12.11174531 -0.4234886998)
(1.098752085 -12.4501279 -0.04751827394)
(0.1793750074 -12.10293279 0.3201540872)
(0.8107818507 -12.46587275 0.2121524081)
(0.6175367527 -11.88538878 0.3147069091)
(0.7213972441 -11.93471507 -0.3447425737)
(0.1173661637 -12.13171235 -1.042292716)
(0.3701376659 -12.11261956 0.2937499002)
(0.7483762237 -12.37230834 -0.01433679182)
(0.42483368 -12.0208715 -0.8559686831)
(0.3724712932 -11.97554448 0.2277011283)
(0.6528074512 -12.81038739 0.1627335281)
(0.4789067287 -12.34434448 0.146193974)
(0.4826393364 -12.51659853 -0.08784408201)
(0.4153535126 -11.8771124 -0.1190268325)
(0.3255162799 -11.99101599 -0.4553618614)
(0.9976697387 -12.35369644 -0.4023977617)
(0.6147585761 -12.25338542 0.06445267152)
(0.317591946 -12.47958428 0.08677353145)
(0.5663106245 -11.62580764 -0.09043718131)
(-0.1007594221 -12.23785026 0.1127506351)
(-0.1183018066 -12.35496581 -0.1049838055)
(0.7044091931 -12.38979641 -0.3336936047)
(0.5619791126 -12.59333984 0.7933577589)
(0.3819650113 -11.9296742 -0.1986293154)
(0.8862393408 -12.5244721 -0.3915163997)
(0.7432950587 -11.98756469 0.2815913487)
(1.120696375 -12.3380109 0.3169391534)
(0.5586409073 -12.40811448 0.2979953912)
(0.6138296671 -11.87951558 -0.3029225464)
(0.9996720256 -12.07574877 -0.33064927)
(1.057962811 -12.05594855 0.02660073966)
(1.681013574 -12.33558183 0.9139886138)
(0.8427015906 -12.07064732 -0.5921007718)
(0.8791894872 -11.77099328 0.8335617765)
(0.742966978 -12.78353414 0.004981812438)
(0.8222830887 -11.86407003 0.2022696972)
(0.9707193524 -12.23287264 -0.4643664946)
(0.7097166339 -11.94757354 0.6598621014)
(0.6018328254 -12.6724255 0.6228085637)
(1.277685832 -12.44013545 0.2710151218)
(1.187125416 -12.14882154 0.102068877)
(0.8472180407 -11.64507766 -0.2074914445)
(0.8760676965 -12.20570574 0.2727067501)
(1.060950571 -12.38371864 0.8516422683)
(0.2250850724 -12.11481133 0.3770439417)
(0.8032972761 -12.37661131 -0.04951692077)
(1.52803826 -12.37594828 -0.3703765832)
(0.517605574 -12.4780169 -0.1316153661)
(0.7290475513 -12.48443887 0.3831122081)
(1.02811846 -12.17755581 0.2378452856)
(0.8039465369 -12.09142242 -0.03619904328)
(0.6591497943 -12.12816875 -0.3308364312)
(0.7850386321 -11.80326034 0.1673568253)
(0.7270966454 -12.50142286 -0.01086720204)
(0.8065514737 -12.22414398 0.4316868452)
(0.6993568623 -12.59562608 -0.2131856001)
(0.3266529597 -12.46456991 -0.1611660386)
(0.3000525745 -12.45545394 -0.0505489144)
(0.4306769215 -12.1645794 -0.07609491883)
(0.6542363087 -12.14801921 0.4849071279)
(0.2111849058 -13.13216209 0.02586909081)
(0.2950244234 -12.45220539 -0.3907877982)
(0.8001268692 -12.38690011 0.1538861791)
(0.6886434426 -12.92704051 0.09293238848)
(0.8484531034 -12.058916 0.02492201747)
(0.7503057567 -11.89515102 -0.2380076329)
(0.3045424002 -12.56890868 0.2221581101)
(-0.03670136184 -12.78268629 0.6275041291)
(1.041397416 -12.65782879 -0.3566439355)
(0.3130915386 -12.51987365 0.3439444543)
(0.4195382662 -12.8188171 0.8528851941)
(0.6908640765 -11.87378171 0.2939240328)
(0.5350157355 -13.24397816 0.3860675318)
(0.3755430718 -13.02976372 -0.5127586674)
(-0.0436211408 -12.74345841 -0.3650595449)
(0.5799573189 -12.80470646 -0.03370331151)
(0.05479116178 -12.45121538 -0.03965347884)
(0.6435607405 -12.45648287 -0.4044447515)
(0.2625833287 -12.53143724 -0.332288798)
(0.7453101137 -12.47001974 0.2737003194)
(0.7131233573 -13.04279648 -0.2111679671)
(-0.1741367912 -12.55381755 -0.1523049057)
(0.2018237689 -13.13534503 0.1423815552)
(-0.1909017237 -12.82295235 -0.04719007102)
(0.5584091764 -12.80962089 -0.3321281123)
(-0.3462463567 -12.91016629 0.3999376862)
(0.3143608019 -12.67138663 0.9017829254)
(0.5423065264 -12.80186506 -0.2138235866)
(0.546642738 -13.47101915 -0.2103366154)
(0.1018130776 -13.16050685 0.8093346761)
(0.4495935001 -12.79822671 0.4523880574)
)
;

boundaryField
{
    upperWall
    {
        type            calculated;
        value           uniform (0 0 0);
    }
    lowerWall
    {
        type            calculated;
        value           uniform (0 0 0);
    }
    periodicX_half0
    {
        type            cyclic;
    }
    periodicX_half1
    {
        type            cyclic;
    }
    frontAndBack
    {
        type            empty;
    }
}


// ************************************************************************* //
