/*--------------------------------*- C++ -*----------------------------------*\
| =========                 |                                                 |
| \\      /  F ield         | OpenFOAM: The Open Source CFD Toolbox           |
|  \\    /   O peration     | Version:  v1706                                 |
|   \\  /    A nd           | Web:      www.OpenFOAM.com                      |
|    \\/     M anipulation  |                                                 |
\*---------------------------------------------------------------------------*/
FoamFile
{
    version     2.0;
    format      ascii;
    class       volScalarField;
    location    "5";
    object      Ma_Mixture;
}
// * * * * * * * * * * * * * * * * * * * * * * * * * * * * * * * * * * * * * //

dimensions      [0 0 0 0 0 0 0];


internalField   nonuniform List<scalar> 
500
(
0.01629279828
0.01622378013
0.01627805117
0.01652674583
0.01634816691
0.02094192955
0.02104475185
0.02089100221
0.02119112588
0.02070852751
0.02450737038
0.02443876513
0.02437583252
0.02403578515
0.02435388188
0.02784849456
0.02808830286
0.02809495327
0.02809819435
0.02787729966
0.03143515281
0.0313539802
0.03143841791
0.03180380175
0.03141086469
0.03484255074
0.03531215841
0.03528213571
0.03499223228
0.03492052953
0.03834538613
0.03817163142
0.03775299002
0.03796987186
0.0377721162
0.04122884957
0.04061462234
0.04111451831
0.0408193843
0.04098432519
0.04419913027
0.04441455295
0.04446276976
0.04448543592
0.0447750955
0.04713837911
0.04736849056
0.04698725547
0.0473344245
0.04734380906
0.05028000383
0.05002967997
0.04993452418
0.05026296827
0.04977489171
0.05286907122
0.05312791548
0.05269243846
0.05284840773
0.05298901022
0.05624122459
0.05670150514
0.05651540136
0.05652302068
0.05627193139
0.05879070429
0.0589468514
0.05876155064
0.05946478234
0.05916695099
0.06208596814
0.06187597286
0.06201063151
0.06193123205
0.06178926182
0.06437023517
0.06426955615
0.06408438829
0.06452314362
0.06414277715
0.06723285218
0.06750360976
0.06735151562
0.06721221486
0.06773315249
0.06992192746
0.07018414877
0.07053905797
0.07021271356
0.06993610599
0.07318561871
0.07294086226
0.07249466089
0.07260156631
0.07307111037
0.07555965191
0.07557822865
0.07549466508
0.07601116463
0.07581426443
0.078596093
0.07855133677
0.07884356176
0.07839957025
0.0782062463
0.08159161219
0.08121489766
0.08115796887
0.08139274528
0.08064927349
0.08418291379
0.08372341599
0.08394143126
0.08390595972
0.08421683504
0.08612269227
0.08634662631
0.08632630192
0.08663882555
0.08650445616
0.08871835113
0.0888973843
0.08909897754
0.08923475456
0.08864390803
0.09165666836
0.09165728536
0.09162861865
0.09213109271
0.09199049104
0.09456147627
0.09502098373
0.09454076136
0.0941431448
0.09480454856
0.09702307342
0.09702608867
0.09669037884
0.0969629629
0.09658608335
0.09964130889
0.09951513614
0.09950814369
0.09950555208
0.09987762375
0.1021855822
0.1023145813
0.1018148854
0.1023115717
0.1020558878
0.1049833861
0.1047381709
0.1045083344
0.1050651318
0.1044134501
0.1073549199
0.1072070386
0.1077277911
0.1072029968
0.1074134452
0.1099325758
0.1098615138
0.1098299873
0.1100950558
0.1104621644
0.1124454645
0.1123854744
0.1127780956
0.1122484242
0.1128002381
0.1147332226
0.114848002
0.1148160728
0.115135598
0.1147894579
0.1179183613
0.1175769187
0.1174087065
0.11762746
0.1171958494
0.1198354322
0.1199480519
0.1200463236
0.1198223975
0.1194854228
0.1219279148
0.1219896887
0.1218731757
0.1219692302
0.1219359763
0.1247903945
0.1252393035
0.1242436883
0.1250858294
0.1249494731
0.126433707
0.1270333747
0.127264766
0.1268101864
0.1268617461
0.129593921
0.1292790403
0.1290217893
0.129692196
0.1294960407
0.1321631569
0.132062368
0.1321971393
0.1322693801
0.131950697
0.1344143031
0.134458456
0.134602459
0.1343401399
0.1345945316
0.1367027808
0.1367471967
0.1366922867
0.13660824
0.1366549004
0.1392872325
0.1390019321
0.1388730685
0.1388648855
0.1387153141
0.1412850069
0.1409141833
0.1408923577
0.1411830118
0.1410915223
0.1430741804
0.1431747579
0.143479138
0.143423655
0.143393829
0.1452149835
0.1455214587
0.1454618722
0.1453296144
0.1454393307
0.1478482281
0.1477052165
0.1475554433
0.146932676
0.1471561359
0.1497033336
0.1496617959
0.1497780831
0.1498750059
0.1501295606
0.1524263622
0.1526436024
0.1523565998
0.1523091378
0.1525357542
0.1546031793
0.1548746733
0.1546516544
0.1543450197
0.1546938768
0.1569336885
0.1569100713
0.1574119266
0.157325438
0.1571602648
0.1595238262
0.1589223752
0.1595990826
0.1594710083
0.1595914749
0.1616985308
0.1618702919
0.1613701238
0.1615812835
0.1618994188
0.1640479809
0.1640916589
0.1642190512
0.1638824734
0.1638739974
0.1656570729
0.1660032689
0.166149595
0.1666708141
0.166407348
0.168397557
0.1682375006
0.1684352209
0.1680319567
0.168540175
0.1701411458
0.1700474834
0.1702991706
0.1701986251
0.1704597129
0.1721191285
0.1723631565
0.1722454007
0.1723936819
0.1722109296
0.1749026862
0.1747561758
0.1747744747
0.1746132523
0.174330437
0.1773516702
0.1770456074
0.1768987109
0.177005324
0.1768098495
0.1788933696
0.1790378348
0.1792999156
0.1793248732
0.178717244
0.1814162937
0.1808780734
0.1811184569
0.1809142498
0.1809843671
0.1832226402
0.1831367831
0.1829895224
0.1829847833
0.1829000783
0.1848158379
0.1846104826
0.1849659106
0.1852962825
0.1855179536
0.1869669435
0.1875394015
0.1868377747
0.1863935432
0.1867831767
0.1887049048
0.1889239572
0.1891158528
0.1891572823
0.1892688333
0.1911793571
0.1914280717
0.1921689449
0.1916145054
0.1916900591
0.1938570332
0.1937720058
0.1934028967
0.193789787
0.1934775554
0.1961106771
0.1962158205
0.1955943597
0.1958753819
0.1959859474
0.1977261764
0.1971732185
0.1979358335
0.1976163744
0.1974750856
0.19993934
0.2002740489
0.2001245362
0.1996751605
0.1998958092
0.202204299
0.2023679166
0.2020103876
0.2022012264
0.2021559996
0.2045139907
0.2043703051
0.2045072924
0.2047591691
0.2041674153
0.2061986974
0.2061742269
0.2061586456
0.2062811259
0.2061699026
0.2086074999
0.2087449229
0.2083160929
0.2090036965
0.2087041292
0.2100455431
0.2107656985
0.2100985242
0.2111407162
0.2104413178
0.2129047364
0.2124399348
0.2128011996
0.2125958864
0.2131503114
0.2144453541
0.2152094262
0.2148720224
0.2142857393
0.2151792778
0.2161565184
0.2165454461
0.2162674566
0.2162208371
0.2164266681
0.2179830782
0.2182004824
0.2187715965
0.2183065493
0.2185932839
0.2201169843
0.2202233338
0.219910201
0.2201630885
0.2209386416
0.2227588401
0.2226611725
0.2231570731
0.2221623836
0.2223436483
0.2243750751
0.2246030224
0.2246771226
0.2247372751
0.2245335585
0.2269044573
0.2266104569
0.2269700243
0.2261407567
0.2266210223
0.2283475178
0.2288455738
0.2283494174
0.2282450526
0.2284662339
0.2307874708
0.2299925471
0.2307336877
0.2307562428
0.2309807929
0.2326157165
0.2333276063
0.2327573198
0.233044879
0.2328638489
0.2347772376
0.235439672
0.2352921982
0.2352014121
0.2350054301
0.2362803397
0.2372320161
0.2369995866
0.2369376536
0.2368653851
0.2384514964
0.2388658259
0.2386140769
0.2390055167
0.2393984513
0.2405122405
0.2408675921
0.2406657162
0.2405691891
0.2404231199
0.2430341201
0.242841454
0.2427130245
0.2424932395
0.2429679204
0.2445605556
0.2443971258
0.2446387805
0.2446749728
0.2446527078
0.2468219743
0.2463016743
0.2475302694
0.2469744472
0.2471877367
0.2490187486
0.248992908
0.2488318458
0.2494699457
0.2487341831
0.250848797
0.251585217
0.250843256
0.2508093516
0.2511938729
0.2532646675
0.2533149525
0.2534176688
0.2533344262
0.2535090776
0.2562653206
0.2563959082
0.2558439117
0.2556119239
0.2559650953
)
;

boundaryField
{
    upperWall
    {
        type            calculated;
        value           nonuniform List<scalar> 5(0.2574598419 0.2586849369 0.256085638 0.2584626282 0.2581549786);
    }
    lowerWall
    {
        type            calculated;
        value           nonuniform List<scalar> 5(0.01232744174 0.01317876458 0.01343762088 0.01328175302 0.01389070251);
    }
    periodicX_half0
    {
        type            cyclic;
    }
    periodicX_half1
    {
        type            cyclic;
    }
    frontAndBack
    {
        type            empty;
    }
}


// ************************************************************************* //
