/*--------------------------------*- C++ -*----------------------------------*\
| =========                 |                                                 |
| \\      /  F ield         | OpenFOAM: The Open Source CFD Toolbox           |
|  \\    /   O peration     | Version:  v1706                                 |
|   \\  /    A nd           | Web:      www.OpenFOAM.com                      |
|    \\/     M anipulation  |                                                 |
\*---------------------------------------------------------------------------*/
FoamFile
{
    version     2.0;
    format      ascii;
    class       volScalarField;
    location    "5";
    object      mctTimeStepRatio_N2;
}
// * * * * * * * * * * * * * * * * * * * * * * * * * * * * * * * * * * * * * //

dimensions      [0 0 0 0 0 0 0];


internalField   nonuniform List<scalar> 
500
(
13.7344669
13.74440512
13.74648358
13.7359297
13.73154962
13.79352132
13.80744126
13.79552813
13.80709887
13.80905898
13.85555535
13.85135141
13.85739609
13.86640395
13.85977531
13.91438539
13.91981525
13.90706749
13.91742283
13.90495371
13.94708078
13.9585764
13.95545588
13.96287874
13.95407419
13.99587392
13.99333061
13.98746403
13.9876695
13.99458917
14.04873665
14.03755826
14.04085539
14.03877421
14.04122107
14.09221732
14.09218361
14.10082268
14.0789676
14.0860559
14.13676925
14.13839042
14.15579768
14.12435287
14.1399759
14.17656978
14.1757801
14.17863529
14.1743193
14.17300266
14.23044171
14.23617864
14.23240338
14.23224102
14.23151964
14.27278414
14.27560025
14.26819627
14.27781193
14.28251826
14.31914903
14.32298943
14.3329859
14.32080121
14.31063836
14.35531442
14.35968202
14.35630862
14.34066269
14.34677764
14.40950691
14.40632472
14.41032617
14.4094985
14.40130657
14.46269
14.45294905
14.45030142
14.43915443
14.4420345
14.48893158
14.48954589
14.47965335
14.47202328
14.48844753
14.52975286
14.53133382
14.53130794
14.51809597
14.52544144
14.56957395
14.56634058
14.56693162
14.58206446
14.58103552
14.61307724
14.61129204
14.61434066
14.61156398
14.62488953
14.64508187
14.64905811
14.64647675
14.65017438
14.66680174
14.70563953
14.70785424
14.68982627
14.69243284
14.70069208
14.74135416
14.7377439
14.73954709
14.73361022
14.74432692
14.78197674
14.78571967
14.77999197
14.78434069
14.77880901
14.82458982
14.82416411
14.83318454
14.83535734
14.82248861
14.86940668
14.84787573
14.86802241
14.86630901
14.87716436
14.89882643
14.90375807
14.90815232
14.8994033
14.90507418
14.94224804
14.94534766
14.95361638
14.94529888
14.93632595
14.98505178
14.97355993
14.97490445
14.98642857
14.99502625
15.00987325
15.00633148
15.00975751
15.02723705
15.02537911
15.06205046
15.05470819
15.06421814
15.06946653
15.06019896
15.09040282
15.10609694
15.108181
15.11165233
15.10085918
15.14618963
15.14859058
15.14078633
15.15770261
15.12865249
15.18507412
15.19384852
15.18575115
15.18292428
15.19025552
15.24022297
15.22728529
15.22604871
15.24356224
15.24194385
15.25443375
15.2613547
15.26220904
15.27579836
15.27788533
15.30481014
15.3095597
15.31410934
15.29899071
15.29667667
15.34535594
15.34098977
15.32861226
15.33756795
15.34126005
15.37303051
15.38225884
15.37818166
15.37263021
15.37168681
15.4226897
15.42335384
15.42285975
15.41910668
15.41929041
15.44847009
15.4538921
15.43656707
15.46019843
15.46419569
15.49529306
15.51212999
15.49584721
15.50081577
15.49228257
15.55135038
15.54201465
15.53308032
15.53530191
15.55149399
15.56441408
15.57839561
15.56141531
15.5852088
15.58023552
15.60642583
15.60180294
15.59947784
15.60696942
15.60974528
15.62772421
15.65756816
15.66211505
15.62602772
15.65364054
15.69141529
15.67240276
15.69446435
15.68431158
15.69827073
15.72957586
15.71243895
15.72393852
15.71228656
15.72409469
15.76712253
15.76482503
15.75403083
15.74777556
15.76660597
15.80238377
15.80892431
15.80068841
15.78548783
15.81129475
15.8479373
15.83858565
15.84317838
15.83242458
15.84389459
15.87353921
15.88958135
15.87338467
15.87944022
15.86823346
15.92009115
15.91511889
15.92647636
15.91031716
15.90160527
15.94726092
15.95882189
15.94980131
15.94984557
15.94588702
15.98254012
15.99284311
15.98615085
16.00319005
15.9906536
16.0278342
16.0187227
16.03111481
16.03850504
16.03818511
16.06109943
16.06681427
16.07032281
16.07174134
16.0737993
16.09859414
16.09826026
16.08926951
16.09977118
16.10213033
16.12717883
16.1225645
16.126728
16.13905666
16.12322888
16.16749664
16.16421811
16.17801759
16.16980773
16.1766623
16.21639707
16.22932837
16.21379295
16.20242258
16.21716073
16.25114906
16.2476257
16.24063312
16.25087623
16.23309026
16.27897886
16.27668582
16.28053688
16.2818175
16.28756713
16.30603938
16.32597928
16.33618171
16.32504069
16.33656837
16.34449853
16.35385139
16.35541447
16.36302943
16.34255358
16.38011627
16.39104498
16.37953324
16.38855824
16.38561867
16.42316175
16.41838574
16.42646142
16.43588001
16.4163687
16.45624022
16.46327424
16.45853674
16.4730107
16.45244164
16.51941821
16.51012454
16.48163315
16.51496261
16.50122049
16.53432634
16.5366212
16.52980741
16.53230555
16.51905909
16.57072059
16.55934865
16.55940999
16.56752065
16.57530614
16.59357481
16.59311778
16.59297001
16.59113973
16.62250563
16.63461188
16.63051011
16.63486629
16.63309132
16.64730739
16.64807057
16.66015453
16.66912004
16.67427375
16.66252126
16.69322287
16.71024602
16.69587602
16.702824
16.6950016
16.7461557
16.74334182
16.73268588
16.7263655
16.73549379
16.75976896
16.76901208
16.77664912
16.7478816
16.7671436
16.7878889
16.79223843
16.8009676
16.79278093
16.79574946
16.82148619
16.8269648
16.84013663
16.83715921
16.82986572
16.86459176
16.86406528
16.85968932
16.87235462
16.86137273
16.89459627
16.89482599
16.90588557
16.89467604
16.91370263
16.9417539
16.94216274
16.92810768
16.95414264
16.93706543
16.962025
16.97130146
16.96108301
16.95814008
16.98323541
16.99361885
17.01075696
17.01434615
16.99545806
17.01749015
17.03931557
17.02989422
17.03825063
17.03032425
17.03415694
17.07912193
17.07066454
17.08737961
17.08282813
17.06902305
17.09234197
17.10627956
17.11503772
17.10071663
17.09389307
17.12793031
17.13513748
17.14080732
17.13351107
17.12910346
17.17260591
17.1815942
17.16662004
17.18268323
17.17790852
17.19768376
17.21570544
17.2214396
17.23167413
17.20729552
17.2456262
17.24726296
17.24746187
17.24364022
17.25247566
17.27201416
17.28559132
17.28204483
17.27083928
17.2832279
17.3032175
17.32366113
17.32139726
17.32989892
17.30641217
17.34610451
17.35277203
17.35979985
17.35908764
17.35986173
17.38871142
17.3876769
17.39418605
17.39439718
17.40381305
17.42086703
17.41942762
17.42825966
17.44345672
17.43131102
17.47527371
17.45741589
17.4584642
17.45538032
17.44980835
17.48828077
17.51265298
17.48223601
17.49960774
17.49318325
17.52840585
17.55846055
17.5460116
17.53005515
17.51497907
17.59573959
17.6053977
17.56678965
17.58339698
17.57935682
)
;

boundaryField
{
    upperWall
    {
        type            calculated;
        value           nonuniform List<scalar> 5(17.59573959 17.6053977 17.56678965 17.58339698 17.57935682);
    }
    lowerWall
    {
        type            calculated;
        value           nonuniform List<scalar> 5(13.7344669 13.74440512 13.74648358 13.7359297 13.73154962);
    }
    periodicX_half0
    {
        type            cyclic;
    }
    periodicX_half1
    {
        type            cyclic;
    }
    frontAndBack
    {
        type            empty;
    }
}


// ************************************************************************* //
