/*--------------------------------*- C++ -*----------------------------------*\
| =========                 |                                                 |
| \\      /  F ield         | OpenFOAM: The Open Source CFD Toolbox           |
|  \\    /   O peration     | Version:  v1706                                 |
|   \\  /    A nd           | Web:      www.OpenFOAM.com                      |
|    \\/     M anipulation  |                                                 |
\*---------------------------------------------------------------------------*/
FoamFile
{
    version     2.0;
    format      ascii;
    class       volScalarField;
    location    "5";
    object      meanCollisionRate_O2;
}
// * * * * * * * * * * * * * * * * * * * * * * * * * * * * * * * * * * * * * //

dimensions      [0 0 -1 0 0 0 0];


internalField   nonuniform List<scalar> 
500
(
7288.335866
7279.720933
7288.762461
7285.238292
7285.867646
7252.6702
7255.131717
7250.706325
7243.461182
7247.440745
7222.412301
7225.841318
7221.825596
7224.778364
7220.364614
7194.107598
7194.410776
7192.252118
7201.139132
7194.161185
7168.949627
7173.702532
7170.40546
7171.238087
7163.870774
7141.078088
7144.709717
7144.395917
7142.545998
7137.796358
7121.759208
7118.182802
7128.207804
7119.564658
7124.764513
7101.652345
7094.952608
7103.210534
7097.1771
7091.174809
7062.473054
7075.570943
7081.678034
7073.177685
7071.956408
7049.876463
7054.016327
7050.687159
7053.448425
7051.79236
7029.024154
7029.371898
7031.093193
7019.734527
7030.533681
7004.128738
7011.689249
7012.795641
7009.899061
7013.292095
6989.600361
6992.207998
6993.425458
6994.119032
6986.882578
6960.206942
6965.520831
6958.792335
6965.53193
6969.936573
6946.944549
6942.718859
6957.545613
6940.93833
6944.597657
6924.806835
6924.697831
6929.842888
6929.767276
6929.474687
6908.606731
6899.357253
6905.499407
6906.49114
6907.690417
6887.139018
6883.110698
6882.373258
6876.721065
6882.822772
6862.684828
6867.324671
6863.84987
6868.398816
6863.726753
6850.681335
6847.105759
6844.136828
6847.459381
6851.501328
6827.971094
6824.547193
6826.077853
6824.261979
6828.847609
6808.097887
6814.731572
6804.761229
6804.452419
6815.349017
6789.256834
6785.865835
6791.865376
6788.296772
6790.438685
6772.377782
6773.27822
6768.939081
6768.892874
6770.754235
6747.864759
6747.809406
6747.526301
6755.591247
6751.33893
6731.109691
6727.91048
6730.09446
6729.089543
6736.590644
6716.37371
6711.694401
6718.275508
6716.083262
6709.726466
6696.524619
6691.382258
6699.986912
6693.896306
6691.976289
6680.204485
6673.693588
6678.043439
6681.913363
6672.664745
6663.681509
6664.934912
6660.945124
6652.126225
6661.363913
6636.007163
6638.007092
6638.966843
6642.163737
6640.076016
6620.147678
6622.597962
6626.608066
6625.735163
6629.502413
6605.436556
6602.227555
6608.554826
6603.670505
6602.838993
6590.877408
6586.56255
6587.158594
6587.729935
6587.322837
6570.309903
6570.947213
6572.5224
6566.631435
6567.226355
6553.834922
6551.995582
6552.057334
6548.634458
6547.521903
6536.53577
6534.321772
6533.834398
6534.475555
6537.200547
6517.87592
6519.28975
6517.183554
6524.19814
6525.509714
6501.349954
6504.566801
6505.158406
6506.122946
6501.781472
6485.042032
6488.351424
6490.096774
6488.331509
6486.429861
6466.973975
6471.599915
6472.948364
6470.801935
6473.165378
6453.159887
6460.858524
6455.786501
6454.79803
6456.420812
6444.152266
6442.654029
6440.171833
6435.186814
6444.240206
6420.483177
6424.335537
6426.185786
6425.698201
6421.731812
6408.845406
6406.687033
6407.833296
6401.132164
6410.697206
6393.83255
6391.591137
6396.89113
6390.86011
6396.094281
6379.584968
6372.165316
6375.715656
6379.551343
6379.888807
6360.401015
6357.884638
6365.813509
6356.81476
6362.530781
6336.783174
6345.254217
6344.037376
6342.110585
6344.558971
6333.606063
6326.918885
6331.661871
6329.546597
6330.892136
6318.295823
6316.504723
6318.451806
6315.397661
6316.622416
6308.78902
6303.65531
6303.048993
6301.606839
6301.416495
6292.055943
6284.449634
6283.821215
6288.123135
6287.08396
6271.155538
6270.702695
6267.509272
6271.26085
6264.219462
6259.712758
6261.18368
6255.848053
6252.413299
6262.171325
6248.776289
6246.855694
6245.395025
6251.78763
6246.895284
6233.854067
6238.294095
6236.7309
6231.672341
6235.85511
6221.042627
6219.963566
6218.853634
6214.507026
6222.655686
6210.929238
6202.929916
6207.090246
6205.421765
6212.08865
6186.694129
6190.069336
6190.807925
6192.018524
6193.483889
6181.628748
6180.37887
6177.569485
6171.178013
6170.201168
6161.857934
6165.642868
6161.011058
6164.303273
6165.415888
6151.740647
6156.677159
6149.611497
6149.362812
6150.227347
6140.302528
6137.396091
6134.078513
6142.015208
6138.2269
6122.75517
6121.857873
6117.987259
6125.547736
6124.11339
6110.411061
6108.343518
6108.82485
6115.008007
6105.886479
6095.353534
6100.08356
6093.729613
6097.839014
6092.78867
6083.675465
6084.936947
6082.920015
6089.075273
6083.439482
6073.839399
6074.137797
6068.876747
6070.296784
6071.186227
6062.201779
6056.298775
6062.999042
6055.534654
6059.584317
6047.272794
6044.12069
6047.607447
6044.463183
6044.523451
6032.034152
6034.995758
6031.326381
6035.116674
6034.426743
6021.542316
6024.593324
6027.537226
6026.225014
6023.855137
6008.809039
6010.613122
6009.668146
6012.188071
6014.094072
6000.36148
6000.632523
5996.767013
6001.195022
6002.189413
5983.703612
5990.320528
5985.900098
5988.374206
5987.318215
5970.90612
5971.222136
5969.757508
5972.10854
5972.693993
5960.823361
5964.370461
5958.666763
5957.456342
5960.662081
5949.006682
5951.895965
5951.243739
5943.73796
5941.273332
5939.37703
5942.700341
5932.262274
5929.89051
5928.702222
5922.604998
5928.13388
5927.139532
5922.931323
5926.409582
5908.543509
5912.016274
5913.515978
5912.499837
5912.710808
5902.069062
5896.038263
5898.754147
5897.207068
5901.527984
5882.816948
5888.498047
5889.627127
5885.420979
5888.874956
5874.74594
5879.35791
5875.812182
5876.821877
5874.924257
5863.2778
5866.288087
5863.38383
5871.029125
5866.695811
5857.292439
5851.678289
5850.248804
5853.326275
5857.994132
5844.569153
5844.062043
5837.91117
5837.384917
5844.510229
5834.972234
5833.062153
5831.251742
5831.226838
5832.320017
5822.45568
5826.259744
5816.190395
5822.111751
5820.578846
5806.09802
5811.382479
5810.860966
5811.054185
5814.723638
5795.858648
5797.564021
5803.526316
5801.786256
5793.815297
5791.087889
5786.237436
5791.31033
5792.977125
5794.045441
5777.070834
5781.712389
5773.720094
5778.50744
5777.747153
5768.239403
5771.688242
5765.04996
5761.968822
5765.714972
5756.899587
5756.302008
5755.262513
5752.411874
5757.701936
5739.400138
5737.803667
5747.404072
5740.047927
5737.780458
5727.842581
5731.321493
5729.614128
5732.68629
5723.722765
5715.440953
5719.274174
5715.409441
5714.70956
5714.815664
5697.923905
5699.786808
5697.227188
5701.913539
5703.254129
)
;

boundaryField
{
    upperWall
    {
        type            calculated;
        value           nonuniform List<scalar> 5(5697.923905 5699.786808 5697.227188 5701.913539 5703.254129);
    }
    lowerWall
    {
        type            calculated;
        value           nonuniform List<scalar> 5(7288.335866 7279.720933 7288.762461 7285.238292 7285.867646);
    }
    periodicX_half0
    {
        type            cyclic;
    }
    periodicX_half1
    {
        type            cyclic;
    }
    frontAndBack
    {
        type            empty;
    }
}


// ************************************************************************* //
