/*--------------------------------*- C++ -*----------------------------------*\
| =========                 |                                                 |
| \\      /  F ield         | OpenFOAM: The Open Source CFD Toolbox           |
|  \\    /   O peration     | Version:  v1706                                 |
|   \\  /    A nd           | Web:      www.OpenFOAM.com                      |
|    \\/     M anipulation  |                                                 |
\*---------------------------------------------------------------------------*/
FoamFile
{
    version     2.0;
    format      ascii;
    class       volScalarField;
    location    "5";
    object      meanCollisionSeparation_Mixture;
}
// * * * * * * * * * * * * * * * * * * * * * * * * * * * * * * * * * * * * * //

dimensions      [0 1 0 0 0 0 0];


internalField   nonuniform List<scalar> 
500
(
0.002608534116
0.002607229104
0.002606882417
0.002607239392
0.002606372447
0.002608372729
0.00260741515
0.002607242738
0.002606544028
0.002608341611
0.00260583041
0.002607466668
0.002606091079
0.002606853811
0.002607370008
0.002607686599
0.002607844527
0.002607021687
0.002606462205
0.002607316227
0.002606122321
0.002607895928
0.002606630729
0.002608895493
0.002607527906
0.002606615011
0.002608393993
0.002606056092
0.002604507026
0.002604828059
0.002605809305
0.002605902528
0.002605159368
0.00260703045
0.002607386257
0.002606743803
0.002606867662
0.002607433171
0.002607172367
0.002606690847
0.002606012409
0.002607038411
0.002608868528
0.002606891194
0.00260782926
0.002607432066
0.002607454151
0.002608120317
0.002607226575
0.002607791388
0.002606180659
0.002604710352
0.002606990918
0.002606585555
0.002606855159
0.002605655376
0.002610287029
0.002607767288
0.002606928351
0.002605973833
0.002607917275
0.002607909033
0.002607751722
0.002606134448
0.002607694618
0.002606692087
0.002607053224
0.002605817628
0.002607530832
0.002606134357
0.002607258481
0.00260755113
0.002608536477
0.00260528755
0.002604971162
0.002605843282
0.002605029964
0.002606622341
0.002606839452
0.002608083418
0.002605708523
0.002609341754
0.002606758137
0.002608845043
0.002607821449
0.00260743533
0.00260757011
0.002608174079
0.002606406454
0.002608110834
0.002608853782
0.00260809309
0.00260801503
0.002608574347
0.002605047861
0.002606568446
0.002606798556
0.002608566084
0.002606238503
0.002605711984
0.002606043025
0.002607056481
0.002607435981
0.002605538794
0.002607354834
0.002606825649
0.002605573377
0.002606091527
0.002606185547
0.002608203414
0.002607644709
0.00260898354
0.002605752211
0.00260820884
0.002607046968
0.002609971405
0.002607505105
0.002607695881
0.002606911092
0.002606007526
0.002608120345
0.002607230979
0.002605797952
0.002605143188
0.002605974348
0.002608680966
0.002606828363
0.002608247946
0.002605960278
0.002607650051
0.002608105125
0.002606114569
0.002606760994
0.002605516539
0.002604210419
0.002606962025
0.002605915264
0.002607973514
0.002607623897
0.002607360906
0.002606572223
0.002606231907
0.002607169966
0.002606946654
0.002610147844
0.002605772402
0.002607456622
0.002607451328
0.002606958884
0.002607255412
0.002606375284
0.00260625591
0.0026078684
0.002605830253
0.002606634805
0.002606991506
0.002606123974
0.00260746969
0.002607278941
0.002606799001
0.002607564816
0.00260631429
0.002608339388
0.002608725207
0.002607990937
0.002605891189
0.002607149478
0.002607877223
0.00260648585
0.0026072554
0.002606846871
0.00260775491
0.002607310667
0.002607847556
0.002608911822
0.00260714707
0.002606268457
0.002609418081
0.002607921375
0.002608032539
0.002606160658
0.002607665141
0.002608212125
0.002606382624
0.002607825696
0.002607074488
0.002608408626
0.002604214932
0.002608266176
0.002605551189
0.002604977025
0.002607591704
0.002605756069
0.002607961413
0.002607242984
0.002607025507
0.002606910119
0.002609332814
0.002605840681
0.002607419253
0.002606567129
0.002606651593
0.002607498182
0.00260784616
0.002606806913
0.002607560363
0.002606066214
0.002607064909
0.00260747282
0.002606091064
0.002606905392
0.002606290377
0.002608361943
0.002604104969
0.002608426735
0.002606441727
0.002604991437
0.002606486666
0.002607501592
0.002606664761
0.002608585411
0.00260652966
0.002607972351
0.002606397402
0.002606433909
0.002610033049
0.00260622049
0.002607116745
0.002606774588
0.002607373072
0.00260862657
0.00260471372
0.002605887338
0.00260861709
0.002607785326
0.002606120714
0.002607508199
0.00260652356
0.002607147445
0.002606419123
0.002605739405
0.00260700781
0.002606623529
0.002605507956
0.002608138948
0.002607323117
0.002607143107
0.002605133357
0.002606255944
0.002603886979
0.002607050991
0.002606553743
0.002607104831
0.002606867632
0.002607196495
0.002607112042
0.002609043274
0.0026052611
0.00260732502
0.002609152381
0.002607350426
0.002606089913
0.002606197508
0.002607261666
0.002608088768
0.002606433826
0.002607642826
0.002603667409
0.002606931919
0.002607580172
0.002606729214
0.002606868516
0.002606989867
0.002606944923
0.002607674966
0.002606193218
0.002607362898
0.002606196093
0.002605698951
0.002607303406
0.002608313216
0.002606335509
0.002606574603
0.002606723094
0.002607041479
0.00260828526
0.002607277123
0.002606019671
0.002607524511
0.002607915698
0.002609234174
0.002606484047
0.002607267524
0.002607649817
0.00260619668
0.002607133362
0.002606323414
0.002604238559
0.002607771396
0.002606545914
0.002609166319
0.002608525509
0.002606077365
0.00260802507
0.002605931003
0.0026075968
0.002608531149
0.002607477082
0.002608413434
0.002607474693
0.002608037191
0.002605899338
0.002608850022
0.002606494809
0.002606730411
0.002606628963
0.002605212221
0.002606556055
0.002607671676
0.00260871852
0.00260735888
0.002606914937
0.002607457351
0.002607885498
0.002607819473
0.002604897309
0.002609421175
0.002607881085
0.002603779315
0.002608411511
0.0026070072
0.002607038699
0.002607721185
0.002608938388
0.00260774969
0.00260868437
0.00260668
0.002604239872
0.002605636932
0.002606110355
0.002607339443
0.002607414084
0.002605541908
0.00260657958
0.002608272147
0.002605624958
0.002607032017
0.002607113277
0.002607273878
0.002606439033
0.002606295592
0.00260664209
0.002608295082
0.002607340563
0.002605551057
0.002607428841
0.002606953686
0.002605706833
0.002607349237
0.002606074823
0.002606635345
0.002604503092
0.00260722462
0.002607655361
0.002605293683
0.00260695837
0.002607445569
0.002605756124
0.002608196417
0.002609320526
0.002605920382
0.002606636594
0.002606400836
0.002606158156
0.002606582219
0.002605489658
0.002606779453
0.002607956966
0.002606590789
0.002606180137
0.002608249421
0.00260657088
0.002607034657
0.002607596138
0.002605358412
0.002608117439
0.002606656854
0.002608737623
0.002608569178
0.002604749415
0.002606876241
0.002608260858
0.002606079466
0.002604769108
0.002609669888
0.002607808372
0.002605649601
0.002608244732
0.002605137852
0.002605548952
0.002607143684
0.002606772881
0.002605141899
0.002603654307
0.002606728986
0.00260674241
0.002609448946
0.002606122799
0.002607150943
0.002605561303
0.002604920937
0.002607025025
0.002605706782
0.002606792256
0.002606770371
0.002606994183
0.002606944037
0.00260777049
0.002606429038
0.002605780318
0.002606432758
0.00260839827
0.002605859042
0.002606600068
0.00260558923
0.002608421098
0.002606547948
0.002607007932
0.00260656467
0.002606680273
0.002606803139
0.002606922593
0.002608250577
0.002606710009
0.002607621717
0.002609820289
0.002605984798
0.00260656916
0.002605157177
0.002606247178
0.002606580353
0.002607613271
0.002607250187
0.002605781588
0.00260768869
0.002606880319
0.002607012121
0.002606094325
0.002606344949
0.002607156906
0.002604833982
0.002603776603
0.002606528011
0.002606381736
0.002607354207
0.002608444657
0.002607316837
0.002605286071
0.002606994751
0.002604865165
0.002607556056
0.002607762852
0.002608249147
0.002604198033
0.0026072067
0.002608287928
0.002606147122
0.002606235329
0.002608627445
0.002605831051
0.00260806635
0.002605994584
0.002607424782
0.002606159644
0.002606254952
0.00260722036
0.0026079514
0.002607736809
0.00260653169
0.002606986779
0.002604514508
0.002604284804
0.002607205844
0.002606352694
0.002604828444
0.002608811091
0.002607401299
0.002607593667
0.002604929285
0.00260830246
0.002608657682
0.002606571674
0.002606567488
0.002607029234
0.002607322195
0.002605021817
0.002605195986
0.002607640422
0.002605760211
0.002605066285
)
;

boundaryField
{
    upperWall
    {
        type            calculated;
        value           uniform 0;
    }
    lowerWall
    {
        type            calculated;
        value           uniform 0;
    }
    periodicX_half0
    {
        type            cyclic;
    }
    periodicX_half1
    {
        type            cyclic;
    }
    frontAndBack
    {
        type            empty;
    }
}


// ************************************************************************* //
