/*--------------------------------*- C++ -*----------------------------------*\
| =========                 |                                                 |
| \\      /  F ield         | OpenFOAM: The Open Source CFD Toolbox           |
|  \\    /   O peration     | Version:  v1706                                 |
|   \\  /    A nd           | Web:      www.OpenFOAM.com                      |
|    \\/     M anipulation  |                                                 |
\*---------------------------------------------------------------------------*/
FoamFile
{
    version     2.0;
    format      ascii;
    class       volScalarField;
    location    "5";
    object      mfpCellRatio_Mixture;
}
// * * * * * * * * * * * * * * * * * * * * * * * * * * * * * * * * * * * * * //

dimensions      [0 0 0 0 0 0 0];


internalField   nonuniform List<scalar> 
500
(
4.296400589
4.300075002
4.298496007
4.297210042
4.297056614
4.331688448
4.333542069
4.332058249
4.337106591
4.337321745
4.363808051
4.361571802
4.364393657
4.364857179
4.365453788
4.394581854
4.395119666
4.393423238
4.39332195
4.392139459
4.418062963
4.41932629
4.42031977
4.420562331
4.420095988
4.444948529
4.444396897
4.443141195
4.442546315
4.445937548
4.471354928
4.469924465
4.467338161
4.469819603
4.468036606
4.495006586
4.497114424
4.494426364
4.493699595
4.497314704
4.524024871
4.520986135
4.520597471
4.518467478
4.521220711
4.544231168
4.543220277
4.544072081
4.543009775
4.543625992
4.570549202
4.570068114
4.5705338
4.573015947
4.568778411
4.595045467
4.59273959
4.591138406
4.593383139
4.592811461
4.61566412
4.61636049
4.616605848
4.614935749
4.615840429
4.642360227
4.641714385
4.643070455
4.63850082
4.637046487
4.664613837
4.665166371
4.659880955
4.666576325
4.663640414
4.691205581
4.68928706
4.685965184
4.685490875
4.684260023
4.71096624
4.713768694
4.708588773
4.707169699
4.71040591
4.73396031
4.735013491
4.735716861
4.735386989
4.733865231
4.757187737
4.755364783
4.757063995
4.757788135
4.760092026
4.778251222
4.779248353
4.780260284
4.779360034
4.780345616
4.800859339
4.802521609
4.801675637
4.802460759
4.804499098
4.827656502
4.825524701
4.825561309
4.827462932
4.825422676
4.847441225
4.848423337
4.847161243
4.848124571
4.848124592
4.870908852
4.870924218
4.870754954
4.872496911
4.871100149
4.896697578
4.896259979
4.896766333
4.895505675
4.893729586
4.91857113
4.91576357
4.918822401
4.920318064
4.917313375
4.937334531
4.941516303
4.938656174
4.938145297
4.942520152
4.963083365
4.964676124
4.96333829
4.963563607
4.961676136
4.984234601
4.984509395
4.984052455
4.983065974
4.987830826
5.003918984
5.00235216
5.004269043
5.011128981
5.007157871
5.032349534
5.029722724
5.030538945
5.030031304
5.028793276
5.052150441
5.052372775
5.052496066
5.053498502
5.048205168
5.075505305
5.077764848
5.07246696
5.077953999
5.073414692
5.097264147
5.099522504
5.098555746
5.098436687
5.099238016
5.123198742
5.120422849
5.119288762
5.124462537
5.124572857
5.14098025
5.141887849
5.142904524
5.147527928
5.148761502
5.165477606
5.167680036
5.168768088
5.164789769
5.164700178
5.188681996
5.188417145
5.186941056
5.184384339
5.184330725
5.2093622
5.210014873
5.208957033
5.206664306
5.208339185
5.231592995
5.230474762
5.229454401
5.230947018
5.231848762
5.253631754
5.25149653
5.249549934
5.253003401
5.252964625
5.275452099
5.273837834
5.274090178
5.274785072
5.273354605
5.298515901
5.293322879
5.295120594
5.298195873
5.297172113
5.319085747
5.318151995
5.314440938
5.320204924
5.320211186
5.340504342
5.338118536
5.338134725
5.342353474
5.339906687
5.358390656
5.36321344
5.361607487
5.359736251
5.3616007
5.383725034
5.38467062
5.385060643
5.383683844
5.38405236
5.40819507
5.403897156
5.403175625
5.405955053
5.404446331
5.431811684
5.428312362
5.426336503
5.425914637
5.428347833
5.447967085
5.453860511
5.448809229
5.446964618
5.451350086
5.472027689
5.470558845
5.468106416
5.46918424
5.470641708
5.488707805
5.492396416
5.489467193
5.490870181
5.49081436
5.512539724
5.515545767
5.516559455
5.512236132
5.511038829
5.534523819
5.538137218
5.537443986
5.536306136
5.537274138
5.554650939
5.556259438
5.556912423
5.563673573
5.555976498
5.577006754
5.574290554
5.576330219
5.575608351
5.579735528
5.597653896
5.596178599
5.598377315
5.599269852
5.598997874
5.617010628
5.618576235
5.617396975
5.621054375
5.617509541
5.635833297
5.638583572
5.636578343
5.639422926
5.636672111
5.662249758
5.659959325
5.662598358
5.66330073
5.661409333
5.682113056
5.684176476
5.684621595
5.685321696
5.687378968
5.706325594
5.703375871
5.705127593
5.706042818
5.701357889
5.725194814
5.72282229
5.726536398
5.725353274
5.72724358
5.742804089
5.747586466
5.751627057
5.745903185
5.75026249
5.768464448
5.769732235
5.770902586
5.769043216
5.767463637
5.787487412
5.789356641
5.786684473
5.786376144
5.788954823
5.810538933
5.808294804
5.811306349
5.811708501
5.810560275
5.831450385
5.830925395
5.830533387
5.831496952
5.829191582
5.85513132
5.852347892
5.851175423
5.855892082
5.85382994
5.871481725
5.875969357
5.869017198
5.873945805
5.870824627
5.893387648
5.892091393
5.891729778
5.893415944
5.894294455
5.912272503
5.910855102
5.914167954
5.910534701
5.915295706
5.932305101
5.930618297
5.930975589
5.932067392
5.93440278
5.950115104
5.951336651
5.954542191
5.953224971
5.951130529
5.971464118
5.974808377
5.973254557
5.971821442
5.971148029
5.998917478
5.992725965
5.995834958
5.991154595
5.994851417
6.014491974
6.016270158
6.017073778
6.014799937
6.014715637
6.032789402
6.032114619
6.038482272
6.036865314
6.03577266
6.052921265
6.053671484
6.057568202
6.059364498
6.060466783
6.076497342
6.07289199
6.07822965
6.081318512
6.080075262
6.096644975
6.093753232
6.095332641
6.098205011
6.098413328
6.121366062
6.118926694
6.115298742
6.121265388
6.119171703
6.13733026
6.14131943
6.138460212
6.139513445
6.142383261
6.161599386
6.16121361
6.161402643
6.161086299
6.161963557
6.181475933
6.177615898
6.180356405
6.178421693
6.180085113
6.203341103
6.200805093
6.20493224
6.199084148
6.199608638
6.218969012
6.2226164
6.224494967
6.221934444
6.217362439
6.239038279
6.242750024
6.245973587
6.24397268
6.238931701
6.262790842
6.265448275
6.262764724
6.265634551
6.265104685
6.281438921
6.281455517
6.290499606
6.2889126
6.283875401
6.3073849
6.306477756
6.306238907
6.306602564
6.304308768
6.327636534
6.327817963
6.324575413
6.323784791
6.329723561
6.344213798
6.349924033
6.348612756
6.345818308
6.343609383
6.369296855
6.368541863
6.374320891
6.370303029
6.371022872
6.391873236
6.388142345
6.393918759
6.396558915
6.396485674
6.414088221
6.414743853
6.4148757
6.41950212
6.417371876
6.443764938
6.440314873
6.436188876
6.438657956
6.440528715
6.462660855
6.465042312
6.462288138
6.461782448
6.464287302
6.488637966
6.491658724
6.49226622
6.490970266
6.485398838
6.526060418
6.526264093
6.521893019
6.520982481
6.519615686
)
;

boundaryField
{
    upperWall
    {
        type            calculated;
        value           nonuniform List<scalar> 5(6.526060418 6.526264093 6.521893019 6.520982481 6.519615686);
    }
    lowerWall
    {
        type            calculated;
        value           nonuniform List<scalar> 5(4.296400589 4.300075002 4.298496007 4.297210042 4.297056614);
    }
    periodicX_half0
    {
        type            cyclic;
    }
    periodicX_half1
    {
        type            cyclic;
    }
    frontAndBack
    {
        type            empty;
    }
}


// ************************************************************************* //
