/*--------------------------------*- C++ -*----------------------------------*\
| =========                 |                                                 |
| \\      /  F ield         | OpenFOAM: The Open Source CFD Toolbox           |
|  \\    /   O peration     | Version:  v1706                                 |
|   \\  /    A nd           | Web:      www.OpenFOAM.com                      |
|    \\/     M anipulation  |                                                 |
\*---------------------------------------------------------------------------*/
FoamFile
{
    version     2.0;
    format      ascii;
    class       volScalarField;
    location    "5";
    object      overallT_Mixture;
}
// * * * * * * * * * * * * * * * * * * * * * * * * * * * * * * * * * * * * * //

dimensions      [0 0 0 1 0 0 0];


internalField   nonuniform List<scalar> 
500
(
2069.124208
2069.099026
2070.258511
2069.505808
2069.372407
2084.591682
2084.979818
2084.394792
2084.773249
2085.270777
2096.92802
2097.462235
2097.719577
2098.004336
2097.408183
2109.497316
2109.990413
2109.952126
2110.31809
2109.284908
2120.536905
2121.330886
2121.678994
2121.08379
2120.390796
2130.789568
2131.574088
2131.393927
2130.981854
2130.715489
2142.374715
2141.836554
2141.974676
2141.993999
2141.641085
2152.345463
2152.29495
2151.033875
2151.883386
2152.042877
2162.309713
2162.334416
2161.963227
2161.694404
2161.492339
2171.478955
2172.038308
2171.41992
2171.856036
2172.050085
2181.284462
2180.739306
2181.963296
2181.574645
2180.850735
2191.474887
2191.07166
2191.348816
2190.994288
2190.713
2200.007303
2200.743145
2200.155512
2199.899234
2199.482407
2209.900571
2209.877332
2209.53139
2210.180386
2209.42863
2218.464355
2218.360265
2218.062905
2219.293927
2218.7385
2228.160091
2228.226895
2227.65026
2228.46639
2227.247427
2237.719313
2237.595794
2236.512394
2237.030801
2237.581208
2247.410532
2246.001043
2246.307203
2246.611063
2246.274961
2255.996133
2255.154684
2255.284531
2256.011869
2256.539383
2264.399735
2264.276694
2263.469964
2264.209079
2265.161188
2273.087609
2273.365855
2273.03001
2272.833497
2273.679428
2282.349493
2282.474565
2282.089798
2282.428941
2283.372444
2290.233433
2290.309037
2290.496158
2290.979686
2290.194279
2299.892663
2299.621918
2299.538203
2299.546556
2299.726544
2308.619112
2309.102104
2308.281252
2309.12105
2308.310338
2317.931657
2317.666981
2317.699124
2318.505932
2317.122476
2326.348762
2327.200346
2325.994068
2326.154802
2326.390701
2335.746281
2334.926234
2334.741385
2334.406843
2333.905326
2343.506684
2343.414759
2343.822561
2342.32987
2341.972806
2352.421045
2351.948879
2351.650793
2352.152845
2351.871932
2361.262811
2360.613366
2359.907595
2359.957164
2360.57677
2368.87453
2368.434006
2369.012619
2368.705776
2367.986752
2376.736684
2377.965102
2377.068669
2377.404476
2377.500338
2386.166911
2386.060973
2386.853375
2385.972278
2385.553062
2394.248678
2394.620565
2394.544154
2394.823076
2393.901205
2403.036663
2402.29103
2402.876222
2403.777982
2403.896887
2411.870296
2411.449697
2411.446807
2411.196262
2412.106813
2419.791042
2420.556136
2420.808775
2419.878778
2419.99072
2428.181081
2429.121019
2429.140677
2428.269726
2428.710621
2436.087809
2436.111529
2435.842059
2436.862841
2436.754796
2445.197479
2444.131518
2445.582299
2444.730927
2444.890835
2453.054215
2453.007247
2453.366831
2453.164206
2452.868483
2462.354293
2460.156245
2460.981094
2461.441292
2461.146757
2470.205718
2469.191793
2469.853636
2470.283864
2469.792853
2478.341541
2477.174988
2477.848314
2477.58566
2478.781008
2486.078397
2486.19922
2485.525852
2486.763052
2486.213738
2494.649618
2495.214058
2493.969057
2494.798333
2493.963976
2503.136202
2500.525102
2501.481694
2502.262796
2501.697851
2509.53155
2509.97243
2509.340158
2509.561128
2510.640465
2517.518488
2518.825213
2518.042478
2518.019615
2518.874029
2526.371145
2526.59004
2524.942141
2525.880059
2525.650133
2533.985987
2533.189899
2533.111611
2533.464611
2534.439094
2542.536595
2542.753253
2541.64386
2541.527679
2542.432865
2550.038974
2550.360534
2549.846284
2551.006089
2548.839161
2558.274968
2558.245469
2558.251164
2558.994528
2558.978038
2566.644772
2565.468499
2565.008853
2565.251955
2566.705676
2573.871619
2573.319828
2574.455554
2573.651311
2574.333018
2580.774923
2581.740018
2581.326642
2581.771372
2581.986956
2589.909491
2589.830056
2588.313088
2588.296307
2590.505608
2597.139498
2596.731448
2597.1145
2598.179466
2596.797523
2604.750039
2604.666994
2604.766302
2604.597559
2604.3981
2613.365663
2612.433906
2613.213746
2613.231234
2613.330044
2621.946616
2622.026318
2621.171759
2620.873212
2621.926853
2628.23384
2628.612979
2629.197212
2628.376684
2629.052996
2637.228209
2636.982925
2636.701026
2635.888974
2637.359127
2644.103078
2643.994686
2643.607926
2643.722798
2643.40996
2651.724565
2652.251978
2651.345893
2651.598012
2652.170753
2659.981289
2659.572821
2658.918466
2659.726322
2658.636177
2667.037785
2666.398292
2667.750747
2667.432628
2667.229478
2675.011971
2675.544619
2673.767368
2674.810908
2675.586245
2682.897049
2682.382493
2682.579312
2681.572817
2681.513152
2690.021666
2690.028963
2689.809762
2690.053845
2689.119311
2696.982043
2697.03399
2697.2906
2697.887309
2697.579126
2705.076052
2704.879954
2704.458331
2705.268515
2705.364055
2712.72422
2713.295964
2712.687793
2712.221932
2713.084423
2721.461595
2720.166388
2721.580824
2719.323839
2720.977904
2727.918071
2727.707609
2727.42319
2729.355954
2727.932042
2735.358374
2735.29123
2736.964726
2736.219782
2736.9395
2742.150032
2743.748293
2744.444603
2742.963298
2743.771063
2751.373864
2750.782098
2751.163367
2751.089848
2751.250005
2758.086475
2759.319061
2757.378489
2759.385798
2757.967181
2766.293836
2765.407739
2765.549952
2766.429742
2766.599108
2774.206365
2773.16201
2773.885216
2775.146917
2774.532979
2781.668596
2781.849245
2782.348229
2782.511295
2781.68222
2789.054264
2789.846727
2788.658057
2789.368507
2788.913889
2797.610011
2798.130208
2796.946391
2796.460906
2796.555407
2806.641654
2804.830892
2804.499372
2805.608932
2804.520703
2812.730518
2814.021565
2813.049704
2812.998939
2812.427829
2820.694387
2821.169454
2820.959425
2821.065879
2821.12878
2827.835265
2827.953752
2829.276721
2829.258032
2827.984945
2836.073173
2837.230047
2837.155071
2837.813499
2836.524074
2845.032575
2844.231876
2844.828675
2845.233876
2844.220099
2852.943843
2852.288019
2854.178698
2853.436575
2853.262226
2861.845544
2862.436773
2862.439537
2861.544731
2861.571398
2871.346605
2869.448621
2869.391383
2870.652921
2870.157875
2879.203414
2878.762024
2878.390532
2878.905373
2881.148178
2889.035928
2886.983429
2888.106297
2887.317186
2888.896795
2898.024297
2897.130507
2898.798117
2898.174229
2896.599196
2908.934023
2908.186594
2908.343809
2909.320925
2907.077645
2922.820544
2922.195169
2922.835999
2922.239233
2921.872053
)
;

boundaryField
{
    upperWall
    {
        type            calculated;
        value           nonuniform List<scalar> 5(2933.543149 2933.810537 2931.162082 2932.074174 2938.659336);
    }
    lowerWall
    {
        type            calculated;
        value           nonuniform List<scalar> 5(2059.520205 2059.773187 2058.759641 2057.683293 2058.676845);
    }
    periodicX_half0
    {
        type            cyclic;
    }
    periodicX_half1
    {
        type            cyclic;
    }
    frontAndBack
    {
        type            empty;
    }
}


// ************************************************************************* //
