/*--------------------------------*- C++ -*----------------------------------*\
| =========                 |                                                 |
| \\      /  F ield         | OpenFOAM: The Open Source CFD Toolbox           |
|  \\    /   O peration     | Version:  v1706                                 |
|   \\  /    A nd           | Web:      www.OpenFOAM.com                      |
|    \\/     M anipulation  |                                                 |
\*---------------------------------------------------------------------------*/
FoamFile
{
    version     2.0;
    format      ascii;
    class       volScalarField;
    location    "5";
    object      overallT_N2;
}
// * * * * * * * * * * * * * * * * * * * * * * * * * * * * * * * * * * * * * //

dimensions      [0 0 0 1 0 0 0];


internalField   nonuniform List<scalar> 
500
(
2068.245714
2069.177819
2070.188337
2069.884202
2069.336811
2084.735242
2084.225105
2084.466575
2085.707291
2085.140527
2097.504639
2097.843524
2097.621172
2098.149297
2098.006937
2109.477951
2109.897005
2109.750721
2110.37935
2109.154169
2120.314228
2121.164832
2122.639397
2121.252573
2120.198286
2130.196628
2130.428944
2130.855659
2131.79083
2130.706001
2142.015757
2141.531675
2141.328931
2142.584388
2141.538068
2151.699516
2153.034167
2150.495503
2151.752123
2151.126939
2162.274669
2162.240808
2161.944444
2161.431634
2161.276834
2171.492341
2172.135176
2171.140356
2171.537187
2170.579998
2181.054501
2180.995483
2181.784588
2180.948822
2180.883825
2191.60223
2191.598982
2191.200173
2190.835535
2190.080816
2200.093193
2200.447987
2199.34774
2199.663919
2199.090366
2210.120609
2209.952397
2209.630882
2210.024088
2208.052512
2218.55102
2218.845462
2218.231552
2219.285748
2219.49708
2227.203381
2227.809855
2228.067206
2227.802371
2227.359995
2237.121012
2238.012006
2237.04056
2237.129871
2238.573748
2247.503552
2246.078475
2246.341342
2246.065434
2244.924298
2256.019349
2255.588028
2255.318901
2256.067889
2256.336234
2264.029502
2264.015733
2263.008518
2264.123515
2264.199338
2273.299255
2272.521856
2272.393023
2272.511253
2274.171126
2282.577901
2282.388223
2281.461003
2281.227908
2282.755866
2290.135459
2290.001448
2290.234648
2291.460274
2290.526016
2299.491426
2299.532694
2299.262027
2298.782623
2298.312634
2307.963655
2308.375693
2308.780143
2307.886082
2307.854838
2316.555337
2317.495068
2317.266651
2319.479661
2317.063931
2326.719972
2326.865896
2325.754762
2325.47041
2326.639788
2336.537935
2334.37294
2335.447318
2334.400506
2333.50953
2343.815164
2343.466075
2343.159203
2341.82039
2341.998815
2353.444566
2351.225636
2350.625044
2351.925379
2352.104013
2360.574368
2359.719524
2359.44392
2359.750815
2360.299297
2369.473786
2367.639826
2369.119891
2369.225619
2367.792841
2378.017981
2377.968774
2376.938176
2377.178085
2377.372951
2385.916109
2386.570403
2387.143507
2386.29301
2385.20849
2394.590707
2395.46549
2396.150411
2394.406111
2393.583277
2403.223447
2403.425905
2403.095927
2404.025008
2404.351113
2411.786362
2411.699711
2411.790292
2411.696395
2412.689657
2421.149403
2420.47777
2420.864168
2420.050443
2419.889248
2428.383236
2429.60317
2429.01723
2428.494082
2428.775634
2436.344779
2436.146682
2436.199805
2436.640971
2437.186144
2444.900246
2444.71131
2445.090354
2443.381513
2444.084489
2452.321686
2452.514766
2452.663653
2452.067565
2452.530141
2462.503085
2459.579436
2459.93587
2461.004137
2460.595345
2468.949691
2468.114496
2470.167417
2470.236642
2469.336015
2476.629035
2475.736534
2477.63796
2477.323181
2477.825243
2485.48285
2485.218241
2485.740738
2485.903478
2485.568974
2495.234684
2495.377112
2494.182573
2494.247426
2494.489284
2503.319919
2500.428457
2501.797184
2501.323786
2501.873717
2509.452041
2511.29556
2509.399388
2508.842686
2509.749669
2517.230548
2518.983456
2517.145916
2518.433696
2519.113885
2525.423067
2526.657271
2525.361498
2525.625448
2524.889065
2533.659878
2533.141346
2533.075873
2533.095814
2534.446367
2542.773747
2541.319572
2541.720936
2541.426875
2541.944973
2551.594959
2550.409943
2548.362403
2550.776378
2548.157511
2557.512241
2558.330916
2557.455942
2558.551583
2558.073886
2566.543412
2564.001746
2564.769852
2565.028306
2566.838763
2574.25484
2572.627924
2573.53073
2573.398809
2573.037386
2579.503572
2580.510421
2579.993079
2581.432994
2581.786813
2589.56437
2588.844019
2586.836998
2586.405305
2589.360461
2595.852273
2595.707997
2596.505101
2596.73137
2595.92735
2603.651446
2604.105314
2602.86465
2603.269072
2603.688685
2612.459246
2611.828754
2612.820955
2612.988199
2612.747307
2620.574373
2621.424647
2621.389649
2620.929772
2621.880106
2627.869954
2628.497028
2628.581609
2628.525188
2628.714689
2636.316245
2635.908504
2635.542928
2634.716374
2638.109791
2643.375973
2643.5329
2642.475764
2642.61903
2642.37855
2650.138208
2651.702613
2650.831339
2650.541315
2651.791033
2660.041461
2658.68794
2658.191793
2659.069253
2658.467361
2666.5073
2665.150636
2667.32071
2667.118622
2667.717667
2674.646343
2675.285191
2673.871439
2675.210697
2674.640555
2682.407853
2681.043906
2681.396268
2681.108853
2681.756706
2688.996254
2688.854082
2688.270896
2689.711112
2688.044921
2695.957257
2696.381171
2696.560995
2698.317906
2696.869838
2704.655833
2705.024063
2704.948423
2705.182446
2704.635839
2712.870307
2713.658877
2713.047382
2713.154344
2712.62476
2720.982547
2720.964566
2722.249624
2718.711422
2720.42202
2727.536361
2729.316456
2725.810115
2728.721655
2727.810968
2735.280011
2735.487223
2736.859934
2735.202882
2735.445022
2742.064808
2742.565925
2744.077508
2743.177512
2743.305486
2750.964115
2750.250661
2750.721971
2750.176496
2749.710048
2755.941919
2757.668073
2756.632105
2758.356548
2755.231974
2765.508833
2765.141672
2765.308602
2766.606813
2766.14393
2774.039688
2772.98962
2773.053776
2774.489185
2773.898716
2780.084794
2780.104134
2781.405608
2782.189445
2780.941038
2788.680894
2788.954286
2787.715349
2789.698279
2788.367515
2795.823618
2796.719774
2796.330598
2796.170374
2795.34496
2805.103953
2803.925593
2804.487592
2805.495842
2804.716852
2811.321237
2813.493839
2813.291152
2813.17368
2811.721642
2819.908073
2822.007165
2821.130929
2821.355625
2820.013784
2827.315692
2829.373187
2829.236599
2828.545589
2827.116367
2836.105585
2838.669903
2837.543006
2837.483377
2834.527953
2843.203677
2844.558026
2845.206682
2845.164603
2843.79689
2852.859403
2852.585104
2855.013074
2854.005492
2852.14568
2861.458611
2862.47027
2863.359941
2860.542444
2861.987247
2870.599017
2869.182929
2869.40603
2871.066829
2868.982821
2880.364659
2879.052836
2878.698669
2878.766805
2881.458522
2888.222405
2887.84578
2888.347033
2887.543499
2888.813824
2897.750103
2896.884996
2899.401983
2897.758034
2896.843375
2908.58908
2907.604199
2909.17096
2908.507891
2906.331201
2921.983855
2922.333487
2922.307057
2921.930333
2920.742616
)
;

boundaryField
{
    upperWall
    {
        type            calculated;
        value           nonuniform List<scalar> 5(2933.009426 2935.915184 2930.903215 2932.178316 2931.795136);
    }
    lowerWall
    {
        type            calculated;
        value           nonuniform List<scalar> 5(2060.115756 2059.753545 2058.136089 2060.138686 2060.143402);
    }
    periodicX_half0
    {
        type            cyclic;
    }
    periodicX_half1
    {
        type            cyclic;
    }
    frontAndBack
    {
        type            empty;
    }
}


// ************************************************************************* //
