/*--------------------------------*- C++ -*----------------------------------*\
| =========                 |                                                 |
| \\      /  F ield         | OpenFOAM: The Open Source CFD Toolbox           |
|  \\    /   O peration     | Version:  v1706                                 |
|   \\  /    A nd           | Web:      www.OpenFOAM.com                      |
|    \\/     M anipulation  |                                                 |
\*---------------------------------------------------------------------------*/
FoamFile
{
    version     2.0;
    format      ascii;
    class       volScalarField;
    location    "5";
    object      rhoM_O2;
}
// * * * * * * * * * * * * * * * * * * * * * * * * * * * * * * * * * * * * * //

dimensions      [1 -3 0 0 0 0 0];


internalField   nonuniform List<scalar> 
500
(
1.139834968e-06
1.138704167e-06
1.140025333e-06
1.139700335e-06
1.139507374e-06
1.132256342e-06
1.132533799e-06
1.132093943e-06
1.130917398e-06
1.13124739e-06
1.125842875e-06
1.126479288e-06
1.125699652e-06
1.126182055e-06
1.125476128e-06
1.11961358e-06
1.119752807e-06
1.119377272e-06
1.120665479e-06
1.119778975e-06
1.114199876e-06
1.114917588e-06
1.114509293e-06
1.114538457e-06
1.113601416e-06
1.108619578e-06
1.108912615e-06
1.108977335e-06
1.109066225e-06
1.108157749e-06
1.104086185e-06
1.103592795e-06
1.105074363e-06
1.10394456e-06
1.104677853e-06
1.099560183e-06
1.098726814e-06
1.099975869e-06
1.099015057e-06
1.097932996e-06
1.092444784e-06
1.094235569e-06
1.095338405e-06
1.093981084e-06
1.093893792e-06
1.089283294e-06
1.089845399e-06
1.08930327e-06
1.089707969e-06
1.089288288e-06
1.084658015e-06
1.08486416e-06
1.084851975e-06
1.083246761e-06
1.08503455e-06
1.079647613e-06
1.080825556e-06
1.080947804e-06
1.080586052e-06
1.081025708e-06
1.076317332e-06
1.076616362e-06
1.076853269e-06
1.07698151e-06
1.075908038e-06
1.070592213e-06
1.071187277e-06
1.070401449e-06
1.071209649e-06
1.071863241e-06
1.067474269e-06
1.066775733e-06
1.06912283e-06
1.06650367e-06
1.067187424e-06
1.062651834e-06
1.062749513e-06
1.063742685e-06
1.063433667e-06
1.063652197e-06
1.05893603e-06
1.057708948e-06
1.058925643e-06
1.059029714e-06
1.059190515e-06
1.054714052e-06
1.05414975e-06
1.053935815e-06
1.05304232e-06
1.053962182e-06
1.050102356e-06
1.0507947e-06
1.050083979e-06
1.050903166e-06
1.050083779e-06
1.047124639e-06
1.046546554e-06
1.046128471e-06
1.04654196e-06
1.047090482e-06
1.042454016e-06
1.041892511e-06
1.042276636e-06
1.042025347e-06
1.042716492e-06
1.03836048e-06
1.039433353e-06
1.037969164e-06
1.037675926e-06
1.039195247e-06
1.034784503e-06
1.034141498e-06
1.034989649e-06
1.034550192e-06
1.034941508e-06
1.030939059e-06
1.031208725e-06
1.030560327e-06
1.030330412e-06
1.030569316e-06
1.026147785e-06
1.026133203e-06
1.026429836e-06
1.027259011e-06
1.026826745e-06
1.022477125e-06
1.022296948e-06
1.022475327e-06
1.022403017e-06
1.023612521e-06
1.019654816e-06
1.018712781e-06
1.019807627e-06
1.019440481e-06
1.018428333e-06
1.015530717e-06
1.014658396e-06
1.015958987e-06
1.015109438e-06
1.014878324e-06
1.012040834e-06
1.011125765e-06
1.011603974e-06
1.012379415e-06
1.01096057e-06
1.008717344e-06
1.008757894e-06
1.00808193e-06
1.006833874e-06
1.008254517e-06
1.00329565e-06
1.003739102e-06
1.003883523e-06
1.004388299e-06
1.004132415e-06
1.000185697e-06
1.000453166e-06
1.001141714e-06
1.000962336e-06
1.001672458e-06
9.971876052e-07
9.964768842e-07
9.976268618e-07
9.967377616e-07
9.966796334e-07
9.938165747e-07
9.933461565e-07
9.934208641e-07
9.933903019e-07
9.931855552e-07
9.898976219e-07
9.90058423e-07
9.904249697e-07
9.893309229e-07
9.892552165e-07
9.865341821e-07
9.86457477e-07
9.862041902e-07
9.856560682e-07
9.854812844e-07
9.829156577e-07
9.825830691e-07
9.825155526e-07
9.826991256e-07
9.829206516e-07
9.793716412e-07
9.793562603e-07
9.791804777e-07
9.802511534e-07
9.805593722e-07
9.758863521e-07
9.763911278e-07
9.764550487e-07
9.767117312e-07
9.759898241e-07
9.727340511e-07
9.731956801e-07
9.734737362e-07
9.730822205e-07
9.729056389e-07
9.689836898e-07
9.6989716e-07
9.697848988e-07
9.695553827e-07
9.700194088e-07
9.661220293e-07
9.673942558e-07
9.665089508e-07
9.664949681e-07
9.667420624e-07
9.639117632e-07
9.63949117e-07
9.633802206e-07
9.626421335e-07
9.639888678e-07
9.594151249e-07
9.60186371e-07
9.605772875e-07
9.602676704e-07
9.597259405e-07
9.567636045e-07
9.567160633e-07
9.568846548e-07
9.558822946e-07
9.571133719e-07
9.539776504e-07
9.536444625e-07
9.54560929e-07
9.533714003e-07
9.543288161e-07
9.511449541e-07
9.499214674e-07
9.505570812e-07
9.508736896e-07
9.511819084e-07
9.473338679e-07
9.470903691e-07
9.48261121e-07
9.467410012e-07
9.47796296e-07
9.430839246e-07
9.443943038e-07
9.441999442e-07
9.438523741e-07
9.441599936e-07
9.418600384e-07
9.407392247e-07
9.413540642e-07
9.413033269e-07
9.414707199e-07
9.386192468e-07
9.385083839e-07
9.390059685e-07
9.384111043e-07
9.38612655e-07
9.365685832e-07
9.35973719e-07
9.35837887e-07
9.355692193e-07
9.355011036e-07
9.333701393e-07
9.321488499e-07
9.321909977e-07
9.326873838e-07
9.326094801e-07
9.297430256e-07
9.293255419e-07
9.288305542e-07
9.294981285e-07
9.283293741e-07
9.270034141e-07
9.272361263e-07
9.265351933e-07
9.258390543e-07
9.272081609e-07
9.246227587e-07
9.243095461e-07
9.24408224e-07
9.252545772e-07
9.244629563e-07
9.218096382e-07
9.22480009e-07
9.220683182e-07
9.214574738e-07
9.219252951e-07
9.191021869e-07
9.189329962e-07
9.187576131e-07
9.182448474e-07
9.194607435e-07
9.168915213e-07
9.156694328e-07
9.163731624e-07
9.160621471e-07
9.169198862e-07
9.126485693e-07
9.130167139e-07
9.132360426e-07
9.130896237e-07
9.135011148e-07
9.110934927e-07
9.110299713e-07
9.103472157e-07
9.095084532e-07
9.094619107e-07
9.074783641e-07
9.080868116e-07
9.073069761e-07
9.078461093e-07
9.079741509e-07
9.051754126e-07
9.059067081e-07
9.04966471e-07
9.050238001e-07
9.048905649e-07
9.029251958e-07
9.025640425e-07
9.020334988e-07
9.031551115e-07
9.025894112e-07
8.994049499e-07
8.993979586e-07
8.988909856e-07
8.998751683e-07
8.997700983e-07
8.970794263e-07
8.969290124e-07
8.968676882e-07
8.977891485e-07
8.965364978e-07
8.941836081e-07
8.948783488e-07
8.940240055e-07
8.944460834e-07
8.938192587e-07
8.91826923e-07
8.919913197e-07
8.917464226e-07
8.925761962e-07
8.919250017e-07
8.897706663e-07
8.89867147e-07
8.890205941e-07
8.892545048e-07
8.893192247e-07
8.873133058e-07
8.864543682e-07
8.87600151e-07
8.865572409e-07
8.868225128e-07
8.845361408e-07
8.840067955e-07
8.844862025e-07
8.841570097e-07
8.842840526e-07
8.817102361e-07
8.821427012e-07
8.81419196e-07
8.822473717e-07
8.82147695e-07
8.796352026e-07
8.800420993e-07
8.80343127e-07
8.801845232e-07
8.798429457e-07
8.772197902e-07
8.773518269e-07
8.772831119e-07
8.775917301e-07
8.777401466e-07
8.751950945e-07
8.752450327e-07
8.746983089e-07
8.754641617e-07
8.753706773e-07
8.719986481e-07
8.732223345e-07
8.723797767e-07
8.727545132e-07
8.724257198e-07
8.696219877e-07
8.697710034e-07
8.694172409e-07
8.695936228e-07
8.699040388e-07
8.675465547e-07
8.680271603e-07
8.671102943e-07
8.668747856e-07
8.673236305e-07
8.652575859e-07
8.654771144e-07
8.65284153e-07
8.644284115e-07
8.63867705e-07
8.629542349e-07
8.635932445e-07
8.620026119e-07
8.616590369e-07
8.61448697e-07
8.599887029e-07
8.607797245e-07
8.607697368e-07
8.599127967e-07
8.603314789e-07
8.573455721e-07
8.579997629e-07
8.582336736e-07
8.58089452e-07
8.579771908e-07
8.558683991e-07
8.550218462e-07
8.553590292e-07
8.550733825e-07
8.557441528e-07
8.52397692e-07
8.531547556e-07
8.5338567e-07
8.527554495e-07
8.533477169e-07
8.507525268e-07
8.514075167e-07
8.5091972e-07
8.510395718e-07
8.506866084e-07
8.483692746e-07
8.487813649e-07
8.484188133e-07
8.496335109e-07
8.489245878e-07
8.467968195e-07
8.46132641e-07
8.461142638e-07
8.463208083e-07
8.471310062e-07
8.445028569e-07
8.442943148e-07
8.435500354e-07
8.435809971e-07
8.445146423e-07
8.423872736e-07
8.422664231e-07
8.419588036e-07
8.4198597e-07
8.420149341e-07
8.402115647e-07
8.409650327e-07
8.390735722e-07
8.399171289e-07
8.39791684e-07
8.371737221e-07
8.379743318e-07
8.37847289e-07
8.376832918e-07
8.381632981e-07
8.348855523e-07
8.353581677e-07
8.361737589e-07
8.358998977e-07
8.347219546e-07
8.336384947e-07
8.331568904e-07
8.337875104e-07
8.342323602e-07
8.340102349e-07
8.310516943e-07
8.316745239e-07
8.306238235e-07
8.313261548e-07
8.312496494e-07
8.290705447e-07
8.297634876e-07
8.287433494e-07
8.282657401e-07
8.286374803e-07
8.269176076e-07
8.26754809e-07
8.267214502e-07
8.262965758e-07
8.268359087e-07
8.23587926e-07
8.235959161e-07
8.248138097e-07
8.238270303e-07
8.234051521e-07
8.212905676e-07
8.218095257e-07
8.215846039e-07
8.220586176e-07
8.209232219e-07
8.188499862e-07
8.194196816e-07
8.18849387e-07
8.185982975e-07
8.188062404e-07
8.153247465e-07
8.156661243e-07
8.152006999e-07
8.159493739e-07
8.161665054e-07
)
;

boundaryField
{
    upperWall
    {
        type            calculated;
        value           nonuniform List<scalar> 5(8.141006234e-07 8.129970664e-07 8.150106005e-07 8.138437864e-07 8.139577939e-07);
    }
    lowerWall
    {
        type            calculated;
        value           nonuniform List<scalar> 5(1.141243831e-06 1.14346759e-06 1.141894409e-06 1.1488036e-06 1.14511156e-06);
    }
    periodicX_half0
    {
        type            cyclic;
    }
    periodicX_half1
    {
        type            cyclic;
    }
    frontAndBack
    {
        type            empty;
    }
}


// ************************************************************************* //
