/*--------------------------------*- C++ -*----------------------------------*\
| =========                 |                                                 |
| \\      /  F ield         | OpenFOAM: The Open Source CFD Toolbox           |
|  \\    /   O peration     | Version:  v1706                                 |
|   \\  /    A nd           | Web:      www.OpenFOAM.com                      |
|    \\/     M anipulation  |                                                 |
\*---------------------------------------------------------------------------*/
FoamFile
{
    version     2.0;
    format      ascii;
    class       volScalarField;
    location    "5";
    object      rhoM_N2;
}
// * * * * * * * * * * * * * * * * * * * * * * * * * * * * * * * * * * * * * //

dimensions      [1 -3 0 0 0 0 0];


internalField   nonuniform List<scalar> 
500
(
1.138986418e-06
1.138062561e-06
1.137772519e-06
1.138607087e-06
1.139063922e-06
1.131889995e-06
1.130745611e-06
1.131725599e-06
1.130533673e-06
1.13036648e-06
1.124934998e-06
1.125319123e-06
1.124805558e-06
1.124069069e-06
1.124542883e-06
1.118565077e-06
1.118096656e-06
1.119252227e-06
1.11825506e-06
1.119415025e-06
1.114653515e-06
1.113518519e-06
1.113539892e-06
1.113225081e-06
1.114071834e-06
1.109277364e-06
1.109494895e-06
1.109956125e-06
1.109876024e-06
1.109286952e-06
1.103554643e-06
1.104571185e-06
1.104375827e-06
1.104303117e-06
1.104322693e-06
1.09890819e-06
1.098709036e-06
1.098433976e-06
1.099949502e-06
1.099400581e-06
1.094115318e-06
1.094001059e-06
1.09280374e-06
1.095233934e-06
1.093956514e-06
1.089810043e-06
1.089836211e-06
1.089813638e-06
1.090037961e-06
1.090229724e-06
1.084382157e-06
1.084110692e-06
1.084273491e-06
1.084431096e-06
1.084515192e-06
1.079990389e-06
1.079833383e-06
1.080453815e-06
1.079702744e-06
1.079483216e-06
1.075549681e-06
1.075136193e-06
1.074569893e-06
1.075336545e-06
1.076022297e-06
1.071365257e-06
1.071161109e-06
1.071245605e-06
1.072593138e-06
1.072394983e-06
1.066255177e-06
1.066623721e-06
1.066486291e-06
1.066316501e-06
1.06689199e-06
1.061272141e-06
1.061961688e-06
1.062223963e-06
1.063032963e-06
1.062981626e-06
1.058238093e-06
1.058108454e-06
1.058901073e-06
1.05946997e-06
1.058064109e-06
1.054105006e-06
1.054074244e-06
1.054072046e-06
1.055086791e-06
1.054711855e-06
1.050181259e-06
1.050360237e-06
1.050404982e-06
1.049230435e-06
1.049213656e-06
1.045961079e-06
1.046111093e-06
1.04597626e-06
1.046106898e-06
1.045173053e-06
1.04274186e-06
1.042541308e-06
1.042548499e-06
1.042363129e-06
1.040981038e-06
1.037298193e-06
1.037112823e-06
1.038449769e-06
1.03820667e-06
1.037661544e-06
1.033882618e-06
1.034181249e-06
1.033991284e-06
1.03415588e-06
1.033560417e-06
1.029945488e-06
1.029613099e-06
1.030173206e-06
1.02987118e-06
1.030260498e-06
1.025879517e-06
1.025999568e-06
1.025272468e-06
1.025234714e-06
1.026171156e-06
1.022096995e-06
1.02336223e-06
1.022016095e-06
1.021748427e-06
1.021377485e-06
1.01883483e-06
1.018376997e-06
1.018230977e-06
1.01883503e-06
1.018259742e-06
1.01459068e-06
1.014649008e-06
1.013989823e-06
1.014619045e-06
1.015404473e-06
1.011020895e-06
1.01177696e-06
1.011667895e-06
1.01100871e-06
1.010471575e-06
1.008201183e-06
1.008694373e-06
1.008568129e-06
1.00717685e-06
1.007317676e-06
1.004009567e-06
1.004491371e-06
1.00394285e-06
1.003607664e-06
1.004265451e-06
1.000971325e-06
1.00033651e-06
9.998471157e-07
9.996465637e-07
1.000643331e-06
9.963438488e-07
9.962849217e-07
9.969221335e-07
9.958025183e-07
9.976452391e-07
9.930091733e-07
9.924344842e-07
9.928527668e-07
9.930375383e-07
9.928204068e-07
9.884839704e-07
9.893301239e-07
9.893441066e-07
9.884270409e-07
9.88574059e-07
9.866550326e-07
9.862029917e-07
9.862313566e-07
9.851898449e-07
9.849741117e-07
9.825978508e-07
9.821887568e-07
9.818659561e-07
9.829811767e-07
9.830454972e-07
9.78977329e-07
9.792803542e-07
9.799736966e-07
9.796365136e-07
9.793203047e-07
9.763813399e-07
9.756999826e-07
9.760090004e-07
9.764380697e-07
9.765493321e-07
9.725352969e-07
9.725081305e-07
9.725680564e-07
9.72657346e-07
9.725171194e-07
9.699614804e-07
9.696272938e-07
9.707329262e-07
9.694325347e-07
9.690256379e-07
9.662518687e-07
9.653370003e-07
9.662966134e-07
9.659584317e-07
9.6635594e-07
9.617682145e-07
9.628828358e-07
9.631990447e-07
9.629315755e-07
9.619471931e-07
9.603050242e-07
9.595717312e-07
9.605131668e-07
9.590016364e-07
9.59404538e-07
9.568766647e-07
9.573502789e-07
9.573293048e-07
9.568447042e-07
9.566733162e-07
9.546386329e-07
9.530454035e-07
9.526726645e-07
9.548325929e-07
9.530965402e-07
9.499200691e-07
9.509923429e-07
9.498972973e-07
9.504030717e-07
9.496456086e-07
9.467785548e-07
9.481210942e-07
9.473160899e-07
9.480232153e-07
9.473098976e-07
9.439750224e-07
9.439684305e-07
9.447438714e-07
9.452102945e-07
9.440954734e-07
9.410504397e-07
9.404489837e-07
9.413149126e-07
9.419810886e-07
9.403838642e-07
9.375941148e-07
9.38104883e-07
9.380533468e-07
9.385437402e-07
9.378434064e-07
9.352755825e-07
9.343976684e-07
9.354669458e-07
9.352130598e-07
9.355943882e-07
9.317603304e-07
9.320511707e-07
9.314670931e-07
9.324912264e-07
9.329510576e-07
9.292843928e-07
9.287156962e-07
9.293565036e-07
9.291531552e-07
9.297628011e-07
9.267215627e-07
9.260278208e-07
9.264223328e-07
9.252298079e-07
9.262359634e-07
9.232031146e-07
9.24100205e-07
9.232033144e-07
9.227312982e-07
9.224734172e-07
9.204938656e-07
9.20233987e-07
9.200619998e-07
9.201221254e-07
9.199411493e-07
9.179611982e-07
9.177968015e-07
9.183401295e-07
9.176356009e-07
9.175355247e-07
9.154826638e-07
9.157988727e-07
9.156152998e-07
9.149918709e-07
9.155022396e-07
9.124665943e-07
9.128103691e-07
9.118271852e-07
9.121637689e-07
9.119875868e-07
9.090240523e-07
9.083079381e-07
9.091355145e-07
9.097118017e-07
9.089503435e-07
9.06290833e-07
9.065321345e-07
9.068821016e-07
9.061500072e-07
9.0735232e-07
9.040258345e-07
9.040943497e-07
9.03822486e-07
9.039077805e-07
9.036385136e-07
9.018629097e-07
9.007093366e-07
9.000769188e-07
9.007438938e-07
9.000259818e-07
8.98950512e-07
8.984419411e-07
8.984451371e-07
8.980947705e-07
8.98894781e-07
8.96393275e-07
8.958099964e-07
8.966379723e-07
8.959650047e-07
8.962364689e-07
8.933999773e-07
8.935222261e-07
8.932363797e-07
8.927937272e-07
8.937577348e-07
8.907384693e-07
8.905636855e-07
8.908519289e-07
8.899264736e-07
8.910816448e-07
8.86718042e-07
8.873214956e-07
8.887195664e-07
8.869799181e-07
8.876576798e-07
8.854004717e-07
8.85081666e-07
8.856729347e-07
8.8535333e-07
8.862032787e-07
8.827685271e-07
8.835697361e-07
8.833899585e-07
8.830278064e-07
8.825689739e-07
8.810051082e-07
8.810118998e-07
8.809681539e-07
8.810158949e-07
8.795311313e-07
8.782051714e-07
8.783761599e-07
8.781160816e-07
8.780593517e-07
8.77515025e-07
8.766504943e-07
8.761523105e-07
8.754377943e-07
8.753774689e-07
8.75979724e-07
8.736837638e-07
8.727165601e-07
8.735896802e-07
8.731775899e-07
8.736396184e-07
8.702260406e-07
8.704713372e-07
8.7080053e-07
8.714649082e-07
8.709323669e-07
8.690219299e-07
8.683979017e-07
8.683387749e-07
8.69384082e-07
8.686477927e-07
8.66951291e-07
8.667115875e-07
8.660625902e-07
8.666576542e-07
8.665224215e-07
8.645834198e-07
8.643189469e-07
8.635632815e-07
8.637019101e-07
8.641068093e-07
8.616630319e-07
8.618010612e-07
8.619830361e-07
8.61395363e-07
8.619752457e-07
8.597603853e-07
8.597735689e-07
8.59212463e-07
8.596283486e-07
8.589575782e-07
8.566628166e-07
8.565958993e-07
8.573367829e-07
8.559087492e-07
8.567549027e-07
8.548788231e-07
8.545034874e-07
8.550164529e-07
8.551131333e-07
8.537210551e-07
8.527422658e-07
8.520235547e-07
8.517576836e-07
8.525952476e-07
8.515870946e-07
8.498770097e-07
8.503208607e-07
8.499696951e-07
8.503867792e-07
8.502779139e-07
8.473948798e-07
8.477540356e-07
8.469300547e-07
8.471863378e-07
8.478485187e-07
8.460205797e-07
8.454482875e-07
8.448943726e-07
8.456028963e-07
8.45925697e-07
8.437559807e-07
8.432370226e-07
8.429679554e-07
8.43353878e-07
8.43727416e-07
8.408222094e-07
8.402283439e-07
8.411372198e-07
8.403300182e-07
8.405629301e-07
8.389433333e-07
8.380294637e-07
8.378341053e-07
8.373818647e-07
8.386696718e-07
8.361364051e-07
8.357886353e-07
8.359078878e-07
8.361240204e-07
8.360091625e-07
8.343174549e-07
8.336233135e-07
8.337471603e-07
8.34268915e-07
8.337937028e-07
8.322442193e-07
8.311401848e-07
8.310910456e-07
8.30946824e-07
8.320856154e-07
8.294628595e-07
8.29109896e-07
8.286646467e-07
8.288534133e-07
8.287621262e-07
8.268083428e-07
8.268798543e-07
8.265151055e-07
8.264200231e-07
8.261020164e-07
8.244636429e-07
8.245301606e-07
8.242736778e-07
8.23538587e-07
8.239241102e-07
8.213994329e-07
8.221429133e-07
8.221113523e-07
8.223326786e-07
8.224757017e-07
8.201058329e-07
8.189642449e-07
8.201190166e-07
8.19532542e-07
8.198645314e-07
8.173740118e-07
8.160005107e-07
8.165032888e-07
8.172327865e-07
8.181005132e-07
8.133132345e-07
8.128591961e-07
8.145738753e-07
8.138961136e-07
8.140385374e-07
)
;

boundaryField
{
    upperWall
    {
        type            calculated;
        value           nonuniform List<scalar> 5(8.118302834e-07 8.110745163e-07 8.123321308e-07 8.104111572e-07 8.118913541e-07);
    }
    lowerWall
    {
        type            calculated;
        value           nonuniform List<scalar> 5(1.142783025e-06 1.142173905e-06 1.143664517e-06 1.142911483e-06 1.143993556e-06);
    }
    periodicX_half0
    {
        type            cyclic;
    }
    periodicX_half1
    {
        type            cyclic;
    }
    frontAndBack
    {
        type            empty;
    }
}


// ************************************************************************* //
