/*--------------------------------*- C++ -*----------------------------------*\
| =========                 |                                                 |
| \\      /  F ield         | OpenFOAM: The Open Source CFD Toolbox           |
|  \\    /   O peration     | Version:  v1706                                 |
|   \\  /    A nd           | Web:      www.OpenFOAM.com                      |
|    \\/     M anipulation  |                                                 |
\*---------------------------------------------------------------------------*/
FoamFile
{
    version     2.0;
    format      ascii;
    class       volVectorField;
    location    "5";
    object      UMean_Mixture;
}
// * * * * * * * * * * * * * * * * * * * * * * * * * * * * * * * * * * * * * //

dimensions      [0 1 -1 0 0 0 0];


internalField   nonuniform List<vector> 
500
(
(15.11050597 -0.02040346629 0.6351820058)
(15.0533906 0.07858235944 0.3770758006)
(15.10472837 -0.327557862 0.3061937298)
(15.33401074 0.4226200338 -0.0125333601)
(15.16610065 0.3933847163 0.4054097983)
(19.50862542 0.03746367431 0.1440075665)
(19.60543126 -0.1927789949 0.1304594095)
(19.45237955 0.02598798404 0.520472288)
(19.74110403 -0.04202789637 -0.3213218098)
(19.29672007 -0.1702940878 0.2440851803)
(22.89917882 0.02538106983 -0.2473548882)
(22.83071226 0.238405302 0.2740773149)
(22.77016275 -0.1984794925 0.5729216112)
(22.45937086 0.1740159491 0.0717344071)
(22.75680399 0.1021663046 0.2986788106)
(26.09930583 -0.001719567144 0.04993954806)
(26.31773967 -0.506121437 0.08534811652)
(26.31497714 0.5980281335 0.5204792309)
(26.33307141 -0.3035441061 0.2295307878)
(26.11976679 0.1030848484 0.2053468382)
(29.52329426 0.04733303654 0.7004062547)
(29.45881344 -0.02097684339 0.3926321394)
(29.54302569 -0.1314697327 -0.1894196042)
(29.88238146 -0.09586402477 0.1064704377)
(29.50293274 0.296266517 -0.08592516339)
(32.80714627 -0.09923709654 0.4567889931)
(33.25407951 -0.6204931905 0.108327036)
(33.22301254 0.3484362322 -0.5008881151)
(32.94619397 -0.1735983535 0.03004803935)
(32.88239619 0.406911788 -0.1318805906)
(36.20528559 -0.082705145 -0.2217629744)
(36.03557757 -0.107523515 -0.04414045309)
(35.63383082 0.5013126799 -0.4962026189)
(35.84624 0.06758916468 -0.07064672681)
(35.65400745 -0.2567166893 -0.1750451214)
(39.01307747 -0.1192645228 -0.6664278537)
(38.43699814 -0.1995456544 -0.06516021878)
(38.89560002 0.4105635749 0.1675602833)
(38.62592995 0.08505164125 0.1139766614)
(38.78368419 -0.2435569207 -0.4698485231)
(41.9159729 -0.3584066039 -0.07478638282)
(42.13016399 -0.002572875145 -0.02407637448)
(42.16387094 0.1801655809 -0.1604872003)
(42.18703671 0.2075420972 -0.1198627134)
(42.45569899 0.05985795296 -0.6770458329)
(44.80043624 -0.2425033614 -0.227772072)
(45.02433229 0.1858754291 -0.09967541894)
(44.65513085 0.09833220585 0.2215210694)
(44.9907409 0.1006094981 -0.03703074412)
(45.00265499 -0.02263691852 0.06016394816)
(47.90176879 0.1989922852 0.08552878115)
(47.64445255 -0.1059428891 0.7409406158)
(47.57627359 -0.03980958366 0.192589729)
(47.87559628 0.298571463 -0.2498606276)
(47.40167679 -0.6368355186 0.02000303544)
(50.473484 0.08755840531 0.2231341037)
(50.71661242 0.1190207628 0.366092311)
(50.29750663 0.2971551814 0.5881264341)
(50.44716921 -0.2686061667 0.08936628344)
(50.573691 -0.3329314524 0.7121823977)
(53.78459146 -0.4992959883 0.6726343972)
(54.24084943 0.3127122433 -0.2610911584)
(54.03748885 0.2540128031 1.273535115)
(54.06160984 0.1888031365 0.6995272117)
(53.82767116 0.1818679586 0.09742842327)
(56.36455995 -0.03588456855 0.01133555251)
(56.51925457 0.01762833939 0.1182721003)
(56.33264988 0.005641343508 0.744234736)
(57.01072534 0.00957475431 0.6411135982)
(56.7161154 -0.2820752556 0.01115124986)
(59.63629284 0.2694561129 0.5788278649)
(59.42894703 -0.4729372779 0.5639186004)
(59.54073763 0.2815047967 1.048850776)
(59.488333 0.08104641869 0.486385107)
(59.3441368 0.1005854783 0.7661532297)
(61.97171056 -0.07412989746 0.4028009024)
(61.86598507 -0.494807976 0.6304355074)
(61.67720643 0.1637229987 0.2039360807)
(62.11289227 0.02729157599 0.7452000464)
(61.72736248 0.08010864466 0.1048580852)
(64.86637652 -0.08953488098 0.2225970726)
(65.11961372 0.5181042514 -0.1082764521)
(64.95381362 -0.2561986825 0.2217509486)
(64.82155418 -0.1158738437 -0.3407648084)
(65.33835506 0.1181113166 0.068123211)
(67.58961884 0.07407097757 0.2072863429)
(67.83367031 -0.225495634 0.3610487058)
(68.18374547 -0.3263947301 0.07826806462)
(67.86722156 0.02211471959 -0.1555162121)
(67.58626972 0.7277879677 0.3642450086)
(70.86805962 -0.05022056716 0.2623194483)
(70.63577812 -0.2256176889 -0.08598411366)
(70.20905819 -0.3011635945 -0.1952230943)
(70.3106236 0.1775148147 -0.1575803905)
(70.77801662 0.09565453816 0.2184277269)
(73.31631306 0.2222210166 0.3973579234)
(73.33577359 -0.09200242754 0.2841863553)
(73.24699881 -0.156482883 -0.1287319061)
(73.75832833 0.03484151247 0.4000126031)
(73.57169104 0.06774488775 0.03989503141)
(76.41267836 0.4487341556 0.1583833682)
(76.36734365 -0.1430048549 0.1180666681)
(76.65303102 -0.1509143515 0.2263867191)
(76.21375105 0.04553248148 0.3471675448)
(76.04065019 -0.148707385 0.2824487407)
(79.48889265 0.006057956024 0.1095565967)
(79.11516397 0.04664022597 0.8386243255)
(79.05325998 0.004003254053 0.5705292501)
(79.30286164 -0.1065277252 0.7440863955)
(78.58663917 -0.075523374 0.6797691668)
(82.13460031 0.03643487367 0.4576639493)
(81.69334136 -0.04208002558 0.2392554479)
(81.91468551 0.261764524 0.442814818)
(81.89190229 0.07238458825 0.402037925)
(82.17595037 -0.2823809294 0.7028167578)
(84.21363718 -0.233793138 -0.2462660314)
(84.42780725 0.01282516611 0.3405762177)
(84.39471713 -0.145418528 -0.1514858343)
(84.71776453 -0.0148887677 0.2206171608)
(84.58749667 0.3451321943 0.5309201997)
(86.92587923 0.4334774533 0.5296087589)
(87.09343925 0.05514466474 0.7970828903)
(87.27495114 -0.1424323196 0.188474634)
(87.4311045 -0.1400648821 0.2636804835)
(86.8314631 0.05434462088 0.04718970682)
(89.95813427 0.6120525255 0.3387834316)
(89.95329117 -0.1540646572 0.2887099615)
(89.93136423 -0.24482651 0.8068046882)
(90.45380161 0.128930221 0.3183480533)
(90.27842341 -0.1043114933 0.1744826838)
(92.97044628 0.5032747403 0.1895663732)
(93.45414778 -0.3637316141 0.04180079844)
(92.95930818 -0.4304139514 0.2394784406)
(92.56752041 -0.5098370405 0.7677400006)
(93.24238558 0.1599528751 0.3407273022)
(95.60831545 0.1821322686 0.1964518146)
(95.59568493 -0.04284010684 -0.002311077083)
(95.27348599 -0.1844388777 0.3091373232)
(95.52757292 0.09373931364 0.7007099469)
(95.13438938 0.6040629101 0.4984914498)
(98.3460954 -0.08283384096 0.1318088442)
(98.2167044 0.1759852073 -0.06535361882)
(98.22842467 0.1593082053 -0.03535584218)
(98.19559678 -0.4669939558 0.3285236958)
(98.56119436 -0.1143468247 0.4056094987)
(101.0461761 0.1874595764 0.2949399612)
(101.1634783 0.1689525752 0.3132480207)
(100.6666149 0.2420299868 0.111245689)
(101.1680116 -0.01555301627 0.7444542941)
(100.912112 -0.52417536 0.3784355729)
(104.004655 0.03453982636 0.4428605194)
(103.7492564 0.187280091 -0.002598480317)
(103.5124729 0.09572583979 0.4159739942)
(104.0601084 -0.4737451546 0.1405729554)
(103.4057834 0.1352359975 0.08957988376)
(106.5440395 -0.300615083 0.5003573259)
(106.363784 0.8778164603 0.3361619216)
(106.9120943 0.1326502314 0.09047456336)
(106.3901193 -0.714155044 0.402284138)
(106.5563849 -0.2850959266 0.6576225527)
(109.2842387 0.2195572627 0.1365643127)
(109.2245106 0.2739046437 0.7328770956)
(109.1616716 -0.06417798036 0.4013535006)
(109.441383 -0.00901036625 0.526701243)
(109.8015948 -0.05481733316 1.165373736)
(111.991458 0.6995459817 0.4075151166)
(111.9145063 -0.2630357869 0.3060515123)
(112.3157072 -0.1564745637 0.9614847563)
(111.8028114 -0.2347125045 0.6683101666)
(112.3330079 -0.3233360108 1.364425126)
(114.4620791 1.020376284 0.4133615791)
(114.5739198 -0.04237323849 0.1092167898)
(114.5349466 0.05342322213 0.2034403355)
(114.8491506 -0.7157674021 0.4828421057)
(114.5196632 -0.4286262337 0.2949786265)
(117.8452762 0.2783552678 1.062733461)
(117.4810116 -0.0099096476 1.162054251)
(117.3358853 -0.01187050152 0.8725129068)
(117.5736057 0.01429935371 1.261093182)
(117.1538439 -0.159104835 1.092757445)
(119.9759635 0.2287385788 0.9806479083)
(120.1001014 0.6784566602 0.8703456088)
(120.2033116 -0.1138604797 0.8734930072)
(119.9376468 -0.2545030426 2.028209186)
(119.6418753 -0.3115377709 1.326511825)
(122.2820466 0.3289812307 0.9981921101)
(122.3695026 -0.1986987254 0.8962967328)
(122.2464672 0.2534763999 1.008505413)
(122.3140274 -0.4148799704 0.7428940023)
(122.2750191 -0.181930708 1.084670294)
(125.383582 -0.2095954561 0.1776648403)
(125.8414791 -0.07347119831 0.8022038551)
(124.8377562 0.5451318325 0.6238210775)
(125.6610683 -0.05638467521 0.7579507389)
(125.5239288 -0.1382820238 1.087652548)
(127.2089376 -0.155050646 0.8267556475)
(127.8167362 0.270468985 0.3906280277)
(128.0372895 0.2155052163 1.363265613)
(127.6186556 -0.298840363 0.8655486088)
(127.6745016 -0.1758161126 0.6674316651)
(130.6469766 -0.02646774316 0.726849694)
(130.3000947 0.2177750039 0.72465553)
(130.0769134 0.1687590008 1.053762213)
(130.7168817 0.04360220817 1.098338352)
(130.5252299 0.08182939632 1.088694798)
(133.4406841 -0.4890857175 1.255195196)
(133.3097642 0.2209455211 0.7522741225)
(133.4659058 -0.3812881234 1.229095595)
(133.5251313 0.1277814805 1.245963305)
(133.2185058 -0.09593781224 1.462604083)
(135.9717314 0.1818814324 0.5662894741)
(135.908268 -0.1594037913 0.5163081527)
(136.1068096 -0.2691414217 1.371518188)
(135.8612977 0.6440576198 0.818142516)
(136.1204933 -0.06142520236 0.41015373)
(138.5069377 -0.1145629333 1.117422477)
(138.508739 -0.05121318532 0.8781734846)
(138.4543506 -0.007782350489 0.3025147338)
(138.4068613 0.2112547837 0.6689274026)
(138.4343085 -0.3240141164 0.4409707881)
(141.3786258 -0.2679767303 0.3309333829)
(141.0234793 0.1586122269 0.2515762564)
(140.914109 0.1684988863 0.8179586084)
(140.9080089 0.2671550271 1.035147808)
(140.7838461 -0.287317899 1.091905971)
(143.6193693 -0.04589984359 0.6295410877)
(143.210117 0.1683309504 0.4491926974)
(143.1818864 0.05792665249 0.8559639606)
(143.5248128 0.04832647314 0.8859186143)
(143.4145805 -0.2160787363 0.7138441945)
(145.6662123 0.0437868745 0.6615736396)
(145.798666 0.08080601994 0.4231549338)
(146.0541915 0.2734489913 0.9807777863)
(146.0483435 -0.345654345 1.360352457)
(145.9728806 -0.04308788737 0.4737975239)
(148.114137 0.2574968815 0.6635355584)
(148.3571364 0.2960373754 1.163227236)
(148.3175635 -0.2369968724 0.7416744148)
(148.2072916 -0.05759511917 1.058786717)
(148.2912966 0.002102686194 0.5960195565)
(150.9939262 -0.4571170735 1.102098936)
(150.8637739 0.4062820072 0.9178207621)
(150.6938406 0.1110423806 0.8762798257)
(150.0523609 -0.3395216541 0.9526992583)
(150.2844847 0.03881635052 1.348199583)
(153.1370054 -0.3392374867 0.564451527)
(153.1470675 0.3424149574 0.6687042628)
(153.2224735 -0.03323967467 0.4963651679)
(153.315824 0.3785807385 0.8559468905)
(153.5865138 -0.5547272785 1.364284686)
(156.1941002 -0.05794702831 1.130819942)
(156.4004032 0.1132586504 0.8559981513)
(156.0371227 0.3422308684 0.9172454046)
(156.0333212 -0.2338912303 1.125349656)
(156.2643614 -0.08634541246 1.317401429)
(158.6596245 -0.3951025617 1.12719192)
(158.8995123 0.3055508217 1.230350684)
(158.662059 0.5781606799 0.6231202026)
(158.3410399 -0.1622077089 0.5004876174)
(158.750001 -0.0760752315 0.7523533878)
(161.3035986 -0.349983498 0.2369791117)
(161.2919774 -0.1930998098 1.031578348)
(161.7737521 0.2579925837 0.6377409726)
(161.6960097 -0.2013713051 0.5143940646)
(161.5164258 -0.1335515162 1.449955031)
(164.203217 0.1621522029 1.038708849)
(163.6240413 0.386766786 1.223952363)
(164.305374 -0.480407021 1.111625673)
(164.1896984 0.6760723376 0.8189045912)
(164.2730131 -0.09932176477 0.5690862476)
(166.7106749 0.3578459163 0.9264372114)
(166.9037426 0.2517543353 0.5705507491)
(166.3710508 -0.2030427687 0.6888022873)
(166.6562075 -0.06575859446 0.8537204746)
(166.948979 -0.3474241024 0.7535319301)
(169.4256339 0.02633529799 0.9687477885)
(169.4112328 -0.07814528073 0.7857675642)
(169.5198873 0.2574563632 0.6299818413)
(169.1955481 -0.09981338186 1.164213854)
(169.2446208 -0.3173894214 1.483842892)
(171.338087 -0.2638319595 0.9242697466)
(171.6795287 0.6789472396 1.079138053)
(171.8607394 -0.1928510048 0.8219103871)
(172.349435 -0.1900625876 0.8877777062)
(172.1134368 0.07925744409 1.223775824)
(174.3891262 -0.08475614286 1.363661432)
(174.2631823 -0.08136216073 0.5158177502)
(174.462983 0.3663356742 0.8163478752)
(174.0414672 -0.2592562136 0.7410129229)
(174.5599124 0.1388474627 0.6526775051)
(176.4882125 0.5816671364 0.6157210591)
(176.3842091 0.3607305448 1.464236439)
(176.6200593 -0.6248732443 1.214269498)
(176.5147415 -0.5968993195 1.066977631)
(176.8842672 0.08171575712 0.5601818549)
(178.8048819 0.3142756531 0.04683372505)
(179.0524756 -0.3348533747 0.3955464724)
(178.9472716 0.001801474335 0.7109284501)
(179.1869855 -0.2863527008 0.4999977843)
(178.9198307 0.261437609 0.722802639)
(181.984104 0.4730322314 0.01334163199)
(181.8060735 -0.03861576898 0.7240242159)
(181.8839798 -0.2261781634 0.9067895795)
(181.7102113 -0.02307254607 0.3765263718)
(181.3833358 0.05742222205 0.8050251654)
(184.8231427 -0.3799040737 0.6174974299)
(184.4864772 0.0003486380837 0.3949632108)
(184.3600234 0.07913742266 0.5218376226)
(184.4919211 -0.0427190522 0.5201083135)
(184.2525112 -0.2730566736 0.9237792619)
(186.7329757 0.04256547868 0.693365039)
(186.8941741 -0.2864679017 0.7173517765)
(187.160881 0.2527120657 0.16557355)
(187.1366924 0.1889633333 0.4600810719)
(186.5439898 0.2795305168 0.5651868284)
(189.6152785 -0.1012649834 0.5117151611)
(189.049797 -0.4305770899 0.3465898374)
(189.3243382 0.2905440502 0.086488523)
(189.1087811 0.1338803122 0.5665877235)
(189.2011568 0.06540014542 0.2425996206)
(191.8575037 -0.5018644667 -0.355713296)
(191.7412333 0.2892644972 -0.3817544359)
(191.5566221 -0.2144795579 0.05082053496)
(191.5637355 0.04426688352 0.2409418445)
(191.5196442 0.4114178345 0.1407038403)
(193.7573922 -0.1783690424 -0.5100215589)
(193.5079083 0.2133138556 0.1454734758)
(193.8644844 0.2814200266 0.9170344001)
(194.2474593 -0.002218492426 0.2551520072)
(194.4384957 -0.325808645 0.1715780366)
(196.293309 0.07319657433 0.3770726452)
(196.922918 0.2851861078 -0.4668524217)
(196.1377932 0.3189787089 0.1948345241)
(195.6949991 -0.2489211784 0.2542371438)
(196.1003529 -0.1275442417 0.370823555)
(198.4407493 -0.1236119376 0.3250862812)
(198.6299582 -0.2224687855 0.8105778841)
(198.8148603 0.554972693 0.1804283977)
(198.9042051 -0.5176902409 0.4969152555)
(198.9743423 -0.2593506822 0.7876303745)
(201.3104048 -0.1782651284 -0.1359996649)
(201.5375871 0.4266189692 0.2307508261)
(202.3644974 0.05979096203 0.03587146574)
(201.7631173 0.1445159475 -0.05932842064)
(201.8693042 -0.1078450301 0.6460954387)
(204.4111388 -0.1164572564 0.4043186171)
(204.3642339 -0.05573346316 0.0004862914243)
(203.8882453 -0.007532795703 -0.2259336999)
(204.3261064 0.1532178532 0.2790214976)
(204.038197 -0.3203032662 0.2994834111)
(207.0754166 -0.3363106512 -0.285516314)
(207.1572129 0.4132394581 0.5497760015)
(206.5484552 0.2908279131 0.2016701463)
(206.7993922 -0.1628919321 0.5848465198)
(206.9002344 0.1761427513 -0.08848228443)
(209.0420355 0.3652212117 0.220911975)
(208.4608195 0.0038159854 0.6854343337)
(209.3221434 0.132527029 0.487555847)
(208.9336088 -0.1654411986 -0.1133509304)
(208.7429239 -0.3040524852 -0.3999475309)
(211.6522383 0.0433246932 0.3226946646)
(212.0256328 0.06373044002 0.5586010508)
(211.904547 -0.3390444365 0.2492518252)
(211.4560813 -0.01943443456 -0.2845467734)
(211.6412547 -0.07895489993 -0.00826188731)
(214.3786902 -0.2885432136 0.04610599447)
(214.550604 0.2236722531 0.1716963675)
(214.2122438 0.3025035352 0.2963762562)
(214.3792713 0.229948236 -0.1922944569)
(214.365272 -0.3313458805 0.1549414198)
(217.157898 -0.1846830274 0.4116788543)
(217.021667 0.152694316 -0.08697242978)
(217.1337517 0.2117566295 0.2570718109)
(217.3835198 0.5916423807 0.1751230652)
(216.7998597 -0.4385377737 0.2033263969)
(219.3002116 0.296918128 -0.4815740926)
(219.1881793 0.02341422024 0.1233682787)
(219.2740092 -0.1245628515 0.03672494511)
(219.3197268 0.08159892865 -0.1331681114)
(219.257195 -0.1268345051 -0.4365151286)
(222.1099079 -0.3351627685 0.3490556483)
(222.2668697 0.3153367588 -0.07809290352)
(221.7623923 -0.136562255 0.05821637965)
(222.6444847 -0.2188661256 -0.4460061186)
(222.2058579 -0.2280246602 0.1323758871)
(223.9440835 0.1430941041 0.4878230186)
(224.7245036 0.04374288318 0.5244129718)
(224.0845923 0.2116061605 0.09168601081)
(225.1677103 0.3288877081 -0.05079494012)
(224.4217095 -0.03003322383 -0.3819929805)
(227.2970345 0.2881032358 -0.2604483744)
(226.8473638 -0.159887051 -0.07167198544)
(227.2780333 0.1081882957 0.1956950283)
(227.0021411 -0.4576212269 -0.3477204131)
(227.6380889 0.3543621199 0.02226635512)
(229.3540946 -0.09778387095 -0.1393055643)
(230.1027114 0.137050769 0.07871385374)
(229.7712728 -0.2773120358 0.2595711551)
(229.1291779 -0.1346605086 -0.1200160483)
(230.0891143 -0.206682326 0.3480495293)
(231.4169433 -0.0631303139 0.3654840336)
(231.8296224 0.2923157941 0.4731686732)
(231.4962252 0.3881227162 0.6807251985)
(231.5498764 0.009774395199 0.7771873)
(231.716764 -0.2097032375 0.4588274212)
(233.7140389 -0.195015204 0.5600982755)
(233.9198983 0.1155637323 0.556972131)
(234.5206797 0.07178347727 0.196256672)
(234.0497975 -0.01680050156 0.6459604722)
(234.3985602 -0.2752259751 0.8013667431)
(236.3467312 0.3096286783 0.3295301784)
(236.4291459 -0.01924100945 0.3922423906)
(236.1086447 -0.1430258429 0.218555609)
(236.4102255 0.2556131559 0.09766648279)
(237.2637857 -0.3754432763 0.8602384333)
(239.5131926 0.4225404835 0.7251074259)
(239.3886585 -0.1920480643 0.657733332)
(239.9274946 -0.4036015472 -0.1564302235)
(238.8933667 0.04370978474 -0.1210225729)
(239.0367364 -0.04866247807 0.6955314129)
(241.5397074 0.05048675676 0.447701812)
(241.7952784 0.0749136511 0.6755463918)
(241.8509738 0.0819245859 -0.1040415972)
(241.9160784 0.03774479952 0.6810052815)
(241.6945695 0.09455230854 0.9869293982)
(244.6012887 -0.08933738915 0.6351723502)
(244.307433 -0.6777228279 0.2605338885)
(244.6773287 0.7695317175 0.273668285)
(243.7462717 0.06526572761 -0.1029601448)
(244.2929257 -0.05729696028 0.1740991011)
(246.5562421 -0.1942744609 0.2743557679)
(247.0198934 0.1470535668 0.0120702843)
(246.465474 0.1096756285 0.2460358395)
(246.4194408 -0.1089772043 0.05984053877)
(246.6244463 -0.09306387526 0.1738574244)
(249.4638459 0.01681641688 0.1594508534)
(248.6888101 0.1434069601 0.5510611155)
(249.4467144 0.1984635961 0.2963724697)
(249.4313797 0.06689191981 0.9733504692)
(249.6577108 -0.2667702334 0.6908224336)
(251.8615433 0.2398305641 0.3325707809)
(252.6320252 0.3126044603 0.317098972)
(251.9775509 0.1783528807 0.04366867415)
(252.2846801 -0.54966859 0.6315671168)
(252.1270585 -0.2423942811 0.356040368)
(254.4994951 -0.3392749849 -0.09007060035)
(255.1677376 0.3175634507 0.5053162483)
(255.1107943 0.2663394383 0.827753259)
(255.0033653 -0.06192773284 0.4410064056)
(254.7333224 -0.4160950862 0.06009996196)
(256.4681988 -0.07919441084 0.1960822949)
(257.5681702 -0.3338953851 0.6793779651)
(257.2935941 0.1971322963 0.4866881437)
(257.2742296 0.3621480277 -0.06168460432)
(257.1177879 -0.1011052344 0.3060162825)
(259.2279127 -0.02876790618 -0.6255946037)
(259.6224933 -0.2478299499 0.3255937532)
(259.3754544 -0.07832793197 0.6558835729)
(259.814071 0.3014630717 0.3422903859)
(260.2122451 0.6825306421 0.503434287)
(261.8096386 -0.119006008 -0.2588978259)
(262.1678273 -0.140522249 0.05434353212)
(262.0250304 0.386593649 0.6344533328)
(261.7789632 -0.1935631393 0.3812463217)
(261.7304823 0.05859761527 -0.2286347294)
(264.9505277 -0.08581550475 0.5763685291)
(264.763684 0.06066425249 0.9447258483)
(264.6284809 0.1717087739 -0.1629027516)
(264.3370082 -0.3836757952 -0.2347821856)
(264.8612142 -0.06187442889 0.3151391505)
(267.0271852 -0.3848418192 0.5851632035)
(266.7809382 0.3007738452 0.5489055216)
(267.0827131 -0.07584346278 0.4035016554)
(267.159103 0.1969071808 0.5354196836)
(267.1469841 -0.2005248119 0.1495593227)
(269.9180233 0.4374974854 -0.237157806)
(269.3736608 0.4841319379 -0.1437992017)
(270.6302811 0.2595102537 0.09181292387)
(270.0318266 -0.4062238063 0.6505366885)
(270.3942069 -0.483228683 -0.3134904198)
(272.739122 -0.05967142335 0.07311864745)
(272.6659947 0.1456860866 -0.09516340299)
(272.53472 -0.07301293041 0.3409702606)
(273.1870175 0.4878275029 0.2079238421)
(272.45024 -0.3004585128 0.2764236621)
(275.1687763 0.3345690362 -0.09396081765)
(275.9701558 -0.4257612773 0.1023517447)
(275.2366522 -0.4694434469 -0.2338370207)
(275.1158081 -0.0380747435 0.07351070318)
(275.4789923 0.2169965851 0.05765418776)
(278.3144598 -0.1811306103 0.1819083149)
(278.3546768 0.2481484804 0.05931445879)
(278.4977131 -0.368301699 0.1586092738)
(278.4603124 -0.04785666939 0.1997316016)
(278.535191 0.1599562956 0.3798788474)
(282.25975 0.4919168779 0.2816449124)
(282.3817202 -0.2315275554 -0.02074687863)
(281.8306287 -0.07670665604 -0.2104710292)
(281.51879 -0.004527593225 0.01852658416)
(281.9137702 0.3282975948 0.3624990376)
)
;

boundaryField
{
    upperWall
    {
        type            calculated;
        value           nonuniform List<vector> 5((284.2337994 0 -2.021278471) (285.3377952 0 -0.7067285368) (282.5035547 0 -1.143885878) (285.0944115 0 -0.4137903854) (285.063977 0 -2.488330133));
    }
    lowerWall
    {
        type            calculated;
        value           nonuniform List<vector> 5((11.41768901 0 0.068412306) (12.18089269 0 0.7888352961) (12.41750076 0 -0.7995308939) (12.28920355 0 -0.1885055643) (12.79306087 0 -1.360389697));
    }
    periodicX_half0
    {
        type            cyclic;
    }
    periodicX_half1
    {
        type            cyclic;
    }
    frontAndBack
    {
        type            empty;
    }
}


// ************************************************************************* //
