/*--------------------------------*- C++ -*----------------------------------*\
| =========                 |                                                 |
| \\      /  F ield         | OpenFOAM: The Open Source CFD Toolbox           |
|  \\    /   O peration     | Version:  v1706                                 |
|   \\  /    A nd           | Web:      www.OpenFOAM.com                      |
|    \\/     M anipulation  |                                                 |
\*---------------------------------------------------------------------------*/
FoamFile
{
    version     2.0;
    format      ascii;
    class       volScalarField;
    location    "5";
    object      variableHardSphereMeanFreePath_N2;
}
// * * * * * * * * * * * * * * * * * * * * * * * * * * * * * * * * * * * * * //

dimensions      [0 1 0 0 0 0 0];


internalField   nonuniform List<scalar> 
500
(
0.08594934616
0.08602611511
0.08605628025
0.08599596613
0.08595495312
0.08664478372
0.08673270526
0.08665735174
0.08676596239
0.0867792723
0.0873154749
0.08728261251
0.08732409032
0.08738172085
0.08734947694
0.08792964395
0.08796881207
0.08786851768
0.08795880489
0.08785627095
0.08833242173
0.08843836536
0.08845335425
0.08845803371
0.0883802295
0.08887058944
0.08885198851
0.08881537079
0.08882649342
0.08887664312
0.08944716447
0.08935455765
0.08936558165
0.08938912791
0.08937170219
0.0899190398
0.08995058505
0.08994301053
0.08983337681
0.08987788355
0.09041424747
0.09042283613
0.09051059311
0.09030996609
0.09042055714
0.09086626431
0.09086674092
0.0908534689
0.09084304234
0.0908201041
0.09142232152
0.09143232591
0.09142830828
0.0914037193
0.09139436575
0.09188625532
0.09189521288
0.09183772859
0.0919034535
0.09191143345
0.09234036148
0.09238579683
0.09241990984
0.09236572384
0.09231302828
0.0928188001
0.09282675245
0.09283280362
0.09270190912
0.09269836679
0.09335089907
0.09330790131
0.09330710273
0.09334062528
0.09329278436
0.09387585545
0.0938169983
0.09378831574
0.09371783806
0.09370928876
0.09423631295
0.0942548289
0.09417855225
0.09412711151
0.09426902218
0.09470190344
0.09469770718
0.09469824245
0.09460257107
0.09462306345
0.09514284949
0.09513116308
0.09511980757
0.09523336465
0.09524249705
0.09561893211
0.09560334569
0.09560863299
0.09560244051
0.0956862269
0.09599338474
0.09600483894
0.09601918389
0.09602964619
0.09617422939
0.09659587054
0.09661564449
0.09648575431
0.0965133981
0.09656082196
0.09699307409
0.09696114022
0.09698444687
0.09699082625
0.09703316719
0.09745947132
0.09749719768
0.09743012183
0.09745860808
0.09742144497
0.09794305892
0.09792361693
0.09800216391
0.09799585371
0.0979023452
0.0983668225
0.09826442852
0.0983902521
0.09845029902
0.09845271186
0.09879298689
0.09884821488
0.09884857443
0.09878941883
0.09886204699
0.09932208593
0.09929209362
0.09936551777
0.09929803173
0.0992053572
0.09973390242
0.09966118141
0.09967358281
0.09972775608
0.09977689029
0.1001179346
0.1000456095
0.1000486088
0.1002068406
0.1001913363
0.1006005277
0.1005530007
0.1006000204
0.1006322798
0.1005626507
0.1010130611
0.1010393776
0.1011216286
0.1011391958
0.1010121376
0.1015706506
0.1015673423
0.1014907984
0.1016055703
0.1014244123
0.1019859468
0.1020451205
0.102012647
0.1019936739
0.1019911163
0.1025419819
0.1024536777
0.1024585735
0.1025326025
0.1025133272
0.1028193362
0.1028669076
0.1028559032
0.1029804764
0.1030108655
0.1033223983
0.1033755614
0.1034125615
0.1032811787
0.103282604
0.1038046656
0.1037701579
0.1037062534
0.1037189734
0.1037603298
0.1041626854
0.1042448518
0.1042068856
0.1041535513
0.1041366311
0.1046443104
0.1046457722
0.104636467
0.104641501
0.1046693673
0.1050169259
0.1050525079
0.1049311219
0.105053527
0.1051132883
0.1054985171
0.1055849789
0.1054856406
0.1055254399
0.1054955886
0.1060921273
0.1059147713
0.1059041118
0.1059467021
0.1060532662
0.1063207701
0.1063888587
0.1062953721
0.1064675355
0.1064129144
0.1067884996
0.106716107
0.1067352863
0.1067919257
0.1068111846
0.1071355116
0.1072910856
0.1073430539
0.1071043961
0.1073048622
0.1077559589
0.1076428285
0.1077416015
0.1076956768
0.107772395
0.1082017244
0.1080159078
0.1081194533
0.1080383224
0.1081198212
0.108581328
0.1085973932
0.1084946163
0.108431425
0.1085579718
0.1090061887
0.1090986123
0.1089580896
0.1089066682
0.1090980412
0.1094889557
0.1094339531
0.1094162288
0.109374843
0.1094587686
0.1098477214
0.109943723
0.109805499
0.1098241583
0.1098096315
0.1103473893
0.1103129849
0.1103733416
0.1102435979
0.1101948264
0.1107390348
0.1107953365
0.1107062326
0.1107525468
0.1106382813
0.1111018638
0.1111958168
0.111147706
0.1113138504
0.1111618164
0.1116255945
0.1114757958
0.111604462
0.1116667602
0.1117288577
0.1120436278
0.1120676772
0.1120853735
0.1120621581
0.1120913082
0.1123966804
0.1124375527
0.1123675896
0.1124657965
0.1124741742
0.1127977342
0.1127526276
0.1127692234
0.1128374051
0.1128186027
0.1132545011
0.1131936789
0.1133391985
0.1133118662
0.1133096287
0.1137631723
0.1138519169
0.1137532135
0.1136882718
0.1137759682
0.1141979957
0.1141623938
0.1141230253
0.1142338984
0.1140582173
0.1145677679
0.114565968
0.1146072178
0.1145781021
0.1146064115
0.1149204233
0.1150737471
0.1151628557
0.1150713639
0.1151728736
0.1153862959
0.1154509537
0.1154399791
0.1154769732
0.1154127312
0.1157872645
0.1158609377
0.1157303074
0.1158386156
0.115790322
0.1162524843
0.1162531064
0.1162718699
0.1163211931
0.1162073819
0.1167044451
0.1167024514
0.116660835
0.1167994402
0.1166428805
0.1173084991
0.117215998
0.1170481118
0.1172711004
0.1171889816
0.1175465188
0.1176128876
0.117506633
0.1175718196
0.1174419299
0.1179817129
0.1178507179
0.1178964415
0.1179361246
0.1180028765
0.1182856894
0.1182869431
0.1182992115
0.1182989292
0.1184765367
0.1187409553
0.1187235313
0.1187624469
0.1187889032
0.1188368941
0.1190573315
0.1191077497
0.1192355408
0.1192173196
0.1191372596
0.1195367738
0.1196790191
0.1195439943
0.1196065694
0.1195366327
0.1201003479
0.120053893
0.1200371505
0.1199030338
0.1199836241
0.1203302808
0.1204353122
0.1204004686
0.1203126784
0.1203810746
0.1206966614
0.1207319895
0.1208480477
0.1207428379
0.1207593732
0.1211094388
0.1211442946
0.1212606221
0.1212429836
0.1211822108
0.121612403
0.1215784518
0.121558214
0.1216334052
0.1215491239
0.1219302546
0.1219251287
0.1220045753
0.1219657413
0.1220221261
0.1224640163
0.1224796865
0.1223699342
0.1225888405
0.1224699903
0.12282031
0.1228620546
0.122788588
0.1227815573
0.1229988542
0.1232009692
0.1232861356
0.1233361307
0.1232295157
0.1233626058
0.1236939737
0.1236329404
0.123675171
0.1236116299
0.1236163878
0.1241240341
0.1240796448
0.1241996446
0.1241579291
0.1240640675
0.1244231777
0.1244914939
0.1245896169
0.1244850936
0.1244395933
0.1248262845
0.1249255398
0.1249640657
0.1249031975
0.1248265195
0.1253634024
0.1254732328
0.1253134521
0.1254367004
0.1254020344
0.1257344036
0.1258764594
0.1258942028
0.1259558926
0.1257484418
0.1262226066
0.1263125619
0.126276566
0.1262396214
0.1262132827
0.1265735784
0.1266844187
0.1266722231
0.1265956899
0.1266506225
0.1269689247
0.1271547951
0.1271845957
0.1271694354
0.1269938272
0.1274972743
0.1275564162
0.1276405345
0.1275894696
0.1276112448
0.1279954468
0.1279811885
0.1280455782
0.1280724757
0.1281032938
0.1284770883
0.1284669551
0.1284837074
0.1286008379
0.1285677805
0.1290284448
0.1289257664
0.1289281383
0.1288824301
0.1288773091
0.1293312665
0.1295115837
0.129368545
0.1294279279
0.1293710012
0.1298887307
0.1301035941
0.1300346778
0.1299206152
0.1297587553
0.1306754609
0.13074962
0.1304850094
0.1305801028
0.1305638636
)
;

boundaryField
{
    upperWall
    {
        type            calculated;
        value           nonuniform List<scalar> 5(0.1306754609 0.13074962 0.1304850094 0.1305801028 0.1305638636);
    }
    lowerWall
    {
        type            calculated;
        value           nonuniform List<scalar> 5(0.08594934616 0.08602611511 0.08605628025 0.08599596613 0.08595495312);
    }
    periodicX_half0
    {
        type            cyclic;
    }
    periodicX_half1
    {
        type            cyclic;
    }
    frontAndBack
    {
        type            empty;
    }
}


// ************************************************************************* //
