/*--------------------------------*- C++ -*----------------------------------*\
| =========                 |                                                 |
| \\      /  F ield         | OpenFOAM: The Open Source CFD Toolbox           |
|  \\    /   O peration     | Version:  v1706                                 |
|   \\  /    A nd           | Web:      www.OpenFOAM.com                      |
|    \\/     M anipulation  |                                                 |
\*---------------------------------------------------------------------------*/
FoamFile
{
    version     2.0;
    format      ascii;
    class       volScalarField;
    location    "3.2711";
    object      wallShearStress_N2;
}
// * * * * * * * * * * * * * * * * * * * * * * * * * * * * * * * * * * * * * //

dimensions      [1 -1 -2 0 0 0 0];


internalField   uniform 0;

boundaryField
{
    symmetry
    {
        type            symmetry;
    }
    inlet
    {
        type            calculated;
        value           uniform 0;
    }
    orion
    {
        type            calculated;
        value           nonuniform List<scalar> 
1990
(
0.5832104134
0.09110059088
0.5689552261
0.07837053511
0.5103898117
0.05829773777
0.5423538438
0.0003277004191
0.5556600216
0.0003654226434
0.5458217245
0.4769179131
0.0004154928776
0.4942514651
0.5532679397
0.007903315119
0.669870425
0.1438281168
0.6545235518
0.0002006216008
0.0002206685294
0.5664039512
0.0002290521404
0.5737263341
0.0002599173529
0.5892214252
0.0006074070422
0.5997126308
0.7509727629
0.1731771605
0.6617977752
0.6590346799
0.6571851115
0.0001856921108
0.683341155
0.0001950860901
0.6290933154
0.0003917783782
0.6695307592
0.5894198471
0.001037296389
0.695166773
0.01972343418
0.6956977358
0.0001515864875
0.7008191796
0.0002720130603
0.6794066634
0.0003844951263
0.7218580084
0.0007222093251
0.6351686897
0.7872412691
0.0001082679058
0.0001109537901
0.7349606528
0.0002310443715
0.7786104651
0.0003575949999
0.7293069085
0.73405115
0.4104456692
0.05469298559
0.0001022032041
9.726358113e-05
0.0001151731087
0.7716342328
0.0001676076563
0.8070080357
0.0004550919966
0.753820841
0.8351264091
0.7509971877
0.005537716337
0.06212529496
9.258451194e-05
0.0001201073255
0.7916598209
0.8426665616
0.0004922241922
0.7800543705
0.8583528679
0.7937949681
0.002745837035
0.9405734832
0.006185281275
0.5861358703
0.1024281034
0.0001082516718
0.7782205494
0.0001293175786
0.8293809618
0.8763862657
0.0002876073442
0.000554648253
0.8239288597
0.001845245318
0.8488584789
0.003336184148
0.7673524898
0.0200740992
0.7699287753
0.7719927703
0.7890706186
0.8164110121
0.0001245606765
0.8653995078
0.0003170701328
0.0006941321908
0.8999345068
0.001457826787
0.002547564062
0.9061582887
0.004481123445
0.0131001657
0.8282828925
0.03308847497
0.8154040712
7.871148946e-05
0.8063905298
7.477560499e-05
0.8066446834
0.0001410755023
0.0003565660508
0.8676837812
0.0008785288042
0.002008097262
0.003446291933
0.9371110713
0.009258862602
0.02308902473
0.4539352256
0.05550866096
6.787782997e-05
6.842887675e-05
8.956673485e-05
0.7828751782
0.0002382830047
0.866962079
0.0004763267014
0.001230548407
0.002805126765
0.9497408754
0.008141811963
0.01976040211
1.081961607
0.03330395819
0.6971581954
0.709093281
0.7330842212
8.754782418e-05
0.8162486251
0.0003376926685
0.0007239622139
0.830190062
0.002008268342
0.9213699826
0.01098700451
1.189887834
0.0391283455
0.7205248575
0.1508033024
0.0838585225
8.969426457e-05
0.7394438905
0.00052619609
0.8222528253
0.001186977585
0.7568641356
0.0101542782
1.159096738
0.03658850223
0.02462079675
0.9151939895
0.0930066314
0.07941707637
0.5699344393
3.215844214e-06
0.596789157
0.6576448197
0.6465073052
0.009742042892
1.284895377
0.03466923624
0.02290941164
1.046235046
0.1490596025
0.1275543253
0.1158368464
0.09030175016
0.0005581875612
0.0005335603546
0.0009310389227
0.7972648553
0.008393838458
1.189946983
0.02585538208
0.6089568427
0.2720408992
0.2221660435
0.2197394336
0.1986463898
0.1524201469
0.1173949643
0.08914039477
0.07127274069
0.0006863061714
0.0006486591738
0.0006840835399
1.350508038
0.001007290707
0.007065100697
0.7108658102
0.4236199228
0.3842470635
0.03020423178
0.3255135624
0.2992371332
0.2344608675
0.1952048992
0.1715707092
0.1466421822
0.1234776275
0.5842935113
0.5026473074
0.0008800741318
0.5670137958
0.5090154844
0.0008787922574
0.5326634424
0.5005893264
0.4861440506
0.0008794431643
0.4868104393
0.4700621626
0.4634788414
0.0009499058964
0.3705790119
0.3675271159
0.3515476897
0.03244084236
0.2297572179
0.1895630875
0.1524403467
0.1203463585
0.4597783073
0.4457419774
0.001211943782
0.4355376662
0.4427083984
0.4177034949
0.001204601721
0.3986855699
0.3907292914
0.3876680797
0.001288605276
0.3323196285
0.2999026345
0.2872888663
0.001223265845
0.3904528843
0.4034870872
0.3772967971
0.001883162042
0.3883488884
0.3601252
0.001806967109
0.322450526
0.2979944627
0.2614110851
0.001874573894
0.4984371766
0.4969603507
0.5071427947
0.330587245
0.5795179787
0.3228685777
0.08517280447
0.005726610771
0.005791937439
0.5232938741
0.4997289891
0.541710643
0.3022189739
0.5423395019
0.2780186414
0.06510794347
0.006003689341
0.006049381416
0.5594199078
0.5436962735
0.234288578
0.1941129811
0.4886286818
0.6121570741
0.6338912578
0.1724858608
0.3767273977
0.01871090517
0.5485921262
0.07637670564
0.2349835835
0.5554086421
0.5879142497
0.557884341
0.55207407
0.5002658112
0.5595415256
0.5943949065
0.556866181
0.4938305202
0.5433213287
0.498141071
0.5487047967
0.5615369786
0.5301870391
0.5259104133
0.513341324
0.4840013579
0.001404141091
0.5689106253
0.5737893718
0.5247120665
0.5291199027
0.5311773164
0.5405514149
0.5688371677
0.5136999261
0.578403909
0.5453508163
0.03686641414
0.5883560624
0.638967368
0.4271348978
0.6003744399
0.3230389152
0.02048781325
0.09115393611
0.009842274992
0.6385817706
0.6265885465
0.3598362447
0.1126835695
0.644979137
0.6500787507
0.5950572123
0.66520748
0.5988990828
0.6591404067
0.657198756
0.6017713643
0.5915317987
0.6050699638
0.0002142474681
0.6740248141
0.6795454985
0.6057804382
0.6101274048
0.6012707918
0.6110119172
0.5753982479
0.6156671022
0.6154869093
0.6340329105
0.572659418
0.6061466829
0.6158051169
0.5890218137
0.5575310635
0.6262109919
0.6302629701
0.5591311987
0.5766133331
0.5829098996
0.5374359516
0.6198900796
0.5789950775
0.6625980711
0.6730831834
0.7036789829
0.3411149408
0.5522290701
0.1065846155
0.7393493204
0.7312876804
0.6669866316
0.6625476918
0.6742346895
0.7261051332
0.6629364116
0.6581464417
0.6686382775
0.6755449579
0.6677329741
0.0001987788028
0.6840411419
0.6887182024
0.6908780288
0.637248508
0.7235181994
0.6593243013
0.660481205
0.6794427919
0.6020383357
0.673817662
0.6830562036
0.7213125109
0.6508301674
0.6346277448
0.6763179697
0.7010728275
0.6056816696
0.6386643907
0.6384176885
0.6735121657
0.6204213793
0.6563374233
0.6713705005
0.7173072223
0.5032515291
0.6476266561
0.228735745
0.07969634826
0.7246935503
0.7449770988
0.7471224262
0.0001350874436
0.000126038332
0.7157208098
0.7437567578
0.7360622125
0.7709378034
0.7570377316
0.6926414166
0.716383217
0.7033634868
0.7324673218
0.7467926505
0.7347199694
0.7134970836
0.7402823508
0.760446563
0.7556498832
0.7047371874
0.6914748499
0.725937603
0.659722571
0.6693117868
0.6907410027
0.7106973045
0.6768558329
0.7097981997
0.7754198312
0.8827962628
0.5492542883
0.6646155609
0.1189002418
0.7262236729
0.7382612223
0.7585090028
0.7369463618
0.7590907239
0.000136423151
0.7501335165
0.7708848153
0.7679603952
0.7790722679
0.7693206259
0.814548328
0.7825749357
0.7951121226
0.7161485176
0.74858648
0.7798621304
0.7518834993
0.8032044188
0.756457339
0.7863782114
0.7878334453
0.7098829076
0.7462211966
0.7616531383
0.7668799473
0.6998887063
0.7234004714
0.7508085997
0.7446670832
0.7663106659
0.6826414338
0.7398115827
0.8271757314
0.8349868266
0.7729269011
0.4132988603
0.1895816068
0.7592902452
0.7802287134
0.0001014829557
0.763693647
0.7715846539
0.7884640874
0.7819968357
0.7869067445
0.7973410935
0.8042792261
0.8063512939
0.8344948028
0.7821174613
0.8092386674
0.7977568541
0.8269160326
0.8356156797
0.865420184
0.7817276234
0.79111984
0.807977556
0.7566451329
0.7952975131
0.7624305171
0.7695617342
0.7945644728
0.7801025827
0.8057910673
0.7907276822
0.8998320803
0.7375822662
0.8585818074
0.8031563012
0.5139511153
0.7721348282
0.7919271205
0.7949075569
0.7985824591
0.7985245029
0.8109960642
9.765301038e-05
0.8047923505
0.8099417491
0.8459694009
0.8419997961
0.8550879722
0.8277302519
0.8399995379
0.8208527415
0.871455607
0.7755686289
0.7947212206
0.8259102306
0.8118112799
0.8400622186
0.7962917801
0.8305763203
0.8000167378
0.8307449054
0.8521017254
0.8197279058
0.9269659132
0.9408487666
0.8118519088
0.8454687776
0.8354078669
0.8236904851
0.8347444008
0.8304591914
0.8295192854
0.7949444978
0.8109214247
0.833947132
0.8008894385
0.8740367941
0.8867051639
0.8541556454
0.7931326452
0.8201201156
0.8191399244
0.8299444547
0.8552443223
0.8602947277
0.8985058744
0.8635053676
0.8820078654
0.9203358896
0.8790796819
0.9165684702
0.878882469
1.018663487
1.041559465
0.5322816973
0.8059935055
0.7993333193
0.7711082843
0.8006229253
0.8070543884
0.7742797553
0.8001181285
0.8013327249
0.792454551
0.0001341114752
0.8206542258
0.8313521759
0.8345502021
0.7998343149
0.8328351667
0.8650040405
0.8621367943
0.889934963
0.8242342586
0.8676172613
0.8188624895
0.9341053867
0.9443208572
0.9468798102
0.9397796267
0.9473797856
1.013760875
0.9752389058
1.11202299
0.8049243967
0.7536466548
0.8179979991
0.7558420437
0.7525734135
7.758518614e-05
0.8117290522
0.7774565113
0.7627321807
0.8175498608
0.809083127
0.851804544
0.8400669044
0.7818614927
0.8283712666
0.8503288388
0.8087329608
0.9214098488
0.8945424828
0.9129590356
0.9005297156
0.9703875311
0.9115853293
0.9437842285
0.9105669143
0.9680438039
1.151836146
1.246774981
0.8152082179
0.7695114252
0.7802803206
0.7735526644
7.170353236e-05
0.7582429108
0.7607046198
0.7808926294
0.7716155689
0.7954034365
0.7214714442
0.7424817237
0.7662041381
0.786476712
0.7483891658
0.8502192611
0.862158034
0.817713169
0.8831357914
0.8399378659
0.9001990922
0.8820660393
0.9385745738
0.8902495698
0.9189609468
0.8865306722
1.023022307
0.9848558143
1.05974936
1.259711047
0.712992376
0.7379058449
0.7008532018
0.745319544
0.7226146794
0.7105830075
0.761309555
0.7675180549
0.6977041807
0.8020387652
0.7448371187
0.7485175813
0.7921131242
0.7926343387
0.8373871572
0.9080290564
0.8587968137
0.8007111538
0.861050095
0.91348284
0.8702415729
0.9991742661
1.048477037
0.8853749516
1.266845127
1.373884539
1.022895115
0.8930746447
0.6427983296
0.6423167412
0.6460619123
7.093189538e-05
0.6585874214
0.6756766641
0.6642882531
0.6818959236
0.7225369249
0.6380998611
0.6641698828
0.7772389654
0.7010282772
0.7167397055
0.7846220824
0.8151319445
0.7719264621
0.7274383312
0.8396459635
0.9211869292
0.9706798602
1.252715091
0.9450940779
1.182579806
1.022388257
0.6816241331
0.6911700063
0.5779616041
0.6284523346
0.5778315592
0.6548359501
0.0006664327052
0.000604235343
0.6574334955
0.7174765815
0.735489521
0.8032797743
0.7720795517
0.8089943961
0.8593213878
0.8152131295
0.9427446466
0.6716803149
0.9481659619
1.171035748
1.248939231
1.241743626
0.6810237592
0.107136
0.2369438685
0.4420926195
0.3361962582
0.5192082115
0.4195507509
0.6681026675
0.7545056628
0.6803544699
0.8963894403
1.206426716
1.021093958
1.300296033
1.264475824
1.269831053
1.200119172
0.3355387193
0.08457131483
1.159107795
1.182720035
1.264443324
0.6834991673
1.38873738
0.5232581253
0.3205886783
0.2435501408
0.4245888095
0.4486851726
0.3996087947
0.4311875774
0.4114169446
0.3851066259
0.4102474723
0.2681505821
0.7468814825
0.4971663774
0.4979047006
0.4980171188
0.3921108793
0.02607397148
0.001965359867
0.2804187641
0.5868175359
0.5912145129
0.5187690536
0.563791344
0.5410712566
0.0003743867317
0.5706910443
0.00343921467
0.01314850685
0.0001781122906
0.0001794327452
0.6175048026
0.649621293
0.6329787115
0.6112293295
0.0006395273644
0.3904468477
0.6128302076
0.7159226991
0.7183564805
0.7283674747
0.7228076122
0.0001480901278
0.7477683206
0.7297444066
0.0001556815601
0.6964272
0.0003530420758
0.6478901649
0.00115849544
0.4720734389
0.669820724
0.2891919382
0.0887821789
0.01013229716
0.03472210568
0.7412680293
0.7342806907
0.000121841369
0.7859281825
0.0001739388674
0.0001599601311
0.6979137208
0.0002618654862
0.0006432080938
0.000821576089
0.7068766825
0.003413361714
0.7542271031
0.7526529681
0.7627437871
0.7970346274
0.0001307280703
0.0002689869343
0.786301481
0.0007230114029
0.7415157173
0.001225808343
0.001447461142
0.002239999813
0.003287705008
0.7551726836
0.7809592407
9.842961462e-05
9.104667625e-05
0.7863797339
0.7767848347
0.8111227004
0.827663093
0.0002237093428
0.8058919212
0.0008714682942
0.0008701257098
0.00153052907
0.001783656608
0.8045523859
7.818977231e-05
0.8159133115
9.382989015e-05
0.8387817625
0.8297449232
0.0001980712932
0.001035485683
0.001068748132
0.9267440401
0.9560822626
0.00708321765
0.01077665437
0.01156003177
0.1545693526
0.06806457103
7.92771572e-05
8.250413869e-05
9.657925415e-05
0.8195439492
0.8503967926
0.8647925074
0.9063431187
0.9633166636
0.2282887737
9.832877252e-05
0.7473291033
0.0002212047361
0.873559308
0.8529573384
0.9681690607
1.156964896
1.095460857
0.02945869806
0.7431227969
0.7685538784
0.7783453415
0.8039620516
0.8133978386
0.000147794992
0.9364143383
0.8802176769
0.5928048022
0.04522346532
0.05152915902
5.977622268e-05
6.63569713e-05
7.015971056e-05
0.0001643522307
0.0002301314293
0.8206428782
0.006719781013
0.008473007704
1.006332313
0.01717682868
0.03764582322
0.05171177999
0.06165040771
0.6543668532
5.801029587e-05
6.584543131e-05
0.6872332981
0.7137425246
0.7488867147
0.0001939366931
0.006244660611
1.009392863
1.080634597
0.01316219971
0.01612210642
0.07015639686
0.2400733361
0.1731528379
0.126446767
0.0005159461918
7.050923255e-06
0.0001063881848
0.0001185847241
0.0001455569147
0.0005613458255
0.88825404
0.003018051961
0.005202117901
0.9358725636
0.0150460874
0.05020582118
0.7339070835
0.2371211117
0.1888600432
0.199084058
0.680982099
0.7078383145
0.5111074207
0.4783762727
0.001159986
0.003644473657
0.3824529127
0.05469441351
0.03729331178
1.164365282
1.145971427
1.153995446
1.158921885
1.201754491
1.271547916
0.5526355736
0.6120203181
0.4752946453
0.4192937916
0.4476340053
0.4214726688
0.3420240225
0.2976480395
0.2856548515
0.2607634899
0.07005924374
0.04710374569
0.06160766229
0.4632534789
0.4790574743
0.5018851627
0.4782100923
0.4649147632
0.4266458046
0.435367808
0.4027761995
0.3961792072
0.3759595945
0.3607821205
0.3144358439
0.2980760638
0.2827112914
0.2303151742
0.1117693618
0.1501695763
0.07552855557
0.05069362336
0.06779274883
0.4348229698
0.4165104272
0.4173872455
0.3988693293
0.3818636478
0.2686230484
0.2284463855
0.146811921
0.1884929271
0.1059198848
0.08101402252
0.381460847
0.08567986278
0.3258218369
0.3503896023
0.3213196454
0.03123765015
0.006326145111
0.1067659275
0.0002760621257
0.000288076833
0.0002962914026
0.0004150729009
0.0002547047018
0.0002348101452
0.0002829869688
0.0003273828306
0.0003281156755
0.5025495151
0.002652970855
0.0005268298392
0.001982955971
0.0006157353531
0.4448424117
0.169717799
0.002937188949
0.03799568983
0.610603147
0.0002057511907
0.0001799896373
0.0001772145285
0.000246961857
0.0002037736637
0.0002448459498
0.0002088729579
0.0001845161566
0.5819137168
0.0002793192123
0.0002833345053
0.0002210509282
0.5674878211
0.0003645665125
0.0003235102184
0.0003216418549
0.5615187022
0.0005544969321
0.0004754867931
0.0004275963277
0.4701337623
0.05718080467
0.000789473672
0.000681459841
0.003895921087
0.1680278275
0.01730094236
0.06554352749
0.0001683297008
0.0001452844906
0.0001459394602
0.0001582473169
0.0001539750468
0.0001678046221
0.0001693689422
0.0001893798465
0.0002672343642
0.0002678619588
0.0001878050044
0.0002510852143
0.0002456209142
0.0002711407741
0.0002392634747
0.5936077884
0.0004725183641
0.0003856385451
0.0003332974027
0.0005723192731
0.0005887778458
0.0003979478162
0.001038098906
0.005596551675
0.0008761796222
0.0007786386732
0.2510971812
0.02748249054
0.001591419269
0.006332667548
0.0001393278805
0.0001251144966
0.0001278218685
0.0001343854296
0.0001516622775
0.701780067
0.0001628514632
0.0001251208284
0.0001631790859
0.0002147853626
0.0001916712796
0.0001798816625
0.6789715377
0.0002485743007
0.0002411734585
0.0002183950967
0.0003735090121
0.0003844468505
0.0003229140958
0.0005207110419
0.0005579077091
0.0003838345595
0.0009346227951
0.0006139509545
0.0009044504628
0.00198249923
0.002708137212
0.001010461231
0.001490229784
0.2993392333
0.1393326632
0.03855659944
0.01128398178
0.0001115888731
0.0001045931368
0.0001059926244
9.996574629e-05
0.0001052273996
0.0001591993573
0.0001406567642
0.0001269491997
0.0001536394323
0.0002183870768
0.0001902409377
0.0002946172357
0.0002708850702
0.7200929121
0.7901133577
0.7593417988
0.0003729805908
0.0002359546977
0.0003832246509
0.0005874594367
0.000534802053
0.0004013483027
0.001034452776
0.0008156113254
0.0007508964943
0.001445614926
0.002194841497
0.00147832493
0.002103032664
0.001105418308
0.6695051243
0.0156113232
0.002879111933
0.120033245
0.06792668906
0.006076543827
0.02339062921
0.0001029099447
0.0001091121072
9.681983257e-05
8.860285436e-05
0.0001364978924
0.0001035659448
0.0001302005549
0.0001893323099
0.0001417255324
0.0001542097279
0.0002004108302
0.0002563565943
0.0002170898506
0.7551047573
0.7835921569
0.0003241023086
0.0003111578174
0.0002788127829
0.000508692743
0.0005505594702
0.0004674876404
0.0008382227945
0.001392493623
0.0008198695861
0.0008091481046
0.0015280028
0.002586789261
0.003978109347
0.003399372554
0.005783768348
0.002875636139
0.5314614851
0.1725357416
0.2816594213
0.1005450435
0.02254956054
0.009649488002
0.03492698175
0.0101722952
8.442296494e-05
8.004787927e-05
9.403840215e-05
0.0001074939465
9.875098738e-05
0.0001169148386
0.0001281825218
0.0001026038662
0.0001096085862
0.7914356571
0.0001579099475
0.0001558384074
0.0001604898898
0.0002045652181
0.0003198963575
0.0002181151458
0.0001964090252
0.0002710781655
0.0003549698091
0.0003078864833
0.0005950056001
0.0006010990563
0.0004922926669
0.001014736239
0.0009247275748
0.8058006947
0.8407584732
0.8875186826
0.819508937
0.002665916779
0.002652259243
0.001702923135
0.001495714349
0.003672517451
0.004860493882
0.002978200502
0.005918743662
0.9305540494
0.7274684408
0.3610473624
0.4444227919
0.1518678086
0.04098598452
0.04372434267
0.01053380152
0.01799052807
0.01275289857
0.007488628431
0.006639051697
8.510392853e-05
7.293289304e-05
7.236958629e-05
0.7751882155
8.762188601e-05
7.777425478e-05
8.752291956e-05
0.0001206468814
9.058061293e-05
0.0001150441387
0.0001499073424
0.0001368822466
0.0001874504531
0.0002608489825
0.0002490652176
0.0001916063011
0.0003719522681
0.0002974369039
0.0004250635382
0.0006264436608
0.8276569034
0.0006642179728
0.0007312006354
0.8393328081
0.873571846
0.001912354853
0.001301485392
0.001603031238
0.002154299068
0.002939977124
0.003379093903
0.003621612624
0.005994412424
0.0073626236
0.006078990506
0.00644800286
0.006493571213
0.852135891
0.6316829676
0.05891670549
0.02361895883
0.01422333464
0.01946144217
0.2098783145
7.912698831e-05
7.690736427e-05
6.413721593e-05
7.525032258e-05
9.520918565e-05
8.565995911e-05
8.696593621e-05
0.0001014021765
0.0001258102916
0.7729485191
0.0001678466813
0.0001882486838
0.0001788012104
0.0003031971173
0.0001926353696
0.0003090879448
0.0004763321317
0.0003243958235
0.0005372609026
0.0007578928313
0.0008158535039
0.0009851246841
0.001659335693
0.860345794
0.8835001012
0.001904559803
0.002326259245
0.002926153833
0.8854173267
0.005979898411
0.007113002674
0.003692097649
0.004974305233
0.004585998915
0.8205965172
0.007047451917
0.01045662524
0.01070906279
0.01332078292
0.007739142658
1.094308382
0.6604600173
0.739745395
0.3454694993
0.08286383328
0.1381808769
0.03676300523
0.01767193401
0.02212157568
0.02542292154
0.03077146257
0.01384539344
0.0136991587
0.0185467533
7.856682764e-05
6.302155214e-05
6.337990992e-05
7.70372531e-05
8.489480583e-05
9.577415874e-05
0.0001061187775
0.000101770764
0.0001687400989
0.0001656179944
0.0002456826023
0.0001446793677
0.0003648667818
0.0003759138702
0.0004052442378
0.0006238563976
0.0007458891919
0.8796318968
0.001141649662
0.001432116252
0.0009992725636
0.004312722736
0.004105099861
0.005710421165
0.002508582756
0.002645866906
0.00226166434
0.8444864973
0.005563085419
0.008537007516
0.00896854937
0.01074768394
0.0130627481
0.006620768971
0.01468651332
0.01602801677
0.01816149759
0.02803479237
0.01140848346
0.01282663461
0.01725614743
1.124108144
0.6473593683
0.4452257716
0.2381246548
0.1393976437
0.2386657786
0.0943883098
0.06713338514
0.03655121665
0.04853681199
0.04103920452
0.02751349207
0.02731675553
0.02921033464
6.411484844e-05
6.815104702e-05
7.45180761e-05
6.962495529e-05
7.920705232e-05
0.0001099112423
0.0001211057085
8.239901621e-05
0.0001904308866
0.000148215784
0.0001979042973
0.8081215312
0.000347779936
0.0004021283911
0.0003034470786
0.8434441771
0.0008940459293
0.001086881499
0.0005726801383
0.003111283282
0.003154805394
0.004205685299
0.001749449317
0.001843843876
0.001605148189
0.007397028978
0.004903006421
0.005553203916
0.005612680408
1.217921873
0.01414377285
0.0234091794
0.01516841172
0.01874512842
0.02004930034
0.00947349797
0.01308521145
0.009617647272
1.335509011
1.108494202
0.06566743715
0.05377308132
0.05058514745
0.05400991839
0.04416932579
0.03484764099
0.02964600182
0.02946645067
0.01895523128
0.02410617652
0.03407917651
0.9425382577
0.6668530673
0.3239887247
0.3415166847
0.1027931263
0.09189004644
0.05997672734
0.07273758688
5.585555437e-05
5.53501595e-05
5.9944983e-05
8.390181002e-05
7.34797452e-05
0.0001337489043
8.338320426e-05
0.0001413713455
0.00015939009
0.000264813513
0.0004774653312
0.0005904755087
0.0004312852537
0.002964887721
0.001277250583
0.001555191197
0.0009368044731
0.002691550016
0.004188853727
0.00528061693
0.006368188984
0.00234651268
0.004797089528
0.01401664584
0.01778467929
0.02088327816
0.008818291536
0.01367265885
0.01089897154
1.306402867
1.050889685
0.05742419865
0.04348702098
0.0348020321
0.02706320245
0.02500887463
0.04333308427
0.04977835137
0.03149614274
0.02540550706
0.02097765418
1.176285298
0.4578882254
0.1510672747
0.1122589015
0.09848618295
0.09302355323
0.05631397797
0.06650167675
0.08081785044
0.06793547528
5.656544305e-05
6.856497953e-05
8.621578543e-05
6.830420252e-05
6.627415805e-05
0.0001358734057
0.0001423417107
0.0002160164755
0.0003179403376
0.0004020549964
0.0007378472942
0.0009682155445
0.0005957272275
0.001043628438
0.001361203688
0.8895850124
0.002720080276
0.004107131757
0.007534855078
0.004692680999
0.001946160367
0.002367786693
0.003829909223
0.0175282523
0.02200531969
0.007769834582
0.01270886846
0.009942009517
1.364141383
1.373408444
0.0612856743
0.06028960379
0.029506375
0.03823065346
0.04138709793
0.03042071744
0.02781043175
0.01994590559
0.03453890643
0.6553558335
0.3470104837
0.2508042135
0.203491207
0.1603474927
0.1025667802
0.1228126429
0.1575076679
0.1429957654
0.1479461759
0.09506174762
0.1055406375
0.1027284134
0.1178994033
0.06563903698
0.09462407172
0.07861283366
0.0874811751
0.04920168697
0.08015996508
0.03641785268
0.04926904494
0.5586768528
0.1436362862
0.149285924
0.001191456004
0.0005255261605
0.001172293516
4.632719584e-05
3.310034706e-06
4.012145345e-05
0.0002615358836
0.0001159780999
5.973070964e-05
0.7744642299
0.0006725737969
0.000401461156
0.001653089251
0.003648148706
0.001453456531
0.002772640771
1.115763485
1.021718177
0.01291942628
0.01731379693
0.006600898458
0.008855601017
0.006355369273
0.01256096394
1.211125373
0.9406256931
0.4473409212
0.04341047989
0.04209584135
0.03010950947
0.02857134773
0.02029492545
0.03501009188
1.292341976
0.8603697604
0.4668654518
0.2688940588
0.2451895771
0.209720813
0.1910726747
0.1739331411
0.1675748768
0.1874946043
0.1610697104
0.1308062005
0.1536015439
0.1370760661
0.1051872792
0.09341835514
0.06989806127
0.06917123494
0.1031011439
0.05983927003
0.07690375165
0.07779509864
0.06009029272
0.09146840232
0.04498715739
0.05867107424
0.2212501473
0.1727772396
0.0006197999253
0.0006041016003
0.0005706053095
0.000618859697
0.0005731959338
0.0006161878628
0.0004182583767
0.0003467157274
0.000584900896
0.0008218420262
0.0007111588166
0.002006116684
0.001057663715
0.003098093866
0.0004992571839
1.052873644
0.4564808277
0.00569020897
0.008196032942
0.01080564834
0.01643382477
0.005069556347
1.041794616
0.5284381663
0.4334909578
0.400883561
0.3854870708
0.4042999394
0.3071364843
0.3663889059
0.3255585995
0.3605738923
0.2853555455
0.07195678035
0.07487396679
0.0510541176
0.04139421624
0.0361377514
0.02915058901
0.01555020716
0.02290685134
0.03554729429
0.0134694215
0.01636357865
0.02045153026
0.6702779789
0.3601420811
0.3409127901
0.2658555261
0.3453819576
0.2923195079
0.2395337738
0.2581563072
0.2611090228
0.2560787418
0.2648335925
0.215969554
0.2425268648
0.2212716998
0.1986679282
0.1684227611
0.1736056847
0.1302137382
0.1120764524
0.1329761968
0.1378046542
0.1551277274
0.1086685353
0.1063728986
0.1214191065
0.06808185479
0.08920335686
0.05183117648
0.06125787068
1.171699036
0.5702442875
0.5251854063
0.5637698555
0.5771345467
0.5549738104
0.4978998623
0.0007797147332
0.0007633476681
0.000695436436
1.178927618
0.5378206343
0.5026247097
0.5446996782
0.5532304372
0.5451379997
0.510813294
0.4824920955
0.0007645183344
0.0007491871526
0.0006972032787
0.8308130695
0.5567060717
0.5171263466
0.4857228568
0.4919696147
0.4865829804
0.4959090035
0.5240820385
0.0007657514179
0.0008015803011
0.0009023999649
0.7992639407
0.8850780947
0.5284163642
0.515806403
0.4410808518
0.4595306772
0.4821164361
0.4223794946
0.4220763694
0.4212239931
0.438188348
0.3685881771
0.000483711598
0.003240541734
0.000805542808
0.0007393417802
0.007714834484
0.4641605499
0.4177007918
0.4046124596
0.3848809321
0.4144922283
0.4065992296
0.3841169474
0.3419980111
0.374970474
0.3728630544
0.3125961694
0.2711083201
0.3294413008
0.2775077953
0.2961649903
0.25014673
0.239593943
0.2176533522
0.2090184317
0.189575394
0.0878704081
0.09785182747
0.04539343637
0.04165865954
0.02913630509
0.02105995303
0.01143779464
0.01547280695
0.02146383766
0.340137048
0.3550703757
0.2929374498
0.3283148427
0.2668642772
0.2379243518
0.2606439587
0.2321196293
0.2281869757
0.212223333
0.1980721757
0.2143094233
0.1751547408
0.2088344703
0.1780448912
0.1471896323
0.1841412427
0.09330381768
0.09888547156
0.143144944
0.1141483004
0.0982327184
0.1150070056
0.05281777328
0.07317388437
0.5038807748
0.5378607028
0.5217063867
0.4957892753
0.5020585665
0.4422647139
0.484499996
0.4471454889
0.4571962308
0.4492686985
0.4302603285
0.4255290445
0.4494162432
0.001000643488
0.000997846561
0.0008732140589
0.001209521496
0.4913056607
0.4277836873
0.4942903841
0.4415492221
0.4731653077
0.4442930618
0.4565479628
0.4085608221
0.4405607389
0.4066917288
0.4259311423
0.420777957
0.001021627481
0.001014664968
0.0008821085988
0.4591710573
0.4715371718
0.4222458954
0.451100265
0.4120395078
0.4281530187
0.4200501176
0.3666165096
0.3801677542
0.3734193188
0.3902245732
0.3525840439
0.3584322564
0.001063793528
0.001074418351
0.4051176351
0.411610213
0.363447792
0.321549341
0.353987245
0.3566712383
0.3287683387
0.3256079958
0.3508710258
0.3080030452
0.2986578663
0.3356623257
0.3036630068
0.2640737853
0.2846504086
0.2317349863
0.2773072671
0.2533027956
0.1867214367
0.2227515249
0.1620404778
0.184493018
0.1204529845
0.1629062103
0.1035473441
0.1203568418
0.059106242
0.00100563971
0.001421595372
0.001080470287
0.01381657101
0.04538002656
0.01071893014
0.2696226647
0.3093776221
0.2653153261
0.1996583901
0.1763692691
0.1367204141
0.157588271
0.1323693823
0.06771559748
0.09313451733
0.04266605412
0.4202120138
0.4119801274
0.406597417
0.4319360086
0.4060229303
0.4013827232
0.3929503705
0.3877499869
0.3997082192
0.3865185217
0.3800783746
0.001452001451
0.001492020668
0.3964311634
0.3794693106
0.3780374921
0.3903679607
0.4155877747
0.3816872798
0.3841399412
0.3699276107
0.3741545794
0.3792565967
0.327353933
0.3718189678
0.3372404134
0.3574210908
0.3508422959
0.3371134228
0.001489476944
0.001543361073
0.001240518308
0.001539804822
0.3525533039
0.3509663655
0.34957742
0.3160320468
0.3289337352
0.2978041148
0.2943356002
0.275672978
0.3124200052
0.2841424409
0.2031269058
0.2512025289
0.2280667262
0.2067849752
0.001631113936
0.001461366033
0.001267036883
0.01669433318
0.2491687569
0.274136757
0.2087632978
0.2437081935
0.1649103312
0.0486465404
0.01569265644
0.3861781911
0.3723886261
0.3527343138
0.365560923
0.3755988423
0.3554594093
0.002081091981
0.1917935645
0.00166325931
0.00183787467
0.3478157814
0.3217132249
0.007184762205
0.3320344386
0.04446580443
0.1074559794
)
;
    }
    spline
    {
        type            calculated;
        value           uniform 0;
    }
}


// ************************************************************************* //
