/*--------------------------------*- C++ -*----------------------------------*\
| =========                 |                                                 |
| \\      /  F ield         | OpenFOAM: The Open Source CFD Toolbox           |
|  \\    /   O peration     | Version:  v1706                                 |
|   \\  /    A nd           | Web:      www.OpenFOAM.com                      |
|    \\/     M anipulation  |                                                 |
\*---------------------------------------------------------------------------*/
FoamFile
{
    version     2.0;
    format      ascii;
    class       volScalarField;
    location    "3.2711";
    object      wallShearStress_O2;
}
// * * * * * * * * * * * * * * * * * * * * * * * * * * * * * * * * * * * * * //

dimensions      [1 -1 -2 0 0 0 0];


internalField   uniform 0;

boundaryField
{
    symmetry
    {
        type            symmetry;
    }
    inlet
    {
        type            calculated;
        value           uniform 0;
    }
    orion
    {
        type            calculated;
        value           nonuniform List<scalar> 
1990
(
0.1854391169
0.02412118263
0.1795933458
0.02064610661
0.1589982634
0.01504695768
0.1709617054
5.10491126e-05
0.1757653575
6.187880434e-05
0.1718428183
0.1509706359
7.810510725e-05
0.1561810825
0.1773458301
0.001756554822
0.2142980972
0.0401315564
0.2087102607
3.275070941e-05
3.789516265e-05
0.181076601
4.094897417e-05
0.183025337
4.255120314e-05
0.1864599816
0.0001001560023
0.1912711026
0.2396181469
0.04927233344
0.2135209985
0.2114408421
0.2115852421
3.194747067e-05
0.218185482
3.237837377e-05
0.2019481802
6.921969208e-05
0.2142700615
0.189268047
0.0002088214901
0.2245451107
0.004678751627
0.2257738269
2.965481752e-05
0.225542774
4.616888826e-05
0.2195299212
5.9894792e-05
0.2319648705
0.0001320807531
0.2044436638
0.2532753768
2.077861707e-05
1.71965183e-05
0.2377944812
3.431990389e-05
0.2523668216
6.539505335e-05
0.2358577792
0.2384219953
0.1276178729
0.01399610007
1.624621236e-05
2.150597389e-05
1.973549212e-05
0.2518151095
2.846088886e-05
0.2629772268
8.561699167e-05
0.2450654034
0.2691864675
0.2444318099
0.001220852487
0.01603438732
1.517361629e-05
2.358203739e-05
0.2594638532
0.2747840461
9.385111621e-05
0.2544912795
0.2785640298
0.2594925047
0.0005528691396
0.3091104662
0.001323056166
0.1845939114
0.02772891326
1.731991608e-05
0.2553656962
1.964579809e-05
0.2719331368
0.2869185997
4.663492486e-05
9.554502629e-05
0.2687765137
0.0003689488424
0.2781997949
0.0006644055241
0.2453815799
0.004729865479
0.2533979542
0.2542345513
0.2587278981
0.2675087271
1.886689244e-05
0.2850041326
4.722083158e-05
0.0001211542862
0.2954141605
0.0002793244091
0.0004935975613
0.2969763149
0.0009683985216
0.002926187649
0.2648059812
0.008103941161
0.2680037881
9.213129668e-06
0.2655882411
1.315922532e-05
0.2648268609
2.501611823e-05
6.293602201e-05
0.2849421981
0.0001594071488
0.0003928807551
0.0007053399066
0.3093604331
0.002000860563
0.005534937321
0.1409974364
0.01419182796
9.180627049e-06
9.826711128e-06
1.173688822e-05
0.2585912961
4.778448904e-05
0.2861705279
8.453859902e-05
0.0002338829338
0.0005595339872
0.3124142148
0.00177790864
0.004600118041
0.3501120444
0.008177837699
0.2308206303
0.2341120817
0.2419724117
1.17576922e-05
0.2685264873
6.13044896e-05
0.0001289480932
0.2743724919
0.0004157542271
0.3040948207
0.002464765275
0.3851392796
0.009704108118
0.228132498
0.04134866425
0.02199391409
1.03057708e-05
0.2445018403
8.818040271e-05
0.2716427755
0.0002364896446
0.2533640491
0.002313267875
0.3734133484
0.009099502304
0.005909318229
0.2923589195
0.02441087185
0.02062697657
0.1907036533
5.741467225e-07
0.2005825411
0.2186151601
0.2176033599
0.002269601241
0.4112407007
0.008668877842
0.005670843338
0.3343293836
0.04067671514
0.03434071627
0.03115307959
0.02380683987
0.0001177125231
0.0001100520116
0.0001838478477
0.2558873296
0.001936261937
0.3800818067
0.006324504747
0.1883871214
0.07829920721
0.06357492631
0.0629624485
0.05660765485
0.04225621831
0.03178018332
0.02382752416
0.01873983186
0.0001248840848
0.000134947513
0.00013565346
0.4329709792
0.0002041408086
0.001586521462
0.219500467
0.1278543266
0.1161371691
0.007550308527
0.09815781812
0.08958389078
0.06831301139
0.05580109817
0.04863353623
0.04118960316
0.03396931256
0.1796590618
0.1559054717
0.0001769475746
0.1741468831
0.1580846655
0.0001807183826
0.1634272397
0.153311666
0.1505065226
0.0001754942916
0.1498798793
0.1462047059
0.1451356354
0.0001862657161
0.111720169
0.1125297297
0.1075706954
0.00828007245
0.06759815489
0.05472226553
0.0431132886
0.03352908755
0.1432181506
0.1399261662
0.0002445810593
0.1348443418
0.1381469807
0.1308608207
0.0002578763767
0.1229925867
0.1212520324
0.1207786044
0.0002533494922
0.1013494006
0.09201892631
0.08778052963
0.0002419633771
0.1222265276
0.1262108583
0.118391806
0.0003827906341
0.1213551148
0.1128496551
0.0003565028867
0.09904432406
0.09205253672
0.080105991
0.000376639189
0.1587256209
0.1559516988
0.1609409228
0.0996260092
0.1842602362
0.09716555423
0.02246346991
0.001216072946
0.001234238462
0.1668714271
0.1567964347
0.1722274328
0.0900254377
0.1702620522
0.08145098541
0.01695966675
0.001290642919
0.00127616697
0.178593577
0.1733145962
0.06733570943
0.0547739678
0.1545705452
0.1957746019
0.2003259211
0.04854528233
0.1146197214
0.00438472677
0.1722249173
0.0200869365
0.06761347854
0.1778062915
0.1857191739
0.1782093744
0.17414511
0.1582694208
0.1783976909
0.1874928941
0.1777496742
0.1559657718
0.1713857868
0.1576588157
0.1740848799
0.1771989927
0.1674593813
0.1659463241
0.163129365
0.1533805249
0.0002627989674
0.1788372202
0.1810695061
0.1652408267
0.1663498039
0.1682930608
0.1713070806
0.1803168184
0.1633242839
0.1867208994
0.1706079248
0.009061980889
0.1878781229
0.2056154537
0.1312229473
0.1892356261
0.09541289614
0.004782828952
0.02413448232
0.002201460999
0.2044136593
0.1969261542
0.1072995457
0.03063776628
0.2072991131
0.2083957118
0.1905475916
0.212187162
0.1922828285
0.2104949401
0.2095187024
0.191808111
0.1885630926
0.194515604
4.045611638e-05
0.2143917936
0.2163185025
0.1926343908
0.1930096493
0.1932314441
0.1956548517
0.1834503621
0.1950226774
0.1964013584
0.2022802283
0.1819972107
0.1939027913
0.1970070093
0.1859074019
0.1778433774
0.2000595661
0.2001612181
0.1781672807
0.1823447298
0.1867700838
0.171563934
0.1970907733
0.1859972094
0.2135230716
0.2164273347
0.2266153513
0.1021411746
0.1757509688
0.02851633649
0.2363196718
0.2348915784
0.2161154589
0.2137541263
0.2182552498
0.2324909641
0.2148185747
0.2110682184
0.2157992642
0.217846918
0.2148084011
3.833881716e-05
0.2201108456
0.2214334499
0.2203321884
0.2047513246
0.2309566955
0.2099595308
0.212570081
0.2190754386
0.1937080935
0.2144204345
0.2201459159
0.2300057833
0.2108307073
0.2041570299
0.2182476441
0.2246916792
0.1944237019
0.2064884745
0.2040399703
0.2153248966
0.2004316615
0.211649419
0.2164165252
0.2316513794
0.1551616397
0.2086400271
0.06610094386
0.02092000277
0.2341389392
0.2411065754
0.2421959766
2.758417465e-05
1.867364374e-05
0.2310752519
0.2409210868
0.2388601533
0.2474958173
0.2443359293
0.2245181627
0.2315102706
0.226105454
0.2361967932
0.2407352011
0.2348175398
0.2306260586
0.2398305389
0.244908532
0.2453999888
0.229223743
0.2229503923
0.2345116485
0.2131098189
0.2154788136
0.2236117232
0.2287289443
0.219154739
0.2285608331
0.2519606404
0.2824209788
0.1714345234
0.2132668149
0.03222572057
0.2358591721
0.2389927613
0.2466386241
0.2394158785
0.2475439609
2.407283323e-05
0.243868671
0.2505132996
0.2501755216
0.2530661868
0.2498186304
0.2620009869
0.2539934472
0.2573229101
0.2324651739
0.2440811697
0.2530527661
0.2435783247
0.2603264294
0.2450956811
0.2529238342
0.2550779936
0.2300814727
0.241941893
0.2468582764
0.2472688547
0.2266802381
0.2344322637
0.2406643106
0.2424085507
0.2485356335
0.220760447
0.2410025404
0.2704638558
0.2727075163
0.2505017272
0.1257310096
0.05416358869
0.247100673
0.2543931544
1.794351301e-05
0.2493497972
0.250992672
0.2574686957
0.2550487111
0.2565560547
0.260535905
0.2625345952
0.2620187795
0.2717363065
0.255645033
0.2644119889
0.2598450106
0.2695745721
0.2727145252
0.2792527168
0.2546178504
0.2563053532
0.2624141384
0.2465290783
0.258449993
0.2473934413
0.2496817568
0.2582217712
0.2550168918
0.263120058
0.2577646519
0.2929991791
0.2342085347
0.2822480238
0.2585261146
0.1611934613
0.2521147161
0.2591300677
0.2593640287
0.2607301985
0.2609445138
0.2654231214
1.649668525e-05
0.2625640578
0.2642678726
0.2762062994
0.2747919582
0.2792153665
0.2713681348
0.2746648631
0.2680166773
0.2846971876
0.2537949384
0.2595419775
0.2696514712
0.2647234922
0.2729987591
0.2606371476
0.2710598875
0.2600091705
0.2705459314
0.2792982424
0.267994943
0.2990192318
0.3053808036
0.2652058203
0.2783936001
0.2738948694
0.2689953763
0.2737238883
0.2728958644
0.2732738687
0.2617381938
0.2661751535
0.273714574
0.2631579283
0.2864505565
0.2912212655
0.2802763082
0.2593568699
0.2695522546
0.2678871088
0.2706245427
0.2804769126
0.2820373951
0.2947114157
0.2819303248
0.2888891942
0.3012819613
0.289483608
0.3005066706
0.2886641911
0.3305177915
0.3384221802
0.1653000791
0.26441142
0.2626815436
0.253606551
0.26267122
0.2644040065
0.254222783
0.2625812803
0.2628005278
0.2595304117
2.034352674e-05
0.2698101695
0.2717301623
0.2735665635
0.2635999371
0.2729052887
0.2817751623
0.2821985557
0.2916034598
0.2703320451
0.2839048233
0.2686671694
0.3069441476
0.3103750136
0.3105669998
0.3077354482
0.3112436962
0.3315134618
0.3171204472
0.3625377427
0.2649394707
0.2497233923
0.267796993
0.2495201515
0.2485449943
1.288573483e-05
0.2659537077
0.2560915776
0.251098334
0.2687952434
0.2658266647
0.280034231
0.2768026141
0.2586222095
0.2732681291
0.2789678494
0.2662624452
0.3033510232
0.2929419432
0.3005864847
0.2966902851
0.3188105379
0.2999029836
0.3106014128
0.298663349
0.3171987963
0.3756429938
0.4011619877
0.2608049295
0.2531464414
0.2566282947
0.2548853314
1.037323938e-05
0.2503330843
0.2504280566
0.2562119518
0.2543304135
0.2619526774
0.2387121215
0.2456080003
0.2532853354
0.2582458416
0.2476218305
0.2806663793
0.2838206789
0.2686816584
0.2897636613
0.276718382
0.2963084466
0.2904131866
0.3089387718
0.2933587848
0.3020621368
0.2949431827
0.3350780087
0.3234692486
0.3456295155
0.4070371874
0.2362365918
0.2442835127
0.2320587571
0.2462993064
0.2387021258
0.2347964508
0.2505928948
0.2537647367
0.2311159699
0.2643649008
0.2459514866
0.2479979258
0.262018122
0.262165319
0.2760828872
0.2974411643
0.2832718497
0.264447333
0.2838010901
0.3004600541
0.2866642022
0.3286706306
0.342849326
0.2921922833
0.4065736856
0.4418043483
0.3292956217
0.2824440284
0.213546879
0.2128305866
0.2142216848
9.351639368e-06
0.2188620471
0.2234077248
0.2198898493
0.2271432414
0.2395428547
0.2131076615
0.2211835077
0.2569662558
0.2319402477
0.2378445117
0.2599584124
0.2690334637
0.2551713197
0.2429466915
0.2772828503
0.3027964202
0.3186668754
0.4011178309
0.3074184855
0.3782043672
0.3239576291
0.2295413041
0.2318684009
0.1939716044
0.2097556016
0.1961928063
0.2203356586
0.0001264977465
0.0001218701453
0.2193382398
0.2404816417
0.245419426
0.2671259143
0.2579726445
0.2680906281
0.2845026359
0.264431182
0.3011449152
0.2233279113
0.3000826134
0.374322625
0.3989195476
0.396398982
0.2286989278
0.03002867574
0.07164669154
0.1528265715
0.104385636
0.1627835318
0.1396872162
0.2118016759
0.2375089328
0.2158459861
0.2848732397
0.3854933454
0.324268894
0.415226372
0.4018771263
0.4064051158
0.3829535951
0.1007060261
0.02263301365
0.3690966306
0.3759336696
0.4056288848
0.2120346312
0.4414914312
0.1621196811
0.09623706151
0.0719956152
0.1320966184
0.1394826102
0.1245424968
0.1355674618
0.129414232
0.1205033338
0.1273704269
0.0820672012
0.2470383455
0.155850121
0.1577553543
0.1561247254
0.1219238119
0.0062490716
0.0003911797892
0.08345776149
0.1858186043
0.187120669
0.1644685642
0.1787780111
0.1723551401
6.06053004e-05
0.1803847072
0.0007027420988
0.003034694507
2.486483494e-05
2.722385306e-05
0.1990268353
0.2067106502
0.2028748886
0.1949431652
0.0001062045536
0.1210040828
0.1971316808
0.2312617948
0.2324135172
0.2335696181
0.2331883737
2.187336435e-05
0.2394810896
0.2361278454
2.33646409e-05
0.2251205158
5.936675183e-05
0.2094441048
0.0002202806595
0.1483036271
0.2160519891
0.08616490799
0.02361552226
0.002320394889
0.008567752975
0.2400142457
0.2381560054
2.065652732e-05
0.252199775
2.535147e-05
2.343467574e-05
0.2268741567
5.086920413e-05
0.0001075276973
0.000151401567
0.2292383719
0.0007204561017
0.24527963
0.2451881123
0.2486447884
0.2596172742
2.235185854e-05
4.226061373e-05
0.2558786145
0.0001213903666
0.2408664059
0.0002274871647
0.0002693345561
0.0004376474357
0.0006550079469
0.2469979064
0.2552761089
1.861515976e-05
1.545843942e-05
0.256514061
0.2542998237
0.2644745207
0.2690955492
3.653045827e-05
0.2638866082
0.0001594986568
0.0001535311061
0.0003038480304
0.0003459649396
0.2629176169
1.394223973e-05
0.265863176
1.341377173e-05
0.2739193307
0.2721269195
3.345444623e-05
0.0002100150413
0.0001828421215
0.3048092224
0.3149980231
0.001540376303
0.002409339639
0.002577985135
0.04270345404
0.01765902751
1.089728029e-05
1.405400666e-05
1.191657686e-05
0.2685940279
0.2776485695
0.282954214
0.2982846025
0.3175905555
0.06635031351
1.412510551e-05
0.2458533078
3.479977264e-05
0.2864542865
0.2814573003
0.3175694725
0.3755928738
0.3512747511
0.00705113609
0.2447107895
0.2531437174
0.2562038186
0.2627600419
0.2680031478
2.526206944e-05
0.3077584338
0.2897354559
0.1857336292
0.01127014521
0.01309356322
8.633504589e-06
1.17388452e-05
1.079779144e-05
3.305806469e-05
3.76440407e-05
0.2703824721
0.001450897836
0.001898272976
0.3297563235
0.004123069688
0.00930462501
0.01311298439
0.01596537171
0.2173012162
9.677859258e-06
9.494228832e-06
0.2281854336
0.2371302244
0.2480698724
2.633041134e-05
0.001357102426
0.3298819664
0.352480906
0.003097952214
0.003662783001
0.01834316441
0.06870358513
0.04743782127
0.03399741249
9.515019652e-05
1.080880982e-06
2.10847526e-05
2.117844948e-05
2.196649313e-05
9.899643439e-05
0.2918467204
0.0006343224081
0.001082677116
0.3010326908
0.003397727765
0.01288799493
0.2301279648
0.0668555201
0.05212371655
0.05550322221
0.2283736693
0.2354835314
0.1713013661
0.1547532674
0.0002303869103
0.0007743711844
0.1140344846
0.01412005749
0.009459974412
0.3720045951
0.364191847
0.3689959916
0.3681625877
0.3813440723
0.4021121013
0.1690759412
0.1879029822
0.1441165854
0.1268995945
0.1365299006
0.1287307484
0.1026961583
0.08913893773
0.08490069708
0.07740520071
0.01861074919
0.01212679971
0.01633281278
0.142611192
0.1495644591
0.1560046057
0.1476020361
0.1451533079
0.1312173864
0.1354777838
0.1246831735
0.1216722029
0.115845082
0.1114544954
0.09557463172
0.09010841917
0.08487991009
0.06868185074
0.03109478982
0.04267523925
0.02034742663
0.01332238212
0.0182196166
0.136029499
0.1302899645
0.1302803908
0.1251072935
0.1188402988
0.08126038683
0.06865701402
0.04208819184
0.05524107259
0.02961382661
0.02224139305
0.1191125465
0.02320889198
0.1013752779
0.1089363753
0.1000444656
0.007497324855
0.001351684691
0.02918527508
5.003992076e-05
4.389438363e-05
5.784038844e-05
7.348202223e-05
4.843652764e-05
3.934592469e-05
4.619226844e-05
6.096867438e-05
5.835214301e-05
0.1601961876
0.0005193538297
0.0001014957129
0.0003757388331
0.0001047006974
0.1400824808
0.0478433025
0.0005999964649
0.009540191212
0.1960085971
3.559046634e-05
3.315376825e-05
3.498676802e-05
4.55521084e-05
3.225710851e-05
4.623267736e-05
3.07320474e-05
3.570942798e-05
0.1865344055
4.779021207e-05
4.825970774e-05
3.70856459e-05
0.1818544651
5.794958696e-05
5.723779885e-05
4.756889612e-05
0.1799650531
0.0001118036967
8.580661263e-05
7.534854177e-05
0.1467538974
0.01485585639
0.0001505348007
0.0001104133296
0.0008037431054
0.04756487471
0.004029884417
0.0169213029
3.12070615e-05
2.3055587e-05
2.380675432e-05
2.882284776e-05
2.082331069e-05
3.080470401e-05
2.843612369e-05
3.609826824e-05
4.469843279e-05
4.555301375e-05
3.308011417e-05
4.573377912e-05
4.536597352e-05
4.832783165e-05
4.558248454e-05
0.1907124737
7.283822202e-05
7.36079807e-05
6.399931101e-05
0.0001012730963
0.0001050082561
6.792254358e-05
0.0001872673961
0.001204667735
0.0001651112961
0.0001337310765
0.07387880564
0.006706173278
0.0003112209031
0.001388611235
2.152067034e-05
1.936919133e-05
2.379248547e-05
2.072984689e-05
3.073473925e-05
0.2279708985
3.204172102e-05
2.480463119e-05
2.606083609e-05
3.579602158e-05
2.896079774e-05
3.17201374e-05
0.2188636393
4.313804217e-05
4.167747381e-05
3.232722224e-05
6.499927274e-05
7.06135239e-05
4.650858479e-05
9.752693946e-05
9.190269151e-05
7.012873307e-05
0.0001743635083
0.0001090492168
0.0001882919241
0.0003911359303
0.0005583993709
0.0001822783188
0.000292042215
0.08946224347
0.03860841084
0.009457223955
0.002558796904
2.108646033e-05
1.371831792e-05
1.77448948e-05
1.525206518e-05
2.1279612e-05
2.133255907e-05
2.840028015e-05
2.148913628e-05
2.80828735e-05
3.83780628e-05
3.283412558e-05
4.861861438e-05
5.160065125e-05
0.2349211299
0.2529750763
0.2475384149
6.039904967e-05
4.38601929e-05
7.175335981e-05
0.0001018046718
0.000103649234
7.4230751e-05
0.0001795675447
0.0001570541564
0.000142396079
0.0002738369945
0.0004358543592
0.0002627555557
0.0004136820301
0.0001936949952
0.2135008232
0.003612115588
0.0005787347401
0.03244836152
0.01764382007
0.001267659364
0.00554973927
1.514621925e-05
1.633741881e-05
1.848795333e-05
1.773469514e-05
2.230295599e-05
1.538658975e-05
2.391360798e-05
3.489355977e-05
2.530757729e-05
2.391696837e-05
3.033685719e-05
4.427990353e-05
3.471188915e-05
0.2460473354
0.2560393698
6.239737538e-05
5.171404944e-05
5.066141183e-05
9.386935892e-05
8.997202681e-05
8.924693591e-05
0.0001481963953
0.0002643927118
0.0001626282939
0.0001466446524
0.0003163969573
0.0005197752693
0.0008365428261
0.0006907859608
0.001235396908
0.0005681831724
0.1651981769
0.04886797554
0.08284001137
0.02677333401
0.005330006646
0.002140651338
0.008487738945
0.002290737975
8.966297289e-06
1.305381802e-05
1.683046923e-05
1.568458171e-05
1.440534519e-05
1.931233003e-05
2.213487674e-05
1.400871636e-05
1.850357069e-05
0.2600399784
3.160081772e-05
2.259569643e-05
2.642418222e-05
3.593607308e-05
5.912322638e-05
3.681837282e-05
3.714124319e-05
4.936413557e-05
6.568288408e-05
5.091588758e-05
0.0001097493359
0.0001043141589
8.816986715e-05
0.0001894403657
0.0001751321986
0.2617105424
0.2730807638
0.2902350687
0.2685294093
0.0005268253505
0.0005121728901
0.0003412430237
0.0002771522638
0.0007725731756
0.001004451143
0.0005748827017
0.001278870502
0.3032981189
0.2307224274
0.1102441156
0.1361608295
0.04202542589
0.01036096974
0.01096937317
0.002316512113
0.004236982145
0.002885786144
0.001622147583
0.001453951921
1.116221515e-05
1.135077492e-05
1.302074851e-05
0.2556800775
1.555986808e-05
1.065856388e-05
1.44272618e-05
2.133332533e-05
1.29261753e-05
1.904771081e-05
2.753420994e-05
2.157248158e-05
3.031428924e-05
4.354794297e-05
4.435012646e-05
3.025846071e-05
6.214869477e-05
4.966630948e-05
7.857066454e-05
0.0001130982403
0.2713332661
0.0001093739109
0.0001332006947
0.2756000758
0.2865619542
0.0003661357825
0.0002396842171
0.0003116409424
0.0004072531971
0.0005786672096
0.00068514677
0.000742575337
0.001248940321
0.001563787852
0.001288670182
0.001354851909
0.001404609276
0.2721275295
0.1980881137
0.01514569447
0.005516888031
0.003218990112
0.004548294278
0.05973947348
1.445879167e-05
1.146252304e-05
1.121971877e-05
1.317094409e-05
1.90216515e-05
1.501834676e-05
1.324556847e-05
1.265499609e-05
1.942701087e-05
0.2543174007
2.506685223e-05
3.061831802e-05
3.178608168e-05
4.91365592e-05
3.382009176e-05
4.950072654e-05
8.057987026e-05
5.789441812e-05
9.34542515e-05
0.0001288554324
0.0001517751317
0.0001781107151
0.0003269613917
0.2830091695
0.2907258066
0.0003498407512
0.0004344470525
0.0005959519424
0.2912344579
0.001275854575
0.001540306428
0.0007792978403
0.001054965179
0.0009066407831
0.2725959174
0.00153174798
0.002351027844
0.002420445763
0.003065639211
0.001701705292
0.3518675845
0.2079769198
0.2327414226
0.1033983223
0.02186086412
0.03803265407
0.008859008809
0.004038868804
0.005348220817
0.006061261081
0.007507550801
0.003051067969
0.003083281653
0.00431671961
1.629447958e-05
7.923446075e-06
1.240137664e-05
1.231274451e-05
1.381590135e-05
1.773504953e-05
1.908182797e-05
1.720138544e-05
2.858324196e-05
2.82868992e-05
4.112900386e-05
2.608540858e-05
6.362639108e-05
6.43252733e-05
7.207415669e-05
0.000111143549
0.0001455314711
0.2886543016
0.0002267194228
0.0002869605391
0.000185427524
0.0009150434857
0.0008736918669
0.001194679635
0.000515886276
0.0005249940988
0.0004432416599
0.2820116408
0.001204235018
0.001893765673
0.001959359616
0.002392667878
0.002954981705
0.001430342521
0.003324939904
0.003694321279
0.004254307171
0.006817883547
0.002626431946
0.002900878454
0.003979464164
0.3578721162
0.2033034963
0.1358788555
0.06990317365
0.03859605111
0.06881630613
0.02471639084
0.01698727316
0.008799890849
0.01221732091
0.01027666638
0.006600852847
0.006614757138
0.007024545648
1.084641867e-05
1.198828759e-05
1.404066152e-05
8.853625993e-06
1.299992284e-05
1.807433487e-05
1.791925919e-05
1.624973576e-05
3.224174115e-05
2.299805613e-05
2.91557013e-05
0.266976361
6.151455606e-05
7.040281132e-05
5.229719475e-05
0.2777930851
0.0001623806515
0.0001996909979
0.0001020213389
0.000637605006
0.0006442145733
0.0009031661942
0.0003267482095
0.0003669294325
0.0003243722146
0.001623765089
0.001044624667
0.001156267241
0.00120433104
0.3951022412
0.003299463385
0.005633639226
0.003518299149
0.004285344757
0.004756944857
0.002097264561
0.002980714863
0.002167587863
0.4275420072
0.3527158656
0.01692412908
0.01348439836
0.01279592744
0.01387942319
0.01118674444
0.008512777543
0.007237777514
0.007030454646
0.004425139796
0.005713991682
0.008422515638
0.2976081915
0.208295961
0.09717452164
0.1018317501
0.02717016755
0.02412607604
0.01527717649
0.01893929992
9.855682941e-06
8.685485674e-06
1.041759244e-05
1.417787008e-05
8.672526301e-06
2.149504597e-05
1.169508468e-05
2.617903061e-05
2.58529436e-05
4.010175067e-05
9.032353955e-05
0.0001065881755
8.812721984e-05
0.000603927927
0.0002505142644
0.0003097518814
0.0001736083511
0.0005173869013
0.0008675648525
0.001129136717
0.001399628151
0.0004606131365
0.001026833585
0.003228988879
0.004198955566
0.00509424073
0.001951804306
0.00318691985
0.002447927964
0.4192663318
0.3399478084
0.0146189135
0.01087599454
0.00858518676
0.006561257979
0.005870763065
0.01075839932
0.01257023362
0.007740008003
0.006190980935
0.004963868762
0.3725477818
0.1393747164
0.04115091622
0.02993269059
0.02580467699
0.02438247128
0.01427654458
0.01708491125
0.02098391785
0.01759965351
7.611581138e-06
1.281939578e-05
1.08697878e-05
8.462809699e-06
1.301307495e-05
2.363639903e-05
2.009113345e-05
4.012032363e-05
5.029768193e-05
7.541161333e-05
0.0001380361609
0.0001729171967
0.0001095994719
0.0001864492479
0.0002451274124
0.2922882405
0.0005648158271
0.0008718314388
0.001698278866
0.0009941819405
0.000360550767
0.0004785610233
0.0008226752994
0.00418529729
0.005356347399
0.001709503121
0.002930315513
0.002263920399
0.4338301138
0.4383511777
0.01574551607
0.01539378713
0.007162757364
0.0095562252
0.01032534844
0.00746351783
0.006674311871
0.004804256225
0.008664172541
0.2032347389
0.1032289645
0.07168668987
0.05646713846
0.04371069655
0.02737418202
0.03322527195
0.0433114966
0.03886703995
0.03963863839
0.02506080313
0.0279255495
0.02739997053
0.03154423554
0.0169825957
0.02511337604
0.02068231536
0.02307671359
0.01257464342
0.02089106666
0.008868968628
0.01258244384
0.1713713546
0.03870948095
0.0403993628
0.0002403929834
0.0001034721434
0.000227802435
9.879642126e-06
9.935045626e-07
6.525580751e-06
4.695926378e-05
1.681784239e-05
1.025385349e-05
0.2587176444
0.0001241740733
6.958202805e-05
0.0003432738499
0.0007840163829
0.000290015506
0.0005600933007
0.3552770028
0.3297452206
0.002937097907
0.004103063616
0.00148603777
0.002007039204
0.001430083635
0.002887427931
0.3856958536
0.2955437099
0.1357385046
0.01105932976
0.01067429279
0.00754993917
0.007104950422
0.004876904667
0.008792284262
0.4128317486
0.2698665793
0.1413697496
0.07746339311
0.07008108263
0.05905445206
0.05301770099
0.04808541006
0.04639023627
0.05260533333
0.04454392453
0.03560422592
0.04221989751
0.03755455938
0.02830695
0.02490863567
0.01827116429
0.01796347482
0.02766238838
0.01553937972
0.02053334893
0.02074111868
0.01558348392
0.02462261444
0.01152357797
0.01518231268
0.06197164118
0.04766931413
0.0001199870664
0.0001193886192
8.927193084e-05
0.0001181552782
9.953413013e-05
0.0001100922533
8.852395588e-05
6.378044911e-05
0.0001223133118
0.0001674839064
0.0001400979142
0.0004041760607
0.0002089681162
0.0006803122195
0.0001068318513
0.3342125255
0.1384166051
0.001259345444
0.001833592639
0.002496452645
0.003930563071
0.001093531471
0.32816569
0.1614929527
0.1298321955
0.1208982366
0.1154410238
0.1215908683
0.09034304338
0.1097502613
0.09709597983
0.1094366694
0.08440738646
0.01908954043
0.01998897796
0.01319105932
0.01047930672
0.009085898357
0.007215775112
0.00370992983
0.005505778213
0.009030806374
0.00326823571
0.003937149115
0.004972507393
0.2076721912
0.1077776421
0.1009925787
0.07659823644
0.1035223921
0.0854313408
0.06893710764
0.07501025503
0.07636682087
0.07437417689
0.07726410453
0.06203083755
0.07117257161
0.06384346786
0.0566614563
0.04740801117
0.04906494833
0.03571322639
0.0305365192
0.03678352284
0.0381599631
0.04335111611
0.02958291228
0.02888027907
0.03341822807
0.01792159505
0.02425323835
0.01329538175
0.01610164712
0.3711470983
0.1752603483
0.161071566
0.1743039158
0.1776560703
0.171892656
0.1546254579
0.0001547408446
0.0001536487888
0.0001312570992
0.3729739661
0.1643278937
0.1528946798
0.1681257805
0.170196737
0.1681524086
0.1573331491
0.1496535847
0.0001404193376
0.0001548546993
0.0001350621221
0.2610812266
0.1716182028
0.1577613168
0.1479037422
0.1518275762
0.1489163393
0.1528980708
0.1633471192
0.0001508562957
0.0001570956921
0.0001673070604
0.2511099245
0.2780089167
0.1611262488
0.1578289345
0.1349886998
0.141289568
0.1489331393
0.1298625537
0.1298213361
0.1285463193
0.1344629664
0.1128746646
8.73698281e-05
0.000694463801
0.0001558751087
0.0001406236212
0.00173466233
0.1413999374
0.1268528678
0.1222876093
0.1157187382
0.1268860655
0.12290811
0.1160639446
0.102997616
0.1145040885
0.1131555243
0.09434214481
0.08044578138
0.09951935417
0.08309941965
0.08941748702
0.07468916808
0.07116284035
0.06397608698
0.06126559389
0.05509090673
0.02392279355
0.02687729919
0.011638827
0.01076150649
0.007263335738
0.005065495075
0.002719082601
0.003819437412
0.005243914805
0.1020596199
0.1070543844
0.08794142321
0.09927655236
0.0795169848
0.06949378325
0.07713820681
0.06822608361
0.0669155868
0.06152150296
0.05675178997
0.06258523765
0.04963103739
0.06067910414
0.05076720068
0.0413409007
0.05305838727
0.02550767343
0.02709121133
0.040184533
0.03161369392
0.02653378476
0.03181155471
0.01358269522
0.01958838152
0.1554393563
0.1673378529
0.1630130656
0.1541981479
0.156236851
0.1371990619
0.1524069947
0.138081339
0.1429093504
0.1393224076
0.1337111144
0.1331140167
0.1404498604
0.0002155940419
0.0001897016069
0.0001801186678
0.0002469178872
0.1528262124
0.1305646955
0.1527077388
0.1379125722
0.146569549
0.1379206619
0.1417530701
0.1266409981
0.1367597288
0.1270242595
0.1315535496
0.1312421536
0.0001995795895
0.0001925292083
0.0001724526504
0.1407920182
0.1465503822
0.1294842562
0.1396082813
0.1281938688
0.1338438428
0.1309088874
0.1134063156
0.116866447
0.1149653766
0.1214536615
0.1090480757
0.111052668
0.0002091799381
0.0002200078509
0.1248394789
0.1273419873
0.1110728336
0.09729244736
0.1087907884
0.1090698869
0.09957728707
0.09951032315
0.107361731
0.09361889313
0.09099156654
0.1034995776
0.09344857407
0.07958156645
0.0865818797
0.06883486527
0.08384211102
0.07625608466
0.05425987002
0.06611558816
0.04665940802
0.05407682537
0.03370915162
0.04702682228
0.02868530771
0.03376028536
0.0157679568
0.0001990589716
0.0002902679872
0.0002194141855
0.003371945621
0.01189833835
0.002618834065
0.08041501103
0.09419836635
0.07995543497
0.05862496764
0.05078490323
0.03839088256
0.04494565853
0.03714132356
0.01800713888
0.02570055691
0.01113881679
0.1312077587
0.1281824608
0.1259747482
0.1354083526
0.12716223
0.1252288684
0.1225313592
0.1218992916
0.124713943
0.1212016775
0.1191088999
0.000302569352
0.0003022089068
0.123092291
0.1170460411
0.1174210093
0.1214003862
0.1296526426
0.11801162
0.1202264197
0.1155773313
0.1168679874
0.1186419614
0.1012014694
0.1149143576
0.1044567906
0.1110113701
0.1092346587
0.104830924
0.0003158833186
0.0002991596945
0.0002558485716
0.0003119042205
0.10831176
0.1090746235
0.1079107938
0.09659100514
0.1014848016
0.09147161026
0.09061310988
0.08411309735
0.09638909946
0.08725498049
0.06025472512
0.07655036393
0.06865907875
0.06175276495
0.0003234663528
0.0002996865155
0.0002508661372
0.004125494958
0.07510713846
0.08326010881
0.06193495534
0.07295543339
0.04777458349
0.01287579922
0.003794609766
0.1204411034
0.1157190585
0.1106486755
0.1141185467
0.1164403123
0.1108492045
0.0004251206432
0.05739908509
0.0003339631389
0.0003741826124
0.1084418501
0.09959221413
0.001641718123
0.1030546383
0.01178741742
0.02962832834
)
;
    }
    spline
    {
        type            calculated;
        value           uniform 0;
    }
}


// ************************************************************************* //
