/*--------------------------------*- C++ -*----------------------------------*\
| =========                 |                                                 |
| \\      /  F ield         | OpenFOAM: The Open Source CFD Toolbox           |
|  \\    /   O peration     | Version:  v1706                                 |
|   \\  /    A nd           | Web:      www.OpenFOAM.com                      |
|    \\/     M anipulation  |                                                 |
\*---------------------------------------------------------------------------*/
FoamFile
{
    version     2.0;
    format      ascii;
    class       volScalarField;
    location    "3.2711";
    object      wallHeatFlux_mixture;
}
// * * * * * * * * * * * * * * * * * * * * * * * * * * * * * * * * * * * * * //

dimensions      [1 0 -3 0 0 0 0];


internalField   uniform 0;

boundaryField
{
    symmetry
    {
        type            symmetry;
    }
    inlet
    {
        type            calculated;
        value           uniform 0;
    }
    orion
    {
        type            calculated;
        value           nonuniform List<scalar> 
1990
(
2577.601258
259.0537255
2384.424288
217.9770754
1961.448479
158.7151885
2465.262746
0.6552773679
2503.876736
0.728549016
2455.488466
2133.141085
0.892931909
2171.107596
2566.762501
18.19713568
2914.851254
440.12441
3225.454862
0.3915315893
0.4617303966
2705.516911
0.4983907127
2732.306492
0.5340773658
2744.689976
1.238939566
2663.577754
3152.306717
566.9834685
3416.931651
3373.552893
3382.366
0.3705783389
3495.460707
0.3967304919
3075.712901
0.8193547234
3269.518047
2776.172591
2.222288228
3424.450445
50.74906231
3817.611532
0.3181017522
3745.27151
0.5706895193
3465.165694
0.7797167262
3658.491387
1.55132032
3080.176566
3719.325637
0.2144504051
0.2202009133
4205.805885
0.4430358413
4368.89252
0.7420944117
3890.819695
3650.867477
1669.343113
149.7371421
0.2146556167
0.1915846776
0.2349776776
4764.812557
0.3445001219
4890.914159
0.953351739
4315.815566
4506.496338
4026.692884
13.32978686
186.4541822
0.1864545664
0.2319738787
5262.347092
5383.172486
1.065607002
4736.24723
4953.92041
4515.603836
6.388907579
5286.973622
15.09132005
2487.267327
333.1614035
0.2065080545
5781.500196
0.253128385
5905.641143
5908.307654
0.6049252472
1.178309278
5295.804311
4.239155812
5046.89088
7.882173567
3450.720703
53.69578095
6315.706894
6286.930637
6319.369527
6470.228543
0.2445141558
6622.179706
0.6488080317
1.516680235
6170.788329
3.292568338
5.931313649
5717.349865
10.92436149
34.55162929
3941.764047
93.56074031
7092.222042
0.1565002992
7136.447098
0.1496731628
6912.635732
0.2924462696
0.7523566388
6742.975254
1.923910334
4.648547966
8.276509499
6592.040805
23.81180879
64.16586039
1822.896852
166.2452629
0.1220591431
0.1284927153
0.1584840601
7216.790278
0.4927806972
7416.390329
1.02205461
2.770695026
6.630350179
7257.739126
21.02275845
55.23384455
6213.400685
95.89265971
7914.334745
7943.988623
8039.390245
0.1807516756
8094.099173
0.7383569278
1.57285
7707.616081
4.67756516
7926.905116
29.08615826
7813.185434
116.3460395
3172.611727
513.1713259
263.6403092
0.178491731
8520.708947
1.117328793
8599.137955
2.683867135
8983.969727
26.99934095
8597.348811
109.203169
70.24951433
4420.550073
301.0247938
253.710491
9225.581599
0.01737578527
9274.862774
9453.533771
9673.064871
25.83872732
9681.624847
102.5774218
65.43018861
5470.20371
512.9385334
428.206903
386.3443231
292.9807942
1.102315401
1.075679917
1.850750503
11106.43107
21.86441688
6812.878048
73.48221126
2449.474475
1005.638545
802.7503187
788.3977101
708.244352
526.3930749
394.0977835
288.0940726
224.4270336
1.319373913
1.261950126
1.333976467
8533.857924
2.004994117
18.06965756
2964.570602
1659.472134
1481.638141
87.32839938
1247.717792
1129.263499
858.0970212
690.878093
593.7473509
498.0573316
412.3148229
2387.130349
2043.353939
1.703127401
2311.721302
2054.20295
1.70248591
2176.340226
2015.177179
1936.931446
1.708492034
1937.472094
1888.20841
1859.131442
1.815317218
1430.348988
1440.567424
1351.764355
93.67750232
836.4059017
673.7807894
526.278162
402.0574621
1841.118756
1774.786628
2.319378579
1733.433832
1765.742416
1657.806917
2.334736107
1566.765474
1531.530398
1502.702624
2.459274905
1265.633055
1129.35042
1061.974223
2.305203951
1547.250766
1566.549741
1479.202757
3.657976368
1500.80779
1395.290138
3.397812053
1227.576573
1120.46694
944.7256534
3.580565351
2204.318037
2188.848777
2227.55227
1170.472655
2511.027063
1126.371638
240.2750373
12.6095533
12.78931746
2289.402498
2202.664938
2394.86555
1034.45057
2183.599294
936.5991365
177.2929924
13.3721391
13.40959295
2464.387954
2523.931423
751.2444857
619.4756613
1999.022796
2784.459852
2738.24975
531.4643488
1329.301784
45.68271931
2324.802827
217.0347769
767.2073079
2565.985847
2748.620884
2590.997793
2518.832917
2207.704976
2593.055597
2772.684552
2589.552918
2209.50439
2448.39198
2246.426504
2541.34778
2568.042254
2381.448501
2366.803459
2348.509953
2151.697467
2.823314527
2591.421705
2641.708381
2357.298103
2365.962389
2393.984538
2340.472941
2603.431143
2299.138451
2864.386019
2016.612541
92.8567796
2542.87194
2866.784327
1527.586917
2384.93733
1073.657006
49.80929454
260.0703863
22.46760775
3016.219836
2512.61277
1213.411604
331.6493908
3223.359398
3237.364517
2860.590918
3246.224641
2879.887394
3298.207184
3292.940234
2880.279371
2852.987345
3016.437777
0.4308476906
3345.566339
3381.875552
2918.340566
2926.535511
2969.925147
2974.19094
2736.78542
2940.440064
2989.608049
3131.047193
2699.094468
2910.798908
2961.997137
2717.22962
2583.967906
3021.81437
2969.708454
2583.355345
2647.563672
2753.319084
2475.18698
2874.713165
2671.775398
2986.92441
2967.095158
3299.722347
1148.298832
2333.103569
315.8447225
3832.683539
3935.060212
3593.142731
3417.07686
3597.535457
3894.96164
3541.224287
3358.63829
3532.725153
3545.014165
3406.608013
0.3982182915
3539.084626
3574.016633
3511.51201
3173.34409
3792.961863
3254.707504
3407.274434
3494.404216
3009.030758
3322.217993
3492.595283
3613.393832
3295.154565
3094.084823
3373.758614
3460.265182
2870.954065
3187.309951
3013.814637
3219.246419
2983.196626
2990.280948
3133.838707
3526.792982
1805.359106
3010.146821
733.2141924
219.5852439
3992.541608
4277.41057
4326.548445
0.2671469571
0.2535871146
3977.11315
4304.523992
4252.519198
4162.502937
4212.977632
3817.523923
3975.364627
3753.066438
4048.078077
4101.0685
3860.516669
3710.041434
3968.18427
3959.71956
4045.666215
3802.759542
3459.652351
3771.809559
3300.447029
3316.778131
3555.396676
3478.683344
3347.449695
3316.514154
3779.657911
3976.046975
2048.966946
2969.769594
346.1341637
4367.352146
4376.027455
4685.170752
4396.978788
4686.419069
0.2697833245
4482.839866
4562.646632
4684.192728
4723.371668
4496.311285
4669.621805
4697.323559
4716.947328
4116.746695
4461.4817
4513.721118
4268.177274
4595.959457
4133.353562
4228.17817
4442.24382
3889.77127
4106.805991
4157.330329
4089.117951
3654.952097
3709.408009
3823.662903
4043.211661
4049.088027
3487.309586
3840.30143
4274.953192
4178.564499
3670.016448
1473.524122
605.1681339
4872.443051
5064.055499
0.205334944
4889.13111
4890.137576
5129.815799
4893.891411
4917.957306
5215.270687
5285.335272
4985.464958
5387.954547
4981.880908
5068.708828
4886.781869
5114.715136
5054.832788
5141.384446
4594.980525
4546.471668
4777.498167
4503.490972
4621.076611
4308.202192
4133.622868
4424.412135
4254.192828
4332.316292
4152.925827
4319.126052
3047.200926
4645.844422
3700.450369
2066.547499
5393.733184
5641.072797
5656.809418
5382.984365
5672.691733
5728.791834
0.1873139181
5386.583442
5413.722695
5961.596672
5502.629669
5835.910799
5678.143946
5693.634227
5339.772906
5791.06416
5026.292303
5240.047149
5085.174289
5265.135458
5285.910583
5034.173763
5128.278682
4766.842095
4867.105103
4868.819134
4567.913082
4334.163102
4655.503692
5970.203016
6415.816798
6436.62715
6097.514538
6411.881301
6450.326618
6194.629376
6051.181683
6106.638766
6179.804623
5803.761979
6442.264397
6403.478706
5913.679223
5499.14695
5849.608986
5808.352244
5593.752757
5583.640276
5795.736792
5769.408823
5472.754782
5357.485987
5717.003583
5455.563243
5566.241763
5167.138319
5066.185102
5377.973702
1966.460514
6710.472686
6720.420791
6304.761453
6715.947302
6684.276204
6262.202698
6723.461335
6713.060722
6350.062752
0.2595060753
6739.617417
6741.382634
6513.759465
6197.63046
6506.895053
6177.076398
6547.496449
6571.647911
6253.662886
6363.305848
5817.502738
6582.413762
5976.203973
6517.210423
6139.744008
5774.223878
6121.126998
5417.727059
6339.205829
7152.722214
7158.939976
6986.138207
7121.083452
7055.496898
0.1488717726
6911.645636
7063.274084
6600.098782
7116.860658
6822.956262
6929.684544
7251.515995
6949.752222
7023.899886
7034.234341
6470.134851
7302.255977
6664.624506
6683.300108
6895.433711
7158.536559
6790.552579
6795.839733
6292.019297
6718.280767
7177.028271
6823.517119
3878.347325
7466.901295
7952.145919
8054.004672
0.137486305
7454.018388
7511.999302
8022.696914
8017.763614
7570.186862
7454.69233
7538.556172
7567.457255
7603.497499
7089.403418
7938.194677
8002.428393
7242.593244
7423.640048
7578.196318
7318.215082
7660.244976
7868.583737
7397.157579
7453.618222
7977.047597
7341.753047
7766.845154
7733.769686
8269.158528
8527.5882
8526.07099
7934.714079
8520.182412
8491.917662
7884.942787
8754.022268
7945.964359
8217.467897
8130.2968
8285.465922
7848.05531
7921.849989
8257.125128
8467.200652
8153.756904
8489.510686
8065.10472
8385.823481
8341.71988
7703.824051
8006.235132
8539.056664
8704.999717
8900.257813
7751.008478
5588.654514
3809.431517
8599.528588
9199.994016
9193.096047
0.1332373109
8586.169584
8596.269021
9233.911319
9356.906747
8726.346221
8742.778125
8849.612463
8985.898766
8926.268094
8975.237915
9309.900376
9260.917551
8509.332455
9408.980763
8521.18825
8436.744989
9338.073284
9959.602226
9668.565598
10280.18033
4514.675116
9774.903349
9776.683682
9219.413117
9269.163421
9466.263663
9489.665999
1.288590057
1.204655438
9572.166336
9483.392503
9594.933787
9705.118881
9882.317923
10436.39866
9349.494939
10743.07098
11065.75262
10324.95822
11210.80964
10259.0526
9468.875025
8183.370603
10467.17416
12110.15077
11967.25998
11147.36944
11907.30869
11611.61222
11569.854
11325.44873
11531.51648
12045.37258
11752.3584
10035.7736
10950.7472
9457.341518
7086.512274
8440.70209
6269.110646
1281.266787
274.1483861
10466.43348
9893.588391
8150.475934
2925.37943
7447.895154
2108.585187
1206.342086
885.1396295
1688.283795
1771.414272
1562.105176
1709.078325
1622.115755
1529.112768
1607.288776
985.6311123
7136.117812
2197.122624
2235.986653
2190.60583
1556.504347
65.60279289
4.101324755
990.4021518
2752.786482
2763.605232
2352.767803
2566.469213
2527.037501
0.7571288358
2601.162247
7.172233429
31.35803416
0.3182328084
0.3633042314
3176.608285
3184.827883
3175.130467
2871.482453
1.320661968
1544.137906
2754.577444
3842.825803
4022.997105
3917.848513
3962.054395
0.2937639004
3965.675565
4011.818371
0.297847906
3672.902427
0.7493060746
3171.762286
2.509144507
1983.536656
3109.011564
1020.910703
249.1815183
23.33270555
94.52567124
4380.290892
4205.819374
0.2523322031
4341.067098
0.3485145575
0.3185032218
3811.630082
0.5513203395
1.387822512
1.742529913
3572.383673
7.932410845
4624.498338
4825.889506
4700.971099
4917.769422
0.2538774188
0.5476738673
4482.459216
1.554833781
4111.519871
2.703608055
3.193156961
5.129835961
7.5717207
5050.04489
5315.72982
0.1880451257
0.1842018686
5080.440967
5417.642107
5300.726616
5469.275954
0.4708199257
5091.830583
1.923064267
1.892717463
3.488770665
4.083857905
5998.022621
0.1488059165
5987.216052
0.1814667874
5864.5994
6062.131425
0.3977342269
2.329623993
2.320460239
5339.3963
5521.57164
17.59503611
27.58997083
29.72002642
515.9038694
209.5660597
0.1552575166
0.1600805213
0.1869506764
6140.38311
5921.737819
6091.399737
6028.91763
5937.424288
806.8195274
0.1959660595
6508.655527
0.448851448
6892.977894
6495.658779
6700.179856
6690.424152
5085.780707
83.37764505
7393.866689
7086.287506
7463.671524
7085.001283
7571.518695
0.3061338882
7297.846838
6975.254993
2450.995209
135.4440212
154.0262296
0.114490073
0.1379987399
0.1306315781
0.3537892464
0.4621285344
7971.954062
17.11186067
22.0421119
8055.105798
47.76045013
111.9678096
156.9043312
192.0340185
8530.017872
0.09924663575
0.1280373129
8518.846182
8270.037056
8800.60638
0.3962166657
15.84553457
8329.702412
9198.756357
35.8993857
44.15208506
223.0113415
842.5059486
595.5163017
415.2948629
0.9926606619
0.02149161609
0.2240110666
0.2404484223
0.2883854941
1.195013728
9777.207839
7.277155944
12.9120218
10812.326
40.8963484
153.9524135
3146.9338
847.5087571
662.9321676
703.5237505
10575.22584
10620.76208
11264.82445
11840.72603
2.536075516
8.793843829
1458.424913
168.0923696
110.0663828
10641.28623
5750.885418
10215.18764
5818.618751
9754.486096
6928.654113
2202.203778
2471.676412
1870.527505
1653.783223
1765.635765
1659.863756
1319.474751
1117.677661
1069.189714
959.4345924
223.2310295
141.4899424
191.6895426
1862.942169
1908.301928
2031.516269
1901.999336
1884.745262
1679.392455
1717.942623
1587.827371
1554.309028
1439.431093
1391.876556
1185.286118
1128.071556
1045.330301
830.4609798
373.5055971
511.1911349
240.8577102
153.5869558
209.9772402
1718.387513
1662.75538
1647.281018
1551.870295
1480.770661
977.1713207
813.5101488
503.1868515
655.8007505
348.6854147
257.5541145
1467.607295
266.2696316
1238.1196
1326.965218
1209.330164
77.55192062
13.9419091
328.2338313
0.5534942311
0.5859787326
0.5965450532
0.8612789106
0.5556851895
0.4765103912
0.5770827031
0.6715099812
0.6938433696
2282.384561
5.63613119
1.081754362
4.005060815
1.261534641
1846.894375
547.2643763
6.223445375
102.8930531
3029.882798
0.4069580535
0.3736877611
0.3626069341
0.5112508002
0.4130186787
0.5064252016
0.4250849377
0.3914729903
2800.510349
0.5744922214
0.6013570665
0.4672659992
2668.728751
0.7439262252
0.6397683326
0.6380055151
2625.477838
1.166355623
0.9678086476
0.9088744194
1835.885051
155.3685595
1.653475237
1.415022028
8.570969527
562.0972949
41.3807161
177.2188314
0.3429138707
0.2874665976
0.2832110364
0.3520561419
0.2909927389
0.3301781128
0.3510263736
0.3847851647
0.5209525807
0.5582975693
0.376355043
0.5183613124
0.5024675122
0.556166283
0.4999222183
2857.029075
0.9363838502
0.8017507186
0.6897925264
1.193157608
1.230054375
0.8424491786
2.292435161
12.69334092
1.87811417
1.680756159
887.2711204
69.15031963
3.415257203
14.00822324
0.2899688687
0.228787824
0.2707221082
0.2630379075
0.3183474354
3932.750574
0.3493163504
0.2605962963
0.3079868093
0.4411342141
0.3734830789
0.3784126819
3589.160453
0.5210029503
0.4860423124
0.4520815361
0.7764369588
0.7902626893
0.644742448
1.106808956
1.127543793
0.8083545195
2.015852937
1.318676524
2.023555223
4.444116783
6.034009598
2.153859517
3.283343053
1054.182106
419.3811131
102.2831527
26.29783036
0.2182244018
0.198271773
0.209297305
0.1936775517
0.2154369198
0.3072225618
0.2776737705
0.2838707658
0.3111290835
0.4554080313
0.381660343
0.6049538213
0.5630848024
4117.996874
4352.961784
4357.681653
0.7712800642
0.4873140037
0.8024123289
1.244742838
1.13793849
0.8426958424
2.215093995
1.786247389
1.599949985
3.176441611
4.930143989
3.246904605
4.74731066
2.417076735
2925.845453
39.8396337
6.725583844
363.5939781
189.5428605
14.10975512
59.10059523
0.1867566891
0.2106829995
0.2034825179
0.1845004455
0.2775338648
0.1982574838
0.2739317747
0.3591355467
0.2903985548
0.3091024001
0.4071366246
0.5390282541
0.4504114918
4484.944665
4798.298355
0.6838994196
0.6279644907
0.577678716
1.081026608
1.174328978
0.9869603235
1.837642577
3.123416081
1.792918676
1.73130593
3.517551749
6.020956844
9.289734638
7.941572413
13.90029133
6.623257123
2036.666226
583.3493957
949.2988629
296.8643317
57.33977344
24.3196245
94.53614312
25.66229148
0.1385105931
0.1611807258
0.1782537552
0.218498778
0.1842184456
0.2394198259
0.2636537904
0.2009046574
0.2089026554
5518.081932
0.3238647494
0.299252439
0.3118238023
0.4134517547
0.6591522217
0.4527678227
0.3997553133
0.5677910102
0.746460161
0.5840693808
1.298330306
1.290832763
1.042140843
2.25818247
2.081885428
4646.507101
4782.100281
5263.479959
4778.079824
6.133415988
6.146968838
3.887227238
3.405348878
8.873461788
11.65918688
6.991411311
14.57941287
5065.330255
3058.139372
1384.11365
1547.991315
471.853172
117.7711736
118.9090937
26.86367393
46.78325388
33.03501153
18.35216619
16.38300016
0.156105457
0.1466480514
0.1436756155
6029.211824
0.1556626393
0.16292681
0.1715334484
0.2450069699
0.1680693289
0.2308306386
0.3005955957
0.2723684248
0.3806962732
0.5159924362
0.5258730198
0.3848445925
0.7953658376
0.6251635182
0.9280372385
1.336828757
5625.280062
1.440084447
1.640126414
5295.582062
5597.928096
4.403958579
2.925905622
3.649235695
4.922356907
6.980105324
8.131294358
8.651762958
14.81149878
18.44254921
15.07760501
16.09698653
16.20717675
3748.144276
2352.923352
178.6927158
63.64445408
37.49264642
52.14740322
709.177273
0.1508256023
0.1296990873
0.1236033634
0.1483526543
0.1823153157
0.1636282612
0.1698764056
0.1970032141
0.2376353759
6426.390989
0.334895242
0.3686214818
0.3582783814
0.6471350414
0.4055535182
0.647638363
1.017508495
0.6665424045
1.172652282
1.628671155
1.814603416
2.153940829
3.779953889
5874.234025
6294.255509
4.373492059
5.375588792
6.954872602
6029.585826
14.85631005
18.01808329
9.016690376
12.33481155
11.25318008
6146.918699
17.8595103
26.73749329
27.88570393
35.55607388
19.95526604
5075.044387
2607.97206
2954.233288
1224.196922
262.3615257
433.2885325
103.5904417
47.35927501
60.24112831
70.64815832
86.91473594
36.54468308
36.42221769
50.88103407
0.1467653139
0.1150959986
0.119459405
0.1496038764
0.1773574533
0.1868994746
0.2166300708
0.2067412333
0.3424001184
0.3415220795
0.5012507786
0.2892233719
0.7574867293
0.7851002426
0.8566230845
1.36395512
1.641385456
6736.863046
2.600292313
3.226710345
2.246482343
10.51119122
10.13919883
14.33657201
5.931273568
6.27591417
5.310201642
6920.871049
14.0857724
21.79715607
23.19450984
28.39748476
35.02063694
16.85235809
39.63117902
42.8403666
49.7884109
80.43473005
30.56086471
34.72601759
47.58935207
5411.215463
2710.858696
1671.235362
854.6659074
471.917682
806.8190037
301.4289564
199.197439
103.3124704
143.9932583
120.6577861
77.73957238
77.75123382
82.90290315
0.1284815662
0.1194702669
0.1537999167
0.1331831497
0.1582459846
0.2141436089
0.2420469583
0.1619000414
0.3794760486
0.3049213987
0.3953980129
7516.818887
0.7231282002
0.849468964
0.6502734134
7192.302431
1.99984372
2.373870004
1.237004809
7.374480907
7.692289351
10.45882046
3.985104163
4.255215987
3.731974002
18.95155487
12.15896835
13.85236348
14.1759221
7652.910467
37.97810855
67.0287121
41.53730259
52.01009043
56.34856093
25.02579455
35.4339467
25.5247734
7038.72744
4922.639699
202.780056
162.5581833
153.0050149
165.3457423
131.6945256
101.7772893
85.66460792
83.88252792
52.63588713
68.24091989
100.5061268
4037.741425
2623.997573
1244.581404
1218.40339
320.2921178
289.2092265
182.2345399
225.9973745
0.1120908683
0.1002468088
0.1105365991
0.1730090742
0.1325340656
0.2644797102
0.1639098888
0.2928088336
0.3153300089
0.5412456414
1.020511193
1.251632292
0.9295945183
7.153904554
2.924355989
3.542386252
2.084491381
6.354210453
10.30164155
13.25199403
16.47388539
5.503416541
12.06686813
37.76603235
50.00196542
59.4256382
23.04314807
37.22287478
29.07116241
8174.59595
6553.255511
177.7209306
130.9751962
101.5204742
78.23010985
70.57903429
130.7866308
151.8823495
92.95764971
73.94537033
59.58217419
5607.919857
1717.666804
501.591238
367.6909874
318.2327003
299.7763848
172.4840957
206.2406438
258.3173415
214.9959157
0.1085014044
0.1331128094
0.1652972942
0.1351112066
0.1356630685
0.2688010631
0.2765608121
0.4537839227
0.6478467475
0.866131038
1.628653739
2.117518929
1.254736504
2.288459585
3.040858208
8702.077848
6.52721955
10.07658764
19.51630096
11.74059658
4.512108653
5.581295129
9.456863898
49.50346007
62.7155472
20.14357626
34.29303197
26.58018773
8997.687679
7401.148977
191.846641
188.7058255
85.12366283
114.9494653
124.4194948
89.11781517
81.34978167
56.41241136
102.5987227
2557.755574
1308.424081
895.3169799
718.3627435
550.9906278
337.2294692
414.7642606
542.7078784
486.6712755
504.0431114
310.9870382
348.8230861
338.5374123
391.3658106
205.3437272
310.9522573
252.3968458
282.2082834
151.1102005
257.6128925
107.9695631
150.3867406
2123.157881
482.250339
506.9452722
2.440495982
1.017491082
2.369396681
0.1117604651
0.02227991134
0.0765521177
0.5429036518
0.2398856804
0.155307485
9364.392455
1.460062989
0.8524738726
3.84771229
8.947164881
3.326280708
6.635138382
10117.2629
8994.494013
34.59398026
48.44635126
17.0489628
22.99642532
16.30122932
34.12336758
6095.499605
4272.785609
1782.650164
132.290331
126.8603353
87.80447905
83.83049061
57.15870429
103.8502051
7495.680199
3623.458382
1757.463136
982.1064936
889.348551
747.6916926
670.0334393
611.7335959
584.2016224
658.9655906
554.4235876
443.9180891
524.9161841
466.0995847
346.4484585
303.258673
222.1236436
217.4310954
342.0096216
187.8761788
247.0515893
253.2764636
188.1831832
299.2902322
137.8608265
182.5932631
784.6657866
600.7708465
1.199425214
1.185098663
1.058244741
1.183047275
1.112917722
1.184838734
0.7842569994
0.8077680048
1.158684655
1.61717709
1.379014819
4.612262976
2.252616876
7.551027425
0.9199728182
5162.777083
1808.544556
14.04587247
21.1305437
28.71728587
44.82725018
12.67439267
4670.806371
2070.619152
1716.502192
1559.25304
1486.979678
1566.924287
1163.81891
1396.666271
1228.587839
1385.111336
1058.112068
229.3899155
237.4357168
157.5591347
124.3393247
106.6533725
84.45116327
42.83621459
65.05761412
104.7265107
37.01252006
45.29880396
58.16473629
2782.124844
1377.479506
1295.026796
977.1536653
1307.581833
1092.770091
877.2463251
954.4578087
960.6640298
940.7386232
971.0310729
779.0909104
892.1325592
798.1499575
702.8598451
587.1821011
603.6605869
443.7748049
376.0940076
452.3868112
472.7688756
536.4362402
359.3512335
354.1328937
407.8632694
216.6493326
290.405993
160.0349589
191.0916905
5854.879263
2370.953896
2139.576579
2292.542743
2354.904285
2247.990403
2011.761466
1.505225063
1.471390552
1.348411819
5841.484994
2186.38031
2022.3864
2204.076944
2264.597009
2217.303746
2056.017675
1947.321987
1.45910769
1.469263511
1.342641957
3569.974494
2276.45344
2100.362287
1942.073
1977.925209
1943.960484
1982.856549
2104.591949
1.500980327
1.55451945
1.72371477
3497.113411
3904.771496
2133.033689
2042.667304
1733.374501
1835.400538
1923.061586
1662.274253
1677.328848
1664.338783
1702.082253
1425.083033
0.864961989
7.885395122
1.571657732
1.417861461
18.98128129
1841.164184
1638.157925
1583.588008
1499.207346
1626.285993
1587.411405
1474.231057
1308.068431
1462.272677
1431.459044
1194.809852
1015.35755
1243.380959
1031.485589
1108.970503
916.8627595
872.6506118
779.7767488
749.4761352
663.7888248
285.5929055
318.0428162
137.7062777
124.3558289
83.39651246
59.10437443
30.92692585
42.48548099
60.79719639
1309.769043
1342.729847
1108.036716
1249.367107
991.0359069
868.6162811
957.3448316
848.4126297
822.5371032
759.1553224
706.0270183
768.0316307
609.4774549
754.5744647
625.4768835
500.2885421
654.9273444
308.2961438
325.5321918
490.9592846
383.8602592
317.3407533
384.8153312
162.4176249
229.86686
2010.598633
2201.911469
2134.230914
2018.679643
2015.559195
1758.411854
1969.372681
1769.071081
1850.012678
1791.041811
1705.514894
1674.309538
1793.748236
1.941331517
1.896331738
1.693279138
2.348384971
1993.733624
1698.295897
1993.664685
1799.518405
1872.816951
1783.709433
1807.089978
1614.445356
1738.556938
1610.434328
1673.470968
1677.293298
1.966113959
1.939176885
1.698499832
1818.087698
1885.276596
1672.750943
1777.853491
1604.441286
1688.680515
1670.285649
1422.064776
1467.800542
1439.12883
1506.201228
1347.651156
1363.73383
2.076985882
2.071309949
1578.730652
1604.967971
1390.443428
1228.486742
1370.052364
1361.788896
1237.227899
1235.783752
1345.27806
1159.284151
1115.545553
1293.943401
1143.882725
980.0512922
1066.153742
845.3083367
1018.626242
930.9387908
662.6212146
799.2215316
564.4276636
644.9929644
403.5173143
556.5609847
341.9017557
397.3394298
183.5832201
1.924985872
2.752062896
2.113948817
37.67357178
136.7081943
27.62052618
1006.295067
1167.899961
978.8618241
707.2132545
618.1318729
468.7550098
549.7040843
449.4680596
213.5034978
299.7743379
129.1722573
1675.86454
1624.828107
1600.52702
1705.691586
1585.591618
1568.016719
1531.697173
1522.440307
1544.230471
1509.56289
1478.286769
2.822976725
2.921946447
1551.98263
1469.10058
1467.910788
1523.041243
1635.056818
1474.82951
1498.2719
1442.976536
1452.954273
1478.74714
1249.453117
1417.563425
1288.848852
1367.603373
1343.451009
1270.183058
2.898963506
2.955602327
2.393179013
2.899931358
1350.191359
1329.109946
1327.691377
1191.70202
1239.766651
1109.49107
1101.574755
1010.086632
1173.967455
1047.258606
724.7136381
909.8688476
807.6195998
725.1653478
3.088666594
2.769953609
2.398982192
42.8383268
918.9378263
1018.560806
751.1894614
886.0545725
559.4052333
144.0374217
38.88543766
1489.33082
1408.289863
1358.411109
1388.593341
1433.506112
1343.076702
3.993349324
674.9167989
3.047001608
3.538863484
1309.56485
1196.817884
15.31043112
1213.169942
128.3639245
299.785245
)
;
    }
    spline
    {
        type            calculated;
        value           uniform 0;
    }
}


// ************************************************************************* //
