/*--------------------------------*- C++ -*----------------------------------*\
| =========                 |                                                 |
| \\      /  F ield         | OpenFOAM: The Open Source CFD Toolbox           |
|  \\    /   O peration     | Version:  v1706                                 |
|   \\  /    A nd           | Web:      www.OpenFOAM.com                      |
|    \\/     M anipulation  |                                                 |
\*---------------------------------------------------------------------------*/
FoamFile
{
    version     2.0;
    format      ascii;
    class       volScalarField;
    location    "0.55";
    object      dsmcRhoNMean_Ar2;
}
// * * * * * * * * * * * * * * * * * * * * * * * * * * * * * * * * * * * * * //

dimensions      [0 -3 0 0 0 0 0];


internalField   nonuniform List<scalar> 
1000
(
1.468
2.012
2.627
3.262
3.595
4.094
4.569
5.429
5.898
6.129
6.478
6.889
7.649
7.844
8.215
8.938
9.068
9.506
10.144
10.533
10.602
11.171
11.653
12.412
13.28
13.613
14.124
14.34
14.997
15.759
16.104
16.188
16.555
17.403
17.822
18.295
18.602
19.128
19.788
20.722
20.886
21.16
21.864
22.479
23.345
23.524
23.905
24.366
24.762
25.542
25.871
26.809
26.921
26.784
27.349
27.732
28.532
29
29.321
29.824
30.776
30.731
31.47
31.9
32.514
32.644
33.028
33.519
33.728
34.471
35.153
35.456
36.765
36.828
36.974
38.226
38.272
38.721
38.397
38.599
39.494
39.413
40.282
40.7
42.04
41.948
42.211
42.862
43.534
44.164
44.934
45.549
45.646
45.896
47.376
47.452
47.948
48.192
49.258
49.424
49.168
49.732
50.785
50.49
51.265
51.42
52.746
53.246
53.005
53.078
53.731
54.403
54.239
55.041
55.457
55.77
56.667
57.034
58.433
58.718
58.45
58.662
59.348
59.458
59.85
61.013
60.874
61.076
61.434
62.026
62.945
63.61
64.031
64.04
64.172
64.347
65.303
65.378
65.977
66.565
67.552
67.574
67.132
68.134
68.23
68.754
69.813
70.574
71.146
72.658
72.333
72.177
73.483
73.845
73.91
75.138
75.87
75.061
75.496
76.942
77.102
77.804
77.724
78.666
79.247
79.288
79.274
80.242
81.066
81.643
81.669
82.031
82.451
82.714
83.066
83.391
84.66
85.483
84.508
85.273
86.27
86.882
86.584
87.424
88.605
89.004
89.776
88.612
90.211
91.279
91.393
91.522
91.447
92.915
93.006
93.132
94.614
93.814
95.028
95.442
1.435
2.109
2.619
3.112
3.762
4.182
4.733
5.241
5.651
6.099
6.486
6.911
7.429
8.001
8.353
8.74
8.773
9.534
10.08
10.514
10.906
11.497
11.955
12.392
13.171
13.663
14.244
14.645
15.563
15.759
15.959
16.57
17.134
17.376
17.733
18.375
18.668
19.375
19.718
20.236
20.821
21.259
21.744
22.464
22.835
23.567
23.924
24.343
24.5
25.424
25.548
25.729
26.669
26.748
27.881
27.784
28.108
29.271
29.659
29.718
30.659
31.134
31.653
31.948
32.378
32.121
32.495
33.57
33.678
34.677
35.039
35.404
36.498
36.754
36.694
37.638
38.064
38.329
38.472
38.727
39.676
40.737
40.322
41.008
41.746
41.94
42.43
42.989
43.894
44.357
45.21
45.684
46.095
46.628
47.361
47.771
47.621
48.107
48.044
49.26
49.492
49.879
50.627
50.835
51.239
52.08
52.002
52.038
52.183
53.075
53.563
53.54
54.755
54.857
55.659
56.174
56.129
56.818
57.332
57.851
58.115
58.681
59.307
59.755
60.211
60.599
60.618
60.778
61.657
62.297
62.913
63.904
63.771
64.45
64.498
64.902
65.836
65.982
65.775
67.119
66.696
66.775
67.61
68.409
68.742
69.46
69.751
70.353
70.89
71.947
72.844
72.727
72.989
72.976
73.388
74.702
74.898
75.531
75.319
76.182
76.55
77.702
78.407
78.616
78.819
79.319
78.902
80.484
81.333
81.529
81.598
82.33
81.651
82.041
82.985
83.451
84.167
85.471
84.746
84.913
85.705
86.629
87.309
87.817
89.529
89.281
89.075
89.273
90.7
89.444
90.961
92.234
92.015
92.455
93.155
93.393
94.294
94.923
94.972
95.604
1.517
2.014
2.588
3.199
3.782
4.162
4.764
4.993
5.53
5.998
6.465
6.726
7.401
7.912
8.351
8.771
9.283
9.854
10.294
10.815
11.224
11.794
12.008
12.878
13.386
13.558
14.262
14.508
15.255
15.331
15.872
16.471
16.885
17.354
17.54
17.917
18.955
19.232
19.596
20.508
20.473
21.129
21.413
22.255
22.613
23.476
24.272
24.222
25.148
25.015
25.258
26.219
26.794
27.251
27.468
27.317
28.492
29.176
29.583
29.796
31.006
30.951
31.462
32.21
32.39
32.513
33.17
33.302
34.04
34.551
35.01
35.593
35.916
36.858
37.088
37.738
38.159
38.994
39.024
39.12
39.882
40.706
40.97
41.052
41.471
41.782
41.74
42.891
43.699
44.141
44.703
45.255
46.055
45.821
46.461
47.309
47.883
48.266
48.724
49.012
49.122
49.585
49.475
50.478
51.156
51.564
51.776
51.791
52.761
53.172
53.223
53.979
54.834
55.253
54.925
55.59
56.296
56.991
58.128
58.562
58.799
58.79
59.275
58.931
59.979
60.174
60.675
61.043
61.479
62.645
63.387
63.716
63.463
64.285
64.082
64.777
65.38
65.621
66.464
67.405
67.072
66.668
67.472
68.751
69.444
69.76
70.061
70.616
71.085
71.719
72.156
73.141
73.275
73.682
74.647
74.557
75.117
75.467
75.408
76.182
77.458
76.999
77.536
78.55
77.923
79.07
79.104
80.006
80.443
81.028
80.912
81.779
82.628
83.386
83.721
84.039
84.281
84.948
84.918
85.774
86.257
86.664
87.694
88.491
88.764
89.286
89.423
89.673
89.886
90.04
90.662
91.956
91.49
92.155
92.868
93.761
93.943
94.716
94.76
95.385
1.525
2.064
2.642
3.134
3.511
4.128
4.604
5.072
5.511
6.01
6.245
6.874
7.437
8.051
8.145
8.716
9.274
9.928
10.502
10.679
11.455
11.889
12.299
12.541
12.878
13.51
14.278
14.572
14.946
15.222
15.933
16.35
16.693
17.15
17.801
17.929
18.806
19.097
19.823
20.375
20.512
21.214
21.654
22.397
22.208
23.276
23.949
24.301
25.092
25.278
25.404
25.884
26.758
27.405
27.425
27.299
28.407
28.944
29.268
30.004
30.57
30.976
31.331
32.042
32.148
33.109
33.244
34.071
34.194
34.636
35.416
35.799
36.174
36.504
37.402
37.811
38.301
38.737
39.2
38.898
39.401
40.061
40.185
40.998
41.517
41.759
42.284
42.921
43.538
44.225
44.789
45.165
46.199
46.438
46.902
46.891
47.866
47.73
48.618
48.792
49.242
49.82
49.642
50.453
50.67
51.47
51.694
52.1
52.047
53.006
53.064
53.735
54.696
54.394
55.455
55.702
56.267
56.845
57.711
57.964
59.023
58.829
59.412
58.473
59.866
60.879
60.461
60.874
62.202
62.687
62.552
62.616
63.424
63.453
64.003
64.711
65.906
66.144
66.373
66.035
66.576
67.551
68.539
68.317
69.493
70.099
70.176
70.55
71.487
71.762
72.584
72.848
72.934
73.893
74.951
74.703
75.766
75.729
75.887
76.062
77.94
77.349
77.347
77.625
79.019
79.645
79.007
80.156
80.872
80.909
81.056
82.103
82.708
83.217
83.271
84.083
84.673
84.915
85.153
85.737
85.901
87.336
87.677
88.259
89.148
89.228
88.279
89.699
89.911
91.264
91.037
91.904
92.159
92.199
92.34
93.219
93.889
94.358
94.936
95.289
1.477
2.071
2.7
3.177
3.661
4.158
4.531
5.321
5.624
5.805
6.261
6.888
7.218
7.756
8.574
8.803
9.435
9.742
10.267
10.74
11.383
11.971
12.277
12.599
13.138
13.723
13.937
14.574
14.912
15.393
16.202
16.433
16.74
17.315
17.928
18.176
18.725
19.145
20.179
20.328
20.957
20.953
21.631
22.679
23.168
23.441
24.022
24.176
24.446
25.226
25.783
26.077
26.973
26.969
27.602
28.015
28.359
28.764
29.165
30.143
30.081
30.902
31.604
32.085
32.522
33.368
33.492
33.991
33.921
34.762
35.448
35.809
36.704
36.765
37.522
37.896
37.975
38.845
38.747
39.028
39.267
40.113
40.782
40.887
41.691
41.809
42.415
43.447
43.234
43.581
44.225
45.183
45.542
45.828
46.681
46.994
46.97
48.093
48.514
48.849
49.697
49.969
49.944
50.899
50.991
51.253
51.711
52.278
52.87
53.509
53.548
53.732
54.718
55.831
54.842
55.83
56.818
56.58
58.426
57.921
58.665
59.547
59.411
60.081
60.113
60.992
61.185
60.828
61.589
62.9
62.364
63.373
63.37
62.866
63.77
64.551
65.35
65.86
65.818
65.596
66.668
67.097
68.249
68.119
68.88
69.143
69.877
70.637
71.24
71.493
72.616
72.613
73.046
73.626
74.59
74.939
75.61
75.795
75.468
77.125
77.006
77.699
77.906
77.715
79.108
79.397
79.562
79.902
80.469
81.519
81.43
82.638
82.937
82.319
82.106
82.878
84.567
84.568
85.093
86.258
86.091
86.304
87.408
88.094
89.56
89.035
88.958
89.925
90.428
90.43
90.612
91.295
91.786
93.005
93.114
92.981
93.591
94.281
95.162
96.06
)
;

boundaryField
{
    bottom
    {
        type            calculated;
        value           nonuniform List<scalar> 
200
(
1.468
2.012
2.627
3.262
3.595
4.094
4.569
5.429
5.898
6.129
6.478
6.889
7.649
7.844
8.215
8.938
9.068
9.506
10.144
10.533
10.602
11.171
11.653
12.412
13.28
13.613
14.124
14.34
14.997
15.759
16.104
16.188
16.555
17.403
17.822
18.295
18.602
19.128
19.788
20.722
20.886
21.16
21.864
22.479
23.345
23.524
23.905
24.366
24.762
25.542
25.871
26.809
26.921
26.784
27.349
27.732
28.532
29
29.321
29.824
30.776
30.731
31.47
31.9
32.514
32.644
33.028
33.519
33.728
34.471
35.153
35.456
36.765
36.828
36.974
38.226
38.272
38.721
38.397
38.599
39.494
39.413
40.282
40.7
42.04
41.948
42.211
42.862
43.534
44.164
44.934
45.549
45.646
45.896
47.376
47.452
47.948
48.192
49.258
49.424
49.168
49.732
50.785
50.49
51.265
51.42
52.746
53.246
53.005
53.078
53.731
54.403
54.239
55.041
55.457
55.77
56.667
57.034
58.433
58.718
58.45
58.662
59.348
59.458
59.85
61.013
60.874
61.076
61.434
62.026
62.945
63.61
64.031
64.04
64.172
64.347
65.303
65.378
65.977
66.565
67.552
67.574
67.132
68.134
68.23
68.754
69.813
70.574
71.146
72.658
72.333
72.177
73.483
73.845
73.91
75.138
75.87
75.061
75.496
76.942
77.102
77.804
77.724
78.666
79.247
79.288
79.274
80.242
81.066
81.643
81.669
82.031
82.451
82.714
83.066
83.391
84.66
85.483
84.508
85.273
86.27
86.882
86.584
87.424
88.605
89.004
89.776
88.612
90.211
91.279
91.393
91.522
91.447
92.915
93.006
93.132
94.614
93.814
95.028
95.442
)
;
    }
    top
    {
        type            calculated;
        value           nonuniform List<scalar> 
200
(
1.477
2.071
2.7
3.177
3.661
4.158
4.531
5.321
5.624
5.805
6.261
6.888
7.218
7.756
8.574
8.803
9.435
9.742
10.267
10.74
11.383
11.971
12.277
12.599
13.138
13.723
13.937
14.574
14.912
15.393
16.202
16.433
16.74
17.315
17.928
18.176
18.725
19.145
20.179
20.328
20.957
20.953
21.631
22.679
23.168
23.441
24.022
24.176
24.446
25.226
25.783
26.077
26.973
26.969
27.602
28.015
28.359
28.764
29.165
30.143
30.081
30.902
31.604
32.085
32.522
33.368
33.492
33.991
33.921
34.762
35.448
35.809
36.704
36.765
37.522
37.896
37.975
38.845
38.747
39.028
39.267
40.113
40.782
40.887
41.691
41.809
42.415
43.447
43.234
43.581
44.225
45.183
45.542
45.828
46.681
46.994
46.97
48.093
48.514
48.849
49.697
49.969
49.944
50.899
50.991
51.253
51.711
52.278
52.87
53.509
53.548
53.732
54.718
55.831
54.842
55.83
56.818
56.58
58.426
57.921
58.665
59.547
59.411
60.081
60.113
60.992
61.185
60.828
61.589
62.9
62.364
63.373
63.37
62.866
63.77
64.551
65.35
65.86
65.818
65.596
66.668
67.097
68.249
68.119
68.88
69.143
69.877
70.637
71.24
71.493
72.616
72.613
73.046
73.626
74.59
74.939
75.61
75.795
75.468
77.125
77.006
77.699
77.906
77.715
79.108
79.397
79.562
79.902
80.469
81.519
81.43
82.638
82.937
82.319
82.106
82.878
84.567
84.568
85.093
86.258
86.091
86.304
87.408
88.094
89.56
89.035
88.958
89.925
90.428
90.43
90.612
91.295
91.786
93.005
93.114
92.981
93.591
94.281
95.162
96.06
)
;
    }
    inlet
    {
        type            calculated;
        value           nonuniform List<scalar> 5(1.468 1.435 1.517 1.525 1.477);
    }
    outlet
    {
        type            calculated;
        value           nonuniform List<scalar> 5(95.442 95.604 95.385 95.289 96.06);
    }
    back
    {
        type            symmetry;
    }
    front
    {
        type            symmetry;
    }
}


// ************************************************************************* //
