/*--------------------------------*- C++ -*----------------------------------*\
| =========                 |                                                 |
| \\      /  F ield         | OpenFOAM: The Open Source CFD Toolbox           |
|  \\    /   O peration     | Version:  v1706                                 |
|   \\  /    A nd           | Web:      www.OpenFOAM.com                      |
|    \\/     M anipulation  |                                                 |
\*---------------------------------------------------------------------------*/
FoamFile
{
    version     2.0;
    format      ascii;
    class       volScalarField;
    location    "0.55";
    object      p_mixture;
}
// * * * * * * * * * * * * * * * * * * * * * * * * * * * * * * * * * * * * * //

dimensions      [1 -1 -2 0 0 0 0];


internalField   nonuniform List<scalar> 
1000
(
0.5283008081
0.5282027029
0.5302881773
0.5216605915
0.5262455986
0.5315372244
0.526859663
0.5305157221
0.5258317278
0.5314154198
0.5288824365
0.5304239126
0.5328251184
0.5276421401
0.5300368336
0.5293774238
0.5293083712
0.5290405204
0.5255405596
0.5269842873
0.5227692602
0.5285195731
0.527968636
0.5256491669
0.5272087896
0.5322586444
0.5265153344
0.5256186047
0.5284336629
0.5266939142
0.5241824089
0.526671186
0.5254769817
0.5257599814
0.5279075721
0.5327784584
0.5261204675
0.5238069943
0.5254213779
0.5299800156
0.5268831202
0.5246432837
0.5266464082
0.5201612829
0.5262924345
0.5346832479
0.5348237677
0.5278808537
0.52568508
0.5313891174
0.5279043003
0.5296139513
0.5253666337
0.5299081321
0.5311576367
0.5255721585
0.5250179129
0.525293182
0.5258268791
0.5303686474
0.5257119201
0.5260357526
0.5264165649
0.5294879711
0.5288149337
0.5291063507
0.5280217794
0.527009244
0.5280613885
0.5268774296
0.5269405264
0.5283412487
0.5280203968
0.5266455022
0.5250671068
0.5306507155
0.5305242085
0.5330188813
0.5317329198
0.5267003598
0.5299139614
0.5293587008
0.5293498389
0.529755433
0.531233731
0.5324401007
0.5292241411
0.5257954757
0.5263000299
0.5267499156
0.5306030733
0.5319332895
0.5303237681
0.5285258764
0.5294161289
0.5263438889
0.5259857261
0.5272369045
0.5279262942
0.5265738969
0.5231975724
0.5305220526
0.5348391583
0.5270376954
0.5265883612
0.5245117051
0.5267173211
0.5267092495
0.5292053633
0.5231837144
0.527327401
0.5283436942
0.5242797795
0.526275814
0.5256738119
0.5299539274
0.5250541368
0.5320044471
0.5325011742
0.5307993507
0.5285915463
0.5268896622
0.5268641532
0.526930905
0.5249460427
0.5279546445
0.5244542919
0.5282781033
0.5294628798
0.526790965
0.528184864
0.5307066413
0.5308488562
0.5214583304
0.5202129916
0.5215252382
0.5260215297
0.5264582934
0.526958614
0.5286773234
0.5310452814
0.5305601852
0.5224697337
0.5200132389
0.5220577738
0.5262256945
0.524884995
0.5288052143
0.5290838166
0.5276620886
0.526110265
0.5261140274
0.5323966041
0.5306121531
0.5298548724
0.5321491249
0.5329411003
0.5246111967
0.5276494736
0.5275632981
0.5278249026
0.5285849989
0.5276791482
0.5289625174
0.5331521621
0.5302723832
0.5253224157
0.5274612834
0.5309436973
0.5323225814
0.5274724835
0.5251412898
0.5269037019
0.5256060116
0.5237569715
0.5278709033
0.5282028477
0.529960989
0.5241046486
0.5229947643
0.5255614137
0.5254110752
0.5281096034
0.5315605469
0.5268661879
0.5284974586
0.5300220296
0.524853661
0.529481851
0.5334631198
0.528698794
0.5252959246
0.5243618094
0.5296995869
0.5279663018
0.5236079791
0.5299239853
0.5275052073
0.529656184
0.527697517
0.525626699
0.5318502121
0.5302136389
0.5291291714
0.5279857114
0.5295784605
0.532330011
0.5293845724
0.5296021065
0.5301082807
0.5302877839
0.5283433646
0.5289461253
0.5305867379
0.5265514398
0.5308619813
0.5274862253
0.53195019
0.5260026185
0.5311908209
0.5283374525
0.5262966324
0.5262744735
0.5265788226
0.526896924
0.528478333
0.5286828825
0.5297017566
0.5287242299
0.5265920688
0.5254987923
0.5283452692
0.5310572788
0.5273676885
0.5327478268
0.5301746446
0.5273760753
0.5255569426
0.5314284113
0.5254088306
0.5298546457
0.5280068092
0.5251670337
0.5247193086
0.5273945488
0.5291458214
0.5260358439
0.524522724
0.52511414
0.52559953
0.5260690894
0.5273975018
0.5286609862
0.5276778772
0.5347414612
0.5271236925
0.5232068379
0.5264597607
0.5295941264
0.5276093882
0.5259410046
0.5287206077
0.5293644834
0.5270641572
0.5266980162
0.5253652716
0.5201362614
0.5230251531
0.5243202501
0.5298394463
0.5239215757
0.5242095087
0.5293781451
0.5309774048
0.5249180298
0.529294185
0.5271584323
0.5316911116
0.526931527
0.5239444511
0.5276186557
0.5335721056
0.5297683249
0.5240329421
0.5314957067
0.5265217802
0.5310553351
0.5283269345
0.5259369471
0.5276044424
0.5293965306
0.5316689814
0.528967684
0.5282305322
0.528934292
0.5268834333
0.5271827582
0.5256764977
0.5238387776
0.5244263599
0.5284959499
0.5315198415
0.5307697329
0.5301754611
0.5261815191
0.5274103032
0.5257325576
0.5259391915
0.5210557905
0.5259050076
0.5271709594
0.5228109717
0.5290569695
0.5244917614
0.5269737513
0.5312542926
0.5285183965
0.5322870346
0.5266515881
0.5257952452
0.5235066435
0.5283110815
0.5318887652
0.5288033194
0.527135346
0.5263262121
0.5274801243
0.5233880835
0.5253462608
0.5281697253
0.526433032
0.5309932013
0.5265859084
0.5270187072
0.5213320529
0.5249307102
0.5246131576
0.5241721299
0.5234737916
0.5285407528
0.5232003229
0.5243257718
0.5233972459
0.5234045807
0.525357688
0.5272386018
0.5264496086
0.5272040654
0.5253391648
0.528914307
0.5289165584
0.5267420419
0.5290739482
0.5276339479
0.5255476745
0.5296557185
0.528170982
0.5299294207
0.5257414805
0.52477133
0.5240323794
0.5299196463
0.5328204418
0.5300318554
0.5306670435
0.5326271727
0.5276528792
0.529836383
0.5312305621
0.5286879037
0.5289225489
0.529179737
0.5249802201
0.5211020083
0.525744296
0.5252333154
0.5253671186
0.5295179256
0.5244752691
0.5229062207
0.5248572098
0.5262591922
0.529511865
0.5288375715
0.5324470994
0.532230062
0.5268894246
0.5256853324
0.5319336023
0.525119483
0.5288001305
0.5289123303
0.5281735591
0.5295811164
0.5329687218
0.5304669993
0.5302406847
0.5285161249
0.5255668646
0.5281379274
0.5307531201
0.5263920313
0.5304355809
0.5236846558
0.5313627348
0.5254387491
0.5258208003
0.527706327
0.5265774371
0.5271603137
0.5253135406
0.5224640847
0.5294206004
0.5274593237
0.5282741103
0.534977629
0.5327815649
0.525863942
0.5277978117
0.5287911968
0.5257230803
0.5265110341
0.5289185617
0.5305987007
0.5285170008
0.5251529588
0.5273705517
0.5306787619
0.5282345348
0.5277157821
0.5262928457
0.5293376356
0.52699856
0.5267735724
0.5263807583
0.5265570078
0.5348654591
0.5327301832
0.5263819871
0.5285273377
0.529876166
0.5267961666
0.5250779686
0.5267785741
0.5253963676
0.5303093065
0.5275375814
0.5284052564
0.5253441217
0.528566959
0.5273519378
0.5342160742
0.5304190537
0.5339569262
0.5262589731
0.5220353355
0.5239710956
0.5312875665
0.5283022639
0.530127855
0.5285353496
0.53200909
0.5286790161
0.5227009835
0.5270289921
0.5266236422
0.527533035
0.5243092271
0.5224598695
0.5247012785
0.5267161839
0.5257296321
0.5229353771
0.5288602452
0.5297143279
0.5290077965
0.5297292921
0.5295050687
0.5276631759
0.5277169249
0.5275728288
0.5301780312
0.5290298876
0.5285849892
0.5276015181
0.5274239814
0.5229873099
0.5277846107
0.5274171797
0.5285174546
0.5292578978
0.5297401055
0.5298491182
0.5269894329
0.5283281573
0.5272678171
0.5315093016
0.5266888032
0.5298674141
0.5239480947
0.5248532584
0.5280991491
0.5243386882
0.5251251585
0.5248870553
0.5292022651
0.5252796068
0.5285653482
0.5274057447
0.5283821414
0.5242930328
0.5270942218
0.5283943201
0.5274947337
0.5257189427
0.5267839055
0.5275295506
0.530128265
0.5300002529
0.5266704777
0.5279633105
0.525515209
0.5293891558
0.5249937583
0.5262719898
0.5262632079
0.5261791475
0.5264225724
0.5235510498
0.5244350139
0.5287472157
0.5276532278
0.5266040904
0.5279381885
0.5215839487
0.5268181249
0.5246600124
0.5261694887
0.5274689615
0.5284058664
0.5286568709
0.5257748756
0.5232258177
0.5265154116
0.527110577
0.5289965711
0.5287599823
0.5268906111
0.527352022
0.5262454416
0.5291381334
0.5348001579
0.5314115249
0.5264540469
0.5299889855
0.5265815902
0.5251850961
0.5279583909
0.5264376479
0.5276888865
0.5305391223
0.5296190652
0.5253345808
0.5281500423
0.5238946395
0.52594529
0.5273027757
0.5266915183
0.5233216867
0.5270146298
0.5244139144
0.5262228548
0.5258555791
0.5288296185
0.5287243741
0.5274892178
0.5263054674
0.5253604638
0.5274479282
0.5281975383
0.5284211894
0.5283672304
0.5276796956
0.531581812
0.5290599402
0.5299438714
0.5268955654
0.5240960465
0.5263930446
0.5271022353
0.5249652007
0.5303776536
0.5280002746
0.5271115145
0.5260628233
0.5296449667
0.5294778016
0.5315206416
0.528376131
0.5283710403
0.528037358
0.5278677776
0.5292760945
0.5293864512
0.5234619321
0.5254503808
0.5266851706
0.5242591369
0.5231241535
0.5247332764
0.5265935595
0.5238767363
0.5276744652
0.5257009403
0.5292724148
0.5324842716
0.5319546726
0.5261239929
0.528365964
0.5269485567
0.5290003033
0.5275141161
0.527858009
0.5303023146
0.5284975141
0.5264067709
0.5297756877
0.5326638822
0.5276656735
0.5270493239
0.5262577102
0.5268752927
0.5287065381
0.5257930788
0.5303865659
0.5246661178
0.5242795549
0.528925008
0.5296060677
0.5289597326
0.5300240369
0.5283733959
0.5243400609
0.5294557436
0.5246548775
0.5240341117
0.5266792909
0.5227599905
0.5271324716
0.52674378
0.5283724539
0.5292247359
0.5309094751
0.5294449903
0.5288747254
0.5201122624
0.5286142453
0.5304518358
0.5300287623
0.5293123006
0.5269118772
0.5264245234
0.5268383558
0.5255411974
0.526699841
0.5305481943
0.5230724876
0.525001975
0.5234052834
0.5234450736
0.5288460147
0.5281897424
0.5242519037
0.5262212122
0.5278043665
0.5310409732
0.5307534472
0.5273111305
0.5308350702
0.5263570393
0.5245988836
0.5260635276
0.5257915807
0.5283251613
0.5282573078
0.5277465731
0.5309159088
0.5236306034
0.5276983345
0.5269206934
0.5297079212
0.5295197529
0.5319718845
0.5282151277
0.5294667545
0.5255594646
0.5269167868
0.5270031217
0.5276813803
0.5238601883
0.5230153
0.5271248692
0.5241882784
0.5250146156
0.52485811
0.5246552543
0.5259994058
0.5261548544
0.5290180409
0.5265884451
0.5278603084
0.5246249335
0.5320573697
0.5252511553
0.5330491076
0.5271334013
0.5270206377
0.5304234338
0.5274561021
0.5275332221
0.5281653987
0.5263879416
0.5257673741
0.5217703227
0.5275763317
0.5315420143
0.5266319265
0.5257240515
0.528644173
0.5278387858
0.524536333
0.5216766418
0.5244836856
0.527168873
0.5266149106
0.522953427
0.5278658904
0.5278973348
0.524977776
0.5197599946
0.5272019865
0.5289109911
0.530266275
0.5270531746
0.5321125724
0.5284665801
0.5299426796
0.5292003684
0.526131337
0.5271628701
0.5303508202
0.5270033475
0.524767773
0.5287333661
0.5288295963
0.5254726037
0.5259546518
0.5267721878
0.5292355966
0.5280146738
0.5323822873
0.5268697818
0.5280270335
0.5269156616
0.5285983933
0.5299991987
0.52230766
0.5283690698
0.5298552333
0.5252549444
0.5243237686
0.529416993
0.5294604434
0.52908809
0.52529697
0.5302663261
0.528024363
0.5303081346
0.5285938798
0.5285975663
0.525608183
0.5309847875
0.532143
0.5300091736
0.5298753937
0.5293171163
0.5221252315
0.5257092999
0.5277220741
0.5302658362
0.5258878338
0.5317832954
0.5325898256
0.5245549583
0.5230410389
0.5252403799
0.525901214
0.5281581784
0.5266055424
0.5308917163
0.5286393149
0.5272606694
0.5295988015
0.5246559346
0.5275060892
0.5271467309
0.5252092337
0.5265325733
0.5266268371
0.5279242266
0.5248654916
0.525709724
0.5254702201
0.5312621377
0.5312435156
0.5343129063
0.5355386621
0.5295639777
0.5252005091
0.5289056891
0.5312408295
0.5292262863
0.5264867338
0.5273598075
0.5268779923
0.5306626631
0.5310799448
0.530561882
0.5248539891
0.5232744091
0.5322183975
0.527908086
0.5353476423
0.5260553658
0.5294950647
0.5266981454
0.5244019342
0.5304941468
0.529472581
0.5262876697
0.5276539394
0.5279082203
0.5266366986
0.5298605598
0.5299912751
0.5238818343
0.5267055721
0.5274917163
0.5248081181
0.5299876404
0.5316538466
0.5238747392
0.5345076001
0.5266755457
0.5301154481
0.5320844503
0.5264804114
0.5281819593
0.527624219
0.5322026407
0.5245945342
0.5306072355
0.5277551839
0.5222730286
0.524086121
0.5278563567
0.525672411
0.5258798439
0.5265204148
0.5258894151
0.5260100766
0.5297619023
0.5332851388
0.528908367
0.5277396929
0.5276208814
0.5269466525
0.5255133641
0.528008799
0.5246863692
0.5263934932
0.5318936574
0.5276687628
0.5305711253
0.526881169
0.5236319506
0.526957888
0.5306796777
0.5246236028
0.5260765692
0.5294043775
0.5270851327
0.527179172
0.5288268562
0.5249712812
0.5273745428
0.5265895554
0.5300084635
0.5276788571
0.522162947
0.5286399798
0.5301416214
0.5274426692
0.5256011384
0.524293594
0.5243426639
0.5250709678
0.5252757225
0.5249576784
0.5272056324
0.5278189351
0.5273389303
0.5259127818
0.5325651083
0.5287453525
0.5349650794
0.5305427642
0.5257322101
0.5291485878
0.5268015846
0.5305314739
0.529441586
0.5257863618
0.5260199471
0.5268374402
0.5298375764
0.5308069577
0.5304499578
0.5236488188
0.5268100273
0.5250569052
0.5255627562
0.5248594432
0.5205044081
0.5267347858
0.5238899443
0.5256517001
0.5248900364
0.5232247289
0.523830848
0.5280690407
0.5291831777
0.5293706694
0.5248819215
0.5276840503
0.5266019543
0.5240983263
0.5270218586
0.5290538128
0.5243653864
0.5283599437
0.5257266067
0.5236402056
0.5256185708
0.5269850549
0.5292097354
0.5269395164
0.5246162822
0.5233610577
0.5316727475
0.5306970558
0.5313857421
0.5314130356
0.5261195686
0.5304584218
0.530093856
0.5245869838
0.5239088625
0.5255355032
0.5261613755
0.525936853
0.5276795291
0.5277866098
0.5251791829
0.5244622612
0.5231258712
0.5290447503
0.5276476017
0.5248040121
0.5314630942
0.5271426182
0.5286304095
0.5292431687
0.5307947451
0.5342971388
0.5300125972
0.527594811
0.5264966488
0.5290422016
0.5276807639
0.5253473802
0.5286670928
0.532488849
0.5310902121
0.5251593789
0.5236934436
0.5267383907
0.5280788475
0.5243200622
0.5280519706
)
;

boundaryField
{
    bottom
    {
        type            calculated;
        value           nonuniform List<scalar> 
200
(
0.5283008081
0.5282027029
0.5302881773
0.5216605915
0.5262455986
0.5315372244
0.526859663
0.5305157221
0.5258317278
0.5314154198
0.5288824365
0.5304239126
0.5328251184
0.5276421401
0.5300368336
0.5293774238
0.5293083712
0.5290405204
0.5255405596
0.5269842873
0.5227692602
0.5285195731
0.527968636
0.5256491669
0.5272087896
0.5322586444
0.5265153344
0.5256186047
0.5284336629
0.5266939142
0.5241824089
0.526671186
0.5254769817
0.5257599814
0.5279075721
0.5327784584
0.5261204675
0.5238069943
0.5254213779
0.5299800156
0.5268831202
0.5246432837
0.5266464082
0.5201612829
0.5262924345
0.5346832479
0.5348237677
0.5278808537
0.52568508
0.5313891174
0.5279043003
0.5296139513
0.5253666337
0.5299081321
0.5311576367
0.5255721585
0.5250179129
0.525293182
0.5258268791
0.5303686474
0.5257119201
0.5260357526
0.5264165649
0.5294879711
0.5288149337
0.5291063507
0.5280217794
0.527009244
0.5280613885
0.5268774296
0.5269405264
0.5283412487
0.5280203968
0.5266455022
0.5250671068
0.5306507155
0.5305242085
0.5330188813
0.5317329198
0.5267003598
0.5299139614
0.5293587008
0.5293498389
0.529755433
0.531233731
0.5324401007
0.5292241411
0.5257954757
0.5263000299
0.5267499156
0.5306030733
0.5319332895
0.5303237681
0.5285258764
0.5294161289
0.5263438889
0.5259857261
0.5272369045
0.5279262942
0.5265738969
0.5231975724
0.5305220526
0.5348391583
0.5270376954
0.5265883612
0.5245117051
0.5267173211
0.5267092495
0.5292053633
0.5231837144
0.527327401
0.5283436942
0.5242797795
0.526275814
0.5256738119
0.5299539274
0.5250541368
0.5320044471
0.5325011742
0.5307993507
0.5285915463
0.5268896622
0.5268641532
0.526930905
0.5249460427
0.5279546445
0.5244542919
0.5282781033
0.5294628798
0.526790965
0.528184864
0.5307066413
0.5308488562
0.5214583304
0.5202129916
0.5215252382
0.5260215297
0.5264582934
0.526958614
0.5286773234
0.5310452814
0.5305601852
0.5224697337
0.5200132389
0.5220577738
0.5262256945
0.524884995
0.5288052143
0.5290838166
0.5276620886
0.526110265
0.5261140274
0.5323966041
0.5306121531
0.5298548724
0.5321491249
0.5329411003
0.5246111967
0.5276494736
0.5275632981
0.5278249026
0.5285849989
0.5276791482
0.5289625174
0.5331521621
0.5302723832
0.5253224157
0.5274612834
0.5309436973
0.5323225814
0.5274724835
0.5251412898
0.5269037019
0.5256060116
0.5237569715
0.5278709033
0.5282028477
0.529960989
0.5241046486
0.5229947643
0.5255614137
0.5254110752
0.5281096034
0.5315605469
0.5268661879
0.5284974586
0.5300220296
0.524853661
0.529481851
0.5334631198
0.528698794
0.5252959246
0.5243618094
0.5296995869
0.5279663018
0.5236079791
0.5299239853
0.5275052073
0.529656184
0.527697517
)
;
    }
    top
    {
        type            calculated;
        value           nonuniform List<scalar> 
200
(
0.5286393149
0.5272606694
0.5295988015
0.5246559346
0.5275060892
0.5271467309
0.5252092337
0.5265325733
0.5266268371
0.5279242266
0.5248654916
0.525709724
0.5254702201
0.5312621377
0.5312435156
0.5343129063
0.5355386621
0.5295639777
0.5252005091
0.5289056891
0.5312408295
0.5292262863
0.5264867338
0.5273598075
0.5268779923
0.5306626631
0.5310799448
0.530561882
0.5248539891
0.5232744091
0.5322183975
0.527908086
0.5353476423
0.5260553658
0.5294950647
0.5266981454
0.5244019342
0.5304941468
0.529472581
0.5262876697
0.5276539394
0.5279082203
0.5266366986
0.5298605598
0.5299912751
0.5238818343
0.5267055721
0.5274917163
0.5248081181
0.5299876404
0.5316538466
0.5238747392
0.5345076001
0.5266755457
0.5301154481
0.5320844503
0.5264804114
0.5281819593
0.527624219
0.5322026407
0.5245945342
0.5306072355
0.5277551839
0.5222730286
0.524086121
0.5278563567
0.525672411
0.5258798439
0.5265204148
0.5258894151
0.5260100766
0.5297619023
0.5332851388
0.528908367
0.5277396929
0.5276208814
0.5269466525
0.5255133641
0.528008799
0.5246863692
0.5263934932
0.5318936574
0.5276687628
0.5305711253
0.526881169
0.5236319506
0.526957888
0.5306796777
0.5246236028
0.5260765692
0.5294043775
0.5270851327
0.527179172
0.5288268562
0.5249712812
0.5273745428
0.5265895554
0.5300084635
0.5276788571
0.522162947
0.5286399798
0.5301416214
0.5274426692
0.5256011384
0.524293594
0.5243426639
0.5250709678
0.5252757225
0.5249576784
0.5272056324
0.5278189351
0.5273389303
0.5259127818
0.5325651083
0.5287453525
0.5349650794
0.5305427642
0.5257322101
0.5291485878
0.5268015846
0.5305314739
0.529441586
0.5257863618
0.5260199471
0.5268374402
0.5298375764
0.5308069577
0.5304499578
0.5236488188
0.5268100273
0.5250569052
0.5255627562
0.5248594432
0.5205044081
0.5267347858
0.5238899443
0.5256517001
0.5248900364
0.5232247289
0.523830848
0.5280690407
0.5291831777
0.5293706694
0.5248819215
0.5276840503
0.5266019543
0.5240983263
0.5270218586
0.5290538128
0.5243653864
0.5283599437
0.5257266067
0.5236402056
0.5256185708
0.5269850549
0.5292097354
0.5269395164
0.5246162822
0.5233610577
0.5316727475
0.5306970558
0.5313857421
0.5314130356
0.5261195686
0.5304584218
0.530093856
0.5245869838
0.5239088625
0.5255355032
0.5261613755
0.525936853
0.5276795291
0.5277866098
0.5251791829
0.5244622612
0.5231258712
0.5290447503
0.5276476017
0.5248040121
0.5314630942
0.5271426182
0.5286304095
0.5292431687
0.5307947451
0.5342971388
0.5300125972
0.527594811
0.5264966488
0.5290422016
0.5276807639
0.5253473802
0.5286670928
0.532488849
0.5310902121
0.5251593789
0.5236934436
0.5267383907
0.5280788475
0.5243200622
0.5280519706
)
;
    }
    inlet
    {
        type            calculated;
        value           nonuniform List<scalar> 5(0.5283008081 0.525626699 0.5307531201 0.528037358 0.5286393149);
    }
    outlet
    {
        type            calculated;
        value           nonuniform List<scalar> 5(0.527697517 0.5281379274 0.5283710403 0.5308917163 0.5280519706);
    }
    back
    {
        type            symmetry;
    }
    front
    {
        type            symmetry;
    }
}


// ************************************************************************* //
