/*--------------------------------*- C++ -*----------------------------------*\
| =========                 |                                                 |
| \\      /  F ield         | OpenFOAM: The Open Source CFD Toolbox           |
|  \\    /   O peration     | Version:  v1706                                 |
|   \\  /    A nd           | Web:      www.OpenFOAM.com                      |
|    \\/     M anipulation  |                                                 |
\*---------------------------------------------------------------------------*/
FoamFile
{
    version     2.0;
    format      ascii;
    class       volScalarField;
    location    "0.55";
    object      rhoM_mixture;
}
// * * * * * * * * * * * * * * * * * * * * * * * * * * * * * * * * * * * * * //

dimensions      [1 -3 0 0 0 0 0];


internalField   nonuniform List<scalar> 
1000
(
9.309761136e-06
9.303650928e-06
9.283601808e-06
9.182306016e-06
9.302696208e-06
9.310620384e-06
9.304892064e-06
9.334201968e-06
9.376496064e-06
9.44074872e-06
9.36866736e-06
9.349477488e-06
9.36293904e-06
9.275295744e-06
9.280737648e-06
9.320167584e-06
9.402941808e-06
9.41449392e-06
9.333056304e-06
9.316253232e-06
9.295249392e-06
9.286656912e-06
9.296681472e-06
9.3300012e-06
9.344512944e-06
9.385947792e-06
9.307278864e-06
9.248754528e-06
9.254005488e-06
9.27224064e-06
9.253528128e-06
9.296967888e-06
9.192235104e-06
9.213429888e-06
9.22880088e-06
9.390339504e-06
9.27367272e-06
9.24550848e-06
9.350432208e-06
9.370672272e-06
9.31138416e-06
9.268326288e-06
9.310811328e-06
9.254769264e-06
9.380505888e-06
9.462420864e-06
9.478078272e-06
9.373345488e-06
9.342030672e-06
9.416498832e-06
9.360456768e-06
9.386425152e-06
9.330669504e-06
9.330192144e-06
9.368476416e-06
9.294294672e-06
9.318926448e-06
9.246749616e-06
9.249422832e-06
9.269567424e-06
9.331146864e-06
9.250473024e-06
9.25696512e-06
9.350623152e-06
9.336111408e-06
9.344894832e-06
9.303078096e-06
9.366566976e-06
9.393108192e-06
9.352150704e-06
9.276727824e-06
9.302027904e-06
9.3467088e-06
9.318640032e-06
9.324654768e-06
9.43454304e-06
9.427287168e-06
9.424423008e-06
9.38537496e-06
9.221354064e-06
9.35768808e-06
9.308806416e-06
9.34718616e-06
9.3180672e-06
9.328951008e-06
9.349382016e-06
9.299832048e-06
9.28369728e-06
9.311670576e-06
9.33334272e-06
9.383656464e-06
9.344703888e-06
9.315393984e-06
9.308806416e-06
9.369813024e-06
9.304796592e-06
9.293339952e-06
9.332483472e-06
9.424232064e-06
9.369908496e-06
9.298877328e-06
9.31520304e-06
9.428719248e-06
9.293530896e-06
9.283792752e-06
9.233001648e-06
9.29801808e-06
9.31233888e-06
9.29945016e-06
9.234433728e-06
9.260211168e-06
9.335443104e-06
9.246654144e-06
9.251618688e-06
9.242548848e-06
9.27892368e-06
9.30565584e-06
9.348713712e-06
9.397404432e-06
9.355587696e-06
9.279019152e-06
9.257537952e-06
9.221067648e-06
9.263743632e-06
9.231760512e-06
9.234624672e-06
9.191471328e-06
9.193762656e-06
9.209515536e-06
9.189370944e-06
9.180014688e-06
9.25505568e-06
9.261929664e-06
9.172854288e-06
9.145549296e-06
9.154523664e-06
9.186984144e-06
9.11423448e-06
9.169321824e-06
9.190039248e-06
9.220303872e-06
9.236343168e-06
9.111561264e-06
9.129128112e-06
9.106310304e-06
9.124545456e-06
9.167507856e-06
9.198822672e-06
9.256678704e-06
9.303459984e-06
9.235292976e-06
9.13094208e-06
9.24694056e-06
9.188607168e-06
9.250377552e-06
9.291048624e-06
9.337066128e-06
9.186220368e-06
9.252477936e-06
9.316062288e-06
9.272622528e-06
9.292003344e-06
9.25553304e-06
9.301932432e-06
9.343749168e-06
9.266321376e-06
9.219062736e-06
9.285511248e-06
9.340216704e-06
9.307469808e-06
9.298590912e-06
9.257633424e-06
9.28799352e-06
9.240925824e-06
9.22832352e-06
9.232428816e-06
9.309379248e-06
9.292385232e-06
9.150322896e-06
9.17867808e-06
9.238634496e-06
9.22880088e-06
9.175909392e-06
9.21400272e-06
9.310333968e-06
9.281501424e-06
9.31711248e-06
9.153282528e-06
9.249518304e-06
9.327232512e-06
9.297349776e-06
9.249518304e-06
9.184979232e-06
9.288852768e-06
9.254387376e-06
9.22927824e-06
9.331815168e-06
9.206937792e-06
9.273386304e-06
9.255819456e-06
9.217535184e-06
9.333629136e-06
9.33191064e-06
9.343462752e-06
9.336397824e-06
9.31615776e-06
9.331719696e-06
9.357879024e-06
9.412870896e-06
9.366471504e-06
9.323222688e-06
9.31615776e-06
9.325895904e-06
9.310238496e-06
9.284747472e-06
9.344512944e-06
9.284461056e-06
9.402464448e-06
9.33859368e-06
9.344894832e-06
9.25410096e-06
9.328187232e-06
9.289712016e-06
9.279019152e-06
9.297827136e-06
9.330764976e-06
9.3729636e-06
9.322458912e-06
9.300691296e-06
9.277682544e-06
9.258015312e-06
9.252764352e-06
9.34336728e-06
9.295440336e-06
9.324654768e-06
9.332483472e-06
9.271667808e-06
9.345849552e-06
9.417071664e-06
9.353678256e-06
9.343558224e-06
9.299068272e-06
9.282360672e-06
9.261165888e-06
9.293339952e-06
9.280928592e-06
9.336302352e-06
9.326373264e-06
9.297445248e-06
9.361697904e-06
9.30422376e-06
9.3347748e-06
9.302123376e-06
9.237584304e-06
9.34241256e-06
9.31377096e-06
9.290475792e-06
9.265175712e-06
9.322649856e-06
9.25266888e-06
9.334392912e-06
9.328282704e-06
9.343462752e-06
9.343462752e-06
9.35291448e-06
9.324559296e-06
9.24121224e-06
9.334106496e-06
9.360361296e-06
9.392917248e-06
9.32140872e-06
9.303173568e-06
9.356637888e-06
9.328378176e-06
9.344990304e-06
9.357879024e-06
9.343080864e-06
9.338784624e-06
9.331719696e-06
9.248086224e-06
9.357401664e-06
9.43931664e-06
9.319212864e-06
9.279019152e-06
9.357783552e-06
9.309570192e-06
9.367330752e-06
9.323700048e-06
9.32475024e-06
9.34718616e-06
9.357497136e-06
9.338880096e-06
9.351673344e-06
9.33907104e-06
9.327232512e-06
9.308710944e-06
9.321790608e-06
9.31902192e-06
9.299354688e-06
9.318830976e-06
9.295344864e-06
9.321217776e-06
9.334011024e-06
9.346899744e-06
9.24837264e-06
9.304987536e-06
9.242453376e-06
9.231283152e-06
9.252286992e-06
9.289616544e-06
9.262597968e-06
9.230519376e-06
9.3180672e-06
9.270140256e-06
9.280546704e-06
9.300977712e-06
9.276632352e-06
9.263457216e-06
9.28274256e-06
9.260784e-06
9.25457832e-06
9.245603952e-06
9.264030048e-06
9.229564656e-06
9.227464272e-06
9.21877632e-06
9.171422208e-06
9.164261808e-06
9.175145616e-06
9.201018528e-06
9.201018528e-06
9.27080856e-06
9.182687904e-06
9.239207328e-06
9.161206704e-06
9.208465344e-06
9.207892512e-06
9.190993968e-06
9.132946992e-06
9.235102032e-06
9.162256896e-06
9.130655664e-06
9.140202864e-06
9.185552064e-06
9.191184912e-06
9.1724724e-06
9.150609312e-06
9.150227424e-06
9.15242328e-06
9.224409168e-06
9.255246624e-06
9.179441856e-06
9.147840624e-06
9.141157584e-06
9.157578768e-06
9.289330128e-06
9.255151152e-06
9.274436496e-06
9.201782304e-06
9.21973104e-06
9.215148384e-06
9.29754072e-06
9.312529824e-06
9.292194288e-06
9.291430512e-06
9.28560672e-06
9.197104176e-06
9.275391216e-06
9.310047552e-06
9.311956992e-06
9.292862592e-06
9.289234656e-06
9.20541024e-06
9.15528744e-06
9.212952528e-06
9.198822672e-06
9.2225952e-06
9.308710944e-06
9.171613152e-06
9.147745152e-06
9.200254752e-06
9.216580464e-06
9.23357448e-06
9.228896352e-06
9.388334592e-06
9.312529824e-06
9.2464632e-06
9.192903408e-06
9.3132936e-06
9.154141776e-06
9.245699424e-06
9.326373264e-06
9.24550848e-06
9.255151152e-06
9.291430512e-06
9.258970032e-06
9.291525984e-06
9.30995208e-06
9.259065504e-06
9.2655576e-06
9.314630208e-06
9.290762208e-06
9.297827136e-06
9.233860896e-06
9.335443104e-06
9.257728896e-06
9.299832048e-06
9.328664592e-06
9.341648784e-06
9.315966816e-06
9.261643248e-06
9.230614848e-06
9.26651232e-06
9.310620384e-06
9.305083008e-06
9.388048176e-06
9.438743808e-06
9.363034512e-06
9.36055224e-06
9.363511872e-06
9.373345488e-06
9.354728448e-06
9.35816544e-06
9.389480256e-06
9.334679328e-06
9.252382464e-06
9.361697904e-06
9.298113552e-06
9.331051392e-06
9.288566352e-06
9.302982624e-06
9.299545632e-06
9.280642176e-06
9.28608408e-06
9.232715232e-06
9.275295744e-06
9.362366208e-06
9.38632968e-06
9.321026832e-06
9.343749168e-06
9.322077024e-06
9.26889912e-06
9.21495744e-06
9.272145168e-06
9.285415776e-06
9.350145792e-06
9.3586428e-06
9.36866736e-06
9.364562064e-06
9.348522768e-06
9.300309408e-06
9.473113728e-06
9.336493296e-06
9.401891616e-06
9.290093904e-06
9.233860896e-06
9.266798736e-06
9.379455696e-06
9.311670576e-06
9.297254304e-06
9.409815792e-06
9.388907424e-06
9.322172496e-06
9.300977712e-06
9.29754072e-06
9.31854456e-06
9.309570192e-06
9.309665664e-06
9.316062288e-06
9.337543488e-06
9.332769888e-06
9.296586e-06
9.327041568e-06
9.350718624e-06
9.352819008e-06
9.358260912e-06
9.369526608e-06
9.356065056e-06
9.416116944e-06
9.314534736e-06
9.322554384e-06
9.378882864e-06
9.367999056e-06
9.328951008e-06
9.304510176e-06
9.314439264e-06
9.215530272e-06
9.273863664e-06
9.331624224e-06
9.311193216e-06
9.31472568e-06
9.316444176e-06
9.302887152e-06
9.28035576e-06
9.296204112e-06
9.251618688e-06
9.338020848e-06
9.305751312e-06
9.307756224e-06
9.272813472e-06
9.286656912e-06
9.244840176e-06
9.240543936e-06
9.261929664e-06
9.246367728e-06
9.322745328e-06
9.261834192e-06
9.297158832e-06
9.3156804e-06
9.319785696e-06
9.28369728e-06
9.278637264e-06
9.333533664e-06
9.317303424e-06
9.264220992e-06
9.261165888e-06
9.252096048e-06
9.249231888e-06
9.304319232e-06
9.286656912e-06
9.281596896e-06
9.267085152e-06
9.241307712e-06
9.187175088e-06
9.252573408e-06
9.223358976e-06
9.206937792e-06
9.180492048e-06
9.148699872e-06
9.175909392e-06
9.254005488e-06
9.224313696e-06
9.177246e-06
9.236152224e-06
9.173236176e-06
9.218394432e-06
9.194240016e-06
9.18297432e-06
9.205219296e-06
9.240543936e-06
9.176386752e-06
9.13332888e-06
9.15146856e-06
9.232333344e-06
9.228991824e-06
9.242930736e-06
9.214575552e-06
9.198631728e-06
9.215816688e-06
9.192903408e-06
9.220781232e-06
9.253337184e-06
9.207892512e-06
9.189752832e-06
9.26126136e-06
9.220781232e-06
9.238920912e-06
9.252955296e-06
9.188416224e-06
9.27176328e-06
9.337925376e-06
9.263934576e-06
9.19013472e-06
9.300691296e-06
9.217726128e-06
9.28656144e-06
9.220494816e-06
9.245794896e-06
9.205505712e-06
9.231378624e-06
9.189275472e-06
9.25028208e-06
9.267848928e-06
9.303650928e-06
9.305751312e-06
9.27796896e-06
9.24025752e-06
9.252955296e-06
9.20922912e-06
9.248086224e-06
9.218203488e-06
9.223645392e-06
9.260784e-06
9.318449088e-06
9.311002272e-06
9.301455072e-06
9.267657984e-06
9.23978016e-06
9.234242784e-06
9.189848304e-06
9.203691744e-06
9.282456144e-06
9.198631728e-06
9.218489904e-06
9.228132576e-06
9.281024064e-06
9.263743632e-06
9.279782928e-06
9.232237872e-06
9.227082384e-06
9.253050768e-06
9.291048624e-06
9.26221608e-06
9.273099888e-06
9.204550992e-06
9.286179552e-06
9.349859376e-06
9.299354688e-06
9.268135344e-06
9.254196432e-06
9.291525984e-06
9.217535184e-06
9.343462752e-06
9.302600736e-06
9.300309408e-06
9.34241256e-06
9.387188928e-06
9.322458912e-06
9.346422384e-06
9.35816544e-06
9.400077648e-06
9.350909568e-06
9.371913408e-06
9.407047104e-06
9.316921536e-06
9.314057376e-06
9.357401664e-06
9.339643872e-06
9.259924752e-06
9.23500656e-06
9.265748544e-06
9.282456144e-06
9.319690224e-06
9.211234032e-06
9.33620688e-06
9.285511248e-06
9.249136416e-06
9.307947168e-06
9.348331824e-06
9.309570192e-06
9.310620384e-06
9.295917696e-06
9.268708176e-06
9.343940112e-06
9.292194288e-06
9.324845712e-06
9.383847408e-06
9.272049696e-06
9.326850624e-06
9.34527672e-06
9.304796592e-06
9.288757296e-06
9.342794448e-06
9.366185088e-06
9.309856608e-06
9.238061664e-06
9.38585232e-06
9.35052768e-06
9.344894832e-06
9.385661376e-06
9.38298816e-06
9.339930288e-06
9.30183696e-06
9.350432208e-06
9.291239568e-06
9.370385856e-06
9.265653072e-06
9.351768816e-06
9.343080864e-06
9.3013596e-06
9.346517856e-06
9.354537504e-06
9.292671648e-06
9.278064432e-06
9.331146864e-06
9.332006112e-06
9.437598144e-06
9.343462752e-06
9.36771264e-06
9.272336112e-06
9.238729968e-06
9.312434352e-06
9.299068272e-06
9.311766048e-06
9.293149008e-06
9.282169728e-06
9.361793376e-06
9.261929664e-06
9.35434656e-06
9.30995208e-06
9.338498208e-06
9.36198432e-06
9.437789088e-06
9.375732288e-06
9.312147936e-06
9.251141328e-06
9.301073184e-06
9.327327984e-06
9.328855536e-06
9.282551616e-06
9.299641104e-06
9.307660752e-06
9.260020224e-06
9.259924752e-06
9.215243856e-06
9.280546704e-06
9.319403808e-06
9.282647088e-06
9.257060592e-06
9.297922608e-06
9.251905104e-06
9.258301728e-06
9.29945016e-06
9.230996736e-06
9.32570496e-06
9.259160976e-06
9.221926896e-06
9.273863664e-06
9.260593056e-06
9.2774916e-06
9.31854456e-06
9.288088992e-06
9.271381392e-06
9.130655664e-06
9.26746704e-06
9.323222688e-06
9.189752832e-06
9.194144544e-06
9.2225952e-06
9.231474096e-06
9.172758816e-06
9.134474544e-06
9.197390592e-06
9.17294976e-06
9.201973248e-06
9.192330576e-06
9.242071488e-06
9.225554832e-06
9.19729512e-06
9.091703088e-06
9.152614224e-06
9.206460432e-06
9.262979856e-06
9.191184912e-06
9.30565584e-06
9.278828208e-06
9.21448008e-06
9.218967264e-06
9.231092208e-06
9.19729512e-06
9.235865808e-06
9.209611008e-06
9.193571712e-06
9.234433728e-06
9.29324448e-06
9.192903408e-06
9.318735504e-06
9.254291904e-06
9.266703264e-06
9.269090064e-06
9.362748096e-06
9.284652e-06
9.236152224e-06
9.224218224e-06
9.325132128e-06
9.31042944e-06
9.175432032e-06
9.295249392e-06
9.273004416e-06
9.23166504e-06
9.184501872e-06
9.312243408e-06
9.29992752e-06
9.300786768e-06
9.25935192e-06
9.29515392e-06
9.294581088e-06
9.273386304e-06
9.224600112e-06
9.265366656e-06
9.218585376e-06
9.294008256e-06
9.282647088e-06
9.28894824e-06
9.319690224e-06
9.274722912e-06
9.141348528e-06
9.236247696e-06
9.22402728e-06
9.308615472e-06
9.231283152e-06
9.27605952e-06
9.266130432e-06
9.230805792e-06
9.19777248e-06
9.236343168e-06
9.247608864e-06
9.24741792e-06
9.247131504e-06
9.220399344e-06
9.348809184e-06
9.249040944e-06
9.313675488e-06
9.230614848e-06
9.258015312e-06
9.31472568e-06
9.340216704e-06
9.327518928e-06
9.356542416e-06
9.292862592e-06
9.254673792e-06
9.231569568e-06
9.2870388e-06
9.346899744e-06
9.384706656e-06
9.388430064e-06
9.458697456e-06
9.371436048e-06
9.304796592e-06
9.34241256e-06
9.421272432e-06
9.335538576e-06
9.289616544e-06
9.306896976e-06
9.337829904e-06
9.362175264e-06
9.35912016e-06
9.350623152e-06
9.215721216e-06
9.170944848e-06
9.2918124e-06
9.260115696e-06
9.30852e-06
9.220303872e-06
9.325036656e-06
9.289712016e-06
9.224409168e-06
9.262979856e-06
9.33334272e-06
9.259638336e-06
9.293626368e-06
9.326468736e-06
9.29754072e-06
9.393585552e-06
9.370958688e-06
9.311670576e-06
9.339643872e-06
9.315107568e-06
9.232237872e-06
9.344703888e-06
9.354251088e-06
9.213907248e-06
9.339739344e-06
9.352723536e-06
9.366853392e-06
9.41449392e-06
9.319403808e-06
9.31949928e-06
9.323413632e-06
9.371626992e-06
9.30708792e-06
9.357592608e-06
9.342603504e-06
9.307660752e-06
9.284842944e-06
9.355396752e-06
9.294390144e-06
9.40494672e-06
9.338307264e-06
9.298399968e-06
9.327709872e-06
9.36055224e-06
9.42738264e-06
9.333056304e-06
9.321981552e-06
9.340789536e-06
9.314343792e-06
9.331815168e-06
9.38155608e-06
9.347758992e-06
9.302887152e-06
9.353009952e-06
9.2941992e-06
9.304510176e-06
9.272622528e-06
9.28560672e-06
9.311766048e-06
9.341266896e-06
9.254673792e-06
9.2583972e-06
9.34288992e-06
9.397881792e-06
9.31233888e-06
9.286370496e-06
9.331815168e-06
9.28178784e-06
9.243026208e-06
9.357115248e-06
9.35291448e-06
9.279305568e-06
9.36914472e-06
9.395494992e-06
9.337066128e-06
9.334679328e-06
9.280451232e-06
9.264793824e-06
9.273004416e-06
9.285415776e-06
9.325418544e-06
9.314534736e-06
9.337066128e-06
9.276632352e-06
9.2631708e-06
9.359979408e-06
9.264698352e-06
9.322267968e-06
9.32856912e-06
9.280451232e-06
9.363989232e-06
9.253241712e-06
9.25505568e-06
9.323890992e-06
9.270235728e-06
9.285320304e-06
9.30708792e-06
9.310238496e-06
9.275773104e-06
9.211234032e-06
9.179250912e-06
9.259924752e-06
9.226605024e-06
9.259447392e-06
9.192139632e-06
9.094758192e-06
9.195958512e-06
9.140107392e-06
9.1390572e-06
9.128937168e-06
9.137338704e-06
9.113661648e-06
9.142685136e-06
9.194144544e-06
9.219540096e-06
9.154714608e-06
9.194812848e-06
9.16865352e-06
9.188893584e-06
9.1987272e-06
9.2464632e-06
9.220399344e-06
9.269090064e-06
9.22880088e-06
9.188989056e-06
9.181637712e-06
9.22211784e-06
9.2583972e-06
9.289521072e-06
9.252955296e-06
9.197199648e-06
9.339166512e-06
9.268994592e-06
9.352246176e-06
9.314534736e-06
9.234338256e-06
9.310143024e-06
9.307374336e-06
9.229564656e-06
9.246845088e-06
9.253719072e-06
9.292194288e-06
9.251618688e-06
9.30231432e-06
9.3252276e-06
9.202832496e-06
9.137338704e-06
9.160633872e-06
9.28894824e-06
9.231951456e-06
9.219921984e-06
9.288757296e-06
9.217535184e-06
9.19920456e-06
9.252573408e-06
9.278159904e-06
9.37582776e-06
9.264793824e-06
9.220303872e-06
9.239684688e-06
9.27080856e-06
9.235674864e-06
9.181733184e-06
9.21973104e-06
9.225745776e-06
9.309665664e-06
9.268612704e-06
9.21638952e-06
9.232524288e-06
9.2464632e-06
9.273577248e-06
9.302887152e-06
)
;

boundaryField
{
    bottom
    {
        type            calculated;
        value           nonuniform List<scalar> 
200
(
9.309761136e-06
9.303650928e-06
9.283601808e-06
9.182306016e-06
9.302696208e-06
9.310620384e-06
9.304892064e-06
9.334201968e-06
9.376496064e-06
9.44074872e-06
9.36866736e-06
9.349477488e-06
9.36293904e-06
9.275295744e-06
9.280737648e-06
9.320167584e-06
9.402941808e-06
9.41449392e-06
9.333056304e-06
9.316253232e-06
9.295249392e-06
9.286656912e-06
9.296681472e-06
9.3300012e-06
9.344512944e-06
9.385947792e-06
9.307278864e-06
9.248754528e-06
9.254005488e-06
9.27224064e-06
9.253528128e-06
9.296967888e-06
9.192235104e-06
9.213429888e-06
9.22880088e-06
9.390339504e-06
9.27367272e-06
9.24550848e-06
9.350432208e-06
9.370672272e-06
9.31138416e-06
9.268326288e-06
9.310811328e-06
9.254769264e-06
9.380505888e-06
9.462420864e-06
9.478078272e-06
9.373345488e-06
9.342030672e-06
9.416498832e-06
9.360456768e-06
9.386425152e-06
9.330669504e-06
9.330192144e-06
9.368476416e-06
9.294294672e-06
9.318926448e-06
9.246749616e-06
9.249422832e-06
9.269567424e-06
9.331146864e-06
9.250473024e-06
9.25696512e-06
9.350623152e-06
9.336111408e-06
9.344894832e-06
9.303078096e-06
9.366566976e-06
9.393108192e-06
9.352150704e-06
9.276727824e-06
9.302027904e-06
9.3467088e-06
9.318640032e-06
9.324654768e-06
9.43454304e-06
9.427287168e-06
9.424423008e-06
9.38537496e-06
9.221354064e-06
9.35768808e-06
9.308806416e-06
9.34718616e-06
9.3180672e-06
9.328951008e-06
9.349382016e-06
9.299832048e-06
9.28369728e-06
9.311670576e-06
9.33334272e-06
9.383656464e-06
9.344703888e-06
9.315393984e-06
9.308806416e-06
9.369813024e-06
9.304796592e-06
9.293339952e-06
9.332483472e-06
9.424232064e-06
9.369908496e-06
9.298877328e-06
9.31520304e-06
9.428719248e-06
9.293530896e-06
9.283792752e-06
9.233001648e-06
9.29801808e-06
9.31233888e-06
9.29945016e-06
9.234433728e-06
9.260211168e-06
9.335443104e-06
9.246654144e-06
9.251618688e-06
9.242548848e-06
9.27892368e-06
9.30565584e-06
9.348713712e-06
9.397404432e-06
9.355587696e-06
9.279019152e-06
9.257537952e-06
9.221067648e-06
9.263743632e-06
9.231760512e-06
9.234624672e-06
9.191471328e-06
9.193762656e-06
9.209515536e-06
9.189370944e-06
9.180014688e-06
9.25505568e-06
9.261929664e-06
9.172854288e-06
9.145549296e-06
9.154523664e-06
9.186984144e-06
9.11423448e-06
9.169321824e-06
9.190039248e-06
9.220303872e-06
9.236343168e-06
9.111561264e-06
9.129128112e-06
9.106310304e-06
9.124545456e-06
9.167507856e-06
9.198822672e-06
9.256678704e-06
9.303459984e-06
9.235292976e-06
9.13094208e-06
9.24694056e-06
9.188607168e-06
9.250377552e-06
9.291048624e-06
9.337066128e-06
9.186220368e-06
9.252477936e-06
9.316062288e-06
9.272622528e-06
9.292003344e-06
9.25553304e-06
9.301932432e-06
9.343749168e-06
9.266321376e-06
9.219062736e-06
9.285511248e-06
9.340216704e-06
9.307469808e-06
9.298590912e-06
9.257633424e-06
9.28799352e-06
9.240925824e-06
9.22832352e-06
9.232428816e-06
9.309379248e-06
9.292385232e-06
9.150322896e-06
9.17867808e-06
9.238634496e-06
9.22880088e-06
9.175909392e-06
9.21400272e-06
9.310333968e-06
9.281501424e-06
9.31711248e-06
9.153282528e-06
9.249518304e-06
9.327232512e-06
9.297349776e-06
9.249518304e-06
9.184979232e-06
9.288852768e-06
9.254387376e-06
9.22927824e-06
9.331815168e-06
9.206937792e-06
9.273386304e-06
9.255819456e-06
)
;
    }
    top
    {
        type            calculated;
        value           nonuniform List<scalar> 
200
(
9.348809184e-06
9.249040944e-06
9.313675488e-06
9.230614848e-06
9.258015312e-06
9.31472568e-06
9.340216704e-06
9.327518928e-06
9.356542416e-06
9.292862592e-06
9.254673792e-06
9.231569568e-06
9.2870388e-06
9.346899744e-06
9.384706656e-06
9.388430064e-06
9.458697456e-06
9.371436048e-06
9.304796592e-06
9.34241256e-06
9.421272432e-06
9.335538576e-06
9.289616544e-06
9.306896976e-06
9.337829904e-06
9.362175264e-06
9.35912016e-06
9.350623152e-06
9.215721216e-06
9.170944848e-06
9.2918124e-06
9.260115696e-06
9.30852e-06
9.220303872e-06
9.325036656e-06
9.289712016e-06
9.224409168e-06
9.262979856e-06
9.33334272e-06
9.259638336e-06
9.293626368e-06
9.326468736e-06
9.29754072e-06
9.393585552e-06
9.370958688e-06
9.311670576e-06
9.339643872e-06
9.315107568e-06
9.232237872e-06
9.344703888e-06
9.354251088e-06
9.213907248e-06
9.339739344e-06
9.352723536e-06
9.366853392e-06
9.41449392e-06
9.319403808e-06
9.31949928e-06
9.323413632e-06
9.371626992e-06
9.30708792e-06
9.357592608e-06
9.342603504e-06
9.307660752e-06
9.284842944e-06
9.355396752e-06
9.294390144e-06
9.40494672e-06
9.338307264e-06
9.298399968e-06
9.327709872e-06
9.36055224e-06
9.42738264e-06
9.333056304e-06
9.321981552e-06
9.340789536e-06
9.314343792e-06
9.331815168e-06
9.38155608e-06
9.347758992e-06
9.302887152e-06
9.353009952e-06
9.2941992e-06
9.304510176e-06
9.272622528e-06
9.28560672e-06
9.311766048e-06
9.341266896e-06
9.254673792e-06
9.2583972e-06
9.34288992e-06
9.397881792e-06
9.31233888e-06
9.286370496e-06
9.331815168e-06
9.28178784e-06
9.243026208e-06
9.357115248e-06
9.35291448e-06
9.279305568e-06
9.36914472e-06
9.395494992e-06
9.337066128e-06
9.334679328e-06
9.280451232e-06
9.264793824e-06
9.273004416e-06
9.285415776e-06
9.325418544e-06
9.314534736e-06
9.337066128e-06
9.276632352e-06
9.2631708e-06
9.359979408e-06
9.264698352e-06
9.322267968e-06
9.32856912e-06
9.280451232e-06
9.363989232e-06
9.253241712e-06
9.25505568e-06
9.323890992e-06
9.270235728e-06
9.285320304e-06
9.30708792e-06
9.310238496e-06
9.275773104e-06
9.211234032e-06
9.179250912e-06
9.259924752e-06
9.226605024e-06
9.259447392e-06
9.192139632e-06
9.094758192e-06
9.195958512e-06
9.140107392e-06
9.1390572e-06
9.128937168e-06
9.137338704e-06
9.113661648e-06
9.142685136e-06
9.194144544e-06
9.219540096e-06
9.154714608e-06
9.194812848e-06
9.16865352e-06
9.188893584e-06
9.1987272e-06
9.2464632e-06
9.220399344e-06
9.269090064e-06
9.22880088e-06
9.188989056e-06
9.181637712e-06
9.22211784e-06
9.2583972e-06
9.289521072e-06
9.252955296e-06
9.197199648e-06
9.339166512e-06
9.268994592e-06
9.352246176e-06
9.314534736e-06
9.234338256e-06
9.310143024e-06
9.307374336e-06
9.229564656e-06
9.246845088e-06
9.253719072e-06
9.292194288e-06
9.251618688e-06
9.30231432e-06
9.3252276e-06
9.202832496e-06
9.137338704e-06
9.160633872e-06
9.28894824e-06
9.231951456e-06
9.219921984e-06
9.288757296e-06
9.217535184e-06
9.19920456e-06
9.252573408e-06
9.278159904e-06
9.37582776e-06
9.264793824e-06
9.220303872e-06
9.239684688e-06
9.27080856e-06
9.235674864e-06
9.181733184e-06
9.21973104e-06
9.225745776e-06
9.309665664e-06
9.268612704e-06
9.21638952e-06
9.232524288e-06
9.2464632e-06
9.273577248e-06
9.302887152e-06
)
;
    }
    inlet
    {
        type            calculated;
        value           nonuniform List<scalar> 5(9.309761136e-06 9.217535184e-06 9.314630208e-06 9.253050768e-06 9.348809184e-06);
    }
    outlet
    {
        type            calculated;
        value           nonuniform List<scalar> 5(9.255819456e-06 9.2655576e-06 9.227082384e-06 9.220399344e-06 9.302887152e-06);
    }
    back
    {
        type            symmetry;
    }
    front
    {
        type            symmetry;
    }
}


// ************************************************************************* //
