/*--------------------------------*- C++ -*----------------------------------*\
| =========                 |                                                 |
| \\      /  F ield         | OpenFOAM: The Open Source CFD Toolbox           |
|  \\    /   O peration     | Version:  v1706                                 |
|   \\  /    A nd           | Web:      www.OpenFOAM.com                      |
|    \\/     M anipulation  |                                                 |
\*---------------------------------------------------------------------------*/
FoamFile
{
    version     2.0;
    format      ascii;
    class       volVectorField;
    location    "0.55";
    object      UMean_Ar2;
}
// * * * * * * * * * * * * * * * * * * * * * * * * * * * * * * * * * * * * * //

dimensions      [0 1 -1 0 0 0 0];


internalField   nonuniform List<vector> 
1000
(
(-141.2551869 -12.56068557 -5.963602314)
(-106.3092205 3.339203197 -5.037209355)
(-82.22278682 -0.5927355229 3.954210876)
(-63.8112132 -4.011491411 4.494008666)
(-58.24541204 3.851244675 0.9244447519)
(-52.88631887 2.883387342 -2.162101594)
(-48.95405653 -0.187098508 -3.002084054)
(-40.3725783 -8.055327305 1.427300467)
(-38.37914769 0.5312825703 5.04356066)
(-39.75215096 -2.251458011 -2.135218213)
(-30.64411622 -3.995832003 -1.798121868)
(-27.36105288 0.8052643349 -1.985270275)
(-28.92959937 1.703841403 0.8066952375)
(-35.58058216 0.5948691968 -1.730484836)
(-28.5985228 2.166842988 2.521780947)
(-27.46180243 -2.128740607 -4.683827041)
(-27.53442502 4.329348822 -2.921244003)
(-26.13221055 -4.281415426 2.568002384)
(-20.65978063 0.7023700282 2.777401667)
(-23.96040744 1.52813377 -0.946170824)
(-22.41756753 1.158726138 0.6690435701)
(-25.74081669 1.333151803 0.6418716459)
(-22.01437197 -2.952563074 -2.834019173)
(-18.19236434 -0.3834078411 1.641283458)
(-17.6507737 0.377700218 -1.438926842)
(-17.03630807 1.995420786 -1.544803307)
(-16.13253511 0.7451349251 3.164138978)
(-15.69446273 3.138867492 -4.010837688)
(-15.25367006 1.630203826 1.097242862)
(-14.32510557 0.06521883375 -0.4924739988)
(-16.43803714 -1.968727252 1.21454638)
(-15.55839821 -3.543774311 1.231599243)
(-9.621948928 -0.4749516004 0.6673761379)
(-9.602463002 1.722651182 -0.04744998427)
(-12.93239689 -0.01736091498 1.133118745)
(-13.19533329 1.609710134 0.8798040176)
(-13.53718222 -0.7821008338 1.840381379)
(-13.98216662 -0.1633223352 -0.7003792455)
(-13.0893124 -1.551835365 -1.434308172)
(-10.34389784 -0.5469814592 -1.102664969)
(-10.74865794 0.1982176604 1.334398066)
(-8.020105051 -0.07045766625 -0.605437503)
(-8.697538812 1.379602946 0.4978282437)
(-10.01142445 -0.2580359771 -1.531690612)
(-6.365331355 -1.151676103 1.991453644)
(-7.588005838 0.869365832 -2.849626532)
(-6.873414428 0.8298001469 -0.83292245)
(-8.175418702 1.670699898 -1.90023146)
(-7.21713738 0.3151992676 0.2960710535)
(-9.715039969 2.009702043 0.1943772127)
(-7.094761056 -1.426320118 1.545578898)
(-8.829266811 -0.318079507 1.186271977)
(-7.622405063 -1.946687551 1.365286557)
(-8.752953248 -0.6505524448 1.01471211)
(-8.880072843 1.175713499 -0.9468489363)
(-9.749911633 2.365416736 3.552841464)
(-9.575895651 -1.503065994 -0.5162017995)
(-9.596599587 -0.8711998045 0.4326115718)
(-7.191197884 -1.817607131 -0.2746238219)
(-6.291198911 0.5436687332 0.2689207353)
(-6.137788272 -0.9583193322 -0.5759925395)
(-5.6304173 1.888368062 -0.001383140009)
(-6.787305636 -0.6724215521 0.5883150607)
(-8.656505318 1.394986022 1.329623605)
(-8.39847233 0.8624469427 1.402303309)
(-8.75878903 0.09871256202 -0.4770095374)
(-6.410141768 -1.43300374 0.9070176155)
(-5.02270065 0.02620062288 1.281270085)
(-6.058865235 -0.16201251 1.124581024)
(-5.565510488 1.597218111 0.5434020476)
(-5.811137654 -0.4353549797 0.509834144)
(-6.952270461 -0.1099769049 -1.649593448)
(-4.92321844 0.1212065354 0.9802972906)
(-7.35428829 1.595383914 0.1893173014)
(-7.034154045 -0.1107106578 -0.5278918909)
(-7.01569229 -1.931814321 0.3962639277)
(-5.143132904 -1.847206448 1.490689859)
(-5.694466556 1.021810325 1.215397915)
(-3.447780885 -0.5888290811 1.63629038)
(-5.286845986 -0.4785949179 0.3893592344)
(-5.010023275 -0.3066741957 -1.312340382)
(-3.506616594 0.583545385 1.086949668)
(-3.493796283 1.404496023 -1.346719225)
(-4.989363289 -0.2782621033 -0.3887464862)
(-4.302702978 -0.7489986981 1.099876667)
(-4.567333062 0.05696567607 -0.1947175731)
(-5.574602919 1.368657215 -0.002876340449)
(-6.298444047 0.2946145802 -0.2026944764)
(-6.117810064 -0.4946963325 -1.389206283)
(-6.163124745 -1.147158948 1.812860856)
(-4.545816054 0.08987280512 1.257088287)
(-5.25103253 1.181956377 -0.7716823454)
(-5.778805511 0.1871706921 1.344833035)
(-7.754514188 0.3581509435 -1.659781151)
(-6.266653638 -0.3620759244 1.299651133)
(-8.043308222 0.02009636914 -0.5932908577)
(-7.078428207 -0.7758669144 -0.4321556883)
(-6.164874274 0.1983969869 -0.7169336089)
(-4.854978959 0.8545234534 0.6911766998)
(-4.870466723 0.1520151816 1.746324337)
(-4.151523589 -0.4834235638 -1.041698462)
(-4.915346927 -0.5407705784 1.135504518)
(-3.99022749 -0.5373542616 0.1291869449)
(-4.63048214 1.442080415 -0.4299119691)
(-4.777110795 -1.731168292 -0.1960167874)
(-5.395405482 0.7363448819 2.769656669)
(-4.378281634 -1.985117714 1.233522509)
(-3.082767479 -0.1072761682 -0.4007223509)
(-2.538776517 -1.654698973 -0.2745638118)
(-3.655061385 1.988847371 0.693637553)
(-6.892964812 -0.2990857954 0.6761412836)
(-6.349818625 -1.050639292 0.0239952358)
(-5.008617398 -0.1796969457 0.2537270065)
(-4.571993273 -1.566743703 -0.5406448882)
(-2.601691116 -0.7485797798 0.5239162402)
(-4.075337929 1.956721817 -0.1483225677)
(-4.748516129 0.716505692 1.135177933)
(-5.285480624 1.141345038 -0.2098750736)
(-5.006917373 -0.4321507519 -0.0611523323)
(-4.207297199 -0.6794252215 -0.9976798899)
(-2.627638572 -2.035950409 -1.108969817)
(-0.9107570568 0.05247022253 0.3438978977)
(-1.599784182 1.352480227 -1.052412036)
(-3.899399162 1.103394375 -0.2442626342)
(-5.793303462 -0.3127953399 0.101996966)
(-4.066718588 -1.357899716 -0.08594316695)
(-2.404195551 0.3493644248 0.1697975207)
(-3.026401403 -0.525190576 -0.5080207967)
(-2.392904651 -0.1896701057 -0.2026118792)
(-1.791804289 -0.8518353899 -1.043396695)
(-1.780930741 0.7116563251 0.8106797708)
(-2.912461422 0.3343230372 -0.921786246)
(-2.818107128 0.3738478151 0.03576182355)
(-3.504770515 0.8908127459 -1.727148956)
(-3.141737664 0.9596753114 0.02559210963)
(-6.459861323 1.235662476 0.2943870773)
(-4.054304733 -1.306289703 0.2594746809)
(-4.513739655 0.1976642879 -0.658934926)
(-5.259178148 -0.6131516011 -0.01975071735)
(-4.50284587 -0.665971312 0.1218230594)
(-4.197849328 0.3482856548 1.083669512)
(-3.779793821 -0.03178107415 -1.761895934)
(-3.924510517 1.366672133 0.2913358413)
(-4.333109376 -0.305616208 -0.680664067)
(-3.111835151 -0.4742138109 0.1182978002)
(-4.133158741 -0.1270817501 -0.08079569213)
(-2.50923543 0.1388978724 0.198340724)
(-2.511764764 0.1629818944 -0.6388018075)
(-2.424738869 0.2653831898 -0.9366670127)
(-1.25996999 -0.5215152482 -2.474588081)
(-2.847637693 -0.2974522858 -0.09101838966)
(-2.213744983 -0.8909444928 -0.4866726265)
(-0.07492909425 -0.08927751321 -0.1076612518)
(-1.547769969 0.4583690497 -0.05755569943)
(-2.279261303 0.8777274544 0.9769795101)
(-2.471582606 -0.491760891 -0.5899911937)
(-3.16993464 -0.5293984856 0.2169688698)
(-2.790416821 -0.2677786395 0.3489799582)
(-2.662553322 0.4942555093 -1.848317231)
(-2.959444209 0.8575111363 0.9233137672)
(-5.43518436 1.255951417 0.1446883474)
(-5.080476842 -0.8260082692 0.6991194516)
(-2.978484848 -1.418151571 -0.8106150308)
(-2.346740846 0.8006297578 -0.5172512824)
(-2.615217598 -0.5043991158 1.492601231)
(-2.58503587 -0.6781258643 -0.4596328725)
(-3.505600042 0.7794527275 -0.5975049208)
(-1.926412555 -1.312470401 -0.7772265021)
(-0.8232999803 -0.9261058942 0.6726254043)
(-1.682582777 0.8354735081 -0.444412193)
(-2.790963104 0.5642883933 0.8382091254)
(-3.03995412 -1.157828396 -1.398899115)
(-3.412144289 -0.4324417681 0.5446021658)
(-2.268351502 -0.1082008538 0.05323668065)
(-1.74931812 -1.439758067 -0.3144832481)
(-1.201530329 0.1826140366 0.312234902)
(-0.4740475427 -0.1682575676 1.14606277)
(-1.998071268 1.091119006 -1.61776869)
(-2.141265853 0.06559609402 -0.4057944374)
(-1.74881471 -0.6886048809 0.8567695248)
(-1.730720314 1.032007892 0.1783888927)
(-3.104136941 1.119813689 -0.4666997469)
(-3.042880143 0.7934370042 -0.4102572542)
(-3.745160876 -1.359316968 0.05685387396)
(-3.239179158 1.238215832 0.1729367976)
(-3.907624301 0.4494012222 0.6423997718)
(-3.59497812 -0.9532616876 0.8966896228)
(-4.40822265 0.5940102699 -0.02145780933)
(-3.533203108 -0.2354441855 0.4582069792)
(-3.599921581 0.4435930477 0.6959291022)
(-3.461479315 0.655953355 0.5941318753)
(-3.153428953 0.525929924 0.552061534)
(-4.80446873 -0.09145266606 -1.092604564)
(-4.12930989 -0.957935731 0.007922026681)
(-3.385776899 0.3344146009 0.4225042127)
(-3.421240307 1.124306246 0.1612111315)
(-3.475598418 -0.6261389133 -0.03455761324)
(-1.598003635 -0.8271912709 0.3790779288)
(-2.284140665 -0.0926222355 -0.3023956623)
(-2.017895159 0.2054497545 -0.2781100162)
(-142.6740444 1.500829499 -0.03581517077)
(-105.5104024 8.907021402 1.751663902)
(-83.27450538 -3.36843805 -2.541966013)
(-69.12105789 -0.8124182238 1.966464104)
(-55.97379786 -1.529610616 -0.6961055411)
(-51.79044803 3.602465689 -0.5542972062)
(-41.72298265 0.3224572395 -2.100247588)
(-40.85502932 -1.013667534 1.280642565)
(-36.1480822 0.9011226642 -3.11767796)
(-31.1722925 -1.169605408 5.034021008)
(-30.46074526 -4.480529152 2.038481921)
(-31.44080554 1.7457913 -4.254214066)
(-30.92966286 3.433315977 -1.300916946)
(-25.69799979 0.3189995606 0.8791839174)
(-27.16636066 -3.600354501 1.25788902)
(-25.36223689 2.627554584 2.853541713)
(-21.51499243 1.870655576 2.198329736)
(-21.30312981 -1.909230872 -1.871278697)
(-24.23958039 0.9943316206 -0.572826293)
(-23.75727034 3.596089863 -0.607766648)
(-22.81464428 6.396173437 1.643173537)
(-17.80008619 -0.7715039954 1.121743045)
(-18.19957396 -2.69801357 -2.691436268)
(-18.34709002 0.4212022329 -1.821541176)
(-14.12716756 1.340957272 1.684574234)
(-17.32295311 -3.661322581 1.380706446)
(-12.72847959 0.6660306988 -1.996637876)
(-15.1790822 2.397836571 -0.2897497772)
(-15.04783606 0.9048339929 0.5731513306)
(-16.26939017 -1.687551026 -2.811474798)
(-11.51446458 1.379921451 2.299874637)
(-9.690909372 -3.076140633 -1.776120603)
(-13.78877346 -0.8234135484 -0.1978310467)
(-14.63229656 1.267288173 -2.421290477)
(-12.127007 2.133082406 2.45732445)
(-12.53235861 0.1345766257 -2.80563727)
(-11.30405913 -0.07015448046 -1.862576503)
(-13.52564844 2.679139845 0.6765876734)
(-9.579131245 -0.372709514 0.9669265431)
(-12.69865169 -1.249755211 -1.674269999)
(-10.32648602 -1.551369872 1.587596024)
(-8.846863854 -2.387268712 -2.228138602)
(-6.288637721 2.008993467 -0.9273617031)
(-7.600723748 -1.833767044 2.395134189)
(-8.541641654 -0.03663372227 -0.7248206286)
(-9.125991989 -0.681169202 0.1046245091)
(-8.150394369 2.891820916 2.540066353)
(-7.555319795 -0.8791832271 -1.556790719)
(-8.252489894 0.07017660984 -0.65661401)
(-6.27062626 2.311619738 0.26206137)
(-7.108181398 -2.947260359 -0.8068651026)
(-5.519660948 -0.31917651 -2.027192837)
(-10.03073704 0.8795267154 0.9087872476)
(-8.444107068 1.742724661 -0.2222236875)
(-9.503767914 1.167743108 0.9901714058)
(-7.279092608 -3.242399775 -0.3692448011)
(-5.468067673 3.418297947 -1.364023783)
(-9.20797466 0.4923776064 -2.288476272)
(-10.0413082 -1.381725789 -0.4376509802)
(-9.340623226 -0.4370534392 0.5921292491)
(-7.431329634 -1.49242922 -0.8558485764)
(-8.655412586 -0.3058707036 0.1984591012)
(-6.302738794 2.045760253 0.1213130822)
(-7.097824794 0.8290455145 -1.081404202)
(-5.631591461 -0.474905771 -1.517461982)
(-5.287097007 0.4480299484 -0.8883998383)
(-6.566319673 -1.286879125 0.3012772938)
(-7.957640465 -0.7305880248 0.1879433098)
(-5.887037446 2.793096591 -0.183157643)
(-6.69329776 -0.04558398718 -1.695019823)
(-5.289655019 0.7618966757 2.761521405)
(-5.270502784 1.246242299 -0.7738457503)
(-6.033291833 -1.230309624 -0.1444943699)
(-5.222894153 0.5274526515 -0.2534741642)
(-7.075093434 0.8681646735 0.8132232713)
(-4.726732317 -1.531398718 -1.700344182)
(-5.579172592 -0.361545673 -0.03969068209)
(-4.909601106 0.3471779904 1.04513575)
(-4.58145176 0.01670996056 0.1375520114)
(-3.290799142 0.01006527185 -1.927741837)
(-5.313507509 0.3522203615 -0.1423304992)
(-6.534142321 -1.820620329 0.1932622404)
(-4.111122003 1.364681461 1.304062851)
(-5.725669843 1.92419697 0.6229884492)
(-6.241943518 0.9827891759 -1.591375499)
(-8.2300098 0.1688337015 -0.9691715782)
(-6.34126924 0.9234626591 1.692785994)
(-3.525473712 -0.5123339039 0.346426527)
(-5.35201086 0.5556608864 -0.8952016994)
(-4.295357566 -0.9361799386 0.258918982)
(-6.032737754 0.6702035738 0.7137490512)
(-3.195915586 -1.978681085 -0.2640465547)
(-4.012490211 1.476180476 -0.02625417254)
(-4.784472239 2.12531813 0.6709567533)
(-4.110981852 -0.1369620789 2.080261422)
(-5.070289995 -0.9228029915 -0.9153247398)
(-3.656394324 1.284298964 -0.6393343989)
(-4.039742115 -1.607332627 -1.406554818)
(-4.609971567 -1.643171906 1.07780955)
(-4.98589827 -0.2447780798 -0.5469898598)
(-4.937834784 0.7685636066 0.6446922784)
(-4.773408922 -0.7861060026 0.7218815486)
(-4.3873271 -0.6758350713 -0.2983175255)
(-1.603138996 1.010578545 0.1830553399)
(-2.952959327 0.7460587771 0.03269935329)
(-3.823991432 -0.5328017351 0.5312712195)
(-3.886792208 -1.042103675 -2.41361124)
(-4.088805335 -1.891640157 0.2068276586)
(-5.437681079 0.3756629438 -0.150500549)
(-5.34876208 1.626035112 -1.266224105)
(-3.136929184 1.20955531 1.188170835)
(-2.095591583 -0.754114092 -1.071962453)
(-4.827334901 -0.655410915 -0.08642414628)
(-3.770516447 -0.3085312756 0.3600999053)
(-5.979665261 -0.9675031249 1.473065507)
(-4.996261753 0.3893389186 0.3183514018)
(-3.789168508 -1.481615388 0.1540215666)
(-3.528594735 0.4224591538 -0.3548265723)
(-2.625708398 -1.339398493 -0.7919006532)
(-4.019832289 0.5190578207 0.1432896044)
(-5.32337815 -1.679260257 0.7768409457)
(-5.557344951 -1.076222958 -0.5424309996)
(-5.789873614 0.8871955309 1.259583004)
(-4.949946848 1.92611016 0.1051403004)
(-3.828694891 0.08573266025 -0.3237285236)
(-5.21480837 -2.370162436 -0.5371284098)
(-5.238023298 0.1910106002 0.6019660131)
(-4.373948707 -0.3262076508 1.743598416)
(-2.345316145 -1.231590384 0.2535977176)
(-2.429736122 0.4091168073 -0.1457428056)
(-3.546672844 0.9114658403 -0.1877989531)
(-3.895474138 0.8425570377 -2.013538706)
(-3.39700296 -0.1208779218 0.5747068744)
(-3.117475378 0.6162180128 0.5223958402)
(-2.863619807 1.140992287 0.2044445686)
(-2.696603486 0.4775022241 0.3988780323)
(-3.488775023 -1.87553764 0.4409488745)
(-4.6215815 2.302916222 0.4519679708)
(-3.556113594 -0.4302222929 1.171094115)
(-3.443405639 -1.636096268 -1.106774683)
(-2.861529846 -0.4669897138 0.6657256062)
(-2.952230183 0.2998139618 -1.480673381)
(-3.727219712 0.2695470144 -0.3198379581)
(-2.797005173 1.10052038 0.6415117484)
(-4.205330574 0.3053997899 -0.8908220826)
(-3.550372694 -0.4162821258 -0.2966895953)
(-4.055995254 -1.260269225 0.3727676554)
(-2.613556673 -0.7731937255 -0.545938822)
(-4.935570813 -0.3957691503 0.4278145663)
(-3.640893233 1.267703663 -0.005307727934)
(-4.037044948 0.006804771645 0.8013702616)
(-4.029832049 -1.243307995 0.07022675912)
(-4.156279357 0.3801280065 -0.6567507435)
(-4.847759566 0.3679862115 0.6555348229)
(-2.360556583 -0.1048384967 -1.027276653)
(-2.692807642 0.5767089324 -0.01105845435)
(-2.006539801 0.5978422386 -0.823294464)
(-2.920290562 0.5235928801 -0.3560431064)
(-3.298253391 -0.1069174195 1.256249289)
(-2.389460604 1.028722529 0.391383839)
(-1.131923733 0.1914847198 -1.203026132)
(-2.307194841 0.504121921 -0.3598768119)
(-3.765795328 -1.530945102 0.3778147019)
(-4.066598813 -0.204911234 0.6534043394)
(-3.073571819 1.342102462 -0.9888694891)
(-3.400230215 0.359264103 0.2716505084)
(-3.230397842 -0.05754353834 0.9197507657)
(-2.816190747 -1.175070025 -0.2377760401)
(-3.566819807 -0.5452649989 0.5227141775)
(-3.580756901 2.249122481 1.852742676)
(-3.589009919 1.115408297 0.5938444397)
(-4.378207456 -0.5013815529 0.2023348131)
(-3.965248992 -0.7820081371 -0.1144468517)
(-2.577986773 -1.019841913 -0.919941251)
(-3.045129864 -0.1491951036 -0.959436373)
(-3.105506573 0.1447925319 -0.09503135891)
(-3.456923893 -0.8236430266 1.110872798)
(-1.904944554 0.5855588446 0.2571262666)
(-1.929572188 0.3298554079 1.565022637)
(-2.676557277 -0.1390111761 0.09411557963)
(-3.613994141 1.079229106 0.3604814602)
(-4.119383454 1.141075782 1.541300761)
(-2.902906251 -0.1928415832 0.4646044133)
(-3.402249138 -0.1445352109 -0.7905581368)
(-3.591440657 -0.3960236706 0.2725016492)
(-2.673549185 0.5070650588 -0.7448290047)
(-3.011931173 1.227884629 -0.7868188628)
(-3.327261293 -0.3613795131 -0.208660873)
(-3.595635505 0.8651624822 0.7154421702)
(-2.710160625 -1.856322263 0.1900017336)
(-2.072384787 -0.109593402 0.1010126575)
(-2.676028411 1.88391476 -0.5748755585)
(-2.484093867 -0.5462962895 0.6605632046)
(-3.483382555 0.379775893 0.1727893873)
(-3.543319715 0.1808554462 1.165035847)
(-3.823527426 0.5648370278 -0.5449049499)
(-2.890947709 -2.016066159 0.353697433)
(-3.302592057 -0.1827267361 0.08463679748)
(-1.718100129 -0.6061377425 0.346676197)
(-1.995600142 -1.055175568 -0.1820912729)
(-148.728627 -5.571825274 -2.286437327)
(-101.5985145 2.768118848 -9.457839284)
(-80.40948753 -1.557233825 -1.988148741)
(-69.11279708 -1.5552829 6.535495593)
(-61.43438123 3.865813533 -7.54572615)
(-45.42690967 -6.56548278 3.348337011)
(-45.40011504 8.748168612 -0.7114353628)
(-42.74209325 -2.006070735 4.385135671)
(-39.99489425 -0.43456933 3.056793413)
(-39.5514172 -2.573614666 -2.180921118)
(-40.17042695 1.890833435 -5.457147075)
(-30.86110429 1.506784946 2.716310592)
(-28.25808791 4.912321452 -1.24938636)
(-29.78726931 0.9131399133 -1.742461299)
(-28.10073757 -1.032753592 2.071221061)
(-27.06254775 1.537896431 -2.267568749)
(-22.73957318 0.9940550371 -0.9803434436)
(-20.48757074 1.706639455 2.300415403)
(-21.39949477 0.01351454955 -2.285555938)
(-19.95973317 0.9126216011 1.011830706)
(-16.03888534 -1.30453439 -3.087351394)
(-19.19652886 -0.3234133234 -1.376789226)
(-18.05344913 3.122963666 1.718640463)
(-15.02130263 0.327068703 2.450720083)
(-15.90962818 -2.611368939 -1.427750135)
(-12.23000005 -3.194673575 0.8772474409)
(-11.49375292 -1.505720673 -0.8722784934)
(-12.18894033 2.650857602 -0.1389376389)
(-10.1463434 -0.624075012 1.503722584)
(-12.10840212 -3.645672759 0.8735890587)
(-11.15713955 0.8452123651 -2.93688373)
(-13.80830191 -4.065350607 3.438458694)
(-12.08708405 1.928062916 0.4068120267)
(-10.28787674 -0.7440091777 -0.6948165872)
(-13.14688052 0.3388460944 -0.8900957103)
(-7.987139438 1.92250975 0.8699279306)
(-10.93105223 2.807746371 -0.386931399)
(-9.582448618 1.902479512 -1.508481145)
(-10.52281525 -0.07873800321 2.122435638)
(-9.641236779 -1.979139042 -0.8376334516)
(-11.0063223 -3.62040042 2.355319847)
(-9.92401254 -0.03213644846 -0.8790448654)
(-11.74024918 -0.4496513518 -0.7793154275)
(-9.474430764 -0.7432710273 -3.326504902)
(-9.569103964 1.500902103 0.5735605417)
(-11.20594191 -0.7031435556 0.4774371919)
(-8.619359409 0.06924513715 -2.118349516)
(-9.134763574 -0.5274349437 -1.870078999)
(-4.929386802 -0.964544884 0.6210780144)
(-7.086947128 0.7242190314 -0.773953643)
(-6.752080402 1.752313065 0.2843816991)
(-8.761158967 0.9512703259 2.184732366)
(-8.932583108 1.336942557 0.439443163)
(-9.309068614 1.814422806 -0.2398131375)
(-6.895576103 -2.19875169 0.07953719367)
(-7.689904989 -0.679168243 -2.079804798)
(-8.139921281 0.7912476867 2.395279692)
(-6.926298168 0.5635474971 -0.9672536954)
(-4.168942855 -0.7078926654 0.2108427155)
(-7.517343973 -2.641323862 -0.6471645766)
(-7.754946517 -0.2649434128 1.304527536)
(-5.834369281 -1.524896825 0.5526878247)
(-5.701373335 2.179856156 -0.1647488935)
(-5.629988131 0.3131125802 -1.397574906)
(-5.059169233 -1.784940887 -0.1331424754)
(-8.399945861 2.606201242 -0.3975334406)
(-4.651808162 -2.051240197 0.8173662861)
(-6.001711961 -0.2152599751 -2.915380723)
(-6.403514128 0.7311362753 -0.3820860899)
(-5.107926692 -0.7543079799 1.903824607)
(-5.462090883 -0.6817745443 -2.277946342)
(-4.909590578 -0.4513228925 1.184588771)
(-6.190810814 1.121854265 -0.7991150906)
(-6.734670499 0.8221123607 1.183313833)
(-3.558892994 0.06450723223 0.08265958371)
(-4.416721199 -2.040165233 0.2140948913)
(-3.954403872 -0.4287457185 -0.2178358063)
(-4.445619205 -0.612747084 -0.772278565)
(-6.63594854 1.175901336 2.093504781)
(-3.606845552 0.795035035 0.05982813339)
(-5.22716824 0.6026640474 2.2828025)
(-4.318645008 -3.183277094 1.210706609)
(-2.78573865 0.8485878993 -0.7482544967)
(-2.757835514 0.8979975594 -0.02800851249)
(-1.962986875 0.5010334603 -1.323383329)
(-2.20873751 -0.2093057543 0.7768735985)
(-3.277679132 0.7578434166 -1.353366832)
(-3.173842154 0.217137633 0.8921776189)
(-3.533062333 0.747748949 2.097834206)
(-4.836854744 -0.572366479 1.047233459)
(-3.801281168 -1.194551314 0.2750806363)
(-4.644518601 -0.7365903753 -0.2185952163)
(-3.714848105 0.4147965981 -0.3704794095)
(-2.967495644 -0.2817621216 -1.013685092)
(-2.514090951 1.079914825 -1.327196597)
(-3.092654968 -1.489579834 -0.5718019826)
(-1.875666707 0.06896154329 0.1756470473)
(-4.722000825 0.4333420175 0.9655531172)
(-4.62096558 -1.893951351 0.03062734004)
(-5.734887028 1.00597727 -0.4848588553)
(-4.784800031 -0.8924016515 1.427355659)
(-4.337904301 -0.4722498902 -0.3379517814)
(-5.107026842 -2.293185006 -0.8565491588)
(-2.755393766 -1.612107535 -0.5635930593)
(-1.838491196 0.475677667 0.584242414)
(-2.899639932 0.8928282045 0.07791896134)
(-4.372257929 -0.9351525941 -0.2870525583)
(-4.626602917 -0.7804143855 -0.3611923861)
(-5.304628152 0.9033101659 1.699073005)
(-3.584668609 1.460400052 -0.92607212)
(-3.577159453 1.543245976 -0.3285366569)
(-3.101301221 -1.19737369 -0.9763165109)
(-3.711592527 0.1217616236 -0.3967767793)
(-5.010045325 -0.1524595837 -0.3799339202)
(-6.085877238 0.290118406 0.01109195516)
(-4.173708242 0.3663527109 -1.67384565)
(-4.561366853 -1.311517237 0.7688993769)
(-3.878512484 0.7171169777 1.163297518)
(-4.696401237 -0.1567410911 -0.7958462537)
(-5.233342697 -0.02312118934 -1.207304968)
(-4.266917898 -0.5685416464 -0.0775693605)
(-5.521253537 1.567065492 -1.456975854)
(-5.117557863 0.00423842536 0.5285766242)
(-5.056143999 0.6575356761 0.1902681746)
(-4.37766642 0.08640462131 0.6179302773)
(-4.633716405 -0.2006748516 0.5928099732)
(-3.538324349 0.6133868071 0.4807025455)
(-4.636638303 -1.19733283 -0.6807017141)
(-4.756934316 -1.52740334 -0.4204349168)
(-3.97745684 -0.5138484413 0.7668253558)
(-4.087006747 2.650732137 0.6365413223)
(-4.740076995 -0.08598303235 -0.7067771959)
(-5.042041968 -0.2447777881 0.9436396969)
(-3.351957651 0.2330746817 -0.1021766613)
(-2.998119294 -1.178022658 0.6320946696)
(-2.394061404 1.947224277 -0.05727155613)
(-2.989502927 -1.040024327 -0.5940647783)
(-2.474696671 1.543190427 0.1848645103)
(-3.844502482 1.30098051 -0.5018133494)
(-4.22373403 -2.430923542 -0.6407878354)
(-3.6593312 -0.3411721449 -0.7239205453)
(-3.864890025 0.8411801667 0.436464366)
(-2.683947 0.2262255375 0.5523683826)
(-3.245895409 0.5735809657 0.578481092)
(-3.425621254 0.247291351 -0.07749443538)
(-2.795035266 -0.2255780984 -0.00614402989)
(-2.548684464 -0.8254345778 -0.07508522555)
(-3.038807712 -0.9944034206 -0.1548363588)
(-2.701479265 0.4160813107 0.2514008939)
(-3.918717346 0.982670704 0.5011871715)
(-1.605789199 -0.6742820506 0.9254060542)
(-3.23733302 -0.1812218739 0.6655172492)
(-4.975420808 0.05198416571 0.8581345594)
(-3.822565279 -0.7045714805 0.0521326471)
(-4.658895887 -0.6848799669 -1.274071838)
(-2.99343338 0.6441581821 1.225079151)
(-2.887371782 0.3399628224 -0.2731051946)
(-2.172014662 0.2289291912 1.248636835)
(-1.800946442 0.1011430967 0.27111024)
(-2.445290981 0.7326386656 -1.085438182)
(-1.155335678 0.5979593225 0.8288743964)
(-2.750670016 0.6269718495 0.3214481115)
(-5.076675229 -0.7953324881 0.4235100957)
(-3.619194351 -0.4563894162 -1.344236114)
(-4.842460338 -0.8762861391 -0.01702217084)
(-2.921813675 0.5385402676 1.583740865)
(-3.062361305 0.6524660122 -0.2724963408)
(-3.909806936 -1.349923436 -0.7235521895)
(-4.803305505 0.1383248353 0.1147814105)
(-4.009560138 2.336151555 -0.5209239094)
(-2.291837811 0.1669876989 -0.9734632011)
(-2.730761451 1.393832735 0.1582553105)
(-3.120302816 -1.869898598 0.8560582411)
(-3.18947862 -0.9823306908 0.7573449891)
(-2.187501723 -0.9315606525 1.366949035)
(-2.387690787 0.1302136679 0.6034820167)
(-3.091007269 -0.5262609766 -0.2383188247)
(-3.377004581 1.392303049 0.3731908511)
(-3.669547066 -0.7713739539 -0.1815613643)
(-4.202678516 1.969965395 0.3873771036)
(-3.85796458 0.2650540186 -0.4476926626)
(-2.117782473 0.511286138 -0.6332840202)
(-1.58500517 0.1549330463 -1.199324201)
(-1.325896901 -0.4654345139 -0.4223787088)
(-2.55747681 0.3618233573 -0.5058349215)
(-2.731790601 1.657280283 0.2623788725)
(-2.801863489 -0.3792612773 -0.05669325252)
(-2.394867355 -0.7508024894 0.2479270269)
(-1.10826374 0.3079555454 0.1842283095)
(-2.55057223 -1.005171939 0.007392432727)
(-3.469117902 -0.08021593418 -0.4740417424)
(-2.18280428 1.501390416 0.03286101788)
(-2.37942363 0.4310834096 -0.7658514193)
(-1.2904872 0.1608373969 -0.4871547849)
(-0.3355402142 0.2586481035 0.5563492137)
(-2.152422353 -0.8423175654 0.1463032938)
(-1.354722391 -0.7915447792 -0.7942181386)
(-1.596769399 -1.089936867 -0.4608601412)
(-2.188941201 -0.9967852448 0.6859092958)
(-2.865001471 0.9921802068 -0.3280544654)
(-150.558356 5.613552511 -3.565365561)
(-105.6703565 -6.028926918 4.025398089)
(-79.79270379 2.150178584 0.1731011651)
(-66.51918759 0.4007029764 -6.522338542)
(-57.47034785 1.377151175 -1.153242848)
(-54.71146195 -0.2319508786 -3.244684242)
(-50.92214013 1.007999369 0.5518425679)
(-45.3459647 0.3175121825 -3.740791925)
(-38.57813155 2.629849047 -0.2277603957)
(-34.5778729 -1.423965627 -0.620000361)
(-32.06499724 -0.2816545563 1.380267923)
(-30.94014848 0.6018368311 2.372226461)
(-32.04623176 1.176315639 -0.79351583)
(-25.99108037 2.931222862 -2.257157713)
(-28.64990069 3.754081872 0.6782792152)
(-26.16862964 -0.4524788328 1.115008975)
(-27.15477494 -0.9814142376 0.9420841348)
(-21.00779233 -0.3919140161 0.248829252)
(-21.66422177 -1.396731993 -4.064451134)
(-15.74251846 3.041823544 -3.757413321)
(-17.24758134 -0.6761479384 -0.007544177394)
(-17.39891749 0.9560973552 -0.2934323518)
(-17.77580694 -0.5502070109 1.442519832)
(-16.29291043 -2.513335357 -0.9136740664)
(-17.89242739 1.105184726 0.1913601957)
(-18.33391783 -0.5202820623 1.628066129)
(-17.50812357 0.6373710927 -2.921808837)
(-17.06469979 1.571379878 1.608125306)
(-15.70268344 0.1136731065 -1.275988138)
(-12.36299752 -1.439936106 1.240873727)
(-13.12493695 1.095551711 0.6259574716)
(-11.83544639 -1.189700958 0.7821341945)
(-17.07913602 -1.569090721 3.346291559)
(-12.60952927 0.8192598501 -0.2307540894)
(-12.23998113 -1.059617912 1.630870133)
(-15.47906193 3.617786717 -0.01610551957)
(-9.328223115 2.897828141 0.4188861271)
(-12.50244025 0.4806912571 -1.258834757)
(-10.97545755 -2.161692106 1.164553593)
(-10.65730734 0.9690706834 0.1898193932)
(-8.513393489 -4.802777661 -0.6629426373)
(-9.478490639 1.580801334 -0.8681317701)
(-10.06557884 0.2394225029 0.7787888313)
(-10.94301889 -1.776010026 0.02370216366)
(-10.97325075 0.7953070091 0.1380185722)
(-6.077346908 -0.18732964 1.558113873)
(-9.140419919 0.4567796326 2.094086734)
(-8.958244531 0.01105127159 -0.8769568143)
(-10.41496123 -3.1550231 0.635744358)
(-10.08003167 2.519878356 -0.4780979834)
(-8.74048603 1.771462328 -1.673264765)
(-11.01485671 0.523451513 0.1613919256)
(-6.917217178 0.3160532903 -0.5614126013)
(-7.17509935 3.814735638 -1.454060021)
(-8.804761961 -1.797288809 -0.2120772398)
(-8.625946868 2.610000991 -0.2315124939)
(-6.945414786 -0.07957431801 -0.650922091)
(-4.51185516 -3.131036298 -0.06326112332)
(-5.320469295 -1.12039763 -2.148555907)
(-5.029254067 1.085786924 1.680696374)
(-6.316544254 -1.317422397 -0.3916220976)
(-8.555190966 0.8699071407 -0.4377124065)
(-8.078731369 1.081919298 -1.099152731)
(-5.548557415 -0.6148567982 1.255859444)
(-8.553593756 1.965387195 0.8839159303)
(-4.63314828 -1.657611776 2.196305106)
(-6.782347986 0.1705284715 -2.292408899)
(-3.626781714 -1.7029995 1.522329181)
(-6.314156384 0.3177644536 -0.7953223529)
(-3.58350689 -0.7503896292 -0.8076800102)
(-4.848735597 -0.6226576864 1.052241122)
(-5.005831387 1.900457226 0.2517061187)
(-3.480763179 1.802674972 -0.09623537991)
(-2.504949214 -2.176277443 -0.6443993879)
(-3.36485486 1.923916734 -0.4563678389)
(-6.109212921 -1.393057846 1.309869711)
(-5.720191471 -0.6045558401 1.714285663)
(-5.659390609 0.7325388813 -0.3252355992)
(-4.46124515 -1.071679351 -2.212974463)
(-5.525111355 0.2102849066 0.6694505732)
(-4.34369596 1.068215665 0.3481502843)
(-5.270660714 -1.855537259 1.415867093)
(-5.242594068 -0.7813934232 1.070978469)
(-2.794794298 2.252056833 -0.8211070309)
(-4.706779557 0.2012514695 -0.2614358104)
(-4.991368098 0.9879097135 0.5941102892)
(-3.940202847 0.2991844194 0.2304921796)
(-4.954509523 -0.1198965526 0.4849260252)
(-2.782324608 -0.4175388545 -1.831671118)
(-2.28166177 1.615949943 -0.5165650588)
(-4.090776438 -1.183822583 0.9560725969)
(-3.917181707 -1.29495023 -0.002990327067)
(-5.090610684 1.447705376 -0.9821097018)
(-5.180221706 -0.498206033 2.266057642)
(-3.244152154 -2.007130738 0.581484566)
(-3.236945741 -0.03220619146 -0.04605518903)
(-4.907346184 1.928060293 -1.72795542)
(-5.283162707 1.216484574 -0.2771477288)
(-4.461990521 -0.3873255396 -0.8870048142)
(-3.690258175 -0.8138776301 -0.1236593776)
(-4.512143286 0.2049246625 1.099944439)
(-2.820923362 -0.991363346 -0.5135389536)
(-2.738749296 0.7900329709 -0.7438313572)
(-5.456371057 -1.374407507 0.5716760342)
(-5.842575849 -0.4391896017 -1.420845109)
(-4.329499313 1.245175445 -1.926850539)
(-3.265276246 -0.3311226756 -0.2011480368)
(-5.573607646 1.52226958 2.17478146)
(-4.861434479 -1.18083702 -0.3996489676)
(-4.063259892 -0.1094614354 0.2928303438)
(-3.442390183 0.8724320535 0.855619545)
(-3.349941507 0.2668420141 -0.3538453774)
(-2.171453055 0.5476819781 -0.1950577624)
(-3.357043695 0.3127199219 0.4438681169)
(-3.950810144 -0.4799060418 0.01507936608)
(-4.47623306 -0.7190155652 -0.4740656227)
(-2.855653529 -0.7183073269 -0.5781205968)
(-4.186167601 0.7041550868 -1.063346779)
(-3.64700925 1.058565964 -0.05806422734)
(-2.93544724 -0.3928848608 0.1700427894)
(-5.072763085 -0.372282087 -0.5659796643)
(-3.466756036 -0.50366572 0.7851935757)
(-2.581190135 0.9147009263 0.0119531988)
(-2.968236551 0.4476864912 0.5613365739)
(-2.758253394 0.04974821941 0.7158419758)
(-2.087424608 -1.476447995 0.04483743232)
(-2.407481096 -1.773023825 -0.3882122584)
(-3.520133818 -1.649550341 -0.8175060429)
(-3.820219114 -0.154920298 0.6486940416)
(-5.177504836 -0.4601080604 0.07233367365)
(-5.340920984 1.322188459 -1.323408954)
(-3.309189846 -1.487275119 0.8644069037)
(-3.989646626 0.8830598176 0.2770526907)
(-5.651519832 -0.07083308503 1.811544678)
(-3.684996881 -0.8738893003 -0.5812408131)
(-4.426192483 0.7403901248 0.5378561529)
(-2.861107944 -0.1176933938 1.097139438)
(-2.876198988 0.6057537209 -0.8681868121)
(-2.862751913 0.5264681917 -0.05617923304)
(-2.343483033 -1.447603298 -0.4584191618)
(-2.845817717 -0.3672537974 -0.1881719995)
(-3.82624211 -0.08548219317 0.2195028947)
(-3.616600383 -0.09785121683 -0.1835408498)
(-3.13777255 0.9357794906 -0.5270090749)
(-2.534502945 -0.6439675191 0.5405997541)
(-3.298882775 0.3314880592 0.2304766869)
(-2.976136042 -1.156904697 1.500273595)
(-4.622161797 0.6839888001 0.03212951356)
(-5.524338904 0.6491594816 0.148773907)
(-4.027866714 -0.5227576341 -0.1945035585)
(-3.095037286 0.5184763052 1.087238034)
(-2.746429494 -0.1045618378 -1.541225188)
(-4.72244175 0.09063226807 -0.6625238166)
(-4.646807331 0.004032611451 0.1132567773)
(-3.548670005 -0.8768302732 0.5021754814)
(-3.909460235 -0.7169232377 -0.5702125214)
(-4.325025511 0.3899755497 -0.2911341526)
(-3.854848973 -0.4709118671 0.6358664435)
(-2.977000647 -1.080290145 1.142540934)
(-2.974395471 2.026399385 -0.974046986)
(-4.649664988 0.9389616923 0.4152878411)
(-3.493933223 1.847665024 0.2374714)
(-2.270950453 -0.3260625034 -0.01469624804)
(-2.770180984 -0.6512132648 -1.903588788)
(-2.067161384 0.4991135661 -0.4301063989)
(-4.362154983 -0.6970686054 0.5397527876)
(-3.309616211 -0.3807361033 -0.25522023)
(-3.297561135 -1.282644754 0.9655449557)
(-2.401869025 0.9797542591 -0.2518929595)
(-2.66074029 0.935133089 -0.5481408961)
(-4.053295135 -0.3926616758 1.27891545)
(-3.0810493 0.5779883471 -0.2120399046)
(-2.113853424 -1.069133743 0.8618838782)
(-2.404210495 -1.985000336 -1.077247877)
(-2.650873548 -0.9147253707 -0.6306798141)
(-3.374179071 0.8238917368 -0.2327157413)
(-3.189297453 0.4408224014 0.1116699604)
(-3.258446173 0.6640060457 -0.4478698079)
(-2.416859407 0.2954283397 0.163986515)
(-3.246823212 0.8296160754 -0.3042440378)
(-3.22371387 -1.614024237 0.05377410401)
(-1.918471049 -0.8190379129 0.3571830476)
(-1.560455542 0.03042821108 0.1349668945)
(-3.094053615 0.1860893126 0.5005332974)
(-3.352100455 0.8159019257 -0.3287003691)
(-1.411819935 0.06271635803 -0.4266360017)
(-1.980768922 0.8113694349 -0.7877140615)
(-2.501096851 0.3152187946 1.00721844)
(-2.948654112 -0.4845375402 -0.9284978292)
(-3.038925499 0.6494560129 0.5071635295)
(-3.296743817 -0.3532024865 0.6103925574)
(-1.663969361 -0.5579293751 -0.04276597711)
(-2.149421547 -0.7199876553 0.4047472683)
(-1.373595895 -0.1162851932 -0.5753633312)
(-1.95539797 0.1725181641 -0.02754805929)
(-0.8332462258 0.3390830792 -0.2858874384)
(-1.389464396 -1.173708008 0.2708028974)
(-2.037967357 0.07978208111 0.2853479537)
(-2.118890972 -1.135039979 0.2405581558)
(-2.330538814 0.6343937738 0.4780468664)
(-145.2750192 -1.931144375 -1.32125126)
(-105.5297243 -3.87391972 2.362439732)
(-95.01033837 -3.964046431 -3.61118079)
(-75.7851634 -4.712188576 4.972543612)
(-66.99938224 5.571937324 0.1484217465)
(-57.83002001 -0.1743162244 -1.61630213)
(-49.88802057 -1.603637279 1.639489901)
(-43.49275457 -0.6544342825 -1.020726614)
(-41.7290282 -0.5943356698 4.240983917)
(-40.18955923 -2.558725847 -3.953405839)
(-36.12806571 -2.628770406 4.63191917)
(-35.21500448 -0.1827681443 0.1373398885)
(-30.90909505 2.305793358 -1.336299175)
(-26.84019487 0.8130934455 0.2326308465)
(-25.44891053 1.641975267 -1.836996079)
(-20.3211739 0.3731730758 5.590692804)
(-19.79914047 0.3498402933 -1.701838025)
(-20.96535417 -5.00098778 2.452459005)
(-18.76659386 -0.3632597789 2.2603919)
(-22.65927187 -0.07806808911 1.627715489)
(-20.45251279 2.800297954 1.851456754)
(-16.16580969 0.9674618165 1.868583358)
(-18.07887319 -2.887959677 -0.590626198)
(-18.41097758 0.2356038838 -1.461711427)
(-16.80384397 -0.07619591611 -3.54598427)
(-16.50939745 -0.8215195252 0.8780742138)
(-16.70953396 -0.1250911663 0.3067389834)
(-15.63357965 3.006986721 2.228877355)
(-15.73669268 -0.3189116403 -2.074249143)
(-15.23287176 -3.072798166 -0.3479420646)
(-15.54985373 0.619240499 -0.3716225976)
(-14.03970822 0.7949259522 -2.155507156)
(-14.5003463 0.6388361288 -0.7935178774)
(-14.19153102 0.1890628742 2.84116156)
(-13.71311058 1.802434252 -1.220567227)
(-10.53726664 0.843308957 0.6619396358)
(-10.60924258 -1.788708044 0.3004980591)
(-10.2215914 1.207013865 -0.1188830387)
(-6.845150885 -3.191857926 -2.160227036)
(-9.619164587 -0.1937306429 -2.187937897)
(-10.7453312 -0.7292999815 1.792539513)
(-9.872432664 -1.367186138 -2.948918351)
(-10.45804034 1.22635798 0.2331931748)
(-10.31430408 -0.02000338879 -0.9178451494)
(-10.57753241 -1.080277617 1.30391594)
(-11.7568247 0.3498888576 1.011894014)
(-10.31149208 1.180038698 -1.367343045)
(-9.15834106 1.120615171 -0.1782273217)
(-11.73189092 0.04754505292 -0.9608238651)
(-9.099202255 -0.9124926061 0.5120915238)
(-9.308522627 2.688518084 -0.1334715803)
(-5.897108575 0.6703189537 -0.156741503)
(-6.465139245 -0.4044649044 1.124668516)
(-5.475734024 -0.4279713412 1.172615363)
(-6.265675853 0.8029036926 2.518897367)
(-4.433264911 0.9579028503 0.0971089167)
(-5.308047733 -0.2961825684 -0.004669181905)
(-7.988565406 -0.7282467095 -0.1031087853)
(-8.304155074 0.404560835 1.641170583)
(-6.54293317 0.8159879476 -0.7154078186)
(-6.070106316 -1.84988588 1.665086897)
(-6.548710884 0.07993856851 1.04781004)
(-5.604019358 1.315265064 -0.3628016911)
(-5.231416148 -0.8312579005 -0.02317799649)
(-5.899186361 -0.7068592225 -0.7554365275)
(-5.106576126 -0.5045111513 -0.8621481776)
(-5.901056363 1.544094277 1.179896751)
(-8.946940363 -1.941998694 0.6317498295)
(-6.801487373 2.301207488 -1.239610773)
(-7.790003708 -1.478769141 -0.4355609821)
(-8.904720237 0.08418654594 0.1901409252)
(-6.791530357 1.722033144 0.416706649)
(-6.488417071 -1.135008594 0.4711324127)
(-6.184606606 -0.0218023813 -1.429264428)
(-5.566896026 1.054552048 0.1839052414)
(-4.279531973 0.8203372235 -0.8046198439)
(-6.255857855 -0.1732754941 -1.478839342)
(-5.00888057 -0.05557749348 -1.191163442)
(-6.249063685 0.3798057068 0.5558520877)
(-7.180772881 -0.8446323315 0.8214318517)
(-3.74762815 1.804252523 -0.2605811595)
(-5.977649476 -0.2310491364 -1.507522732)
(-6.859581768 -0.04381555792 0.5972463606)
(-7.283520374 0.6793890632 -0.1616590238)
(-5.525427957 0.5877665132 -0.751540352)
(-5.390924924 -0.5577852746 1.331920006)
(-4.242374638 2.003891462 -0.6411172824)
(-1.887877538 1.147449349 0.5247594716)
(-4.184827946 -2.418068785 -1.121975015)
(-5.636961889 0.367714413 0.3117704832)
(-3.166919842 -0.7378422397 -1.076707936)
(-3.903436865 -0.0965035842 0.2884229816)
(-3.399239183 1.733605903 -1.357539035)
(-2.449704025 0.77367498 -0.3125603207)
(-3.371554927 -1.751373987 -0.8465774321)
(-4.401613741 0.06209109501 0.4814371004)
(-4.336985913 0.4230969153 0.1561715429)
(-1.993179506 -0.2133329608 -0.5819627939)
(-1.413310644 1.265433192 0.001335978362)
(-3.036104482 -0.9263181421 0.4667795921)
(-4.843912266 -0.5243532541 0.1273903572)
(-4.72941166 0.2944844179 -0.5359731034)
(-5.363747526 1.287795569 0.7845954574)
(-5.451174727 0.002260436418 1.317360975)
(-5.274481332 1.186652668 -1.161965777)
(-5.515221432 -0.741788895 0.6502284003)
(-6.215381846 0.2980943979 0.3004246712)
(-4.506346979 1.210565924 -0.07770681412)
(-2.495124203 0.2033530993 1.463431028)
(-4.545068471 -0.5525610876 -0.880738279)
(-4.623572956 -0.04651107985 0.7240411744)
(-4.396124846 -1.400774259 0.9115828113)
(-4.515579042 1.862626929 -0.02070836608)
(-4.047178286 0.3950506159 -0.8003556861)
(-2.224805571 1.32275457 0.5003996295)
(-2.163197249 -0.3318962471 0.09588246971)
(-3.521900325 0.3772979284 0.5835102492)
(-2.792252745 0.5593739119 0.4846957455)
(-3.760362538 -0.2985205445 0.6381915303)
(-3.031403573 0.04502316994 -0.6242659937)
(-3.740814956 0.517816804 0.3539185245)
(-3.565164165 0.2793860977 -1.126135849)
(-3.942711617 0.2566359105 0.5490685733)
(-3.25569282 -0.4234859551 0.3857939232)
(-2.401478183 2.211812472 -0.5727588742)
(-3.151650693 -0.7898520875 -0.01533540461)
(-3.39564022 0.1645074979 -0.07399995434)
(-3.676675237 -0.2766901863 -0.1158826442)
(-4.72722203 -0.4695726104 -0.6664568296)
(-4.337544263 -0.08626239215 0.5559088442)
(-3.255816979 0.7225431851 1.214008371)
(-3.427788604 -0.2692680139 0.2191484331)
(-2.985169509 1.017253775 -0.2437900162)
(-2.964103557 -0.9945039324 -0.2296529134)
(-5.263953755 0.4741990479 -1.451371452)
(-2.989213301 0.3775422064 -1.208909022)
(-3.81524808 0.2879867879 0.1393390662)
(-4.001757815 0.1068336673 -0.7554277371)
(-2.153928073 2.167864138 -1.733132092)
(-2.333444879 -1.347839467 -0.5230150306)
(-4.349932565 -0.2824926246 -0.4618126824)
(-3.828451187 0.5617571202 -0.7593094058)
(-2.489827327 0.01159077512 0.7055918732)
(-3.942409547 -0.6171888217 0.2670450617)
(-2.525285535 -0.2923129561 -1.314719104)
(-3.593912728 0.4335935463 0.0766337811)
(-3.238275359 0.4576824595 -0.6007663517)
(-3.617630356 -0.453471003 -0.8749071137)
(-2.23532594 1.602090595 -0.3142646327)
(-3.287333905 -0.2595724894 -0.307520831)
(-3.140262353 -0.7120512124 -0.9286959045)
(-4.071010233 0.6798210676 0.6962316549)
(-2.039246606 0.4189653512 -0.01872455514)
(-1.927447802 0.4096656031 0.09728187984)
(-2.522972591 -1.418019924 0.124789079)
(-4.711156305 -0.07996099056 -0.1916686451)
(-3.312039116 -0.3850230297 0.3826405873)
(-4.102715537 -0.4194798733 -1.434400548)
(-4.646389675 -0.8835361445 0.3028146948)
(-3.984252988 0.9647445952 0.08203433155)
(-2.318281147 0.7722639427 -0.01663772141)
(-1.45497421 -0.1914848244 0.1662700743)
(-1.498418918 -0.2024491204 -0.1852662259)
(-2.535865335 0.361028399 0.9465607333)
(-2.16431485 0.4247066573 0.7676968244)
(-1.336167725 -0.6186410775 -0.3967864151)
(-2.460765974 -0.06601336606 -1.071115621)
(-2.432246992 -0.4581597519 0.3459729447)
(-2.686327845 -0.2013322185 -1.284140987)
(-2.104316651 0.2812766204 0.9893001557)
(-0.985486449 -0.02459729719 -0.2373224386)
(-0.8119981132 0.9919320437 -1.029947098)
(-1.774779868 -1.58024326 -0.094404196)
(-3.225247132 -0.09849073509 -0.06587324995)
(-4.886200169 0.07871317708 -0.8634175061)
(-3.745459764 -0.9454984843 1.134310617)
(-3.69027954 -0.2374781734 0.4949462028)
(-2.630233246 1.084638969 -0.4509984455)
(-2.281426655 0.5363451396 0.8088079509)
(-1.678166704 1.064500277 -0.1269412031)
(-2.078518169 -0.2595793531 -0.2080589304)
(-2.632546204 -0.8643435721 -0.1635257965)
(-3.257713602 0.4666763269 -0.6733121643)
(-2.17200787 1.08485633 0.8376329175)
(-1.169195626 -0.1710737507 -0.2084294886)
(-1.556095644 0.05609130445 -0.5282868028)
(-1.259588557 0.546826164 -0.4836234913)
(-1.407268711 0.1952761615 1.40851736)
(-1.111001714 -0.5957522815 -0.4730357947)
(-0.6541200857 0.9222261329 0.5558423943)
(-0.6985948705 -0.8803115815 0.2409260169)
(-1.469092057 0.1237432537 -0.1948527383)
(-1.644901085 0.5610451911 -0.6382507342)
(-1.978840384 -0.03341029139 0.3902567308)
(-1.855790727 0.06985198966 0.1396130666)
(-1.694883302 1.062009836 -0.9969440671)
(-2.076583097 -1.143722493 0.123548842)
(-3.052162253 0.4101613856 -0.3597377993)
(-3.26051872 -0.2613511621 0.5712528902)
(-3.148867152 1.00420087 -0.385210802)
)
;

boundaryField
{
    bottom
    {
        type            calculated;
        value           nonuniform List<vector> 
200
(
(-141.2551869 -12.56068557 -5.963602314)
(-106.3092205 3.339203197 -5.037209355)
(-82.22278682 -0.5927355229 3.954210876)
(-63.8112132 -4.011491411 4.494008666)
(-58.24541204 3.851244675 0.9244447519)
(-52.88631887 2.883387342 -2.162101594)
(-48.95405653 -0.187098508 -3.002084054)
(-40.3725783 -8.055327305 1.427300467)
(-38.37914769 0.5312825703 5.04356066)
(-39.75215096 -2.251458011 -2.135218213)
(-30.64411622 -3.995832003 -1.798121868)
(-27.36105288 0.8052643349 -1.985270275)
(-28.92959937 1.703841403 0.8066952375)
(-35.58058216 0.5948691968 -1.730484836)
(-28.5985228 2.166842988 2.521780947)
(-27.46180243 -2.128740607 -4.683827041)
(-27.53442502 4.329348822 -2.921244003)
(-26.13221055 -4.281415426 2.568002384)
(-20.65978063 0.7023700282 2.777401667)
(-23.96040744 1.52813377 -0.946170824)
(-22.41756753 1.158726138 0.6690435701)
(-25.74081669 1.333151803 0.6418716459)
(-22.01437197 -2.952563074 -2.834019173)
(-18.19236434 -0.3834078411 1.641283458)
(-17.6507737 0.377700218 -1.438926842)
(-17.03630807 1.995420786 -1.544803307)
(-16.13253511 0.7451349251 3.164138978)
(-15.69446273 3.138867492 -4.010837688)
(-15.25367006 1.630203826 1.097242862)
(-14.32510557 0.06521883375 -0.4924739988)
(-16.43803714 -1.968727252 1.21454638)
(-15.55839821 -3.543774311 1.231599243)
(-9.621948928 -0.4749516004 0.6673761379)
(-9.602463002 1.722651182 -0.04744998427)
(-12.93239689 -0.01736091498 1.133118745)
(-13.19533329 1.609710134 0.8798040176)
(-13.53718222 -0.7821008338 1.840381379)
(-13.98216662 -0.1633223352 -0.7003792455)
(-13.0893124 -1.551835365 -1.434308172)
(-10.34389784 -0.5469814592 -1.102664969)
(-10.74865794 0.1982176604 1.334398066)
(-8.020105051 -0.07045766625 -0.605437503)
(-8.697538812 1.379602946 0.4978282437)
(-10.01142445 -0.2580359771 -1.531690612)
(-6.365331355 -1.151676103 1.991453644)
(-7.588005838 0.869365832 -2.849626532)
(-6.873414428 0.8298001469 -0.83292245)
(-8.175418702 1.670699898 -1.90023146)
(-7.21713738 0.3151992676 0.2960710535)
(-9.715039969 2.009702043 0.1943772127)
(-7.094761056 -1.426320118 1.545578898)
(-8.829266811 -0.318079507 1.186271977)
(-7.622405063 -1.946687551 1.365286557)
(-8.752953248 -0.6505524448 1.01471211)
(-8.880072843 1.175713499 -0.9468489363)
(-9.749911633 2.365416736 3.552841464)
(-9.575895651 -1.503065994 -0.5162017995)
(-9.596599587 -0.8711998045 0.4326115718)
(-7.191197884 -1.817607131 -0.2746238219)
(-6.291198911 0.5436687332 0.2689207353)
(-6.137788272 -0.9583193322 -0.5759925395)
(-5.6304173 1.888368062 -0.001383140009)
(-6.787305636 -0.6724215521 0.5883150607)
(-8.656505318 1.394986022 1.329623605)
(-8.39847233 0.8624469427 1.402303309)
(-8.75878903 0.09871256202 -0.4770095374)
(-6.410141768 -1.43300374 0.9070176155)
(-5.02270065 0.02620062288 1.281270085)
(-6.058865235 -0.16201251 1.124581024)
(-5.565510488 1.597218111 0.5434020476)
(-5.811137654 -0.4353549797 0.509834144)
(-6.952270461 -0.1099769049 -1.649593448)
(-4.92321844 0.1212065354 0.9802972906)
(-7.35428829 1.595383914 0.1893173014)
(-7.034154045 -0.1107106578 -0.5278918909)
(-7.01569229 -1.931814321 0.3962639277)
(-5.143132904 -1.847206448 1.490689859)
(-5.694466556 1.021810325 1.215397915)
(-3.447780885 -0.5888290811 1.63629038)
(-5.286845986 -0.4785949179 0.3893592344)
(-5.010023275 -0.3066741957 -1.312340382)
(-3.506616594 0.583545385 1.086949668)
(-3.493796283 1.404496023 -1.346719225)
(-4.989363289 -0.2782621033 -0.3887464862)
(-4.302702978 -0.7489986981 1.099876667)
(-4.567333062 0.05696567607 -0.1947175731)
(-5.574602919 1.368657215 -0.002876340449)
(-6.298444047 0.2946145802 -0.2026944764)
(-6.117810064 -0.4946963325 -1.389206283)
(-6.163124745 -1.147158948 1.812860856)
(-4.545816054 0.08987280512 1.257088287)
(-5.25103253 1.181956377 -0.7716823454)
(-5.778805511 0.1871706921 1.344833035)
(-7.754514188 0.3581509435 -1.659781151)
(-6.266653638 -0.3620759244 1.299651133)
(-8.043308222 0.02009636914 -0.5932908577)
(-7.078428207 -0.7758669144 -0.4321556883)
(-6.164874274 0.1983969869 -0.7169336089)
(-4.854978959 0.8545234534 0.6911766998)
(-4.870466723 0.1520151816 1.746324337)
(-4.151523589 -0.4834235638 -1.041698462)
(-4.915346927 -0.5407705784 1.135504518)
(-3.99022749 -0.5373542616 0.1291869449)
(-4.63048214 1.442080415 -0.4299119691)
(-4.777110795 -1.731168292 -0.1960167874)
(-5.395405482 0.7363448819 2.769656669)
(-4.378281634 -1.985117714 1.233522509)
(-3.082767479 -0.1072761682 -0.4007223509)
(-2.538776517 -1.654698973 -0.2745638118)
(-3.655061385 1.988847371 0.693637553)
(-6.892964812 -0.2990857954 0.6761412836)
(-6.349818625 -1.050639292 0.0239952358)
(-5.008617398 -0.1796969457 0.2537270065)
(-4.571993273 -1.566743703 -0.5406448882)
(-2.601691116 -0.7485797798 0.5239162402)
(-4.075337929 1.956721817 -0.1483225677)
(-4.748516129 0.716505692 1.135177933)
(-5.285480624 1.141345038 -0.2098750736)
(-5.006917373 -0.4321507519 -0.0611523323)
(-4.207297199 -0.6794252215 -0.9976798899)
(-2.627638572 -2.035950409 -1.108969817)
(-0.9107570568 0.05247022253 0.3438978977)
(-1.599784182 1.352480227 -1.052412036)
(-3.899399162 1.103394375 -0.2442626342)
(-5.793303462 -0.3127953399 0.101996966)
(-4.066718588 -1.357899716 -0.08594316695)
(-2.404195551 0.3493644248 0.1697975207)
(-3.026401403 -0.525190576 -0.5080207967)
(-2.392904651 -0.1896701057 -0.2026118792)
(-1.791804289 -0.8518353899 -1.043396695)
(-1.780930741 0.7116563251 0.8106797708)
(-2.912461422 0.3343230372 -0.921786246)
(-2.818107128 0.3738478151 0.03576182355)
(-3.504770515 0.8908127459 -1.727148956)
(-3.141737664 0.9596753114 0.02559210963)
(-6.459861323 1.235662476 0.2943870773)
(-4.054304733 -1.306289703 0.2594746809)
(-4.513739655 0.1976642879 -0.658934926)
(-5.259178148 -0.6131516011 -0.01975071735)
(-4.50284587 -0.665971312 0.1218230594)
(-4.197849328 0.3482856548 1.083669512)
(-3.779793821 -0.03178107415 -1.761895934)
(-3.924510517 1.366672133 0.2913358413)
(-4.333109376 -0.305616208 -0.680664067)
(-3.111835151 -0.4742138109 0.1182978002)
(-4.133158741 -0.1270817501 -0.08079569213)
(-2.50923543 0.1388978724 0.198340724)
(-2.511764764 0.1629818944 -0.6388018075)
(-2.424738869 0.2653831898 -0.9366670127)
(-1.25996999 -0.5215152482 -2.474588081)
(-2.847637693 -0.2974522858 -0.09101838966)
(-2.213744983 -0.8909444928 -0.4866726265)
(-0.07492909425 -0.08927751321 -0.1076612518)
(-1.547769969 0.4583690497 -0.05755569943)
(-2.279261303 0.8777274544 0.9769795101)
(-2.471582606 -0.491760891 -0.5899911937)
(-3.16993464 -0.5293984856 0.2169688698)
(-2.790416821 -0.2677786395 0.3489799582)
(-2.662553322 0.4942555093 -1.848317231)
(-2.959444209 0.8575111363 0.9233137672)
(-5.43518436 1.255951417 0.1446883474)
(-5.080476842 -0.8260082692 0.6991194516)
(-2.978484848 -1.418151571 -0.8106150308)
(-2.346740846 0.8006297578 -0.5172512824)
(-2.615217598 -0.5043991158 1.492601231)
(-2.58503587 -0.6781258643 -0.4596328725)
(-3.505600042 0.7794527275 -0.5975049208)
(-1.926412555 -1.312470401 -0.7772265021)
(-0.8232999803 -0.9261058942 0.6726254043)
(-1.682582777 0.8354735081 -0.444412193)
(-2.790963104 0.5642883933 0.8382091254)
(-3.03995412 -1.157828396 -1.398899115)
(-3.412144289 -0.4324417681 0.5446021658)
(-2.268351502 -0.1082008538 0.05323668065)
(-1.74931812 -1.439758067 -0.3144832481)
(-1.201530329 0.1826140366 0.312234902)
(-0.4740475427 -0.1682575676 1.14606277)
(-1.998071268 1.091119006 -1.61776869)
(-2.141265853 0.06559609402 -0.4057944374)
(-1.74881471 -0.6886048809 0.8567695248)
(-1.730720314 1.032007892 0.1783888927)
(-3.104136941 1.119813689 -0.4666997469)
(-3.042880143 0.7934370042 -0.4102572542)
(-3.745160876 -1.359316968 0.05685387396)
(-3.239179158 1.238215832 0.1729367976)
(-3.907624301 0.4494012222 0.6423997718)
(-3.59497812 -0.9532616876 0.8966896228)
(-4.40822265 0.5940102699 -0.02145780933)
(-3.533203108 -0.2354441855 0.4582069792)
(-3.599921581 0.4435930477 0.6959291022)
(-3.461479315 0.655953355 0.5941318753)
(-3.153428953 0.525929924 0.552061534)
(-4.80446873 -0.09145266606 -1.092604564)
(-4.12930989 -0.957935731 0.007922026681)
(-3.385776899 0.3344146009 0.4225042127)
(-3.421240307 1.124306246 0.1612111315)
(-3.475598418 -0.6261389133 -0.03455761324)
(-1.598003635 -0.8271912709 0.3790779288)
(-2.284140665 -0.0926222355 -0.3023956623)
(-2.017895159 0.2054497545 -0.2781100162)
)
;
    }
    top
    {
        type            calculated;
        value           nonuniform List<vector> 
200
(
(-145.2750192 -1.931144375 -1.32125126)
(-105.5297243 -3.87391972 2.362439732)
(-95.01033837 -3.964046431 -3.61118079)
(-75.7851634 -4.712188576 4.972543612)
(-66.99938224 5.571937324 0.1484217465)
(-57.83002001 -0.1743162244 -1.61630213)
(-49.88802057 -1.603637279 1.639489901)
(-43.49275457 -0.6544342825 -1.020726614)
(-41.7290282 -0.5943356698 4.240983917)
(-40.18955923 -2.558725847 -3.953405839)
(-36.12806571 -2.628770406 4.63191917)
(-35.21500448 -0.1827681443 0.1373398885)
(-30.90909505 2.305793358 -1.336299175)
(-26.84019487 0.8130934455 0.2326308465)
(-25.44891053 1.641975267 -1.836996079)
(-20.3211739 0.3731730758 5.590692804)
(-19.79914047 0.3498402933 -1.701838025)
(-20.96535417 -5.00098778 2.452459005)
(-18.76659386 -0.3632597789 2.2603919)
(-22.65927187 -0.07806808911 1.627715489)
(-20.45251279 2.800297954 1.851456754)
(-16.16580969 0.9674618165 1.868583358)
(-18.07887319 -2.887959677 -0.590626198)
(-18.41097758 0.2356038838 -1.461711427)
(-16.80384397 -0.07619591611 -3.54598427)
(-16.50939745 -0.8215195252 0.8780742138)
(-16.70953396 -0.1250911663 0.3067389834)
(-15.63357965 3.006986721 2.228877355)
(-15.73669268 -0.3189116403 -2.074249143)
(-15.23287176 -3.072798166 -0.3479420646)
(-15.54985373 0.619240499 -0.3716225976)
(-14.03970822 0.7949259522 -2.155507156)
(-14.5003463 0.6388361288 -0.7935178774)
(-14.19153102 0.1890628742 2.84116156)
(-13.71311058 1.802434252 -1.220567227)
(-10.53726664 0.843308957 0.6619396358)
(-10.60924258 -1.788708044 0.3004980591)
(-10.2215914 1.207013865 -0.1188830387)
(-6.845150885 -3.191857926 -2.160227036)
(-9.619164587 -0.1937306429 -2.187937897)
(-10.7453312 -0.7292999815 1.792539513)
(-9.872432664 -1.367186138 -2.948918351)
(-10.45804034 1.22635798 0.2331931748)
(-10.31430408 -0.02000338879 -0.9178451494)
(-10.57753241 -1.080277617 1.30391594)
(-11.7568247 0.3498888576 1.011894014)
(-10.31149208 1.180038698 -1.367343045)
(-9.15834106 1.120615171 -0.1782273217)
(-11.73189092 0.04754505292 -0.9608238651)
(-9.099202255 -0.9124926061 0.5120915238)
(-9.308522627 2.688518084 -0.1334715803)
(-5.897108575 0.6703189537 -0.156741503)
(-6.465139245 -0.4044649044 1.124668516)
(-5.475734024 -0.4279713412 1.172615363)
(-6.265675853 0.8029036926 2.518897367)
(-4.433264911 0.9579028503 0.0971089167)
(-5.308047733 -0.2961825684 -0.004669181905)
(-7.988565406 -0.7282467095 -0.1031087853)
(-8.304155074 0.404560835 1.641170583)
(-6.54293317 0.8159879476 -0.7154078186)
(-6.070106316 -1.84988588 1.665086897)
(-6.548710884 0.07993856851 1.04781004)
(-5.604019358 1.315265064 -0.3628016911)
(-5.231416148 -0.8312579005 -0.02317799649)
(-5.899186361 -0.7068592225 -0.7554365275)
(-5.106576126 -0.5045111513 -0.8621481776)
(-5.901056363 1.544094277 1.179896751)
(-8.946940363 -1.941998694 0.6317498295)
(-6.801487373 2.301207488 -1.239610773)
(-7.790003708 -1.478769141 -0.4355609821)
(-8.904720237 0.08418654594 0.1901409252)
(-6.791530357 1.722033144 0.416706649)
(-6.488417071 -1.135008594 0.4711324127)
(-6.184606606 -0.0218023813 -1.429264428)
(-5.566896026 1.054552048 0.1839052414)
(-4.279531973 0.8203372235 -0.8046198439)
(-6.255857855 -0.1732754941 -1.478839342)
(-5.00888057 -0.05557749348 -1.191163442)
(-6.249063685 0.3798057068 0.5558520877)
(-7.180772881 -0.8446323315 0.8214318517)
(-3.74762815 1.804252523 -0.2605811595)
(-5.977649476 -0.2310491364 -1.507522732)
(-6.859581768 -0.04381555792 0.5972463606)
(-7.283520374 0.6793890632 -0.1616590238)
(-5.525427957 0.5877665132 -0.751540352)
(-5.390924924 -0.5577852746 1.331920006)
(-4.242374638 2.003891462 -0.6411172824)
(-1.887877538 1.147449349 0.5247594716)
(-4.184827946 -2.418068785 -1.121975015)
(-5.636961889 0.367714413 0.3117704832)
(-3.166919842 -0.7378422397 -1.076707936)
(-3.903436865 -0.0965035842 0.2884229816)
(-3.399239183 1.733605903 -1.357539035)
(-2.449704025 0.77367498 -0.3125603207)
(-3.371554927 -1.751373987 -0.8465774321)
(-4.401613741 0.06209109501 0.4814371004)
(-4.336985913 0.4230969153 0.1561715429)
(-1.993179506 -0.2133329608 -0.5819627939)
(-1.413310644 1.265433192 0.001335978362)
(-3.036104482 -0.9263181421 0.4667795921)
(-4.843912266 -0.5243532541 0.1273903572)
(-4.72941166 0.2944844179 -0.5359731034)
(-5.363747526 1.287795569 0.7845954574)
(-5.451174727 0.002260436418 1.317360975)
(-5.274481332 1.186652668 -1.161965777)
(-5.515221432 -0.741788895 0.6502284003)
(-6.215381846 0.2980943979 0.3004246712)
(-4.506346979 1.210565924 -0.07770681412)
(-2.495124203 0.2033530993 1.463431028)
(-4.545068471 -0.5525610876 -0.880738279)
(-4.623572956 -0.04651107985 0.7240411744)
(-4.396124846 -1.400774259 0.9115828113)
(-4.515579042 1.862626929 -0.02070836608)
(-4.047178286 0.3950506159 -0.8003556861)
(-2.224805571 1.32275457 0.5003996295)
(-2.163197249 -0.3318962471 0.09588246971)
(-3.521900325 0.3772979284 0.5835102492)
(-2.792252745 0.5593739119 0.4846957455)
(-3.760362538 -0.2985205445 0.6381915303)
(-3.031403573 0.04502316994 -0.6242659937)
(-3.740814956 0.517816804 0.3539185245)
(-3.565164165 0.2793860977 -1.126135849)
(-3.942711617 0.2566359105 0.5490685733)
(-3.25569282 -0.4234859551 0.3857939232)
(-2.401478183 2.211812472 -0.5727588742)
(-3.151650693 -0.7898520875 -0.01533540461)
(-3.39564022 0.1645074979 -0.07399995434)
(-3.676675237 -0.2766901863 -0.1158826442)
(-4.72722203 -0.4695726104 -0.6664568296)
(-4.337544263 -0.08626239215 0.5559088442)
(-3.255816979 0.7225431851 1.214008371)
(-3.427788604 -0.2692680139 0.2191484331)
(-2.985169509 1.017253775 -0.2437900162)
(-2.964103557 -0.9945039324 -0.2296529134)
(-5.263953755 0.4741990479 -1.451371452)
(-2.989213301 0.3775422064 -1.208909022)
(-3.81524808 0.2879867879 0.1393390662)
(-4.001757815 0.1068336673 -0.7554277371)
(-2.153928073 2.167864138 -1.733132092)
(-2.333444879 -1.347839467 -0.5230150306)
(-4.349932565 -0.2824926246 -0.4618126824)
(-3.828451187 0.5617571202 -0.7593094058)
(-2.489827327 0.01159077512 0.7055918732)
(-3.942409547 -0.6171888217 0.2670450617)
(-2.525285535 -0.2923129561 -1.314719104)
(-3.593912728 0.4335935463 0.0766337811)
(-3.238275359 0.4576824595 -0.6007663517)
(-3.617630356 -0.453471003 -0.8749071137)
(-2.23532594 1.602090595 -0.3142646327)
(-3.287333905 -0.2595724894 -0.307520831)
(-3.140262353 -0.7120512124 -0.9286959045)
(-4.071010233 0.6798210676 0.6962316549)
(-2.039246606 0.4189653512 -0.01872455514)
(-1.927447802 0.4096656031 0.09728187984)
(-2.522972591 -1.418019924 0.124789079)
(-4.711156305 -0.07996099056 -0.1916686451)
(-3.312039116 -0.3850230297 0.3826405873)
(-4.102715537 -0.4194798733 -1.434400548)
(-4.646389675 -0.8835361445 0.3028146948)
(-3.984252988 0.9647445952 0.08203433155)
(-2.318281147 0.7722639427 -0.01663772141)
(-1.45497421 -0.1914848244 0.1662700743)
(-1.498418918 -0.2024491204 -0.1852662259)
(-2.535865335 0.361028399 0.9465607333)
(-2.16431485 0.4247066573 0.7676968244)
(-1.336167725 -0.6186410775 -0.3967864151)
(-2.460765974 -0.06601336606 -1.071115621)
(-2.432246992 -0.4581597519 0.3459729447)
(-2.686327845 -0.2013322185 -1.284140987)
(-2.104316651 0.2812766204 0.9893001557)
(-0.985486449 -0.02459729719 -0.2373224386)
(-0.8119981132 0.9919320437 -1.029947098)
(-1.774779868 -1.58024326 -0.094404196)
(-3.225247132 -0.09849073509 -0.06587324995)
(-4.886200169 0.07871317708 -0.8634175061)
(-3.745459764 -0.9454984843 1.134310617)
(-3.69027954 -0.2374781734 0.4949462028)
(-2.630233246 1.084638969 -0.4509984455)
(-2.281426655 0.5363451396 0.8088079509)
(-1.678166704 1.064500277 -0.1269412031)
(-2.078518169 -0.2595793531 -0.2080589304)
(-2.632546204 -0.8643435721 -0.1635257965)
(-3.257713602 0.4666763269 -0.6733121643)
(-2.17200787 1.08485633 0.8376329175)
(-1.169195626 -0.1710737507 -0.2084294886)
(-1.556095644 0.05609130445 -0.5282868028)
(-1.259588557 0.546826164 -0.4836234913)
(-1.407268711 0.1952761615 1.40851736)
(-1.111001714 -0.5957522815 -0.4730357947)
(-0.6541200857 0.9222261329 0.5558423943)
(-0.6985948705 -0.8803115815 0.2409260169)
(-1.469092057 0.1237432537 -0.1948527383)
(-1.644901085 0.5610451911 -0.6382507342)
(-1.978840384 -0.03341029139 0.3902567308)
(-1.855790727 0.06985198966 0.1396130666)
(-1.694883302 1.062009836 -0.9969440671)
(-2.076583097 -1.143722493 0.123548842)
(-3.052162253 0.4101613856 -0.3597377993)
(-3.26051872 -0.2613511621 0.5712528902)
(-3.148867152 1.00420087 -0.385210802)
)
;
    }
    inlet
    {
        type            calculated;
        value           nonuniform List<vector> 5((-141.2551869 -12.56068557 -5.963602314) (-142.6740444 1.500829499 -0.03581517077) (-148.728627 -5.571825274 -2.286437327) (-150.558356 5.613552511 -3.565365561) (-145.2750192 -1.931144375 -1.32125126));
    }
    outlet
    {
        type            calculated;
        value           nonuniform List<vector> 5((-2.017895159 0.2054497545 -0.2781100162) (-1.995600142 -1.055175568 -0.1820912729) (-2.865001471 0.9921802068 -0.3280544654) (-2.330538814 0.6343937738 0.4780468664) (-3.148867152 1.00420087 -0.385210802));
    }
    back
    {
        type            symmetry;
    }
    front
    {
        type            symmetry;
    }
}


// ************************************************************************* //
