/*--------------------------------*- C++ -*----------------------------------*\
| =========                 |                                                 |
| \\      /  F ield         | OpenFOAM: The Open Source CFD Toolbox           |
|  \\    /   O peration     | Version:  v1706                                 |
|   \\  /    A nd           | Web:      www.OpenFOAM.com                      |
|    \\/     M anipulation  |                                                 |
\*---------------------------------------------------------------------------*/
FoamFile
{
    version     2.0;
    format      ascii;
    class       faceList;
    location    "constant/polyMesh";
    object      faces;
}
// * * * * * * * * * * * * * * * * * * * * * * * * * * * * * * * * * * * * * //


1281
(
4(1 258 772 515)
4(2 259 773 516)
4(3 260 774 517)
4(4 261 775 518)
4(5 262 776 519)
4(6 263 777 520)
4(7 264 778 521)
4(8 265 779 522)
4(9 266 780 523)
4(10 267 781 524)
4(11 268 782 525)
4(12 269 783 526)
4(13 270 784 527)
4(14 271 785 528)
4(15 272 786 529)
4(16 273 787 530)
4(17 274 788 531)
4(18 275 789 532)
4(19 276 790 533)
4(20 277 791 534)
4(21 278 792 535)
4(22 279 793 536)
4(23 280 794 537)
4(24 281 795 538)
4(25 282 796 539)
4(26 283 797 540)
4(27 284 798 541)
4(28 285 799 542)
4(29 286 800 543)
4(30 287 801 544)
4(31 288 802 545)
4(32 289 803 546)
4(33 290 804 547)
4(34 291 805 548)
4(35 292 806 549)
4(36 293 807 550)
4(37 294 808 551)
4(38 295 809 552)
4(39 296 810 553)
4(40 297 811 554)
4(41 298 812 555)
4(42 299 813 556)
4(43 300 814 557)
4(44 301 815 558)
4(45 302 816 559)
4(46 303 817 560)
4(47 304 818 561)
4(48 305 819 562)
4(49 306 820 563)
4(50 307 821 564)
4(51 308 822 565)
4(52 309 823 566)
4(53 310 824 567)
4(54 311 825 568)
4(55 312 826 569)
4(56 313 827 570)
4(57 314 828 571)
4(58 315 829 572)
4(59 316 830 573)
4(60 317 831 574)
4(61 318 832 575)
4(62 319 833 576)
4(63 320 834 577)
4(64 321 835 578)
4(65 322 836 579)
4(66 323 837 580)
4(67 324 838 581)
4(68 325 839 582)
4(69 326 840 583)
4(70 327 841 584)
4(71 328 842 585)
4(72 329 843 586)
4(73 330 844 587)
4(74 331 845 588)
4(75 332 846 589)
4(76 333 847 590)
4(77 334 848 591)
4(78 335 849 592)
4(79 336 850 593)
4(80 337 851 594)
4(81 338 852 595)
4(82 339 853 596)
4(83 340 854 597)
4(84 341 855 598)
4(85 342 856 599)
4(86 343 857 600)
4(87 344 858 601)
4(88 345 859 602)
4(89 346 860 603)
4(90 347 861 604)
4(91 348 862 605)
4(92 349 863 606)
4(93 350 864 607)
4(94 351 865 608)
4(95 352 866 609)
4(96 353 867 610)
4(97 354 868 611)
4(98 355 869 612)
4(99 356 870 613)
4(100 357 871 614)
4(101 358 872 615)
4(102 359 873 616)
4(103 360 874 617)
4(104 361 875 618)
4(105 362 876 619)
4(106 363 877 620)
4(107 364 878 621)
4(108 365 879 622)
4(109 366 880 623)
4(110 367 881 624)
4(111 368 882 625)
4(112 369 883 626)
4(113 370 884 627)
4(114 371 885 628)
4(115 372 886 629)
4(116 373 887 630)
4(117 374 888 631)
4(118 375 889 632)
4(119 376 890 633)
4(120 377 891 634)
4(121 378 892 635)
4(122 379 893 636)
4(123 380 894 637)
4(124 381 895 638)
4(125 382 896 639)
4(126 383 897 640)
4(127 384 898 641)
4(128 385 899 642)
4(129 386 900 643)
4(130 387 901 644)
4(131 388 902 645)
4(132 389 903 646)
4(133 390 904 647)
4(134 391 905 648)
4(135 392 906 649)
4(136 393 907 650)
4(137 394 908 651)
4(138 395 909 652)
4(139 396 910 653)
4(140 397 911 654)
4(141 398 912 655)
4(142 399 913 656)
4(143 400 914 657)
4(144 401 915 658)
4(145 402 916 659)
4(146 403 917 660)
4(147 404 918 661)
4(148 405 919 662)
4(149 406 920 663)
4(150 407 921 664)
4(151 408 922 665)
4(152 409 923 666)
4(153 410 924 667)
4(154 411 925 668)
4(155 412 926 669)
4(156 413 927 670)
4(157 414 928 671)
4(158 415 929 672)
4(159 416 930 673)
4(160 417 931 674)
4(161 418 932 675)
4(162 419 933 676)
4(163 420 934 677)
4(164 421 935 678)
4(165 422 936 679)
4(166 423 937 680)
4(167 424 938 681)
4(168 425 939 682)
4(169 426 940 683)
4(170 427 941 684)
4(171 428 942 685)
4(172 429 943 686)
4(173 430 944 687)
4(174 431 945 688)
4(175 432 946 689)
4(176 433 947 690)
4(177 434 948 691)
4(178 435 949 692)
4(179 436 950 693)
4(180 437 951 694)
4(181 438 952 695)
4(182 439 953 696)
4(183 440 954 697)
4(184 441 955 698)
4(185 442 956 699)
4(186 443 957 700)
4(187 444 958 701)
4(188 445 959 702)
4(189 446 960 703)
4(190 447 961 704)
4(191 448 962 705)
4(192 449 963 706)
4(193 450 964 707)
4(194 451 965 708)
4(195 452 966 709)
4(196 453 967 710)
4(197 454 968 711)
4(198 455 969 712)
4(199 456 970 713)
4(200 457 971 714)
4(201 458 972 715)
4(202 459 973 716)
4(203 460 974 717)
4(204 461 975 718)
4(205 462 976 719)
4(206 463 977 720)
4(207 464 978 721)
4(208 465 979 722)
4(209 466 980 723)
4(210 467 981 724)
4(211 468 982 725)
4(212 469 983 726)
4(213 470 984 727)
4(214 471 985 728)
4(215 472 986 729)
4(216 473 987 730)
4(217 474 988 731)
4(218 475 989 732)
4(219 476 990 733)
4(220 477 991 734)
4(221 478 992 735)
4(222 479 993 736)
4(223 480 994 737)
4(224 481 995 738)
4(225 482 996 739)
4(226 483 997 740)
4(227 484 998 741)
4(228 485 999 742)
4(229 486 1000 743)
4(230 487 1001 744)
4(231 488 1002 745)
4(232 489 1003 746)
4(233 490 1004 747)
4(234 491 1005 748)
4(235 492 1006 749)
4(236 493 1007 750)
4(237 494 1008 751)
4(238 495 1009 752)
4(239 496 1010 753)
4(240 497 1011 754)
4(241 498 1012 755)
4(242 499 1013 756)
4(243 500 1014 757)
4(244 501 1015 758)
4(245 502 1016 759)
4(246 503 1017 760)
4(247 504 1018 761)
4(248 505 1019 762)
4(249 506 1020 763)
4(250 507 1021 764)
4(251 508 1022 765)
4(252 509 1023 766)
4(253 510 1024 767)
4(254 511 1025 768)
4(255 512 1026 769)
4(0 514 771 257)
4(0 1 515 514)
4(1 2 516 515)
4(2 3 517 516)
4(3 4 518 517)
4(4 5 519 518)
4(5 6 520 519)
4(6 7 521 520)
4(7 8 522 521)
4(8 9 523 522)
4(9 10 524 523)
4(10 11 525 524)
4(11 12 526 525)
4(12 13 527 526)
4(13 14 528 527)
4(14 15 529 528)
4(15 16 530 529)
4(16 17 531 530)
4(17 18 532 531)
4(18 19 533 532)
4(19 20 534 533)
4(20 21 535 534)
4(21 22 536 535)
4(22 23 537 536)
4(23 24 538 537)
4(24 25 539 538)
4(25 26 540 539)
4(26 27 541 540)
4(27 28 542 541)
4(28 29 543 542)
4(29 30 544 543)
4(30 31 545 544)
4(31 32 546 545)
4(32 33 547 546)
4(33 34 548 547)
4(34 35 549 548)
4(35 36 550 549)
4(36 37 551 550)
4(37 38 552 551)
4(38 39 553 552)
4(39 40 554 553)
4(40 41 555 554)
4(41 42 556 555)
4(42 43 557 556)
4(43 44 558 557)
4(44 45 559 558)
4(45 46 560 559)
4(46 47 561 560)
4(47 48 562 561)
4(48 49 563 562)
4(49 50 564 563)
4(50 51 565 564)
4(51 52 566 565)
4(52 53 567 566)
4(53 54 568 567)
4(54 55 569 568)
4(55 56 570 569)
4(56 57 571 570)
4(57 58 572 571)
4(58 59 573 572)
4(59 60 574 573)
4(60 61 575 574)
4(61 62 576 575)
4(62 63 577 576)
4(63 64 578 577)
4(64 65 579 578)
4(65 66 580 579)
4(66 67 581 580)
4(67 68 582 581)
4(68 69 583 582)
4(69 70 584 583)
4(70 71 585 584)
4(71 72 586 585)
4(72 73 587 586)
4(73 74 588 587)
4(74 75 589 588)
4(75 76 590 589)
4(76 77 591 590)
4(77 78 592 591)
4(78 79 593 592)
4(79 80 594 593)
4(80 81 595 594)
4(81 82 596 595)
4(82 83 597 596)
4(83 84 598 597)
4(84 85 599 598)
4(85 86 600 599)
4(86 87 601 600)
4(87 88 602 601)
4(88 89 603 602)
4(89 90 604 603)
4(90 91 605 604)
4(91 92 606 605)
4(92 93 607 606)
4(93 94 608 607)
4(94 95 609 608)
4(95 96 610 609)
4(96 97 611 610)
4(97 98 612 611)
4(98 99 613 612)
4(99 100 614 613)
4(100 101 615 614)
4(101 102 616 615)
4(102 103 617 616)
4(103 104 618 617)
4(104 105 619 618)
4(105 106 620 619)
4(106 107 621 620)
4(107 108 622 621)
4(108 109 623 622)
4(109 110 624 623)
4(110 111 625 624)
4(111 112 626 625)
4(112 113 627 626)
4(113 114 628 627)
4(114 115 629 628)
4(115 116 630 629)
4(116 117 631 630)
4(117 118 632 631)
4(118 119 633 632)
4(119 120 634 633)
4(120 121 635 634)
4(121 122 636 635)
4(122 123 637 636)
4(123 124 638 637)
4(124 125 639 638)
4(125 126 640 639)
4(126 127 641 640)
4(127 128 642 641)
4(128 129 643 642)
4(129 130 644 643)
4(130 131 645 644)
4(131 132 646 645)
4(132 133 647 646)
4(133 134 648 647)
4(134 135 649 648)
4(135 136 650 649)
4(136 137 651 650)
4(137 138 652 651)
4(138 139 653 652)
4(139 140 654 653)
4(140 141 655 654)
4(141 142 656 655)
4(142 143 657 656)
4(143 144 658 657)
4(144 145 659 658)
4(145 146 660 659)
4(146 147 661 660)
4(147 148 662 661)
4(148 149 663 662)
4(149 150 664 663)
4(150 151 665 664)
4(151 152 666 665)
4(152 153 667 666)
4(153 154 668 667)
4(154 155 669 668)
4(155 156 670 669)
4(156 157 671 670)
4(157 158 672 671)
4(158 159 673 672)
4(159 160 674 673)
4(160 161 675 674)
4(161 162 676 675)
4(162 163 677 676)
4(163 164 678 677)
4(164 165 679 678)
4(165 166 680 679)
4(166 167 681 680)
4(167 168 682 681)
4(168 169 683 682)
4(169 170 684 683)
4(170 171 685 684)
4(171 172 686 685)
4(172 173 687 686)
4(173 174 688 687)
4(174 175 689 688)
4(175 176 690 689)
4(176 177 691 690)
4(177 178 692 691)
4(178 179 693 692)
4(179 180 694 693)
4(180 181 695 694)
4(181 182 696 695)
4(182 183 697 696)
4(183 184 698 697)
4(184 185 699 698)
4(185 186 700 699)
4(186 187 701 700)
4(187 188 702 701)
4(188 189 703 702)
4(189 190 704 703)
4(190 191 705 704)
4(191 192 706 705)
4(192 193 707 706)
4(193 194 708 707)
4(194 195 709 708)
4(195 196 710 709)
4(196 197 711 710)
4(197 198 712 711)
4(198 199 713 712)
4(199 200 714 713)
4(200 201 715 714)
4(201 202 716 715)
4(202 203 717 716)
4(203 204 718 717)
4(204 205 719 718)
4(205 206 720 719)
4(206 207 721 720)
4(207 208 722 721)
4(208 209 723 722)
4(209 210 724 723)
4(210 211 725 724)
4(211 212 726 725)
4(212 213 727 726)
4(213 214 728 727)
4(214 215 729 728)
4(215 216 730 729)
4(216 217 731 730)
4(217 218 732 731)
4(218 219 733 732)
4(219 220 734 733)
4(220 221 735 734)
4(221 222 736 735)
4(222 223 737 736)
4(223 224 738 737)
4(224 225 739 738)
4(225 226 740 739)
4(226 227 741 740)
4(227 228 742 741)
4(228 229 743 742)
4(229 230 744 743)
4(230 231 745 744)
4(231 232 746 745)
4(232 233 747 746)
4(233 234 748 747)
4(234 235 749 748)
4(235 236 750 749)
4(236 237 751 750)
4(237 238 752 751)
4(238 239 753 752)
4(239 240 754 753)
4(240 241 755 754)
4(241 242 756 755)
4(242 243 757 756)
4(243 244 758 757)
4(244 245 759 758)
4(245 246 760 759)
4(246 247 761 760)
4(247 248 762 761)
4(248 249 763 762)
4(249 250 764 763)
4(250 251 765 764)
4(251 252 766 765)
4(252 253 767 766)
4(253 254 768 767)
4(254 255 769 768)
4(255 256 770 769)
4(257 771 772 258)
4(258 772 773 259)
4(259 773 774 260)
4(260 774 775 261)
4(261 775 776 262)
4(262 776 777 263)
4(263 777 778 264)
4(264 778 779 265)
4(265 779 780 266)
4(266 780 781 267)
4(267 781 782 268)
4(268 782 783 269)
4(269 783 784 270)
4(270 784 785 271)
4(271 785 786 272)
4(272 786 787 273)
4(273 787 788 274)
4(274 788 789 275)
4(275 789 790 276)
4(276 790 791 277)
4(277 791 792 278)
4(278 792 793 279)
4(279 793 794 280)
4(280 794 795 281)
4(281 795 796 282)
4(282 796 797 283)
4(283 797 798 284)
4(284 798 799 285)
4(285 799 800 286)
4(286 800 801 287)
4(287 801 802 288)
4(288 802 803 289)
4(289 803 804 290)
4(290 804 805 291)
4(291 805 806 292)
4(292 806 807 293)
4(293 807 808 294)
4(294 808 809 295)
4(295 809 810 296)
4(296 810 811 297)
4(297 811 812 298)
4(298 812 813 299)
4(299 813 814 300)
4(300 814 815 301)
4(301 815 816 302)
4(302 816 817 303)
4(303 817 818 304)
4(304 818 819 305)
4(305 819 820 306)
4(306 820 821 307)
4(307 821 822 308)
4(308 822 823 309)
4(309 823 824 310)
4(310 824 825 311)
4(311 825 826 312)
4(312 826 827 313)
4(313 827 828 314)
4(314 828 829 315)
4(315 829 830 316)
4(316 830 831 317)
4(317 831 832 318)
4(318 832 833 319)
4(319 833 834 320)
4(320 834 835 321)
4(321 835 836 322)
4(322 836 837 323)
4(323 837 838 324)
4(324 838 839 325)
4(325 839 840 326)
4(326 840 841 327)
4(327 841 842 328)
4(328 842 843 329)
4(329 843 844 330)
4(330 844 845 331)
4(331 845 846 332)
4(332 846 847 333)
4(333 847 848 334)
4(334 848 849 335)
4(335 849 850 336)
4(336 850 851 337)
4(337 851 852 338)
4(338 852 853 339)
4(339 853 854 340)
4(340 854 855 341)
4(341 855 856 342)
4(342 856 857 343)
4(343 857 858 344)
4(344 858 859 345)
4(345 859 860 346)
4(346 860 861 347)
4(347 861 862 348)
4(348 862 863 349)
4(349 863 864 350)
4(350 864 865 351)
4(351 865 866 352)
4(352 866 867 353)
4(353 867 868 354)
4(354 868 869 355)
4(355 869 870 356)
4(356 870 871 357)
4(357 871 872 358)
4(358 872 873 359)
4(359 873 874 360)
4(360 874 875 361)
4(361 875 876 362)
4(362 876 877 363)
4(363 877 878 364)
4(364 878 879 365)
4(365 879 880 366)
4(366 880 881 367)
4(367 881 882 368)
4(368 882 883 369)
4(369 883 884 370)
4(370 884 885 371)
4(371 885 886 372)
4(372 886 887 373)
4(373 887 888 374)
4(374 888 889 375)
4(375 889 890 376)
4(376 890 891 377)
4(377 891 892 378)
4(378 892 893 379)
4(379 893 894 380)
4(380 894 895 381)
4(381 895 896 382)
4(382 896 897 383)
4(383 897 898 384)
4(384 898 899 385)
4(385 899 900 386)
4(386 900 901 387)
4(387 901 902 388)
4(388 902 903 389)
4(389 903 904 390)
4(390 904 905 391)
4(391 905 906 392)
4(392 906 907 393)
4(393 907 908 394)
4(394 908 909 395)
4(395 909 910 396)
4(396 910 911 397)
4(397 911 912 398)
4(398 912 913 399)
4(399 913 914 400)
4(400 914 915 401)
4(401 915 916 402)
4(402 916 917 403)
4(403 917 918 404)
4(404 918 919 405)
4(405 919 920 406)
4(406 920 921 407)
4(407 921 922 408)
4(408 922 923 409)
4(409 923 924 410)
4(410 924 925 411)
4(411 925 926 412)
4(412 926 927 413)
4(413 927 928 414)
4(414 928 929 415)
4(415 929 930 416)
4(416 930 931 417)
4(417 931 932 418)
4(418 932 933 419)
4(419 933 934 420)
4(420 934 935 421)
4(421 935 936 422)
4(422 936 937 423)
4(423 937 938 424)
4(424 938 939 425)
4(425 939 940 426)
4(426 940 941 427)
4(427 941 942 428)
4(428 942 943 429)
4(429 943 944 430)
4(430 944 945 431)
4(431 945 946 432)
4(432 946 947 433)
4(433 947 948 434)
4(434 948 949 435)
4(435 949 950 436)
4(436 950 951 437)
4(437 951 952 438)
4(438 952 953 439)
4(439 953 954 440)
4(440 954 955 441)
4(441 955 956 442)
4(442 956 957 443)
4(443 957 958 444)
4(444 958 959 445)
4(445 959 960 446)
4(446 960 961 447)
4(447 961 962 448)
4(448 962 963 449)
4(449 963 964 450)
4(450 964 965 451)
4(451 965 966 452)
4(452 966 967 453)
4(453 967 968 454)
4(454 968 969 455)
4(455 969 970 456)
4(456 970 971 457)
4(457 971 972 458)
4(458 972 973 459)
4(459 973 974 460)
4(460 974 975 461)
4(461 975 976 462)
4(462 976 977 463)
4(463 977 978 464)
4(464 978 979 465)
4(465 979 980 466)
4(466 980 981 467)
4(467 981 982 468)
4(468 982 983 469)
4(469 983 984 470)
4(470 984 985 471)
4(471 985 986 472)
4(472 986 987 473)
4(473 987 988 474)
4(474 988 989 475)
4(475 989 990 476)
4(476 990 991 477)
4(477 991 992 478)
4(478 992 993 479)
4(479 993 994 480)
4(480 994 995 481)
4(481 995 996 482)
4(482 996 997 483)
4(483 997 998 484)
4(484 998 999 485)
4(485 999 1000 486)
4(486 1000 1001 487)
4(487 1001 1002 488)
4(488 1002 1003 489)
4(489 1003 1004 490)
4(490 1004 1005 491)
4(491 1005 1006 492)
4(492 1006 1007 493)
4(493 1007 1008 494)
4(494 1008 1009 495)
4(495 1009 1010 496)
4(496 1010 1011 497)
4(497 1011 1012 498)
4(498 1012 1013 499)
4(499 1013 1014 500)
4(500 1014 1015 501)
4(501 1015 1016 502)
4(502 1016 1017 503)
4(503 1017 1018 504)
4(504 1018 1019 505)
4(505 1019 1020 506)
4(506 1020 1021 507)
4(507 1021 1022 508)
4(508 1022 1023 509)
4(509 1023 1024 510)
4(510 1024 1025 511)
4(511 1025 1026 512)
4(512 1026 1027 513)
4(256 513 1027 770)
4(0 257 258 1)
4(1 258 259 2)
4(2 259 260 3)
4(3 260 261 4)
4(4 261 262 5)
4(5 262 263 6)
4(6 263 264 7)
4(7 264 265 8)
4(8 265 266 9)
4(9 266 267 10)
4(10 267 268 11)
4(11 268 269 12)
4(12 269 270 13)
4(13 270 271 14)
4(14 271 272 15)
4(15 272 273 16)
4(16 273 274 17)
4(17 274 275 18)
4(18 275 276 19)
4(19 276 277 20)
4(20 277 278 21)
4(21 278 279 22)
4(22 279 280 23)
4(23 280 281 24)
4(24 281 282 25)
4(25 282 283 26)
4(26 283 284 27)
4(27 284 285 28)
4(28 285 286 29)
4(29 286 287 30)
4(30 287 288 31)
4(31 288 289 32)
4(32 289 290 33)
4(33 290 291 34)
4(34 291 292 35)
4(35 292 293 36)
4(36 293 294 37)
4(37 294 295 38)
4(38 295 296 39)
4(39 296 297 40)
4(40 297 298 41)
4(41 298 299 42)
4(42 299 300 43)
4(43 300 301 44)
4(44 301 302 45)
4(45 302 303 46)
4(46 303 304 47)
4(47 304 305 48)
4(48 305 306 49)
4(49 306 307 50)
4(50 307 308 51)
4(51 308 309 52)
4(52 309 310 53)
4(53 310 311 54)
4(54 311 312 55)
4(55 312 313 56)
4(56 313 314 57)
4(57 314 315 58)
4(58 315 316 59)
4(59 316 317 60)
4(60 317 318 61)
4(61 318 319 62)
4(62 319 320 63)
4(63 320 321 64)
4(64 321 322 65)
4(65 322 323 66)
4(66 323 324 67)
4(67 324 325 68)
4(68 325 326 69)
4(69 326 327 70)
4(70 327 328 71)
4(71 328 329 72)
4(72 329 330 73)
4(73 330 331 74)
4(74 331 332 75)
4(75 332 333 76)
4(76 333 334 77)
4(77 334 335 78)
4(78 335 336 79)
4(79 336 337 80)
4(80 337 338 81)
4(81 338 339 82)
4(82 339 340 83)
4(83 340 341 84)
4(84 341 342 85)
4(85 342 343 86)
4(86 343 344 87)
4(87 344 345 88)
4(88 345 346 89)
4(89 346 347 90)
4(90 347 348 91)
4(91 348 349 92)
4(92 349 350 93)
4(93 350 351 94)
4(94 351 352 95)
4(95 352 353 96)
4(96 353 354 97)
4(97 354 355 98)
4(98 355 356 99)
4(99 356 357 100)
4(100 357 358 101)
4(101 358 359 102)
4(102 359 360 103)
4(103 360 361 104)
4(104 361 362 105)
4(105 362 363 106)
4(106 363 364 107)
4(107 364 365 108)
4(108 365 366 109)
4(109 366 367 110)
4(110 367 368 111)
4(111 368 369 112)
4(112 369 370 113)
4(113 370 371 114)
4(114 371 372 115)
4(115 372 373 116)
4(116 373 374 117)
4(117 374 375 118)
4(118 375 376 119)
4(119 376 377 120)
4(120 377 378 121)
4(121 378 379 122)
4(122 379 380 123)
4(123 380 381 124)
4(124 381 382 125)
4(125 382 383 126)
4(126 383 384 127)
4(127 384 385 128)
4(128 385 386 129)
4(129 386 387 130)
4(130 387 388 131)
4(131 388 389 132)
4(132 389 390 133)
4(133 390 391 134)
4(134 391 392 135)
4(135 392 393 136)
4(136 393 394 137)
4(137 394 395 138)
4(138 395 396 139)
4(139 396 397 140)
4(140 397 398 141)
4(141 398 399 142)
4(142 399 400 143)
4(143 400 401 144)
4(144 401 402 145)
4(145 402 403 146)
4(146 403 404 147)
4(147 404 405 148)
4(148 405 406 149)
4(149 406 407 150)
4(150 407 408 151)
4(151 408 409 152)
4(152 409 410 153)
4(153 410 411 154)
4(154 411 412 155)
4(155 412 413 156)
4(156 413 414 157)
4(157 414 415 158)
4(158 415 416 159)
4(159 416 417 160)
4(160 417 418 161)
4(161 418 419 162)
4(162 419 420 163)
4(163 420 421 164)
4(164 421 422 165)
4(165 422 423 166)
4(166 423 424 167)
4(167 424 425 168)
4(168 425 426 169)
4(169 426 427 170)
4(170 427 428 171)
4(171 428 429 172)
4(172 429 430 173)
4(173 430 431 174)
4(174 431 432 175)
4(175 432 433 176)
4(176 433 434 177)
4(177 434 435 178)
4(178 435 436 179)
4(179 436 437 180)
4(180 437 438 181)
4(181 438 439 182)
4(182 439 440 183)
4(183 440 441 184)
4(184 441 442 185)
4(185 442 443 186)
4(186 443 444 187)
4(187 444 445 188)
4(188 445 446 189)
4(189 446 447 190)
4(190 447 448 191)
4(191 448 449 192)
4(192 449 450 193)
4(193 450 451 194)
4(194 451 452 195)
4(195 452 453 196)
4(196 453 454 197)
4(197 454 455 198)
4(198 455 456 199)
4(199 456 457 200)
4(200 457 458 201)
4(201 458 459 202)
4(202 459 460 203)
4(203 460 461 204)
4(204 461 462 205)
4(205 462 463 206)
4(206 463 464 207)
4(207 464 465 208)
4(208 465 466 209)
4(209 466 467 210)
4(210 467 468 211)
4(211 468 469 212)
4(212 469 470 213)
4(213 470 471 214)
4(214 471 472 215)
4(215 472 473 216)
4(216 473 474 217)
4(217 474 475 218)
4(218 475 476 219)
4(219 476 477 220)
4(220 477 478 221)
4(221 478 479 222)
4(222 479 480 223)
4(223 480 481 224)
4(224 481 482 225)
4(225 482 483 226)
4(226 483 484 227)
4(227 484 485 228)
4(228 485 486 229)
4(229 486 487 230)
4(230 487 488 231)
4(231 488 489 232)
4(232 489 490 233)
4(233 490 491 234)
4(234 491 492 235)
4(235 492 493 236)
4(236 493 494 237)
4(237 494 495 238)
4(238 495 496 239)
4(239 496 497 240)
4(240 497 498 241)
4(241 498 499 242)
4(242 499 500 243)
4(243 500 501 244)
4(244 501 502 245)
4(245 502 503 246)
4(246 503 504 247)
4(247 504 505 248)
4(248 505 506 249)
4(249 506 507 250)
4(250 507 508 251)
4(251 508 509 252)
4(252 509 510 253)
4(253 510 511 254)
4(254 511 512 255)
4(255 512 513 256)
4(514 515 772 771)
4(515 516 773 772)
4(516 517 774 773)
4(517 518 775 774)
4(518 519 776 775)
4(519 520 777 776)
4(520 521 778 777)
4(521 522 779 778)
4(522 523 780 779)
4(523 524 781 780)
4(524 525 782 781)
4(525 526 783 782)
4(526 527 784 783)
4(527 528 785 784)
4(528 529 786 785)
4(529 530 787 786)
4(530 531 788 787)
4(531 532 789 788)
4(532 533 790 789)
4(533 534 791 790)
4(534 535 792 791)
4(535 536 793 792)
4(536 537 794 793)
4(537 538 795 794)
4(538 539 796 795)
4(539 540 797 796)
4(540 541 798 797)
4(541 542 799 798)
4(542 543 800 799)
4(543 544 801 800)
4(544 545 802 801)
4(545 546 803 802)
4(546 547 804 803)
4(547 548 805 804)
4(548 549 806 805)
4(549 550 807 806)
4(550 551 808 807)
4(551 552 809 808)
4(552 553 810 809)
4(553 554 811 810)
4(554 555 812 811)
4(555 556 813 812)
4(556 557 814 813)
4(557 558 815 814)
4(558 559 816 815)
4(559 560 817 816)
4(560 561 818 817)
4(561 562 819 818)
4(562 563 820 819)
4(563 564 821 820)
4(564 565 822 821)
4(565 566 823 822)
4(566 567 824 823)
4(567 568 825 824)
4(568 569 826 825)
4(569 570 827 826)
4(570 571 828 827)
4(571 572 829 828)
4(572 573 830 829)
4(573 574 831 830)
4(574 575 832 831)
4(575 576 833 832)
4(576 577 834 833)
4(577 578 835 834)
4(578 579 836 835)
4(579 580 837 836)
4(580 581 838 837)
4(581 582 839 838)
4(582 583 840 839)
4(583 584 841 840)
4(584 585 842 841)
4(585 586 843 842)
4(586 587 844 843)
4(587 588 845 844)
4(588 589 846 845)
4(589 590 847 846)
4(590 591 848 847)
4(591 592 849 848)
4(592 593 850 849)
4(593 594 851 850)
4(594 595 852 851)
4(595 596 853 852)
4(596 597 854 853)
4(597 598 855 854)
4(598 599 856 855)
4(599 600 857 856)
4(600 601 858 857)
4(601 602 859 858)
4(602 603 860 859)
4(603 604 861 860)
4(604 605 862 861)
4(605 606 863 862)
4(606 607 864 863)
4(607 608 865 864)
4(608 609 866 865)
4(609 610 867 866)
4(610 611 868 867)
4(611 612 869 868)
4(612 613 870 869)
4(613 614 871 870)
4(614 615 872 871)
4(615 616 873 872)
4(616 617 874 873)
4(617 618 875 874)
4(618 619 876 875)
4(619 620 877 876)
4(620 621 878 877)
4(621 622 879 878)
4(622 623 880 879)
4(623 624 881 880)
4(624 625 882 881)
4(625 626 883 882)
4(626 627 884 883)
4(627 628 885 884)
4(628 629 886 885)
4(629 630 887 886)
4(630 631 888 887)
4(631 632 889 888)
4(632 633 890 889)
4(633 634 891 890)
4(634 635 892 891)
4(635 636 893 892)
4(636 637 894 893)
4(637 638 895 894)
4(638 639 896 895)
4(639 640 897 896)
4(640 641 898 897)
4(641 642 899 898)
4(642 643 900 899)
4(643 644 901 900)
4(644 645 902 901)
4(645 646 903 902)
4(646 647 904 903)
4(647 648 905 904)
4(648 649 906 905)
4(649 650 907 906)
4(650 651 908 907)
4(651 652 909 908)
4(652 653 910 909)
4(653 654 911 910)
4(654 655 912 911)
4(655 656 913 912)
4(656 657 914 913)
4(657 658 915 914)
4(658 659 916 915)
4(659 660 917 916)
4(660 661 918 917)
4(661 662 919 918)
4(662 663 920 919)
4(663 664 921 920)
4(664 665 922 921)
4(665 666 923 922)
4(666 667 924 923)
4(667 668 925 924)
4(668 669 926 925)
4(669 670 927 926)
4(670 671 928 927)
4(671 672 929 928)
4(672 673 930 929)
4(673 674 931 930)
4(674 675 932 931)
4(675 676 933 932)
4(676 677 934 933)
4(677 678 935 934)
4(678 679 936 935)
4(679 680 937 936)
4(680 681 938 937)
4(681 682 939 938)
4(682 683 940 939)
4(683 684 941 940)
4(684 685 942 941)
4(685 686 943 942)
4(686 687 944 943)
4(687 688 945 944)
4(688 689 946 945)
4(689 690 947 946)
4(690 691 948 947)
4(691 692 949 948)
4(692 693 950 949)
4(693 694 951 950)
4(694 695 952 951)
4(695 696 953 952)
4(696 697 954 953)
4(697 698 955 954)
4(698 699 956 955)
4(699 700 957 956)
4(700 701 958 957)
4(701 702 959 958)
4(702 703 960 959)
4(703 704 961 960)
4(704 705 962 961)
4(705 706 963 962)
4(706 707 964 963)
4(707 708 965 964)
4(708 709 966 965)
4(709 710 967 966)
4(710 711 968 967)
4(711 712 969 968)
4(712 713 970 969)
4(713 714 971 970)
4(714 715 972 971)
4(715 716 973 972)
4(716 717 974 973)
4(717 718 975 974)
4(718 719 976 975)
4(719 720 977 976)
4(720 721 978 977)
4(721 722 979 978)
4(722 723 980 979)
4(723 724 981 980)
4(724 725 982 981)
4(725 726 983 982)
4(726 727 984 983)
4(727 728 985 984)
4(728 729 986 985)
4(729 730 987 986)
4(730 731 988 987)
4(731 732 989 988)
4(732 733 990 989)
4(733 734 991 990)
4(734 735 992 991)
4(735 736 993 992)
4(736 737 994 993)
4(737 738 995 994)
4(738 739 996 995)
4(739 740 997 996)
4(740 741 998 997)
4(741 742 999 998)
4(742 743 1000 999)
4(743 744 1001 1000)
4(744 745 1002 1001)
4(745 746 1003 1002)
4(746 747 1004 1003)
4(747 748 1005 1004)
4(748 749 1006 1005)
4(749 750 1007 1006)
4(750 751 1008 1007)
4(751 752 1009 1008)
4(752 753 1010 1009)
4(753 754 1011 1010)
4(754 755 1012 1011)
4(755 756 1013 1012)
4(756 757 1014 1013)
4(757 758 1015 1014)
4(758 759 1016 1015)
4(759 760 1017 1016)
4(760 761 1018 1017)
4(761 762 1019 1018)
4(762 763 1020 1019)
4(763 764 1021 1020)
4(764 765 1022 1021)
4(765 766 1023 1022)
4(766 767 1024 1023)
4(767 768 1025 1024)
4(768 769 1026 1025)
4(769 770 1027 1026)
)


// ************************************************************************* //
