/*--------------------------------*- C++ -*----------------------------------*\
| =========                 |                                                 |
| \\      /  F ield         | OpenFOAM: The Open Source CFD Toolbox           |
|  \\    /   O peration     | Version:  v1706                                 |
|   \\  /    A nd           | Web:      www.OpenFOAM.com                      |
|    \\/     M anipulation  |                                                 |
\*---------------------------------------------------------------------------*/
FoamFile
{
    version     2.0;
    format      ascii;
    class       labelList;
    note        "nPoints: 6069 nCells: 5120 nFaces: 16256 nInternalFaces: 14464";
    location    "constant/polyMesh";
    object      neighbour;
}
// * * * * * * * * * * * * * * * * * * * * * * * * * * * * * * * * * * * * * //


14464
(
1
20
320
2
21
321
3
22
322
4
23
323
5
24
324
6
25
325
7
26
326
8
27
327
9
28
328
10
29
329
11
30
330
12
31
331
13
32
332
14
33
333
15
34
334
16
35
335
17
36
336
18
37
337
19
38
338
39
339
21
40
340
22
41
341
23
42
342
24
43
343
25
44
344
26
45
345
27
46
346
28
47
347
29
48
348
30
49
349
31
50
350
32
51
351
33
52
352
34
53
353
35
54
354
36
55
355
37
56
356
38
57
357
39
58
358
59
359
41
60
360
42
61
361
43
62
362
44
63
363
45
64
364
46
65
365
47
66
366
48
67
367
49
68
368
50
69
369
51
70
370
52
71
371
53
72
372
54
73
373
55
74
374
56
75
375
57
76
376
58
77
377
59
78
378
79
379
61
80
380
62
81
381
63
82
382
64
83
383
65
84
384
66
85
385
67
86
386
68
87
387
69
88
388
70
89
389
71
90
390
72
91
391
73
92
392
74
93
393
75
94
394
76
95
395
77
96
396
78
97
397
79
98
398
99
399
81
100
400
82
101
401
83
102
402
84
103
403
85
104
404
86
105
405
87
106
406
88
107
407
89
108
408
90
109
409
91
110
410
92
111
411
93
112
412
94
113
413
95
114
414
96
115
415
97
116
416
98
117
417
99
118
418
119
419
101
120
420
102
121
421
103
122
422
104
123
423
105
124
424
106
125
425
107
126
426
108
127
427
109
128
428
110
129
429
111
130
430
112
131
431
113
132
432
114
133
433
115
134
434
116
135
435
117
136
436
118
137
437
119
138
438
139
439
121
140
440
122
141
441
123
142
442
124
143
443
125
144
444
126
145
445
127
146
446
128
147
447
129
148
448
130
149
449
131
150
450
132
151
451
133
152
452
134
153
453
135
154
454
136
155
455
137
156
456
138
157
457
139
158
458
159
459
141
160
460
142
161
461
143
162
462
144
163
463
145
164
464
146
165
465
147
166
466
148
167
467
149
168
468
150
169
469
151
170
470
152
171
471
153
172
472
154
173
473
155
174
474
156
175
475
157
176
476
158
177
477
159
178
478
179
479
161
180
480
162
181
481
163
182
482
164
183
483
165
184
484
166
185
485
167
186
486
168
187
487
169
188
488
170
189
489
171
190
490
172
191
491
173
192
492
174
193
493
175
194
494
176
195
495
177
196
496
178
197
497
179
198
498
199
499
181
200
500
182
201
501
183
202
502
184
203
503
185
204
504
186
205
505
187
206
506
188
207
507
189
208
508
190
209
509
191
210
510
192
211
511
193
212
512
194
213
513
195
214
514
196
215
515
197
216
516
198
217
517
199
218
518
219
519
201
220
520
202
221
521
203
222
522
204
223
523
205
224
524
206
225
525
207
226
526
208
227
527
209
228
528
210
229
529
211
230
530
212
231
531
213
232
532
214
233
533
215
234
534
216
235
535
217
236
536
218
237
537
219
238
538
239
539
221
240
540
222
241
541
223
242
542
224
243
543
225
244
544
226
245
545
227
246
546
228
247
547
229
248
548
230
249
549
231
250
550
232
251
551
233
252
552
234
253
553
235
254
554
236
255
555
237
256
556
238
257
557
239
258
558
259
559
241
260
560
242
261
561
243
262
562
244
263
563
245
264
564
246
265
565
247
266
566
248
267
567
249
268
568
250
269
569
251
270
570
252
271
571
253
272
572
254
273
573
255
274
574
256
275
575
257
276
576
258
277
577
259
278
578
279
579
261
280
580
262
281
581
263
282
582
264
283
583
265
284
584
266
285
585
267
286
586
268
287
587
269
288
588
270
289
589
271
290
590
272
291
591
273
292
592
274
293
593
275
294
594
276
295
595
277
296
596
278
297
597
279
298
598
299
599
281
300
600
282
301
601
283
302
602
284
303
603
285
304
604
286
305
605
287
306
606
288
307
607
289
308
608
290
309
609
291
310
610
292
311
611
293
312
612
294
313
613
295
314
614
296
315
615
297
316
616
298
317
617
299
318
618
319
619
301
620
302
621
303
622
304
623
305
624
306
625
307
626
308
627
309
628
310
629
311
630
312
631
313
632
314
633
315
634
316
635
317
636
318
637
319
638
639
321
340
640
322
341
641
323
342
642
324
343
643
325
344
644
326
345
645
327
346
646
328
347
647
329
348
648
330
349
649
331
350
650
332
351
651
333
352
652
334
353
653
335
354
654
336
355
655
337
356
656
338
357
657
339
358
658
359
659
341
360
660
342
361
661
343
362
662
344
363
663
345
364
664
346
365
665
347
366
666
348
367
667
349
368
668
350
369
669
351
370
670
352
371
671
353
372
672
354
373
673
355
374
674
356
375
675
357
376
676
358
377
677
359
378
678
379
679
361
380
680
362
381
681
363
382
682
364
383
683
365
384
684
366
385
685
367
386
686
368
387
687
369
388
688
370
389
689
371
390
690
372
391
691
373
392
692
374
393
693
375
394
694
376
395
695
377
396
696
378
397
697
379
398
698
399
699
381
400
700
382
401
701
383
402
702
384
403
703
385
404
704
386
405
705
387
406
706
388
407
707
389
408
708
390
409
709
391
410
710
392
411
711
393
412
712
394
413
713
395
414
714
396
415
715
397
416
716
398
417
717
399
418
718
419
719
401
420
720
402
421
721
403
422
722
404
423
723
405
424
724
406
425
725
407
426
726
408
427
727
409
428
728
410
429
729
411
430
730
412
431
731
413
432
732
414
433
733
415
434
734
416
435
735
417
436
736
418
437
737
419
438
738
439
739
421
440
740
422
441
741
423
442
742
424
443
743
425
444
744
426
445
745
427
446
746
428
447
747
429
448
748
430
449
749
431
450
750
432
451
751
433
452
752
434
453
753
435
454
754
436
455
755
437
456
756
438
457
757
439
458
758
459
759
441
460
760
442
461
761
443
462
762
444
463
763
445
464
764
446
465
765
447
466
766
448
467
767
449
468
768
450
469
769
451
470
770
452
471
771
453
472
772
454
473
773
455
474
774
456
475
775
457
476
776
458
477
777
459
478
778
479
779
461
480
780
462
481
781
463
482
782
464
483
783
465
484
784
466
485
785
467
486
786
468
487
787
469
488
788
470
489
789
471
490
790
472
491
791
473
492
792
474
493
793
475
494
794
476
495
795
477
496
796
478
497
797
479
498
798
499
799
481
500
800
482
501
801
483
502
802
484
503
803
485
504
804
486
505
805
487
506
806
488
507
807
489
508
808
490
509
809
491
510
810
492
511
811
493
512
812
494
513
813
495
514
814
496
515
815
497
516
816
498
517
817
499
518
818
519
819
501
520
820
502
521
821
503
522
822
504
523
823
505
524
824
506
525
825
507
526
826
508
527
827
509
528
828
510
529
829
511
530
830
512
531
831
513
532
832
514
533
833
515
534
834
516
535
835
517
536
836
518
537
837
519
538
838
539
839
521
540
840
522
541
841
523
542
842
524
543
843
525
544
844
526
545
845
527
546
846
528
547
847
529
548
848
530
549
849
531
550
850
532
551
851
533
552
852
534
553
853
535
554
854
536
555
855
537
556
856
538
557
857
539
558
858
559
859
541
560
860
542
561
861
543
562
862
544
563
863
545
564
864
546
565
865
547
566
866
548
567
867
549
568
868
550
569
869
551
570
870
552
571
871
553
572
872
554
573
873
555
574
874
556
575
875
557
576
876
558
577
877
559
578
878
579
879
561
580
880
562
581
881
563
582
882
564
583
883
565
584
884
566
585
885
567
586
886
568
587
887
569
588
888
570
589
889
571
590
890
572
591
891
573
592
892
574
593
893
575
594
894
576
595
895
577
596
896
578
597
897
579
598
898
599
899
581
600
900
582
601
901
583
602
902
584
603
903
585
604
904
586
605
905
587
606
906
588
607
907
589
608
908
590
609
909
591
610
910
592
611
911
593
612
912
594
613
913
595
614
914
596
615
915
597
616
916
598
617
917
599
618
918
619
919
601
620
920
602
621
921
603
622
922
604
623
923
605
624
924
606
625
925
607
626
926
608
627
927
609
628
928
610
629
929
611
630
930
612
631
931
613
632
932
614
633
933
615
634
934
616
635
935
617
636
936
618
637
937
619
638
938
639
939
621
940
622
941
623
942
624
943
625
944
626
945
627
946
628
947
629
948
630
949
631
950
632
951
633
952
634
953
635
954
636
955
637
956
638
957
639
958
959
641
660
960
642
661
961
643
662
962
644
663
963
645
664
964
646
665
965
647
666
966
648
667
967
649
668
968
650
669
969
651
670
970
652
671
971
653
672
972
654
673
973
655
674
974
656
675
975
657
676
976
658
677
977
659
678
978
679
979
661
680
980
662
681
981
663
682
982
664
683
983
665
684
984
666
685
985
667
686
986
668
687
987
669
688
988
670
689
989
671
690
990
672
691
991
673
692
992
674
693
993
675
694
994
676
695
995
677
696
996
678
697
997
679
698
998
699
999
681
700
1000
682
701
1001
683
702
1002
684
703
1003
685
704
1004
686
705
1005
687
706
1006
688
707
1007
689
708
1008
690
709
1009
691
710
1010
692
711
1011
693
712
1012
694
713
1013
695
714
1014
696
715
1015
697
716
1016
698
717
1017
699
718
1018
719
1019
701
720
1020
702
721
1021
703
722
1022
704
723
1023
705
724
1024
706
725
1025
707
726
1026
708
727
1027
709
728
1028
710
729
1029
711
730
1030
712
731
1031
713
732
1032
714
733
1033
715
734
1034
716
735
1035
717
736
1036
718
737
1037
719
738
1038
739
1039
721
740
1040
722
741
1041
723
742
1042
724
743
1043
725
744
1044
726
745
1045
727
746
1046
728
747
1047
729
748
1048
730
749
1049
731
750
1050
732
751
1051
733
752
1052
734
753
1053
735
754
1054
736
755
1055
737
756
1056
738
757
1057
739
758
1058
759
1059
741
760
1060
742
761
1061
743
762
1062
744
763
1063
745
764
1064
746
765
1065
747
766
1066
748
767
1067
749
768
1068
750
769
1069
751
770
1070
752
771
1071
753
772
1072
754
773
1073
755
774
1074
756
775
1075
757
776
1076
758
777
1077
759
778
1078
779
1079
761
780
1080
762
781
1081
763
782
1082
764
783
1083
765
784
1084
766
785
1085
767
786
1086
768
787
1087
769
788
1088
770
789
1089
771
790
1090
772
791
1091
773
792
1092
774
793
1093
775
794
1094
776
795
1095
777
796
1096
778
797
1097
779
798
1098
799
1099
781
800
1100
782
801
1101
783
802
1102
784
803
1103
785
804
1104
786
805
1105
787
806
1106
788
807
1107
789
808
1108
790
809
1109
791
810
1110
792
811
1111
793
812
1112
794
813
1113
795
814
1114
796
815
1115
797
816
1116
798
817
1117
799
818
1118
819
1119
801
820
1120
802
821
1121
803
822
1122
804
823
1123
805
824
1124
806
825
1125
807
826
1126
808
827
1127
809
828
1128
810
829
1129
811
830
1130
812
831
1131
813
832
1132
814
833
1133
815
834
1134
816
835
1135
817
836
1136
818
837
1137
819
838
1138
839
1139
821
840
1140
822
841
1141
823
842
1142
824
843
1143
825
844
1144
826
845
1145
827
846
1146
828
847
1147
829
848
1148
830
849
1149
831
850
1150
832
851
1151
833
852
1152
834
853
1153
835
854
1154
836
855
1155
837
856
1156
838
857
1157
839
858
1158
859
1159
841
860
1160
842
861
1161
843
862
1162
844
863
1163
845
864
1164
846
865
1165
847
866
1166
848
867
1167
849
868
1168
850
869
1169
851
870
1170
852
871
1171
853
872
1172
854
873
1173
855
874
1174
856
875
1175
857
876
1176
858
877
1177
859
878
1178
879
1179
861
880
1180
862
881
1181
863
882
1182
864
883
1183
865
884
1184
866
885
1185
867
886
1186
868
887
1187
869
888
1188
870
889
1189
871
890
1190
872
891
1191
873
892
1192
874
893
1193
875
894
1194
876
895
1195
877
896
1196
878
897
1197
879
898
1198
899
1199
881
900
1200
882
901
1201
883
902
1202
884
903
1203
885
904
1204
886
905
1205
887
906
1206
888
907
1207
889
908
1208
890
909
1209
891
910
1210
892
911
1211
893
912
1212
894
913
1213
895
914
1214
896
915
1215
897
916
1216
898
917
1217
899
918
1218
919
1219
901
920
1220
902
921
1221
903
922
1222
904
923
1223
905
924
1224
906
925
1225
907
926
1226
908
927
1227
909
928
1228
910
929
1229
911
930
1230
912
931
1231
913
932
1232
914
933
1233
915
934
1234
916
935
1235
917
936
1236
918
937
1237
919
938
1238
939
1239
921
940
1240
922
941
1241
923
942
1242
924
943
1243
925
944
1244
926
945
1245
927
946
1246
928
947
1247
929
948
1248
930
949
1249
931
950
1250
932
951
1251
933
952
1252
934
953
1253
935
954
1254
936
955
1255
937
956
1256
938
957
1257
939
958
1258
959
1259
941
1260
942
1261
943
1262
944
1263
945
1264
946
1265
947
1266
948
1267
949
1268
950
1269
951
1270
952
1271
953
1272
954
1273
955
1274
956
1275
957
1276
958
1277
959
1278
1279
961
980
1280
962
981
1281
963
982
1282
964
983
1283
965
984
1284
966
985
1285
967
986
1286
968
987
1287
969
988
1288
970
989
1289
971
990
1290
972
991
1291
973
992
1292
974
993
1293
975
994
1294
976
995
1295
977
996
1296
978
997
1297
979
998
1298
999
1299
981
1000
1300
982
1001
1301
983
1002
1302
984
1003
1303
985
1004
1304
986
1005
1305
987
1006
1306
988
1007
1307
989
1008
1308
990
1009
1309
991
1010
1310
992
1011
1311
993
1012
1312
994
1013
1313
995
1014
1314
996
1015
1315
997
1016
1316
998
1017
1317
999
1018
1318
1019
1319
1001
1020
1320
1002
1021
1321
1003
1022
1322
1004
1023
1323
1005
1024
1324
1006
1025
1325
1007
1026
1326
1008
1027
1327
1009
1028
1328
1010
1029
1329
1011
1030
1330
1012
1031
1331
1013
1032
1332
1014
1033
1333
1015
1034
1334
1016
1035
1335
1017
1036
1336
1018
1037
1337
1019
1038
1338
1039
1339
1021
1040
1340
1022
1041
1341
1023
1042
1342
1024
1043
1343
1025
1044
1344
1026
1045
1345
1027
1046
1346
1028
1047
1347
1029
1048
1348
1030
1049
1349
1031
1050
1350
1032
1051
1351
1033
1052
1352
1034
1053
1353
1035
1054
1354
1036
1055
1355
1037
1056
1356
1038
1057
1357
1039
1058
1358
1059
1359
1041
1060
1360
1042
1061
1361
1043
1062
1362
1044
1063
1363
1045
1064
1364
1046
1065
1365
1047
1066
1366
1048
1067
1367
1049
1068
1368
1050
1069
1369
1051
1070
1370
1052
1071
1371
1053
1072
1372
1054
1073
1373
1055
1074
1374
1056
1075
1375
1057
1076
1376
1058
1077
1377
1059
1078
1378
1079
1379
1061
1080
1380
1062
1081
1381
1063
1082
1382
1064
1083
1383
1065
1084
1384
1066
1085
1385
1067
1086
1386
1068
1087
1387
1069
1088
1388
1070
1089
1389
1071
1090
1390
1072
1091
1391
1073
1092
1392
1074
1093
1393
1075
1094
1394
1076
1095
1395
1077
1096
1396
1078
1097
1397
1079
1098
1398
1099
1399
1081
1100
1400
1082
1101
1401
1083
1102
1402
1084
1103
1403
1085
1104
1404
1086
1105
1405
1087
1106
1406
1088
1107
1407
1089
1108
1408
1090
1109
1409
1091
1110
1410
1092
1111
1411
1093
1112
1412
1094
1113
1413
1095
1114
1414
1096
1115
1415
1097
1116
1416
1098
1117
1417
1099
1118
1418
1119
1419
1101
1120
1420
1102
1121
1421
1103
1122
1422
1104
1123
1423
1105
1124
1424
1106
1125
1425
1107
1126
1426
1108
1127
1427
1109
1128
1428
1110
1129
1429
1111
1130
1430
1112
1131
1431
1113
1132
1432
1114
1133
1433
1115
1134
1434
1116
1135
1435
1117
1136
1436
1118
1137
1437
1119
1138
1438
1139
1439
1121
1140
1440
1122
1141
1441
1123
1142
1442
1124
1143
1443
1125
1144
1444
1126
1145
1445
1127
1146
1446
1128
1147
1447
1129
1148
1448
1130
1149
1449
1131
1150
1450
1132
1151
1451
1133
1152
1452
1134
1153
1453
1135
1154
1454
1136
1155
1455
1137
1156
1456
1138
1157
1457
1139
1158
1458
1159
1459
1141
1160
1460
1142
1161
1461
1143
1162
1462
1144
1163
1463
1145
1164
1464
1146
1165
1465
1147
1166
1466
1148
1167
1467
1149
1168
1468
1150
1169
1469
1151
1170
1470
1152
1171
1471
1153
1172
1472
1154
1173
1473
1155
1174
1474
1156
1175
1475
1157
1176
1476
1158
1177
1477
1159
1178
1478
1179
1479
1161
1180
1480
1162
1181
1481
1163
1182
1482
1164
1183
1483
1165
1184
1484
1166
1185
1485
1167
1186
1486
1168
1187
1487
1169
1188
1488
1170
1189
1489
1171
1190
1490
1172
1191
1491
1173
1192
1492
1174
1193
1493
1175
1194
1494
1176
1195
1495
1177
1196
1496
1178
1197
1497
1179
1198
1498
1199
1499
1181
1200
1500
1182
1201
1501
1183
1202
1502
1184
1203
1503
1185
1204
1504
1186
1205
1505
1187
1206
1506
1188
1207
1507
1189
1208
1508
1190
1209
1509
1191
1210
1510
1192
1211
1511
1193
1212
1512
1194
1213
1513
1195
1214
1514
1196
1215
1515
1197
1216
1516
1198
1217
1517
1199
1218
1518
1219
1519
1201
1220
1520
1202
1221
1521
1203
1222
1522
1204
1223
1523
1205
1224
1524
1206
1225
1525
1207
1226
1526
1208
1227
1527
1209
1228
1528
1210
1229
1529
1211
1230
1530
1212
1231
1531
1213
1232
1532
1214
1233
1533
1215
1234
1534
1216
1235
1535
1217
1236
1536
1218
1237
1537
1219
1238
1538
1239
1539
1221
1240
1540
1222
1241
1541
1223
1242
1542
1224
1243
1543
1225
1244
1544
1226
1245
1545
1227
1246
1546
1228
1247
1547
1229
1248
1548
1230
1249
1549
1231
1250
1550
1232
1251
1551
1233
1252
1552
1234
1253
1553
1235
1254
1554
1236
1255
1555
1237
1256
1556
1238
1257
1557
1239
1258
1558
1259
1559
1241
1260
1560
1242
1261
1561
1243
1262
1562
1244
1263
1563
1245
1264
1564
1246
1265
1565
1247
1266
1566
1248
1267
1567
1249
1268
1568
1250
1269
1569
1251
1270
1570
1252
1271
1571
1253
1272
1572
1254
1273
1573
1255
1274
1574
1256
1275
1575
1257
1276
1576
1258
1277
1577
1259
1278
1578
1279
1579
1261
1580
1262
1581
1263
1582
1264
1583
1265
1584
1266
1585
1267
1586
1268
1587
1269
1588
1270
1589
1271
1590
1272
1591
1273
1592
1274
1593
1275
1594
1276
1595
1277
1596
1278
1597
1279
1598
1599
1281
1300
1600
1282
1301
1601
1283
1302
1602
1284
1303
1603
1285
1304
1604
1286
1305
1605
1287
1306
1606
1288
1307
1607
1289
1308
1608
1290
1309
1609
1291
1310
1610
1292
1311
1611
1293
1312
1612
1294
1313
1613
1295
1314
1614
1296
1315
1615
1297
1316
1616
1298
1317
1617
1299
1318
1618
1319
1619
1301
1320
1620
1302
1321
1621
1303
1322
1622
1304
1323
1623
1305
1324
1624
1306
1325
1625
1307
1326
1626
1308
1327
1627
1309
1328
1628
1310
1329
1629
1311
1330
1630
1312
1331
1631
1313
1332
1632
1314
1333
1633
1315
1334
1634
1316
1335
1635
1317
1336
1636
1318
1337
1637
1319
1338
1638
1339
1639
1321
1340
1640
1322
1341
1641
1323
1342
1642
1324
1343
1643
1325
1344
1644
1326
1345
1645
1327
1346
1646
1328
1347
1647
1329
1348
1648
1330
1349
1649
1331
1350
1650
1332
1351
1651
1333
1352
1652
1334
1353
1653
1335
1354
1654
1336
1355
1655
1337
1356
1656
1338
1357
1657
1339
1358
1658
1359
1659
1341
1360
1660
1342
1361
1661
1343
1362
1662
1344
1363
1663
1345
1364
1664
1346
1365
1665
1347
1366
1666
1348
1367
1667
1349
1368
1668
1350
1369
1669
1351
1370
1670
1352
1371
1671
1353
1372
1672
1354
1373
1673
1355
1374
1674
1356
1375
1675
1357
1376
1676
1358
1377
1677
1359
1378
1678
1379
1679
1361
1380
1680
1362
1381
1681
1363
1382
1682
1364
1383
1683
1365
1384
1684
1366
1385
1685
1367
1386
1686
1368
1387
1687
1369
1388
1688
1370
1389
1689
1371
1390
1690
1372
1391
1691
1373
1392
1692
1374
1393
1693
1375
1394
1694
1376
1395
1695
1377
1396
1696
1378
1397
1697
1379
1398
1698
1399
1699
1381
1400
1700
1382
1401
1701
1383
1402
1702
1384
1403
1703
1385
1404
1704
1386
1405
1705
1387
1406
1706
1388
1407
1707
1389
1408
1708
1390
1409
1709
1391
1410
1710
1392
1411
1711
1393
1412
1712
1394
1413
1713
1395
1414
1714
1396
1415
1715
1397
1416
1716
1398
1417
1717
1399
1418
1718
1419
1719
1401
1420
1720
1402
1421
1721
1403
1422
1722
1404
1423
1723
1405
1424
1724
1406
1425
1725
1407
1426
1726
1408
1427
1727
1409
1428
1728
1410
1429
1729
1411
1430
1730
1412
1431
1731
1413
1432
1732
1414
1433
1733
1415
1434
1734
1416
1435
1735
1417
1436
1736
1418
1437
1737
1419
1438
1738
1439
1739
1421
1440
1740
1422
1441
1741
1423
1442
1742
1424
1443
1743
1425
1444
1744
1426
1445
1745
1427
1446
1746
1428
1447
1747
1429
1448
1748
1430
1449
1749
1431
1450
1750
1432
1451
1751
1433
1452
1752
1434
1453
1753
1435
1454
1754
1436
1455
1755
1437
1456
1756
1438
1457
1757
1439
1458
1758
1459
1759
1441
1460
1760
1442
1461
1761
1443
1462
1762
1444
1463
1763
1445
1464
1764
1446
1465
1765
1447
1466
1766
1448
1467
1767
1449
1468
1768
1450
1469
1769
1451
1470
1770
1452
1471
1771
1453
1472
1772
1454
1473
1773
1455
1474
1774
1456
1475
1775
1457
1476
1776
1458
1477
1777
1459
1478
1778
1479
1779
1461
1480
1780
1462
1481
1781
1463
1482
1782
1464
1483
1783
1465
1484
1784
1466
1485
1785
1467
1486
1786
1468
1487
1787
1469
1488
1788
1470
1489
1789
1471
1490
1790
1472
1491
1791
1473
1492
1792
1474
1493
1793
1475
1494
1794
1476
1495
1795
1477
1496
1796
1478
1497
1797
1479
1498
1798
1499
1799
1481
1500
1800
1482
1501
1801
1483
1502
1802
1484
1503
1803
1485
1504
1804
1486
1505
1805
1487
1506
1806
1488
1507
1807
1489
1508
1808
1490
1509
1809
1491
1510
1810
1492
1511
1811
1493
1512
1812
1494
1513
1813
1495
1514
1814
1496
1515
1815
1497
1516
1816
1498
1517
1817
1499
1518
1818
1519
1819
1501
1520
1820
1502
1521
1821
1503
1522
1822
1504
1523
1823
1505
1524
1824
1506
1525
1825
1507
1526
1826
1508
1527
1827
1509
1528
1828
1510
1529
1829
1511
1530
1830
1512
1531
1831
1513
1532
1832
1514
1533
1833
1515
1534
1834
1516
1535
1835
1517
1536
1836
1518
1537
1837
1519
1538
1838
1539
1839
1521
1540
1840
1522
1541
1841
1523
1542
1842
1524
1543
1843
1525
1544
1844
1526
1545
1845
1527
1546
1846
1528
1547
1847
1529
1548
1848
1530
1549
1849
1531
1550
1850
1532
1551
1851
1533
1552
1852
1534
1553
1853
1535
1554
1854
1536
1555
1855
1537
1556
1856
1538
1557
1857
1539
1558
1858
1559
1859
1541
1560
1860
1542
1561
1861
1543
1562
1862
1544
1563
1863
1545
1564
1864
1546
1565
1865
1547
1566
1866
1548
1567
1867
1549
1568
1868
1550
1569
1869
1551
1570
1870
1552
1571
1871
1553
1572
1872
1554
1573
1873
1555
1574
1874
1556
1575
1875
1557
1576
1876
1558
1577
1877
1559
1578
1878
1579
1879
1561
1580
1880
1562
1581
1881
1563
1582
1882
1564
1583
1883
1565
1584
1884
1566
1585
1885
1567
1586
1886
1568
1587
1887
1569
1588
1888
1570
1589
1889
1571
1590
1890
1572
1591
1891
1573
1592
1892
1574
1593
1893
1575
1594
1894
1576
1595
1895
1577
1596
1896
1578
1597
1897
1579
1598
1898
1599
1899
1581
1900
1582
1901
1583
1902
1584
1903
1585
1904
1586
1905
1587
1906
1588
1907
1589
1908
1590
1909
1591
1910
1592
1911
1593
1912
1594
1913
1595
1914
1596
1915
1597
1916
1598
1917
1599
1918
1919
1601
1620
1920
1602
1621
1921
1603
1622
1922
1604
1623
1923
1605
1624
1924
1606
1625
1925
1607
1626
1926
1608
1627
1927
1609
1628
1928
1610
1629
1929
1611
1630
1930
1612
1631
1931
1613
1632
1932
1614
1633
1933
1615
1634
1934
1616
1635
1935
1617
1636
1936
1618
1637
1937
1619
1638
1938
1639
1939
1621
1640
1940
1622
1641
1941
1623
1642
1942
1624
1643
1943
1625
1644
1944
1626
1645
1945
1627
1646
1946
1628
1647
1947
1629
1648
1948
1630
1649
1949
1631
1650
1950
1632
1651
1951
1633
1652
1952
1634
1653
1953
1635
1654
1954
1636
1655
1955
1637
1656
1956
1638
1657
1957
1639
1658
1958
1659
1959
1641
1660
1960
1642
1661
1961
1643
1662
1962
1644
1663
1963
1645
1664
1964
1646
1665
1965
1647
1666
1966
1648
1667
1967
1649
1668
1968
1650
1669
1969
1651
1670
1970
1652
1671
1971
1653
1672
1972
1654
1673
1973
1655
1674
1974
1656
1675
1975
1657
1676
1976
1658
1677
1977
1659
1678
1978
1679
1979
1661
1680
1980
1662
1681
1981
1663
1682
1982
1664
1683
1983
1665
1684
1984
1666
1685
1985
1667
1686
1986
1668
1687
1987
1669
1688
1988
1670
1689
1989
1671
1690
1990
1672
1691
1991
1673
1692
1992
1674
1693
1993
1675
1694
1994
1676
1695
1995
1677
1696
1996
1678
1697
1997
1679
1698
1998
1699
1999
1681
1700
2000
1682
1701
2001
1683
1702
2002
1684
1703
2003
1685
1704
2004
1686
1705
2005
1687
1706
2006
1688
1707
2007
1689
1708
2008
1690
1709
2009
1691
1710
2010
1692
1711
2011
1693
1712
2012
1694
1713
2013
1695
1714
2014
1696
1715
2015
1697
1716
2016
1698
1717
2017
1699
1718
2018
1719
2019
1701
1720
2020
1702
1721
2021
1703
1722
2022
1704
1723
2023
1705
1724
2024
1706
1725
2025
1707
1726
2026
1708
1727
2027
1709
1728
2028
1710
1729
2029
1711
1730
2030
1712
1731
2031
1713
1732
2032
1714
1733
2033
1715
1734
2034
1716
1735
2035
1717
1736
2036
1718
1737
2037
1719
1738
2038
1739
2039
1721
1740
2040
1722
1741
2041
1723
1742
2042
1724
1743
2043
1725
1744
2044
1726
1745
2045
1727
1746
2046
1728
1747
2047
1729
1748
2048
1730
1749
2049
1731
1750
2050
1732
1751
2051
1733
1752
2052
1734
1753
2053
1735
1754
2054
1736
1755
2055
1737
1756
2056
1738
1757
2057
1739
1758
2058
1759
2059
1741
1760
2060
1742
1761
2061
1743
1762
2062
1744
1763
2063
1745
1764
2064
1746
1765
2065
1747
1766
2066
1748
1767
2067
1749
1768
2068
1750
1769
2069
1751
1770
2070
1752
1771
2071
1753
1772
2072
1754
1773
2073
1755
1774
2074
1756
1775
2075
1757
1776
2076
1758
1777
2077
1759
1778
2078
1779
2079
1761
1780
2080
1762
1781
2081
1763
1782
2082
1764
1783
2083
1765
1784
2084
1766
1785
2085
1767
1786
2086
1768
1787
2087
1769
1788
2088
1770
1789
2089
1771
1790
2090
1772
1791
2091
1773
1792
2092
1774
1793
2093
1775
1794
2094
1776
1795
2095
1777
1796
2096
1778
1797
2097
1779
1798
2098
1799
2099
1781
1800
2100
1782
1801
2101
1783
1802
2102
1784
1803
2103
1785
1804
2104
1786
1805
2105
1787
1806
2106
1788
1807
2107
1789
1808
2108
1790
1809
2109
1791
1810
2110
1792
1811
2111
1793
1812
2112
1794
1813
2113
1795
1814
2114
1796
1815
2115
1797
1816
2116
1798
1817
2117
1799
1818
2118
1819
2119
1801
1820
2120
1802
1821
2121
1803
1822
2122
1804
1823
2123
1805
1824
2124
1806
1825
2125
1807
1826
2126
1808
1827
2127
1809
1828
2128
1810
1829
2129
1811
1830
2130
1812
1831
2131
1813
1832
2132
1814
1833
2133
1815
1834
2134
1816
1835
2135
1817
1836
2136
1818
1837
2137
1819
1838
2138
1839
2139
1821
1840
2140
1822
1841
2141
1823
1842
2142
1824
1843
2143
1825
1844
2144
1826
1845
2145
1827
1846
2146
1828
1847
2147
1829
1848
2148
1830
1849
2149
1831
1850
2150
1832
1851
2151
1833
1852
2152
1834
1853
2153
1835
1854
2154
1836
1855
2155
1837
1856
2156
1838
1857
2157
1839
1858
2158
1859
2159
1841
1860
2160
1842
1861
2161
1843
1862
2162
1844
1863
2163
1845
1864
2164
1846
1865
2165
1847
1866
2166
1848
1867
2167
1849
1868
2168
1850
1869
2169
1851
1870
2170
1852
1871
2171
1853
1872
2172
1854
1873
2173
1855
1874
2174
1856
1875
2175
1857
1876
2176
1858
1877
2177
1859
1878
2178
1879
2179
1861
1880
2180
1862
1881
2181
1863
1882
2182
1864
1883
2183
1865
1884
2184
1866
1885
2185
1867
1886
2186
1868
1887
2187
1869
1888
2188
1870
1889
2189
1871
1890
2190
1872
1891
2191
1873
1892
2192
1874
1893
2193
1875
1894
2194
1876
1895
2195
1877
1896
2196
1878
1897
2197
1879
1898
2198
1899
2199
1881
1900
2200
1882
1901
2201
1883
1902
2202
1884
1903
2203
1885
1904
2204
1886
1905
2205
1887
1906
2206
1888
1907
2207
1889
1908
2208
1890
1909
2209
1891
1910
2210
1892
1911
2211
1893
1912
2212
1894
1913
2213
1895
1914
2214
1896
1915
2215
1897
1916
2216
1898
1917
2217
1899
1918
2218
1919
2219
1901
2220
1902
2221
1903
2222
1904
2223
1905
2224
1906
2225
1907
2226
1908
2227
1909
2228
1910
2229
1911
2230
1912
2231
1913
2232
1914
2233
1915
2234
1916
2235
1917
2236
1918
2237
1919
2238
2239
1921
1940
2240
1922
1941
2241
1923
1942
2242
1924
1943
2243
1925
1944
2244
1926
1945
2245
1927
1946
2246
1928
1947
2247
1929
1948
2248
1930
1949
2249
1931
1950
2250
1932
1951
2251
1933
1952
2252
1934
1953
2253
1935
1954
2254
1936
1955
2255
1937
1956
2256
1938
1957
2257
1939
1958
2258
1959
2259
1941
1960
2260
1942
1961
2261
1943
1962
2262
1944
1963
2263
1945
1964
2264
1946
1965
2265
1947
1966
2266
1948
1967
2267
1949
1968
2268
1950
1969
2269
1951
1970
2270
1952
1971
2271
1953
1972
2272
1954
1973
2273
1955
1974
2274
1956
1975
2275
1957
1976
2276
1958
1977
2277
1959
1978
2278
1979
2279
1961
1980
2280
1962
1981
2281
1963
1982
2282
1964
1983
2283
1965
1984
2284
1966
1985
2285
1967
1986
2286
1968
1987
2287
1969
1988
2288
1970
1989
2289
1971
1990
2290
1972
1991
2291
1973
1992
2292
1974
1993
2293
1975
1994
2294
1976
1995
2295
1977
1996
2296
1978
1997
2297
1979
1998
2298
1999
2299
1981
2000
2300
1982
2001
2301
1983
2002
2302
1984
2003
2303
1985
2004
2304
1986
2005
2305
1987
2006
2306
1988
2007
2307
1989
2008
2308
1990
2009
2309
1991
2010
2310
1992
2011
2311
1993
2012
2312
1994
2013
2313
1995
2014
2314
1996
2015
2315
1997
2016
2316
1998
2017
2317
1999
2018
2318
2019
2319
2001
2020
2320
2002
2021
2321
2003
2022
2322
2004
2023
2323
2005
2024
2324
2006
2025
2325
2007
2026
2326
2008
2027
2327
2009
2028
2328
2010
2029
2329
2011
2030
2330
2012
2031
2331
2013
2032
2332
2014
2033
2333
2015
2034
2334
2016
2035
2335
2017
2036
2336
2018
2037
2337
2019
2038
2338
2039
2339
2021
2040
2340
2022
2041
2341
2023
2042
2342
2024
2043
2343
2025
2044
2344
2026
2045
2345
2027
2046
2346
2028
2047
2347
2029
2048
2348
2030
2049
2349
2031
2050
2350
2032
2051
2351
2033
2052
2352
2034
2053
2353
2035
2054
2354
2036
2055
2355
2037
2056
2356
2038
2057
2357
2039
2058
2358
2059
2359
2041
2060
2360
2042
2061
2361
2043
2062
2362
2044
2063
2363
2045
2064
2364
2046
2065
2365
2047
2066
2366
2048
2067
2367
2049
2068
2368
2050
2069
2369
2051
2070
2370
2052
2071
2371
2053
2072
2372
2054
2073
2373
2055
2074
2374
2056
2075
2375
2057
2076
2376
2058
2077
2377
2059
2078
2378
2079
2379
2061
2080
2380
2062
2081
2381
2063
2082
2382
2064
2083
2383
2065
2084
2384
2066
2085
2385
2067
2086
2386
2068
2087
2387
2069
2088
2388
2070
2089
2389
2071
2090
2390
2072
2091
2391
2073
2092
2392
2074
2093
2393
2075
2094
2394
2076
2095
2395
2077
2096
2396
2078
2097
2397
2079
2098
2398
2099
2399
2081
2100
2400
2082
2101
2401
2083
2102
2402
2084
2103
2403
2085
2104
2404
2086
2105
2405
2087
2106
2406
2088
2107
2407
2089
2108
2408
2090
2109
2409
2091
2110
2410
2092
2111
2411
2093
2112
2412
2094
2113
2413
2095
2114
2414
2096
2115
2415
2097
2116
2416
2098
2117
2417
2099
2118
2418
2119
2419
2101
2120
2420
2102
2121
2421
2103
2122
2422
2104
2123
2423
2105
2124
2424
2106
2125
2425
2107
2126
2426
2108
2127
2427
2109
2128
2428
2110
2129
2429
2111
2130
2430
2112
2131
2431
2113
2132
2432
2114
2133
2433
2115
2134
2434
2116
2135
2435
2117
2136
2436
2118
2137
2437
2119
2138
2438
2139
2439
2121
2140
2440
2122
2141
2441
2123
2142
2442
2124
2143
2443
2125
2144
2444
2126
2145
2445
2127
2146
2446
2128
2147
2447
2129
2148
2448
2130
2149
2449
2131
2150
2450
2132
2151
2451
2133
2152
2452
2134
2153
2453
2135
2154
2454
2136
2155
2455
2137
2156
2456
2138
2157
2457
2139
2158
2458
2159
2459
2141
2160
2460
2142
2161
2461
2143
2162
2462
2144
2163
2463
2145
2164
2464
2146
2165
2465
2147
2166
2466
2148
2167
2467
2149
2168
2468
2150
2169
2469
2151
2170
2470
2152
2171
2471
2153
2172
2472
2154
2173
2473
2155
2174
2474
2156
2175
2475
2157
2176
2476
2158
2177
2477
2159
2178
2478
2179
2479
2161
2180
2480
2162
2181
2481
2163
2182
2482
2164
2183
2483
2165
2184
2484
2166
2185
2485
2167
2186
2486
2168
2187
2487
2169
2188
2488
2170
2189
2489
2171
2190
2490
2172
2191
2491
2173
2192
2492
2174
2193
2493
2175
2194
2494
2176
2195
2495
2177
2196
2496
2178
2197
2497
2179
2198
2498
2199
2499
2181
2200
2500
2182
2201
2501
2183
2202
2502
2184
2203
2503
2185
2204
2504
2186
2205
2505
2187
2206
2506
2188
2207
2507
2189
2208
2508
2190
2209
2509
2191
2210
2510
2192
2211
2511
2193
2212
2512
2194
2213
2513
2195
2214
2514
2196
2215
2515
2197
2216
2516
2198
2217
2517
2199
2218
2518
2219
2519
2201
2220
2520
2202
2221
2521
2203
2222
2522
2204
2223
2523
2205
2224
2524
2206
2225
2525
2207
2226
2526
2208
2227
2527
2209
2228
2528
2210
2229
2529
2211
2230
2530
2212
2231
2531
2213
2232
2532
2214
2233
2533
2215
2234
2534
2216
2235
2535
2217
2236
2536
2218
2237
2537
2219
2238
2538
2239
2539
2221
2540
2222
2541
2223
2542
2224
2543
2225
2544
2226
2545
2227
2546
2228
2547
2229
2548
2230
2549
2231
2550
2232
2551
2233
2552
2234
2553
2235
2554
2236
2555
2237
2556
2238
2557
2239
2558
2559
2241
2260
2560
2242
2261
2561
2243
2262
2562
2244
2263
2563
2245
2264
2564
2246
2265
2565
2247
2266
2566
2248
2267
2567
2249
2268
2568
2250
2269
2569
2251
2270
2570
2252
2271
2571
2253
2272
2572
2254
2273
2573
2255
2274
2574
2256
2275
2575
2257
2276
2576
2258
2277
2577
2259
2278
2578
2279
2579
2261
2280
2580
2262
2281
2581
2263
2282
2582
2264
2283
2583
2265
2284
2584
2266
2285
2585
2267
2286
2586
2268
2287
2587
2269
2288
2588
2270
2289
2589
2271
2290
2590
2272
2291
2591
2273
2292
2592
2274
2293
2593
2275
2294
2594
2276
2295
2595
2277
2296
2596
2278
2297
2597
2279
2298
2598
2299
2599
2281
2300
2600
2282
2301
2601
2283
2302
2602
2284
2303
2603
2285
2304
2604
2286
2305
2605
2287
2306
2606
2288
2307
2607
2289
2308
2608
2290
2309
2609
2291
2310
2610
2292
2311
2611
2293
2312
2612
2294
2313
2613
2295
2314
2614
2296
2315
2615
2297
2316
2616
2298
2317
2617
2299
2318
2618
2319
2619
2301
2320
2620
2302
2321
2621
2303
2322
2622
2304
2323
2623
2305
2324
2624
2306
2325
2625
2307
2326
2626
2308
2327
2627
2309
2328
2628
2310
2329
2629
2311
2330
2630
2312
2331
2631
2313
2332
2632
2314
2333
2633
2315
2334
2634
2316
2335
2635
2317
2336
2636
2318
2337
2637
2319
2338
2638
2339
2639
2321
2340
2640
2322
2341
2641
2323
2342
2642
2324
2343
2643
2325
2344
2644
2326
2345
2645
2327
2346
2646
2328
2347
2647
2329
2348
2648
2330
2349
2649
2331
2350
2650
2332
2351
2651
2333
2352
2652
2334
2353
2653
2335
2354
2654
2336
2355
2655
2337
2356
2656
2338
2357
2657
2339
2358
2658
2359
2659
2341
2360
2660
2342
2361
2661
2343
2362
2662
2344
2363
2663
2345
2364
2664
2346
2365
2665
2347
2366
2666
2348
2367
2667
2349
2368
2668
2350
2369
2669
2351
2370
2670
2352
2371
2671
2353
2372
2672
2354
2373
2673
2355
2374
2674
2356
2375
2675
2357
2376
2676
2358
2377
2677
2359
2378
2678
2379
2679
2361
2380
2680
2362
2381
2681
2363
2382
2682
2364
2383
2683
2365
2384
2684
2366
2385
2685
2367
2386
2686
2368
2387
2687
2369
2388
2688
2370
2389
2689
2371
2390
2690
2372
2391
2691
2373
2392
2692
2374
2393
2693
2375
2394
2694
2376
2395
2695
2377
2396
2696
2378
2397
2697
2379
2398
2698
2399
2699
2381
2400
2700
2382
2401
2701
2383
2402
2702
2384
2403
2703
2385
2404
2704
2386
2405
2705
2387
2406
2706
2388
2407
2707
2389
2408
2708
2390
2409
2709
2391
2410
2710
2392
2411
2711
2393
2412
2712
2394
2413
2713
2395
2414
2714
2396
2415
2715
2397
2416
2716
2398
2417
2717
2399
2418
2718
2419
2719
2401
2420
2720
2402
2421
2721
2403
2422
2722
2404
2423
2723
2405
2424
2724
2406
2425
2725
2407
2426
2726
2408
2427
2727
2409
2428
2728
2410
2429
2729
2411
2430
2730
2412
2431
2731
2413
2432
2732
2414
2433
2733
2415
2434
2734
2416
2435
2735
2417
2436
2736
2418
2437
2737
2419
2438
2738
2439
2739
2421
2440
2740
2422
2441
2741
2423
2442
2742
2424
2443
2743
2425
2444
2744
2426
2445
2745
2427
2446
2746
2428
2447
2747
2429
2448
2748
2430
2449
2749
2431
2450
2750
2432
2451
2751
2433
2452
2752
2434
2453
2753
2435
2454
2754
2436
2455
2755
2437
2456
2756
2438
2457
2757
2439
2458
2758
2459
2759
2441
2460
2760
2442
2461
2761
2443
2462
2762
2444
2463
2763
2445
2464
2764
2446
2465
2765
2447
2466
2766
2448
2467
2767
2449
2468
2768
2450
2469
2769
2451
2470
2770
2452
2471
2771
2453
2472
2772
2454
2473
2773
2455
2474
2774
2456
2475
2775
2457
2476
2776
2458
2477
2777
2459
2478
2778
2479
2779
2461
2480
2780
2462
2481
2781
2463
2482
2782
2464
2483
2783
2465
2484
2784
2466
2485
2785
2467
2486
2786
2468
2487
2787
2469
2488
2788
2470
2489
2789
2471
2490
2790
2472
2491
2791
2473
2492
2792
2474
2493
2793
2475
2494
2794
2476
2495
2795
2477
2496
2796
2478
2497
2797
2479
2498
2798
2499
2799
2481
2500
2800
2482
2501
2801
2483
2502
2802
2484
2503
2803
2485
2504
2804
2486
2505
2805
2487
2506
2806
2488
2507
2807
2489
2508
2808
2490
2509
2809
2491
2510
2810
2492
2511
2811
2493
2512
2812
2494
2513
2813
2495
2514
2814
2496
2515
2815
2497
2516
2816
2498
2517
2817
2499
2518
2818
2519
2819
2501
2520
2820
2502
2521
2821
2503
2522
2822
2504
2523
2823
2505
2524
2824
2506
2525
2825
2507
2526
2826
2508
2527
2827
2509
2528
2828
2510
2529
2829
2511
2530
2830
2512
2531
2831
2513
2532
2832
2514
2533
2833
2515
2534
2834
2516
2535
2835
2517
2536
2836
2518
2537
2837
2519
2538
2838
2539
2839
2521
2540
2840
2522
2541
2841
2523
2542
2842
2524
2543
2843
2525
2544
2844
2526
2545
2845
2527
2546
2846
2528
2547
2847
2529
2548
2848
2530
2549
2849
2531
2550
2850
2532
2551
2851
2533
2552
2852
2534
2553
2853
2535
2554
2854
2536
2555
2855
2537
2556
2856
2538
2557
2857
2539
2558
2858
2559
2859
2541
2860
2542
2861
2543
2862
2544
2863
2545
2864
2546
2865
2547
2866
2548
2867
2549
2868
2550
2869
2551
2870
2552
2871
2553
2872
2554
2873
2555
2874
2556
2875
2557
2876
2558
2877
2559
2878
2879
2561
2580
2880
2562
2581
2881
2563
2582
2882
2564
2583
2883
2565
2584
2884
2566
2585
2885
2567
2586
2886
2568
2587
2887
2569
2588
2888
2570
2589
2889
2571
2590
2890
2572
2591
2891
2573
2592
2892
2574
2593
2893
2575
2594
2894
2576
2595
2895
2577
2596
2896
2578
2597
2897
2579
2598
2898
2599
2899
2581
2600
2900
2582
2601
2901
2583
2602
2902
2584
2603
2903
2585
2604
2904
2586
2605
2905
2587
2606
2906
2588
2607
2907
2589
2608
2908
2590
2609
2909
2591
2610
2910
2592
2611
2911
2593
2612
2912
2594
2613
2913
2595
2614
2914
2596
2615
2915
2597
2616
2916
2598
2617
2917
2599
2618
2918
2619
2919
2601
2620
2920
2602
2621
2921
2603
2622
2922
2604
2623
2923
2605
2624
2924
2606
2625
2925
2607
2626
2926
2608
2627
2927
2609
2628
2928
2610
2629
2929
2611
2630
2930
2612
2631
2931
2613
2632
2932
2614
2633
2933
2615
2634
2934
2616
2635
2935
2617
2636
2936
2618
2637
2937
2619
2638
2938
2639
2939
2621
2640
2940
2622
2641
2941
2623
2642
2942
2624
2643
2943
2625
2644
2944
2626
2645
2945
2627
2646
2946
2628
2647
2947
2629
2648
2948
2630
2649
2949
2631
2650
2950
2632
2651
2951
2633
2652
2952
2634
2653
2953
2635
2654
2954
2636
2655
2955
2637
2656
2956
2638
2657
2957
2639
2658
2958
2659
2959
2641
2660
2960
2642
2661
2961
2643
2662
2962
2644
2663
2963
2645
2664
2964
2646
2665
2965
2647
2666
2966
2648
2667
2967
2649
2668
2968
2650
2669
2969
2651
2670
2970
2652
2671
2971
2653
2672
2972
2654
2673
2973
2655
2674
2974
2656
2675
2975
2657
2676
2976
2658
2677
2977
2659
2678
2978
2679
2979
2661
2680
2980
2662
2681
2981
2663
2682
2982
2664
2683
2983
2665
2684
2984
2666
2685
2985
2667
2686
2986
2668
2687
2987
2669
2688
2988
2670
2689
2989
2671
2690
2990
2672
2691
2991
2673
2692
2992
2674
2693
2993
2675
2694
2994
2676
2695
2995
2677
2696
2996
2678
2697
2997
2679
2698
2998
2699
2999
2681
2700
3000
2682
2701
3001
2683
2702
3002
2684
2703
3003
2685
2704
3004
2686
2705
3005
2687
2706
3006
2688
2707
3007
2689
2708
3008
2690
2709
3009
2691
2710
3010
2692
2711
3011
2693
2712
3012
2694
2713
3013
2695
2714
3014
2696
2715
3015
2697
2716
3016
2698
2717
3017
2699
2718
3018
2719
3019
2701
2720
3020
2702
2721
3021
2703
2722
3022
2704
2723
3023
2705
2724
3024
2706
2725
3025
2707
2726
3026
2708
2727
3027
2709
2728
3028
2710
2729
3029
2711
2730
3030
2712
2731
3031
2713
2732
3032
2714
2733
3033
2715
2734
3034
2716
2735
3035
2717
2736
3036
2718
2737
3037
2719
2738
3038
2739
3039
2721
2740
3040
2722
2741
3041
2723
2742
3042
2724
2743
3043
2725
2744
3044
2726
2745
3045
2727
2746
3046
2728
2747
3047
2729
2748
3048
2730
2749
3049
2731
2750
3050
2732
2751
3051
2733
2752
3052
2734
2753
3053
2735
2754
3054
2736
2755
3055
2737
2756
3056
2738
2757
3057
2739
2758
3058
2759
3059
2741
2760
3060
2742
2761
3061
2743
2762
3062
2744
2763
3063
2745
2764
3064
2746
2765
3065
2747
2766
3066
2748
2767
3067
2749
2768
3068
2750
2769
3069
2751
2770
3070
2752
2771
3071
2753
2772
3072
2754
2773
3073
2755
2774
3074
2756
2775
3075
2757
2776
3076
2758
2777
3077
2759
2778
3078
2779
3079
2761
2780
3080
2762
2781
3081
2763
2782
3082
2764
2783
3083
2765
2784
3084
2766
2785
3085
2767
2786
3086
2768
2787
3087
2769
2788
3088
2770
2789
3089
2771
2790
3090
2772
2791
3091
2773
2792
3092
2774
2793
3093
2775
2794
3094
2776
2795
3095
2777
2796
3096
2778
2797
3097
2779
2798
3098
2799
3099
2781
2800
3100
2782
2801
3101
2783
2802
3102
2784
2803
3103
2785
2804
3104
2786
2805
3105
2787
2806
3106
2788
2807
3107
2789
2808
3108
2790
2809
3109
2791
2810
3110
2792
2811
3111
2793
2812
3112
2794
2813
3113
2795
2814
3114
2796
2815
3115
2797
2816
3116
2798
2817
3117
2799
2818
3118
2819
3119
2801
2820
3120
2802
2821
3121
2803
2822
3122
2804
2823
3123
2805
2824
3124
2806
2825
3125
2807
2826
3126
2808
2827
3127
2809
2828
3128
2810
2829
3129
2811
2830
3130
2812
2831
3131
2813
2832
3132
2814
2833
3133
2815
2834
3134
2816
2835
3135
2817
2836
3136
2818
2837
3137
2819
2838
3138
2839
3139
2821
2840
3140
2822
2841
3141
2823
2842
3142
2824
2843
3143
2825
2844
3144
2826
2845
3145
2827
2846
3146
2828
2847
3147
2829
2848
3148
2830
2849
3149
2831
2850
3150
2832
2851
3151
2833
2852
3152
2834
2853
3153
2835
2854
3154
2836
2855
3155
2837
2856
3156
2838
2857
3157
2839
2858
3158
2859
3159
2841
2860
3160
2842
2861
3161
2843
2862
3162
2844
2863
3163
2845
2864
3164
2846
2865
3165
2847
2866
3166
2848
2867
3167
2849
2868
3168
2850
2869
3169
2851
2870
3170
2852
2871
3171
2853
2872
3172
2854
2873
3173
2855
2874
3174
2856
2875
3175
2857
2876
3176
2858
2877
3177
2859
2878
3178
2879
3179
2861
3180
2862
3181
2863
3182
2864
3183
2865
3184
2866
3185
2867
3186
2868
3187
2869
3188
2870
3189
2871
3190
2872
3191
2873
3192
2874
3193
2875
3194
2876
3195
2877
3196
2878
3197
2879
3198
3199
2881
2900
3200
2882
2901
3201
2883
2902
3202
2884
2903
3203
2885
2904
3204
2886
2905
3205
2887
2906
3206
2888
2907
3207
2889
2908
3208
2890
2909
3209
2891
2910
3210
2892
2911
3211
2893
2912
3212
2894
2913
3213
2895
2914
3214
2896
2915
3215
2897
2916
3216
2898
2917
3217
2899
2918
3218
2919
3219
2901
2920
3220
2902
2921
3221
2903
2922
3222
2904
2923
3223
2905
2924
3224
2906
2925
3225
2907
2926
3226
2908
2927
3227
2909
2928
3228
2910
2929
3229
2911
2930
3230
2912
2931
3231
2913
2932
3232
2914
2933
3233
2915
2934
3234
2916
2935
3235
2917
2936
3236
2918
2937
3237
2919
2938
3238
2939
3239
2921
2940
3240
2922
2941
3241
2923
2942
3242
2924
2943
3243
2925
2944
3244
2926
2945
3245
2927
2946
3246
2928
2947
3247
2929
2948
3248
2930
2949
3249
2931
2950
3250
2932
2951
3251
2933
2952
3252
2934
2953
3253
2935
2954
3254
2936
2955
3255
2937
2956
3256
2938
2957
3257
2939
2958
3258
2959
3259
2941
2960
3260
2942
2961
3261
2943
2962
3262
2944
2963
3263
2945
2964
3264
2946
2965
3265
2947
2966
3266
2948
2967
3267
2949
2968
3268
2950
2969
3269
2951
2970
3270
2952
2971
3271
2953
2972
3272
2954
2973
3273
2955
2974
3274
2956
2975
3275
2957
2976
3276
2958
2977
3277
2959
2978
3278
2979
3279
2961
2980
3280
2962
2981
3281
2963
2982
3282
2964
2983
3283
2965
2984
3284
2966
2985
3285
2967
2986
3286
2968
2987
3287
2969
2988
3288
2970
2989
3289
2971
2990
3290
2972
2991
3291
2973
2992
3292
2974
2993
3293
2975
2994
3294
2976
2995
3295
2977
2996
3296
2978
2997
3297
2979
2998
3298
2999
3299
2981
3000
3300
2982
3001
3301
2983
3002
3302
2984
3003
3303
2985
3004
3304
2986
3005
3305
2987
3006
3306
2988
3007
3307
2989
3008
3308
2990
3009
3309
2991
3010
3310
2992
3011
3311
2993
3012
3312
2994
3013
3313
2995
3014
3314
2996
3015
3315
2997
3016
3316
2998
3017
3317
2999
3018
3318
3019
3319
3001
3020
3320
3002
3021
3321
3003
3022
3322
3004
3023
3323
3005
3024
3324
3006
3025
3325
3007
3026
3326
3008
3027
3327
3009
3028
3328
3010
3029
3329
3011
3030
3330
3012
3031
3331
3013
3032
3332
3014
3033
3333
3015
3034
3334
3016
3035
3335
3017
3036
3336
3018
3037
3337
3019
3038
3338
3039
3339
3021
3040
3340
3022
3041
3341
3023
3042
3342
3024
3043
3343
3025
3044
3344
3026
3045
3345
3027
3046
3346
3028
3047
3347
3029
3048
3348
3030
3049
3349
3031
3050
3350
3032
3051
3351
3033
3052
3352
3034
3053
3353
3035
3054
3354
3036
3055
3355
3037
3056
3356
3038
3057
3357
3039
3058
3358
3059
3359
3041
3060
3360
3042
3061
3361
3043
3062
3362
3044
3063
3363
3045
3064
3364
3046
3065
3365
3047
3066
3366
3048
3067
3367
3049
3068
3368
3050
3069
3369
3051
3070
3370
3052
3071
3371
3053
3072
3372
3054
3073
3373
3055
3074
3374
3056
3075
3375
3057
3076
3376
3058
3077
3377
3059
3078
3378
3079
3379
3061
3080
3380
3062
3081
3381
3063
3082
3382
3064
3083
3383
3065
3084
3384
3066
3085
3385
3067
3086
3386
3068
3087
3387
3069
3088
3388
3070
3089
3389
3071
3090
3390
3072
3091
3391
3073
3092
3392
3074
3093
3393
3075
3094
3394
3076
3095
3395
3077
3096
3396
3078
3097
3397
3079
3098
3398
3099
3399
3081
3100
3400
3082
3101
3401
3083
3102
3402
3084
3103
3403
3085
3104
3404
3086
3105
3405
3087
3106
3406
3088
3107
3407
3089
3108
3408
3090
3109
3409
3091
3110
3410
3092
3111
3411
3093
3112
3412
3094
3113
3413
3095
3114
3414
3096
3115
3415
3097
3116
3416
3098
3117
3417
3099
3118
3418
3119
3419
3101
3120
3420
3102
3121
3421
3103
3122
3422
3104
3123
3423
3105
3124
3424
3106
3125
3425
3107
3126
3426
3108
3127
3427
3109
3128
3428
3110
3129
3429
3111
3130
3430
3112
3131
3431
3113
3132
3432
3114
3133
3433
3115
3134
3434
3116
3135
3435
3117
3136
3436
3118
3137
3437
3119
3138
3438
3139
3439
3121
3140
3440
3122
3141
3441
3123
3142
3442
3124
3143
3443
3125
3144
3444
3126
3145
3445
3127
3146
3446
3128
3147
3447
3129
3148
3448
3130
3149
3449
3131
3150
3450
3132
3151
3451
3133
3152
3452
3134
3153
3453
3135
3154
3454
3136
3155
3455
3137
3156
3456
3138
3157
3457
3139
3158
3458
3159
3459
3141
3160
3460
3142
3161
3461
3143
3162
3462
3144
3163
3463
3145
3164
3464
3146
3165
3465
3147
3166
3466
3148
3167
3467
3149
3168
3468
3150
3169
3469
3151
3170
3470
3152
3171
3471
3153
3172
3472
3154
3173
3473
3155
3174
3474
3156
3175
3475
3157
3176
3476
3158
3177
3477
3159
3178
3478
3179
3479
3161
3180
3480
3162
3181
3481
3163
3182
3482
3164
3183
3483
3165
3184
3484
3166
3185
3485
3167
3186
3486
3168
3187
3487
3169
3188
3488
3170
3189
3489
3171
3190
3490
3172
3191
3491
3173
3192
3492
3174
3193
3493
3175
3194
3494
3176
3195
3495
3177
3196
3496
3178
3197
3497
3179
3198
3498
3199
3499
3181
3500
3182
3501
3183
3502
3184
3503
3185
3504
3186
3505
3187
3506
3188
3507
3189
3508
3190
3509
3191
3510
3192
3511
3193
3512
3194
3513
3195
3514
3196
3515
3197
3516
3198
3517
3199
3518
3519
3201
3220
3520
3202
3221
3521
3203
3222
3522
3204
3223
3523
3205
3224
3524
3206
3225
3525
3207
3226
3526
3208
3227
3527
3209
3228
3528
3210
3229
3529
3211
3230
3530
3212
3231
3531
3213
3232
3532
3214
3233
3533
3215
3234
3534
3216
3235
3535
3217
3236
3536
3218
3237
3537
3219
3238
3538
3239
3539
3221
3240
3540
3222
3241
3541
3223
3242
3542
3224
3243
3543
3225
3244
3544
3226
3245
3545
3227
3246
3546
3228
3247
3547
3229
3248
3548
3230
3249
3549
3231
3250
3550
3232
3251
3551
3233
3252
3552
3234
3253
3553
3235
3254
3554
3236
3255
3555
3237
3256
3556
3238
3257
3557
3239
3258
3558
3259
3559
3241
3260
3560
3242
3261
3561
3243
3262
3562
3244
3263
3563
3245
3264
3564
3246
3265
3565
3247
3266
3566
3248
3267
3567
3249
3268
3568
3250
3269
3569
3251
3270
3570
3252
3271
3571
3253
3272
3572
3254
3273
3573
3255
3274
3574
3256
3275
3575
3257
3276
3576
3258
3277
3577
3259
3278
3578
3279
3579
3261
3280
3580
3262
3281
3581
3263
3282
3582
3264
3283
3583
3265
3284
3584
3266
3285
3585
3267
3286
3586
3268
3287
3587
3269
3288
3588
3270
3289
3589
3271
3290
3590
3272
3291
3591
3273
3292
3592
3274
3293
3593
3275
3294
3594
3276
3295
3595
3277
3296
3596
3278
3297
3597
3279
3298
3598
3299
3599
3281
3300
3600
3282
3301
3601
3283
3302
3602
3284
3303
3603
3285
3304
3604
3286
3305
3605
3287
3306
3606
3288
3307
3607
3289
3308
3608
3290
3309
3609
3291
3310
3610
3292
3311
3611
3293
3312
3612
3294
3313
3613
3295
3314
3614
3296
3315
3615
3297
3316
3616
3298
3317
3617
3299
3318
3618
3319
3619
3301
3320
3620
3302
3321
3621
3303
3322
3622
3304
3323
3623
3305
3324
3624
3306
3325
3625
3307
3326
3626
3308
3327
3627
3309
3328
3628
3310
3329
3629
3311
3330
3630
3312
3331
3631
3313
3332
3632
3314
3333
3633
3315
3334
3634
3316
3335
3635
3317
3336
3636
3318
3337
3637
3319
3338
3638
3339
3639
3321
3340
3640
3322
3341
3641
3323
3342
3642
3324
3343
3643
3325
3344
3644
3326
3345
3645
3327
3346
3646
3328
3347
3647
3329
3348
3648
3330
3349
3649
3331
3350
3650
3332
3351
3651
3333
3352
3652
3334
3353
3653
3335
3354
3654
3336
3355
3655
3337
3356
3656
3338
3357
3657
3339
3358
3658
3359
3659
3341
3360
3660
3342
3361
3661
3343
3362
3662
3344
3363
3663
3345
3364
3664
3346
3365
3665
3347
3366
3666
3348
3367
3667
3349
3368
3668
3350
3369
3669
3351
3370
3670
3352
3371
3671
3353
3372
3672
3354
3373
3673
3355
3374
3674
3356
3375
3675
3357
3376
3676
3358
3377
3677
3359
3378
3678
3379
3679
3361
3380
3680
3362
3381
3681
3363
3382
3682
3364
3383
3683
3365
3384
3684
3366
3385
3685
3367
3386
3686
3368
3387
3687
3369
3388
3688
3370
3389
3689
3371
3390
3690
3372
3391
3691
3373
3392
3692
3374
3393
3693
3375
3394
3694
3376
3395
3695
3377
3396
3696
3378
3397
3697
3379
3398
3698
3399
3699
3381
3400
3700
3382
3401
3701
3383
3402
3702
3384
3403
3703
3385
3404
3704
3386
3405
3705
3387
3406
3706
3388
3407
3707
3389
3408
3708
3390
3409
3709
3391
3410
3710
3392
3411
3711
3393
3412
3712
3394
3413
3713
3395
3414
3714
3396
3415
3715
3397
3416
3716
3398
3417
3717
3399
3418
3718
3419
3719
3401
3420
3720
3402
3421
3721
3403
3422
3722
3404
3423
3723
3405
3424
3724
3406
3425
3725
3407
3426
3726
3408
3427
3727
3409
3428
3728
3410
3429
3729
3411
3430
3730
3412
3431
3731
3413
3432
3732
3414
3433
3733
3415
3434
3734
3416
3435
3735
3417
3436
3736
3418
3437
3737
3419
3438
3738
3439
3739
3421
3440
3740
3422
3441
3741
3423
3442
3742
3424
3443
3743
3425
3444
3744
3426
3445
3745
3427
3446
3746
3428
3447
3747
3429
3448
3748
3430
3449
3749
3431
3450
3750
3432
3451
3751
3433
3452
3752
3434
3453
3753
3435
3454
3754
3436
3455
3755
3437
3456
3756
3438
3457
3757
3439
3458
3758
3459
3759
3441
3460
3760
3442
3461
3761
3443
3462
3762
3444
3463
3763
3445
3464
3764
3446
3465
3765
3447
3466
3766
3448
3467
3767
3449
3468
3768
3450
3469
3769
3451
3470
3770
3452
3471
3771
3453
3472
3772
3454
3473
3773
3455
3474
3774
3456
3475
3775
3457
3476
3776
3458
3477
3777
3459
3478
3778
3479
3779
3461
3480
3780
3462
3481
3781
3463
3482
3782
3464
3483
3783
3465
3484
3784
3466
3485
3785
3467
3486
3786
3468
3487
3787
3469
3488
3788
3470
3489
3789
3471
3490
3790
3472
3491
3791
3473
3492
3792
3474
3493
3793
3475
3494
3794
3476
3495
3795
3477
3496
3796
3478
3497
3797
3479
3498
3798
3499
3799
3481
3500
3800
3482
3501
3801
3483
3502
3802
3484
3503
3803
3485
3504
3804
3486
3505
3805
3487
3506
3806
3488
3507
3807
3489
3508
3808
3490
3509
3809
3491
3510
3810
3492
3511
3811
3493
3512
3812
3494
3513
3813
3495
3514
3814
3496
3515
3815
3497
3516
3816
3498
3517
3817
3499
3518
3818
3519
3819
3501
3820
3502
3821
3503
3822
3504
3823
3505
3824
3506
3825
3507
3826
3508
3827
3509
3828
3510
3829
3511
3830
3512
3831
3513
3832
3514
3833
3515
3834
3516
3835
3517
3836
3518
3837
3519
3838
3839
3521
3540
3840
3522
3541
3841
3523
3542
3842
3524
3543
3843
3525
3544
3844
3526
3545
3845
3527
3546
3846
3528
3547
3847
3529
3548
3848
3530
3549
3849
3531
3550
3850
3532
3551
3851
3533
3552
3852
3534
3553
3853
3535
3554
3854
3536
3555
3855
3537
3556
3856
3538
3557
3857
3539
3558
3858
3559
3859
3541
3560
3860
3542
3561
3861
3543
3562
3862
3544
3563
3863
3545
3564
3864
3546
3565
3865
3547
3566
3866
3548
3567
3867
3549
3568
3868
3550
3569
3869
3551
3570
3870
3552
3571
3871
3553
3572
3872
3554
3573
3873
3555
3574
3874
3556
3575
3875
3557
3576
3876
3558
3577
3877
3559
3578
3878
3579
3879
3561
3580
3880
3562
3581
3881
3563
3582
3882
3564
3583
3883
3565
3584
3884
3566
3585
3885
3567
3586
3886
3568
3587
3887
3569
3588
3888
3570
3589
3889
3571
3590
3890
3572
3591
3891
3573
3592
3892
3574
3593
3893
3575
3594
3894
3576
3595
3895
3577
3596
3896
3578
3597
3897
3579
3598
3898
3599
3899
3581
3600
3900
3582
3601
3901
3583
3602
3902
3584
3603
3903
3585
3604
3904
3586
3605
3905
3587
3606
3906
3588
3607
3907
3589
3608
3908
3590
3609
3909
3591
3610
3910
3592
3611
3911
3593
3612
3912
3594
3613
3913
3595
3614
3914
3596
3615
3915
3597
3616
3916
3598
3617
3917
3599
3618
3918
3619
3919
3601
3620
3920
3602
3621
3921
3603
3622
3922
3604
3623
3923
3605
3624
3924
3606
3625
3925
3607
3626
3926
3608
3627
3927
3609
3628
3928
3610
3629
3929
3611
3630
3930
3612
3631
3931
3613
3632
3932
3614
3633
3933
3615
3634
3934
3616
3635
3935
3617
3636
3936
3618
3637
3937
3619
3638
3938
3639
3939
3621
3640
3940
3622
3641
3941
3623
3642
3942
3624
3643
3943
3625
3644
3944
3626
3645
3945
3627
3646
3946
3628
3647
3947
3629
3648
3948
3630
3649
3949
3631
3650
3950
3632
3651
3951
3633
3652
3952
3634
3653
3953
3635
3654
3954
3636
3655
3955
3637
3656
3956
3638
3657
3957
3639
3658
3958
3659
3959
3641
3660
3960
3642
3661
3961
3643
3662
3962
3644
3663
3963
3645
3664
3964
3646
3665
3965
3647
3666
3966
3648
3667
3967
3649
3668
3968
3650
3669
3969
3651
3670
3970
3652
3671
3971
3653
3672
3972
3654
3673
3973
3655
3674
3974
3656
3675
3975
3657
3676
3976
3658
3677
3977
3659
3678
3978
3679
3979
3661
3680
3980
3662
3681
3981
3663
3682
3982
3664
3683
3983
3665
3684
3984
3666
3685
3985
3667
3686
3986
3668
3687
3987
3669
3688
3988
3670
3689
3989
3671
3690
3990
3672
3691
3991
3673
3692
3992
3674
3693
3993
3675
3694
3994
3676
3695
3995
3677
3696
3996
3678
3697
3997
3679
3698
3998
3699
3999
3681
3700
4000
3682
3701
4001
3683
3702
4002
3684
3703
4003
3685
3704
4004
3686
3705
4005
3687
3706
4006
3688
3707
4007
3689
3708
4008
3690
3709
4009
3691
3710
4010
3692
3711
4011
3693
3712
4012
3694
3713
4013
3695
3714
4014
3696
3715
4015
3697
3716
4016
3698
3717
4017
3699
3718
4018
3719
4019
3701
3720
4020
3702
3721
4021
3703
3722
4022
3704
3723
4023
3705
3724
4024
3706
3725
4025
3707
3726
4026
3708
3727
4027
3709
3728
4028
3710
3729
4029
3711
3730
4030
3712
3731
4031
3713
3732
4032
3714
3733
4033
3715
3734
4034
3716
3735
4035
3717
3736
4036
3718
3737
4037
3719
3738
4038
3739
4039
3721
3740
4040
3722
3741
4041
3723
3742
4042
3724
3743
4043
3725
3744
4044
3726
3745
4045
3727
3746
4046
3728
3747
4047
3729
3748
4048
3730
3749
4049
3731
3750
4050
3732
3751
4051
3733
3752
4052
3734
3753
4053
3735
3754
4054
3736
3755
4055
3737
3756
4056
3738
3757
4057
3739
3758
4058
3759
4059
3741
3760
4060
3742
3761
4061
3743
3762
4062
3744
3763
4063
3745
3764
4064
3746
3765
4065
3747
3766
4066
3748
3767
4067
3749
3768
4068
3750
3769
4069
3751
3770
4070
3752
3771
4071
3753
3772
4072
3754
3773
4073
3755
3774
4074
3756
3775
4075
3757
3776
4076
3758
3777
4077
3759
3778
4078
3779
4079
3761
3780
4080
3762
3781
4081
3763
3782
4082
3764
3783
4083
3765
3784
4084
3766
3785
4085
3767
3786
4086
3768
3787
4087
3769
3788
4088
3770
3789
4089
3771
3790
4090
3772
3791
4091
3773
3792
4092
3774
3793
4093
3775
3794
4094
3776
3795
4095
3777
3796
4096
3778
3797
4097
3779
3798
4098
3799
4099
3781
3800
4100
3782
3801
4101
3783
3802
4102
3784
3803
4103
3785
3804
4104
3786
3805
4105
3787
3806
4106
3788
3807
4107
3789
3808
4108
3790
3809
4109
3791
3810
4110
3792
3811
4111
3793
3812
4112
3794
3813
4113
3795
3814
4114
3796
3815
4115
3797
3816
4116
3798
3817
4117
3799
3818
4118
3819
4119
3801
3820
4120
3802
3821
4121
3803
3822
4122
3804
3823
4123
3805
3824
4124
3806
3825
4125
3807
3826
4126
3808
3827
4127
3809
3828
4128
3810
3829
4129
3811
3830
4130
3812
3831
4131
3813
3832
4132
3814
3833
4133
3815
3834
4134
3816
3835
4135
3817
3836
4136
3818
3837
4137
3819
3838
4138
3839
4139
3821
4140
3822
4141
3823
4142
3824
4143
3825
4144
3826
4145
3827
4146
3828
4147
3829
4148
3830
4149
3831
4150
3832
4151
3833
4152
3834
4153
3835
4154
3836
4155
3837
4156
3838
4157
3839
4158
4159
3841
3860
4160
3842
3861
4161
3843
3862
4162
3844
3863
4163
3845
3864
4164
3846
3865
4165
3847
3866
4166
3848
3867
4167
3849
3868
4168
3850
3869
4169
3851
3870
4170
3852
3871
4171
3853
3872
4172
3854
3873
4173
3855
3874
4174
3856
3875
4175
3857
3876
4176
3858
3877
4177
3859
3878
4178
3879
4179
3861
3880
4180
3862
3881
4181
3863
3882
4182
3864
3883
4183
3865
3884
4184
3866
3885
4185
3867
3886
4186
3868
3887
4187
3869
3888
4188
3870
3889
4189
3871
3890
4190
3872
3891
4191
3873
3892
4192
3874
3893
4193
3875
3894
4194
3876
3895
4195
3877
3896
4196
3878
3897
4197
3879
3898
4198
3899
4199
3881
3900
4200
3882
3901
4201
3883
3902
4202
3884
3903
4203
3885
3904
4204
3886
3905
4205
3887
3906
4206
3888
3907
4207
3889
3908
4208
3890
3909
4209
3891
3910
4210
3892
3911
4211
3893
3912
4212
3894
3913
4213
3895
3914
4214
3896
3915
4215
3897
3916
4216
3898
3917
4217
3899
3918
4218
3919
4219
3901
3920
4220
3902
3921
4221
3903
3922
4222
3904
3923
4223
3905
3924
4224
3906
3925
4225
3907
3926
4226
3908
3927
4227
3909
3928
4228
3910
3929
4229
3911
3930
4230
3912
3931
4231
3913
3932
4232
3914
3933
4233
3915
3934
4234
3916
3935
4235
3917
3936
4236
3918
3937
4237
3919
3938
4238
3939
4239
3921
3940
4240
3922
3941
4241
3923
3942
4242
3924
3943
4243
3925
3944
4244
3926
3945
4245
3927
3946
4246
3928
3947
4247
3929
3948
4248
3930
3949
4249
3931
3950
4250
3932
3951
4251
3933
3952
4252
3934
3953
4253
3935
3954
4254
3936
3955
4255
3937
3956
4256
3938
3957
4257
3939
3958
4258
3959
4259
3941
3960
4260
3942
3961
4261
3943
3962
4262
3944
3963
4263
3945
3964
4264
3946
3965
4265
3947
3966
4266
3948
3967
4267
3949
3968
4268
3950
3969
4269
3951
3970
4270
3952
3971
4271
3953
3972
4272
3954
3973
4273
3955
3974
4274
3956
3975
4275
3957
3976
4276
3958
3977
4277
3959
3978
4278
3979
4279
3961
3980
4280
3962
3981
4281
3963
3982
4282
3964
3983
4283
3965
3984
4284
3966
3985
4285
3967
3986
4286
3968
3987
4287
3969
3988
4288
3970
3989
4289
3971
3990
4290
3972
3991
4291
3973
3992
4292
3974
3993
4293
3975
3994
4294
3976
3995
4295
3977
3996
4296
3978
3997
4297
3979
3998
4298
3999
4299
3981
4000
4300
3982
4001
4301
3983
4002
4302
3984
4003
4303
3985
4004
4304
3986
4005
4305
3987
4006
4306
3988
4007
4307
3989
4008
4308
3990
4009
4309
3991
4010
4310
3992
4011
4311
3993
4012
4312
3994
4013
4313
3995
4014
4314
3996
4015
4315
3997
4016
4316
3998
4017
4317
3999
4018
4318
4019
4319
4001
4020
4320
4002
4021
4321
4003
4022
4322
4004
4023
4323
4005
4024
4324
4006
4025
4325
4007
4026
4326
4008
4027
4327
4009
4028
4328
4010
4029
4329
4011
4030
4330
4012
4031
4331
4013
4032
4332
4014
4033
4333
4015
4034
4334
4016
4035
4335
4017
4036
4336
4018
4037
4337
4019
4038
4338
4039
4339
4021
4040
4340
4022
4041
4341
4023
4042
4342
4024
4043
4343
4025
4044
4344
4026
4045
4345
4027
4046
4346
4028
4047
4347
4029
4048
4348
4030
4049
4349
4031
4050
4350
4032
4051
4351
4033
4052
4352
4034
4053
4353
4035
4054
4354
4036
4055
4355
4037
4056
4356
4038
4057
4357
4039
4058
4358
4059
4359
4041
4060
4360
4042
4061
4361
4043
4062
4362
4044
4063
4363
4045
4064
4364
4046
4065
4365
4047
4066
4366
4048
4067
4367
4049
4068
4368
4050
4069
4369
4051
4070
4370
4052
4071
4371
4053
4072
4372
4054
4073
4373
4055
4074
4374
4056
4075
4375
4057
4076
4376
4058
4077
4377
4059
4078
4378
4079
4379
4061
4080
4380
4062
4081
4381
4063
4082
4382
4064
4083
4383
4065
4084
4384
4066
4085
4385
4067
4086
4386
4068
4087
4387
4069
4088
4388
4070
4089
4389
4071
4090
4390
4072
4091
4391
4073
4092
4392
4074
4093
4393
4075
4094
4394
4076
4095
4395
4077
4096
4396
4078
4097
4397
4079
4098
4398
4099
4399
4081
4100
4400
4082
4101
4401
4083
4102
4402
4084
4103
4403
4085
4104
4404
4086
4105
4405
4087
4106
4406
4088
4107
4407
4089
4108
4408
4090
4109
4409
4091
4110
4410
4092
4111
4411
4093
4112
4412
4094
4113
4413
4095
4114
4414
4096
4115
4415
4097
4116
4416
4098
4117
4417
4099
4118
4418
4119
4419
4101
4120
4420
4102
4121
4421
4103
4122
4422
4104
4123
4423
4105
4124
4424
4106
4125
4425
4107
4126
4426
4108
4127
4427
4109
4128
4428
4110
4129
4429
4111
4130
4430
4112
4131
4431
4113
4132
4432
4114
4133
4433
4115
4134
4434
4116
4135
4435
4117
4136
4436
4118
4137
4437
4119
4138
4438
4139
4439
4121
4140
4440
4122
4141
4441
4123
4142
4442
4124
4143
4443
4125
4144
4444
4126
4145
4445
4127
4146
4446
4128
4147
4447
4129
4148
4448
4130
4149
4449
4131
4150
4450
4132
4151
4451
4133
4152
4452
4134
4153
4453
4135
4154
4454
4136
4155
4455
4137
4156
4456
4138
4157
4457
4139
4158
4458
4159
4459
4141
4460
4142
4461
4143
4462
4144
4463
4145
4464
4146
4465
4147
4466
4148
4467
4149
4468
4150
4469
4151
4470
4152
4471
4153
4472
4154
4473
4155
4474
4156
4475
4157
4476
4158
4477
4159
4478
4479
4161
4180
4480
4162
4181
4481
4163
4182
4482
4164
4183
4483
4165
4184
4484
4166
4185
4485
4167
4186
4486
4168
4187
4487
4169
4188
4488
4170
4189
4489
4171
4190
4490
4172
4191
4491
4173
4192
4492
4174
4193
4493
4175
4194
4494
4176
4195
4495
4177
4196
4496
4178
4197
4497
4179
4198
4498
4199
4499
4181
4200
4500
4182
4201
4501
4183
4202
4502
4184
4203
4503
4185
4204
4504
4186
4205
4505
4187
4206
4506
4188
4207
4507
4189
4208
4508
4190
4209
4509
4191
4210
4510
4192
4211
4511
4193
4212
4512
4194
4213
4513
4195
4214
4514
4196
4215
4515
4197
4216
4516
4198
4217
4517
4199
4218
4518
4219
4519
4201
4220
4520
4202
4221
4521
4203
4222
4522
4204
4223
4523
4205
4224
4524
4206
4225
4525
4207
4226
4526
4208
4227
4527
4209
4228
4528
4210
4229
4529
4211
4230
4530
4212
4231
4531
4213
4232
4532
4214
4233
4533
4215
4234
4534
4216
4235
4535
4217
4236
4536
4218
4237
4537
4219
4238
4538
4239
4539
4221
4240
4540
4222
4241
4541
4223
4242
4542
4224
4243
4543
4225
4244
4544
4226
4245
4545
4227
4246
4546
4228
4247
4547
4229
4248
4548
4230
4249
4549
4231
4250
4550
4232
4251
4551
4233
4252
4552
4234
4253
4553
4235
4254
4554
4236
4255
4555
4237
4256
4556
4238
4257
4557
4239
4258
4558
4259
4559
4241
4260
4560
4242
4261
4561
4243
4262
4562
4244
4263
4563
4245
4264
4564
4246
4265
4565
4247
4266
4566
4248
4267
4567
4249
4268
4568
4250
4269
4569
4251
4270
4570
4252
4271
4571
4253
4272
4572
4254
4273
4573
4255
4274
4574
4256
4275
4575
4257
4276
4576
4258
4277
4577
4259
4278
4578
4279
4579
4261
4280
4580
4262
4281
4581
4263
4282
4582
4264
4283
4583
4265
4284
4584
4266
4285
4585
4267
4286
4586
4268
4287
4587
4269
4288
4588
4270
4289
4589
4271
4290
4590
4272
4291
4591
4273
4292
4592
4274
4293
4593
4275
4294
4594
4276
4295
4595
4277
4296
4596
4278
4297
4597
4279
4298
4598
4299
4599
4281
4300
4600
4282
4301
4601
4283
4302
4602
4284
4303
4603
4285
4304
4604
4286
4305
4605
4287
4306
4606
4288
4307
4607
4289
4308
4608
4290
4309
4609
4291
4310
4610
4292
4311
4611
4293
4312
4612
4294
4313
4613
4295
4314
4614
4296
4315
4615
4297
4316
4616
4298
4317
4617
4299
4318
4618
4319
4619
4301
4320
4620
4302
4321
4621
4303
4322
4622
4304
4323
4623
4305
4324
4624
4306
4325
4625
4307
4326
4626
4308
4327
4627
4309
4328
4628
4310
4329
4629
4311
4330
4630
4312
4331
4631
4313
4332
4632
4314
4333
4633
4315
4334
4634
4316
4335
4635
4317
4336
4636
4318
4337
4637
4319
4338
4638
4339
4639
4321
4340
4640
4322
4341
4641
4323
4342
4642
4324
4343
4643
4325
4344
4644
4326
4345
4645
4327
4346
4646
4328
4347
4647
4329
4348
4648
4330
4349
4649
4331
4350
4650
4332
4351
4651
4333
4352
4652
4334
4353
4653
4335
4354
4654
4336
4355
4655
4337
4356
4656
4338
4357
4657
4339
4358
4658
4359
4659
4341
4360
4660
4342
4361
4661
4343
4362
4662
4344
4363
4663
4345
4364
4664
4346
4365
4665
4347
4366
4666
4348
4367
4667
4349
4368
4668
4350
4369
4669
4351
4370
4670
4352
4371
4671
4353
4372
4672
4354
4373
4673
4355
4374
4674
4356
4375
4675
4357
4376
4676
4358
4377
4677
4359
4378
4678
4379
4679
4361
4380
4680
4362
4381
4681
4363
4382
4682
4364
4383
4683
4365
4384
4684
4366
4385
4685
4367
4386
4686
4368
4387
4687
4369
4388
4688
4370
4389
4689
4371
4390
4690
4372
4391
4691
4373
4392
4692
4374
4393
4693
4375
4394
4694
4376
4395
4695
4377
4396
4696
4378
4397
4697
4379
4398
4698
4399
4699
4381
4400
4700
4382
4401
4701
4383
4402
4702
4384
4403
4703
4385
4404
4704
4386
4405
4705
4387
4406
4706
4388
4407
4707
4389
4408
4708
4390
4409
4709
4391
4410
4710
4392
4411
4711
4393
4412
4712
4394
4413
4713
4395
4414
4714
4396
4415
4715
4397
4416
4716
4398
4417
4717
4399
4418
4718
4419
4719
4401
4420
4720
4402
4421
4721
4403
4422
4722
4404
4423
4723
4405
4424
4724
4406
4425
4725
4407
4426
4726
4408
4427
4727
4409
4428
4728
4410
4429
4729
4411
4430
4730
4412
4431
4731
4413
4432
4732
4414
4433
4733
4415
4434
4734
4416
4435
4735
4417
4436
4736
4418
4437
4737
4419
4438
4738
4439
4739
4421
4440
4740
4422
4441
4741
4423
4442
4742
4424
4443
4743
4425
4444
4744
4426
4445
4745
4427
4446
4746
4428
4447
4747
4429
4448
4748
4430
4449
4749
4431
4450
4750
4432
4451
4751
4433
4452
4752
4434
4453
4753
4435
4454
4754
4436
4455
4755
4437
4456
4756
4438
4457
4757
4439
4458
4758
4459
4759
4441
4460
4760
4442
4461
4761
4443
4462
4762
4444
4463
4763
4445
4464
4764
4446
4465
4765
4447
4466
4766
4448
4467
4767
4449
4468
4768
4450
4469
4769
4451
4470
4770
4452
4471
4771
4453
4472
4772
4454
4473
4773
4455
4474
4774
4456
4475
4775
4457
4476
4776
4458
4477
4777
4459
4478
4778
4479
4779
4461
4780
4462
4781
4463
4782
4464
4783
4465
4784
4466
4785
4467
4786
4468
4787
4469
4788
4470
4789
4471
4790
4472
4791
4473
4792
4474
4793
4475
4794
4476
4795
4477
4796
4478
4797
4479
4798
4799
4481
4500
4800
4482
4501
4801
4483
4502
4802
4484
4503
4803
4485
4504
4804
4486
4505
4805
4487
4506
4806
4488
4507
4807
4489
4508
4808
4490
4509
4809
4491
4510
4810
4492
4511
4811
4493
4512
4812
4494
4513
4813
4495
4514
4814
4496
4515
4815
4497
4516
4816
4498
4517
4817
4499
4518
4818
4519
4819
4501
4520
4820
4502
4521
4821
4503
4522
4822
4504
4523
4823
4505
4524
4824
4506
4525
4825
4507
4526
4826
4508
4527
4827
4509
4528
4828
4510
4529
4829
4511
4530
4830
4512
4531
4831
4513
4532
4832
4514
4533
4833
4515
4534
4834
4516
4535
4835
4517
4536
4836
4518
4537
4837
4519
4538
4838
4539
4839
4521
4540
4840
4522
4541
4841
4523
4542
4842
4524
4543
4843
4525
4544
4844
4526
4545
4845
4527
4546
4846
4528
4547
4847
4529
4548
4848
4530
4549
4849
4531
4550
4850
4532
4551
4851
4533
4552
4852
4534
4553
4853
4535
4554
4854
4536
4555
4855
4537
4556
4856
4538
4557
4857
4539
4558
4858
4559
4859
4541
4560
4860
4542
4561
4861
4543
4562
4862
4544
4563
4863
4545
4564
4864
4546
4565
4865
4547
4566
4866
4548
4567
4867
4549
4568
4868
4550
4569
4869
4551
4570
4870
4552
4571
4871
4553
4572
4872
4554
4573
4873
4555
4574
4874
4556
4575
4875
4557
4576
4876
4558
4577
4877
4559
4578
4878
4579
4879
4561
4580
4880
4562
4581
4881
4563
4582
4882
4564
4583
4883
4565
4584
4884
4566
4585
4885
4567
4586
4886
4568
4587
4887
4569
4588
4888
4570
4589
4889
4571
4590
4890
4572
4591
4891
4573
4592
4892
4574
4593
4893
4575
4594
4894
4576
4595
4895
4577
4596
4896
4578
4597
4897
4579
4598
4898
4599
4899
4581
4600
4900
4582
4601
4901
4583
4602
4902
4584
4603
4903
4585
4604
4904
4586
4605
4905
4587
4606
4906
4588
4607
4907
4589
4608
4908
4590
4609
4909
4591
4610
4910
4592
4611
4911
4593
4612
4912
4594
4613
4913
4595
4614
4914
4596
4615
4915
4597
4616
4916
4598
4617
4917
4599
4618
4918
4619
4919
4601
4620
4920
4602
4621
4921
4603
4622
4922
4604
4623
4923
4605
4624
4924
4606
4625
4925
4607
4626
4926
4608
4627
4927
4609
4628
4928
4610
4629
4929
4611
4630
4930
4612
4631
4931
4613
4632
4932
4614
4633
4933
4615
4634
4934
4616
4635
4935
4617
4636
4936
4618
4637
4937
4619
4638
4938
4639
4939
4621
4640
4940
4622
4641
4941
4623
4642
4942
4624
4643
4943
4625
4644
4944
4626
4645
4945
4627
4646
4946
4628
4647
4947
4629
4648
4948
4630
4649
4949
4631
4650
4950
4632
4651
4951
4633
4652
4952
4634
4653
4953
4635
4654
4954
4636
4655
4955
4637
4656
4956
4638
4657
4957
4639
4658
4958
4659
4959
4641
4660
4960
4642
4661
4961
4643
4662
4962
4644
4663
4963
4645
4664
4964
4646
4665
4965
4647
4666
4966
4648
4667
4967
4649
4668
4968
4650
4669
4969
4651
4670
4970
4652
4671
4971
4653
4672
4972
4654
4673
4973
4655
4674
4974
4656
4675
4975
4657
4676
4976
4658
4677
4977
4659
4678
4978
4679
4979
4661
4680
4980
4662
4681
4981
4663
4682
4982
4664
4683
4983
4665
4684
4984
4666
4685
4985
4667
4686
4986
4668
4687
4987
4669
4688
4988
4670
4689
4989
4671
4690
4990
4672
4691
4991
4673
4692
4992
4674
4693
4993
4675
4694
4994
4676
4695
4995
4677
4696
4996
4678
4697
4997
4679
4698
4998
4699
4999
4681
4700
5000
4682
4701
5001
4683
4702
5002
4684
4703
5003
4685
4704
5004
4686
4705
5005
4687
4706
5006
4688
4707
5007
4689
4708
5008
4690
4709
5009
4691
4710
5010
4692
4711
5011
4693
4712
5012
4694
4713
5013
4695
4714
5014
4696
4715
5015
4697
4716
5016
4698
4717
5017
4699
4718
5018
4719
5019
4701
4720
5020
4702
4721
5021
4703
4722
5022
4704
4723
5023
4705
4724
5024
4706
4725
5025
4707
4726
5026
4708
4727
5027
4709
4728
5028
4710
4729
5029
4711
4730
5030
4712
4731
5031
4713
4732
5032
4714
4733
5033
4715
4734
5034
4716
4735
5035
4717
4736
5036
4718
4737
5037
4719
4738
5038
4739
5039
4721
4740
5040
4722
4741
5041
4723
4742
5042
4724
4743
5043
4725
4744
5044
4726
4745
5045
4727
4746
5046
4728
4747
5047
4729
4748
5048
4730
4749
5049
4731
4750
5050
4732
4751
5051
4733
4752
5052
4734
4753
5053
4735
4754
5054
4736
4755
5055
4737
4756
5056
4738
4757
5057
4739
4758
5058
4759
5059
4741
4760
5060
4742
4761
5061
4743
4762
5062
4744
4763
5063
4745
4764
5064
4746
4765
5065
4747
4766
5066
4748
4767
5067
4749
4768
5068
4750
4769
5069
4751
4770
5070
4752
4771
5071
4753
4772
5072
4754
4773
5073
4755
4774
5074
4756
4775
5075
4757
4776
5076
4758
4777
5077
4759
4778
5078
4779
5079
4761
4780
5080
4762
4781
5081
4763
4782
5082
4764
4783
5083
4765
4784
5084
4766
4785
5085
4767
4786
5086
4768
4787
5087
4769
4788
5088
4770
4789
5089
4771
4790
5090
4772
4791
5091
4773
4792
5092
4774
4793
5093
4775
4794
5094
4776
4795
5095
4777
4796
5096
4778
4797
5097
4779
4798
5098
4799
5099
4781
5100
4782
5101
4783
5102
4784
5103
4785
5104
4786
5105
4787
5106
4788
5107
4789
5108
4790
5109
4791
5110
4792
5111
4793
5112
4794
5113
4795
5114
4796
5115
4797
5116
4798
5117
4799
5118
5119
4801
4820
4802
4821
4803
4822
4804
4823
4805
4824
4806
4825
4807
4826
4808
4827
4809
4828
4810
4829
4811
4830
4812
4831
4813
4832
4814
4833
4815
4834
4816
4835
4817
4836
4818
4837
4819
4838
4839
4821
4840
4822
4841
4823
4842
4824
4843
4825
4844
4826
4845
4827
4846
4828
4847
4829
4848
4830
4849
4831
4850
4832
4851
4833
4852
4834
4853
4835
4854
4836
4855
4837
4856
4838
4857
4839
4858
4859
4841
4860
4842
4861
4843
4862
4844
4863
4845
4864
4846
4865
4847
4866
4848
4867
4849
4868
4850
4869
4851
4870
4852
4871
4853
4872
4854
4873
4855
4874
4856
4875
4857
4876
4858
4877
4859
4878
4879
4861
4880
4862
4881
4863
4882
4864
4883
4865
4884
4866
4885
4867
4886
4868
4887
4869
4888
4870
4889
4871
4890
4872
4891
4873
4892
4874
4893
4875
4894
4876
4895
4877
4896
4878
4897
4879
4898
4899
4881
4900
4882
4901
4883
4902
4884
4903
4885
4904
4886
4905
4887
4906
4888
4907
4889
4908
4890
4909
4891
4910
4892
4911
4893
4912
4894
4913
4895
4914
4896
4915
4897
4916
4898
4917
4899
4918
4919
4901
4920
4902
4921
4903
4922
4904
4923
4905
4924
4906
4925
4907
4926
4908
4927
4909
4928
4910
4929
4911
4930
4912
4931
4913
4932
4914
4933
4915
4934
4916
4935
4917
4936
4918
4937
4919
4938
4939
4921
4940
4922
4941
4923
4942
4924
4943
4925
4944
4926
4945
4927
4946
4928
4947
4929
4948
4930
4949
4931
4950
4932
4951
4933
4952
4934
4953
4935
4954
4936
4955
4937
4956
4938
4957
4939
4958
4959
4941
4960
4942
4961
4943
4962
4944
4963
4945
4964
4946
4965
4947
4966
4948
4967
4949
4968
4950
4969
4951
4970
4952
4971
4953
4972
4954
4973
4955
4974
4956
4975
4957
4976
4958
4977
4959
4978
4979
4961
4980
4962
4981
4963
4982
4964
4983
4965
4984
4966
4985
4967
4986
4968
4987
4969
4988
4970
4989
4971
4990
4972
4991
4973
4992
4974
4993
4975
4994
4976
4995
4977
4996
4978
4997
4979
4998
4999
4981
5000
4982
5001
4983
5002
4984
5003
4985
5004
4986
5005
4987
5006
4988
5007
4989
5008
4990
5009
4991
5010
4992
5011
4993
5012
4994
5013
4995
5014
4996
5015
4997
5016
4998
5017
4999
5018
5019
5001
5020
5002
5021
5003
5022
5004
5023
5005
5024
5006
5025
5007
5026
5008
5027
5009
5028
5010
5029
5011
5030
5012
5031
5013
5032
5014
5033
5015
5034
5016
5035
5017
5036
5018
5037
5019
5038
5039
5021
5040
5022
5041
5023
5042
5024
5043
5025
5044
5026
5045
5027
5046
5028
5047
5029
5048
5030
5049
5031
5050
5032
5051
5033
5052
5034
5053
5035
5054
5036
5055
5037
5056
5038
5057
5039
5058
5059
5041
5060
5042
5061
5043
5062
5044
5063
5045
5064
5046
5065
5047
5066
5048
5067
5049
5068
5050
5069
5051
5070
5052
5071
5053
5072
5054
5073
5055
5074
5056
5075
5057
5076
5058
5077
5059
5078
5079
5061
5080
5062
5081
5063
5082
5064
5083
5065
5084
5066
5085
5067
5086
5068
5087
5069
5088
5070
5089
5071
5090
5072
5091
5073
5092
5074
5093
5075
5094
5076
5095
5077
5096
5078
5097
5079
5098
5099
5081
5100
5082
5101
5083
5102
5084
5103
5085
5104
5086
5105
5087
5106
5088
5107
5089
5108
5090
5109
5091
5110
5092
5111
5093
5112
5094
5113
5095
5114
5096
5115
5097
5116
5098
5117
5099
5118
5119
5101
5102
5103
5104
5105
5106
5107
5108
5109
5110
5111
5112
5113
5114
5115
5116
5117
5118
5119
)


// ************************************************************************* //
