/*--------------------------------*- C++ -*----------------------------------*\
| =========                 |                                                 |
| \\      /  F ield         | OpenFOAM: The Open Source CFD Toolbox           |
|  \\    /   O peration     | Version:  v1706                                 |
|   \\  /    A nd           | Web:      www.OpenFOAM.com                      |
|    \\/     M anipulation  |                                                 |
\*---------------------------------------------------------------------------*/
FoamFile
{
    version     2.0;
    format      ascii;
    class       volScalarField;
    location    "0.02";
    object      overallT_N2;
}
// * * * * * * * * * * * * * * * * * * * * * * * * * * * * * * * * * * * * * //

dimensions      [0 0 0 1 0 0 0];


internalField   nonuniform List<scalar> 
5120
(
300.2055997
300.6548095
300.9484837
300.3655887
300.2625188
299.9597994
300.5429955
300.9234154
300.972161
301.1329575
301.5569858
301.7810972
301.315657
300.7822436
301.0496289
300.6952641
300.5428976
300.3880065
299.8950831
300.1505348
300.6449734
300.5116637
300.7004126
300.6557114
301.0160422
300.8767468
300.4938756
300.8125022
300.8144188
300.9794029
301.1343593
301.4291638
300.8860507
301.0736866
300.8194987
300.3752827
299.9942391
300.573611
300.4132353
300.6788559
301.3775871
302.0841993
301.0729472
302.1385328
301.571534
300.9975723
301.2787433
301.6616495
300.9613702
301.0104103
300.5681947
300.9509901
300.7899496
300.3514445
300.1776474
300.5424815
300.676162
300.5294634
300.914497
301.0098242
301.3164574
300.2730174
300.9066919
301.1643392
300.2542032
300.1378189
300.7449116
300.5901286
300.8179018
301.2492221
300.9376789
300.490134
300.1034487
300.3799004
300.1556036
300.3372888
300.927214
301.0790118
300.7397719
300.356103
300.4692299
300.8838113
300.5939781
300.218478
300.6621311
300.5465352
301.3222241
300.8907105
301.7434003
301.866622
301.6244036
301.2605885
300.8513755
300.7638961
301.1044936
300.5701925
300.7841933
300.5097059
300.0334202
300.9294155
300.2903969
300.3206955
300.8666223
300.1950735
301.0917613
301.0882841
300.7601815
300.707241
299.8696326
300.4261159
300.4290546
300.3549612
300.2849877
299.9352313
299.8059044
299.9965661
300.1980653
299.9771744
300.8174129
300.8008237
300.42319
300.4506957
300.2531332
300.3335953
300.6061494
300.0953254
300.0189316
300.7057263
300.6856115
300.4341755
300.076841
300.2953715
301.241629
301.5575705
301.0957578
301.2043096
300.7767523
300.0752295
300.0424519
300.0057323
301.0193898
301.2337624
301.2344881
301.310891
300.3536061
300.4812934
300.3395576
300.389316
300.3503001
300.8142434
301.3104614
300.9609209
301.1170229
301.4389567
301.9209569
301.7349978
301.6453422
301.6956868
302.0502361
301.125679
301.8715403
301.642795
301.745236
300.8638778
300.246782
300.6724375
301.0610116
300.8006485
300.3619738
299.9034882
300.2823619
300.6677063
300.9623306
300.7539097
300.7129916
300.7800886
301.5573386
301.1803328
301.0885776
301.7926366
299.9458293
299.4521741
299.7465986
300.688113
300.9987551
301.0596922
301.9887066
301.1431062
300.8444021
300.791277
300.020058
300.6863992
301.381556
301.5890825
301.6668619
301.5520147
300.4543253
300.6636451
300.682624
300.625393
300.9171286
301.7015924
301.0024131
301.2714262
301.3731383
300.8138504
300.8050685
300.3808205
299.5626394
299.7555369
300.658908
300.2960651
299.7104669
299.7389652
299.3629858
299.6337388
300.03085
300.1443415
299.7767348
299.8333815
301.4811468
301.4832176
301.4355709
301.7948521
301.5600202
301.135027
300.9197766
300.0423419
299.4143322
299.6844411
299.576659
300.6923329
300.4090627
300.0550305
300.4609645
300.2644339
300.4028463
300.7776515
300.5450959
300.6713523
300.3232902
300.5719392
300.7274074
300.7788136
301.0445481
300.8490593
301.0240528
300.7364585
300.5107567
300.4523147
300.9289761
301.3529538
301.5893955
301.8160479
301.2224155
300.8580543
300.9854278
300.3654075
300.4443424
300.7410364
301.5709457
301.7119439
301.1558797
301.4418272
300.7061806
299.9933849
299.3052512
299.2477979
299.898543
300.6771575
300.8417978
300.716108
301.0384354
301.3467338
300.6956688
300.8559421
299.7617077
300.0906527
300.5761841
300.0357715
300.3215665
300.92944
301.1561423
300.7381985
301.1988011
301.173195
300.5440993
300.5445698
300.4561412
300.4428334
300.729049
300.7052402
301.0310946
300.7223183
301.0596581
300.8929553
301.2558141
301.7370091
301.6562794
301.2550403
301.1477959
300.9369207
301.4245624
301.1294149
300.8106639
300.0754452
301.1684656
300.9407466
301.2419896
300.90675
299.5063807
299.7122508
300.1277509
300.3222769
299.7694781
299.9194448
300.3238229
300.1744993
299.6346541
300.0646735
301.1584602
300.6309522
299.5873533
299.5385298
299.9949546
300.6905258
300.5619373
299.7607798
300.3651615
301.2896065
301.2572934
301.2710867
301.433221
300.681198
301.0010965
301.148134
300.20257
300.9356255
301.1807191
301.0672302
300.4690796
299.7054063
300.0693122
300.9584249
301.7614864
302.1220689
302.0000787
301.3937674
301.1211212
301.046635
300.6806868
300.9401534
302.1503313
302.0666097
301.4684847
300.8227393
301.5325981
301.3261888
300.7089858
299.8361228
299.4721084
300.5348085
301.1899127
300.5016788
300.7734136
300.9055671
300.3297194
300.0888142
300.198073
299.854475
300.3126408
300.5672061
300.6129874
300.6813019
300.8459868
301.3050757
300.9619524
300.4310553
300.4807649
300.2462304
300.2967409
300.4603712
300.8386273
299.9639007
299.8505778
300.1006588
300.7705086
300.5829201
300.5857577
300.7512521
299.9379105
299.3851368
299.5745418
299.5650323
300.0042782
300.006698
300.3584272
300.1843403
299.8036102
300.1094937
300.0296465
300.5169113
299.6757999
299.6246809
300.0943604
300.2049782
300.7713559
301.9230688
301.3315647
300.9414891
300.9671889
300.9827361
301.4303463
301.0690398
300.7598075
300.9669119
300.0409468
299.6225039
299.6766565
299.8561108
300.7597033
300.5282844
300.8581334
301.1722999
300.4460466
300.1285343
300.4696479
299.7630057
299.7225376
299.3164891
299.8633457
299.82579
299.9342818
300.6054441
300.3834367
299.9114596
299.0874361
300.0274783
299.8052791
300.2165508
299.8242084
300.0425405
300.3699603
300.8642907
300.6149454
300.875369
300.9696139
300.4878984
300.2213126
300.2667517
301.3731624
301.7080881
300.5067129
300.6592462
299.8931716
300.4724686
301.0395834
300.8398366
300.5791016
300.3331121
300.1752506
300.6065954
300.2099609
300.1746181
300.4399916
300.4719186
300.2050749
300.002988
300.44123
300.6936414
300.4298268
300.4099324
300.7448934
300.9819949
300.8566379
300.736849
300.9332085
300.3187136
299.7626014
300.3282038
300.7921958
300.2847491
300.7563697
301.0478779
301.2804449
300.680106
300.7423933
300.8362003
300.4679193
300.6750834
301.0048497
300.3301802
300.5595004
301.4223411
301.728404
301.3098134
301.0207517
301.2752034
301.5925688
301.4472238
300.4819076
301.18355
301.2595268
300.6671694
300.6431413
300.6178049
299.9608
301.1496622
302.1939157
302.1323803
302.355187
302.0502025
301.4940819
301.2521886
301.0634176
301.3211035
301.0214027
301.5209445
300.9136538
300.7916884
300.9681392
300.4597785
300.4338954
300.9080292
300.9759638
300.9361568
301.0147523
301.5979652
301.7516582
301.2649838
301.3506875
300.72577
301.428375
301.298558
301.7652173
301.6008565
301.0970495
300.5210892
300.6957862
300.4288414
300.017999
299.7501256
300.8266951
301.1270923
301.0759084
300.5617251
300.8003827
301.0177009
301.0298645
300.3151569
300.6669511
301.2919442
300.6798823
300.5637264
300.2202042
299.8746192
299.7429915
300.8248972
301.0788804
300.5191894
300.7221868
300.8671229
300.7572916
300.7644477
300.8035923
300.8350567
300.8915251
301.3887344
302.4717214
302.633738
301.9041016
300.7894537
300.6687376
301.0443227
301.640292
301.4054776
301.6584913
301.6986158
301.0573333
300.5006109
300.3776595
300.2155034
300.2754279
301.0843248
300.4404534
300.926886
300.8202803
300.9561367
300.6765112
301.0616641
301.1600665
301.5541897
301.3119659
301.1073075
301.0927588
300.5621716
300.6752638
301.0765588
301.4237972
301.4384871
300.5734468
301.0048472
300.6110245
300.7590207
300.5066932
301.3553013
301.10362
301.6060753
301.2555387
301.1441334
301.546418
301.1132056
301.0287504
300.6698901
300.7337235
301.2837064
301.5236327
301.1344663
300.7674844
301.0082794
300.2933151
299.6304066
299.0739838
299.6274343
299.3805374
299.3905204
299.2411256
300.1261973
299.8701598
299.1181875
299.8282952
299.7681322
299.6030929
299.5286482
299.8829257
299.7737817
299.9357052
299.5957535
299.7719417
300.5107999
300.529902
300.3532028
300.4121247
300.3708403
300.0126301
300.3833076
300.4202657
299.6881766
299.4392509
299.6517245
300.1780303
300.4089387
300.9025212
300.8303321
301.2086571
301.1859699
301.7362695
301.6554471
301.1269779
301.3687433
301.058214
300.9841906
301.940558
301.7374148
300.9445462
300.994225
301.0906234
301.3434466
301.5014098
301.0161485
301.1164378
301.0845039
300.8459362
300.8464526
301.4537796
300.8617867
300.5507595
300.2675626
301.4965151
301.9207351
301.0390349
300.7512965
300.6629613
300.795277
300.6515013
300.59853
301.1718526
300.7428518
300.8972913
300.9206138
300.9545502
300.8392738
301.7213998
301.1883312
301.2955692
301.7090027
301.97627
301.7454986
300.8085559
300.3426355
300.7281273
301.6543862
301.9627572
302.3602995
301.8935607
301.539908
300.8152916
300.4640412
300.9987251
300.379309
301.0110782
300.6765949
299.8474926
300.4104011
300.6672338
300.768373
300.6751092
300.5213593
300.8350339
300.5569461
300.8555019
300.6141478
300.9401928
301.1763926
300.6558552
301.6913274
301.078585
301.3548196
301.2934699
301.129305
301.4816211
301.0141512
300.3324687
300.1385105
300.1381657
299.9214991
300.3105562
300.9150729
301.5961528
300.8361601
300.4226922
300.3573011
300.9608429
300.2103451
300.7979887
301.1168047
301.2854257
301.2930404
301.765883
301.355771
300.8664331
300.426981
300.9751517
301.1525468
301.0082934
300.379412
300.5908776
300.875453
300.2761603
300.1291031
301.3495672
300.762294
300.5922122
300.8403311
300.3872505
299.7287153
300.1140061
300.9308136
301.2499059
300.7290682
300.8419465
300.3563394
301.0112964
300.6197754
300.4700846
300.5319007
301.1302388
300.9136896
301.0414845
301.4721275
301.0751606
301.3481009
300.0295347
299.791253
299.7820793
300.3837273
300.9810912
300.8893663
300.9335615
301.1919814
300.5694989
300.3359114
299.7802918
300.0890099
300.7494717
301.6011936
301.6427472
300.5715476
301.552415
300.9243537
300.5650235
301.115416
301.3864018
301.251678
301.496173
300.6999453
300.647714
299.9048073
300.9085006
300.066126
300.3042746
300.3054639
300.2049672
300.0436614
299.442133
299.8208344
300.6245694
301.3032553
301.1100604
300.6420801
300.0305787
299.9157563
300.315325
300.7770009
301.2215623
301.1486461
300.8565735
300.5816255
300.2296958
300.5446617
299.8278506
300.4097057
300.6270566
300.2666924
300.7812139
300.6884385
300.1140161
300.5840248
301.2751406
300.8512385
300.742341
301.0607735
300.3912753
299.9556045
299.8482372
300.5581315
300.5492174
300.7947698
300.6874402
300.4652958
300.4141826
300.460221
299.7626279
299.7853715
299.759363
300.1618854
300.2954354
299.9916772
300.1712087
300.3488368
300.8111522
300.5847943
300.5079083
300.8290128
300.6521957
300.6807862
300.708804
300.8014891
300.7654721
301.460635
301.4106459
300.9435391
301.0092664
301.0952961
301.1878618
301.3239526
301.0289176
300.7778571
301.3080808
300.895345
301.070534
301.0353172
300.3021875
300.1478737
300.8742037
300.8329866
300.3438601
300.9371949
300.3338945
300.0542432
300.0812312
301.225911
301.4508385
301.3165622
300.9306055
300.6405314
300.906559
300.7317464
300.4843811
300.9560309
299.6959107
300.8666007
301.3436367
300.653593
301.4512582
301.2953328
300.8493152
300.667501
300.5267715
300.430319
300.1179023
300.1769815
300.0823649
300.2250196
300.1852222
301.1691444
301.0890237
300.5997087
299.8042474
299.8893609
301.0387063
301.4048292
301.5074478
301.2581039
301.5366839
301.2966859
301.7420512
301.8519865
301.6883594
301.622435
301.6522154
302.1332947
301.9523944
302.3093484
302.390172
301.9002191
301.4276234
301.5811998
302.0556943
301.5299731
300.6046908
300.6893617
300.8978861
301.3838465
300.9044033
301.09062
300.5117991
300.6495295
301.1037423
301.1446365
300.3888883
300.3817888
301.3496661
301.1348245
300.5176867
300.7528067
300.6327136
300.3502347
300.2879595
300.2749591
301.4361371
301.933713
301.1823378
301.372861
302.0615936
300.9334691
301.0710369
301.0134018
301.5336954
301.6498629
301.4592451
301.1187149
301.2930115
300.6655511
300.2967159
300.2860918
300.4285337
300.4802548
300.6765901
301.2645194
300.8073221
300.6009444
301.0386012
300.5208721
300.8032654
301.3984013
301.361341
301.4021153
301.4468376
300.8236766
300.5989908
300.8142135
301.4672232
302.110229
301.5671683
301.7449894
302.0800299
301.7472679
301.6077373
300.7235904
302.2383631
301.4730556
300.9074568
301.0448428
300.4863512
300.7124417
300.1049857
300.3669108
300.0818268
299.9968342
300.175109
300.7028542
300.68344
300.6846397
301.0734471
301.4399427
301.0297518
301.9541449
302.9683014
303.0105423
301.8477872
301.1650208
301.1281596
300.9228891
300.917937
300.6274605
300.3327097
300.7387823
301.3816951
301.1902712
301.2714173
301.2228182
301.4077845
301.2676699
300.88567
300.2931532
300.0493995
300.4826697
300.5798626
301.5068782
301.0901102
300.9927387
300.7770433
301.1953882
301.9184629
301.4318185
301.1758857
300.6486863
300.6863749
300.9349487
300.6837324
301.3815229
302.0542178
302.0595487
301.7131678
301.8985569
301.3774403
301.0660548
301.2178068
301.2797514
301.8529472
301.7250172
301.5677797
301.5848528
301.0158822
300.1753664
300.0681234
300.3574953
300.4879692
300.7177866
300.720109
299.7563067
299.8499545
300.2668676
299.6408452
300.4140382
301.0252211
301.0044669
301.5246208
301.9200007
300.6834294
300.6844715
300.579744
300.6642561
300.8241451
300.4615863
301.0455612
301.4382807
301.1692312
300.9796003
300.7054519
300.975434
300.7748759
300.9250688
300.8582273
299.9508062
300.1765108
300.9981791
300.8178867
300.8440747
300.3848781
299.720919
300.3160192
300.3998681
301.4335642
301.3997008
300.9013178
300.7577028
300.7223181
300.7255173
301.6573338
301.4307891
300.699838
300.5640172
300.5974485
300.9037353
300.3280714
299.9360423
300.0004073
300.2327995
300.6344533
300.8452155
300.9629358
300.8545601
301.0568451
301.2152612
301.0519891
301.2705533
301.3086634
301.3877568
300.9413629
300.8832366
300.8855484
300.4696039
300.4328463
300.6140001
299.9464507
299.8569834
300.4114215
301.1043982
300.3542116
300.0246004
299.578642
299.7939011
299.9987545
299.7314642
300.7375453
300.7113148
301.1183657
301.1838552
302.0307537
301.2091382
301.4277567
301.1100352
301.3448464
301.451385
301.5320146
300.723278
300.2911457
299.982632
302.06357
302.0044997
301.4858345
300.7413292
301.019393
300.9638705
300.882109
301.247678
301.0228281
300.9413354
299.950054
300.0129445
300.5186494
300.8404932
300.6085571
300.7558014
301.3651085
302.2187438
301.5664376
301.5397263
301.6062607
301.3445851
301.880491
302.3712245
301.847297
301.4795992
301.912576
301.0898585
300.7524299
300.3774064
300.5739754
301.3886974
301.2090666
300.6640726
300.6574692
300.5362506
301.1673397
300.7094162
301.6353333
301.3016826
301.5368895
301.8814254
301.6962012
301.5481525
301.3473312
301.1130417
301.0484963
301.3215163
302.3421158
302.7787024
301.8844388
301.1298309
300.7514217
300.7223626
300.5275027
300.2321249
300.4153815
301.5672651
301.7346474
301.7490645
301.3179354
301.2832139
301.2110351
301.6814213
300.9793423
300.9348903
300.9537222
300.8074148
300.9040649
300.3325292
300.9310311
301.5026342
301.7830117
301.1571794
301.0769944
302.2566347
301.8904509
301.6110823
301.3153391
301.408172
301.1244152
301.5299007
300.9024792
300.703176
300.7339695
300.9426286
300.9672048
300.699567
300.5857827
300.8482501
301.0923404
300.9226415
300.8585027
301.16553
301.5274259
301.5842734
301.2322094
300.8882898
301.0342374
301.4003753
300.6194423
300.4025225
300.442987
300.3637442
300.6164248
300.8864261
300.4367269
300.0907924
299.3027072
299.5682252
300.3438357
300.7090305
300.9357455
300.4642763
300.9530562
300.5339997
300.8173372
301.2541907
301.0229811
300.5500578
301.2098204
300.9652587
301.2143724
300.6026486
300.3586855
300.9860882
301.8167539
302.0498651
301.9284829
301.4544822
301.276779
301.0491341
300.9696716
300.6700555
300.7674888
300.9921246
300.2277525
300.0129036
300.3491507
301.2690844
301.3222072
301.2617676
301.0430187
301.5081784
301.241899
300.7064409
301.0250821
301.6614769
301.4948669
301.661233
301.4256439
301.1373096
300.7639991
300.4914874
301.2816161
301.2778702
301.3884976
301.6442113
300.9390413
300.9049824
301.4137637
301.2849467
301.0290858
301.6172532
301.115859
300.8212728
300.6940943
300.4547857
301.1027819
300.9818154
300.9730122
300.7385963
301.1313638
301.0926585
301.5599506
301.7219601
301.3778678
300.8342047
300.846572
300.8529875
300.5197223
300.9751844
301.230866
300.3156826
300.3749426
300.7517956
301.3735074
300.668597
300.2397545
299.9720486
300.8929443
301.3103733
300.9226003
300.9013711
300.5297668
300.739126
301.1276973
301.0568856
300.6459311
300.624083
301.1528145
301.4147351
300.9187097
300.6377731
300.9958811
301.2242631
300.9411694
300.9116335
300.918252
301.0952073
301.2160905
300.4233835
299.7980976
299.869605
300.4583312
300.9569464
301.4646493
300.6955453
300.3235325
300.9064784
301.1439783
301.347017
300.6938185
300.7236778
300.6355752
299.8430282
299.9473597
300.4592626
300.5887971
300.0970155
300.0911393
300.7172639
300.9407807
300.126089
300.2133325
300.4281143
300.1481198
300.795622
300.6904258
300.5507091
300.5664067
300.3286296
300.6485981
300.2976116
299.5784906
299.612057
300.0029586
299.6304672
299.9733846
299.5688964
299.8166008
299.9905692
299.7029891
299.7493369
299.9559026
300.0065993
300.5303151
300.8494648
300.4136483
301.257845
300.020541
300.9290766
300.2334398
300.8962393
301.2299307
301.4817205
301.0522048
300.759051
300.5072371
300.3018151
300.1604115
299.7655585
299.7638677
299.8815095
299.6966337
300.2117798
300.7462661
300.1821347
299.9669666
299.7615466
300.922005
301.2620733
301.8268979
301.4054025
301.0881497
300.7287143
300.7920875
300.6223928
300.4927724
300.3199108
300.8136812
301.4432648
301.2227207
301.4576519
301.135475
300.1892455
299.9736928
300.0497232
300.3813737
300.2521192
301.5611667
301.2979217
300.8202059
300.2091079
300.6982612
301.0505819
300.2142071
299.8052263
300.5118024
300.0882019
300.0516697
300.2010675
300.7626133
301.1215801
300.8359047
301.5322933
301.4631184
301.5522589
301.9400612
301.9045395
299.7895949
300.5453928
300.5544104
300.8661017
300.5616163
300.591026
300.9776599
301.0307805
301.0651631
301.2465196
300.8024205
300.5454387
300.3246118
300.2508823
301.3068379
302.0099236
301.8090657
301.1791192
300.6944059
300.1665049
300.8873945
300.8113002
300.9150685
301.4724227
301.5105954
300.939842
301.1577098
300.4451596
301.1725087
301.0056748
301.2169419
301.5421906
301.8926851
302.3699156
302.3042391
302.1399048
300.9241063
301.358862
301.4637118
301.3402692
301.453328
302.1150653
302.0541486
301.3066251
300.98121
301.6222524
301.8029846
301.6056607
300.6883819
300.1327589
300.4963586
300.5169821
300.381851
300.3731113
300.2404807
300.2693264
300.8587883
300.4412347
299.969825
301.2966281
302.1801259
301.753592
301.8056178
301.5617099
301.4239922
301.8975708
301.2041134
301.3337681
301.1816169
301.235296
300.6617416
300.254429
300.3742337
300.7194561
300.980598
300.7392173
301.0418459
301.2620139
301.4731561
301.4275437
300.9856105
300.626012
301.1345421
301.2239375
300.8682527
300.6864965
300.7844585
300.6451728
301.5911761
301.7893233
301.7749692
301.5432955
300.9350935
301.1810068
301.0036277
300.5193129
301.13234
301.5586057
301.1921516
300.9662288
300.2777894
300.6538792
301.2964408
300.8652578
300.9814025
300.7165388
300.2733693
301.1145646
301.0110748
300.9659612
300.6821401
300.7328771
300.8693404
300.6722517
300.7608892
300.5188419
299.9038289
300.008555
300.5556029
300.6692592
300.2992886
300.7696082
300.6232918
301.1535396
301.4678588
301.3990824
301.1865659
300.8148219
301.0446862
300.3182075
300.2775341
301.0698947
300.895653
300.1283421
300.2229595
300.3401917
300.4885109
299.9962226
300.4458502
300.1439303
301.0530609
301.2463647
301.9334324
301.4377332
301.3344819
301.2382495
300.5061285
300.4732703
300.6053647
301.0693807
300.5278517
301.0709862
301.2953953
300.5271593
300.2881114
300.57111
300.9695456
301.5299076
300.8641034
301.2924118
300.545937
300.6382644
300.0152859
300.3236948
300.9650427
300.7690541
300.201058
300.4502473
300.446392
301.2066828
300.9157021
300.9377535
300.7241879
301.481901
300.6134583
300.6393386
300.6902889
300.6422852
300.6620307
300.6897144
300.7958452
300.5604445
301.3026821
301.7428423
301.6863143
300.8180283
300.8402359
300.952063
300.874043
300.3870424
300.2494486
300.6014507
300.6740765
300.3712429
301.4822152
301.3078558
301.3591464
300.824085
301.1822463
301.5209048
299.627999
300.9260928
301.4198373
300.9121848
300.7602539
301.8650465
301.6624787
300.3722927
300.1751193
300.3565162
299.7715433
299.0698891
299.1140661
299.2041014
298.9824746
299.412784
299.3772119
299.8712643
299.6537623
299.5456475
299.8667754
300.575799
300.9592269
301.0422625
301.5560665
301.5123212
301.7274011
301.6255149
301.2120888
301.5896959
301.4908329
301.3638832
300.9416686
300.5521465
300.747914
301.0464448
300.9041564
300.9688195
300.6780213
300.2846683
300.4180427
298.9615655
299.7790368
299.7600985
300.1896176
300.3231395
300.165653
300.1248394
300.7048842
300.8714688
301.0240377
300.8894567
300.7998695
301.020249
301.2959996
300.6469352
300.4361342
300.0394067
299.9316395
300.0940781
300.9492211
300.7177733
300.8853804
301.4157275
301.2370676
301.0395281
301.7133793
301.4445457
300.883498
300.9487629
300.9832783
300.6572165
300.4672468
300.3223191
299.8398016
299.7925127
300.4833418
300.5187059
300.4966531
300.8832164
300.7406681
301.2443542
301.6288087
301.474408
301.1786043
301.5096469
300.8461291
301.0351902
300.9486029
300.412175
300.6510512
300.7688998
301.4682775
301.2095024
301.0608511
300.8915356
300.6755157
300.8088018
300.5013947
300.5469866
301.656528
301.5713426
301.6957208
301.3742351
301.0615805
300.0320744
300.7152975
300.2729353
300.8002225
301.4101555
301.9455499
301.318297
301.0146989
300.9489694
301.1015948
300.8910757
301.198754
301.8658936
301.2268388
301.2468274
300.7513006
300.4594025
301.0533932
300.7072504
301.038121
300.8248748
301.2814616
300.4369048
300.5563302
300.7424271
300.510286
300.9592573
300.9894532
300.9514624
300.6411385
299.7749756
299.7447313
299.7067988
301.0199289
301.228346
299.8389977
300.0230846
300.4399794
300.9952355
301.2950301
301.8496968
301.0895312
301.0969281
300.5330224
301.5067957
301.9199372
301.6182382
302.2007513
302.0327322
301.9328829
301.5477722
301.4045271
301.2600071
300.4647809
299.9383987
300.6726601
300.1773791
300.5609877
301.1000622
300.8506663
300.7696633
300.1552819
301.0144748
301.5421971
301.6555122
301.0456755
301.127449
301.1907584
301.380281
301.7268163
301.8987258
301.1829619
300.9857937
301.0349709
300.8722887
301.5247304
301.304128
301.5872788
301.8798188
302.2278811
301.9559308
301.8707266
301.9902117
301.7391818
301.3398973
301.5597198
301.799162
301.8615008
302.0737312
301.6245696
301.8653386
301.5762984
301.3346369
301.0154403
301.6282303
301.7462769
301.6338251
300.8669666
301.1625049
300.8876902
301.7853096
301.9213285
300.704452
300.494838
300.83922
301.2149282
300.8129663
301.1572894
301.2731187
301.1088489
301.0903186
300.3678132
300.1945913
300.7489809
301.3252293
300.933945
301.0509653
300.9308239
300.9881316
301.4765976
301.0783373
301.6468464
301.527206
301.6049172
301.6960541
301.8250115
301.01213
300.3572107
300.5240464
300.0904901
300.1920083
300.6449421
301.059703
301.0494364
300.9909199
299.3862595
300.1039017
300.3742668
300.9308984
300.6399948
300.0769017
300.629927
300.8260288
300.9368939
301.1605289
300.8212189
300.5383018
300.4606994
300.7946885
301.0084118
301.0204467
300.9634614
300.1372407
300.1347594
299.4892624
300.6345267
300.8238072
300.4574416
300.7246064
301.3416213
301.5481889
301.1435496
301.1868537
300.8598883
301.7301149
301.9396088
301.8551201
301.2895515
301.7587946
301.9728856
301.5420173
301.2887286
301.0075178
301.1375155
301.0184268
301.2123955
300.7802231
300.8753336
300.3291337
300.4278878
300.7537649
301.5675807
301.300515
301.2608531
300.9091976
301.0276604
301.4564543
301.5984017
301.3253369
301.2511934
300.5686992
300.9025393
300.7752805
300.8985411
300.9977919
300.4983589
301.0396708
300.6336091
300.1903849
300.4941156
300.4682896
300.2231758
299.6547578
299.4419797
299.8125227
299.9854049
299.9226525
300.1265463
300.9783151
300.9450981
301.5821811
301.2464261
301.0057917
300.7808564
300.6271067
300.7452249
299.7821921
300.2638614
300.4574948
300.5979131
300.4485087
301.1536999
301.7472078
302.0434517
300.9597861
300.8717557
301.6384297
301.1324684
301.1572805
301.1218651
300.4386672
300.338664
301.1998202
300.2466792
300.7494661
301.1095021
300.7336815
300.6714394
300.2739336
300.0757646
300.2083831
301.1009371
300.9244395
301.3218218
301.1414759
301.3445897
301.1968367
301.1574599
300.9343372
300.8332033
301.2626825
301.6291597
300.8832213
300.7821547
300.5334764
300.6682614
300.5477816
299.7969788
299.6998246
299.9780007
300.0822336
299.99082
301.0312085
300.9601922
300.8936021
300.8202228
300.9593864
301.4730587
301.8669984
301.3303503
300.4773475
300.070545
299.9451165
300.2769015
300.7475708
300.3311084
300.2392482
300.84029
300.848913
301.4319535
301.7658166
300.6406219
300.3311853
300.9656834
300.9273213
301.6593777
301.9112933
301.4904447
301.0339538
300.7646116
300.3985493
299.5237187
300.3388919
300.5398372
301.0479481
301.0219899
300.503681
300.4609214
300.0843516
300.2734386
300.178855
301.4519538
301.1309242
301.1440343
301.720614
301.3832067
300.9668769
300.741185
300.8997227
301.2861425
301.1386461
301.6827707
300.77394
300.8105737
300.6387077
300.9426025
301.1495092
300.2420649
300.1504453
300.3752867
300.8043333
301.2064951
300.8067613
300.4320587
300.1748528
300.3783183
300.9456113
301.1076814
301.192353
301.3976398
301.3230752
300.9942738
300.7572094
301.5661955
300.6323724
301.6005844
301.1534875
300.9915784
301.3816218
300.7055386
299.7862456
299.050294
299.7989884
299.6932649
298.7383646
299.0539629
300.5121704
301.1525199
301.108952
301.5813416
301.2618652
301.7944183
301.5429779
301.3219056
302.0619775
300.5842488
300.5365719
300.6825185
300.4567632
300.7220034
301.028918
301.5277742
300.9202384
300.6919731
300.7602753
300.6329435
299.8110615
299.8967704
300.7383276
301.2223707
301.477614
301.1553795
300.807252
300.9806842
300.6023862
300.6330518
300.7778757
300.4718643
299.8652882
300.1647966
300.9939425
301.7292229
301.760371
301.629139
301.2039503
301.7699711
301.764806
300.8236877
299.8582495
300.4896542
300.9160599
301.98991
301.2674598
300.9429123
300.805979
301.5472065
302.0291624
301.6639564
301.1097205
300.5931877
300.939643
301.3627692
301.7153278
301.8958608
301.4345532
300.7841344
301.2408617
301.3463679
301.3422119
301.7404498
301.5400519
301.5017296
301.6818917
302.2132631
301.9230162
300.7691122
300.7639988
300.9788482
300.9892918
301.249464
300.8990735
300.866147
301.0564102
301.2485773
301.3377587
301.1476651
301.1147641
300.5608905
301.3906476
301.2263036
300.5774166
300.6069472
300.1127192
299.9501937
300.659685
300.8249408
300.5721523
300.733615
300.9927942
300.4152216
300.7288582
300.5560028
301.0671421
300.9426007
300.3142614
300.5271732
301.0489391
300.9904063
300.6786317
300.8194494
300.4947304
300.6263725
300.4274203
300.1561699
300.9748404
300.8043908
300.5465967
300.6295747
299.8349967
300.6280647
301.1858388
301.3335154
301.3499479
300.2525604
300.0402443
300.1841985
299.9227807
300.2581027
300.0883923
299.2043696
300.1573947
300.402154
300.5232728
300.5903401
300.6377511
300.6839254
300.355614
300.5840009
301.375447
301.0716943
301.0855979
301.3696386
301.5398653
301.6121691
302.0401606
302.025459
301.1878786
301.4804646
301.1814568
301.7130253
300.9347808
301.3032589
301.2925533
301.7668805
301.213621
301.6604117
301.9076526
301.0762715
300.8558472
300.8833621
301.4586842
300.8878425
301.0050949
301.450253
301.5153076
301.1804227
300.6066883
300.0023302
300.9709558
301.0470742
301.0195258
300.529012
300.6718343
300.4357245
301.2316551
299.9065335
299.7533347
300.2300715
300.366181
299.8986921
299.8260671
300.5549668
300.0771689
300.1097485
300.553819
300.2285264
299.6323199
300.3952889
300.408687
300.2062607
300.5075395
300.8529352
300.5061564
300.4701997
300.1795334
301.2274608
301.3020854
301.2949201
300.5043302
300.286695
299.6932857
300.1644062
300.2122692
300.0498288
300.4293901
300.4125534
301.4276827
300.433817
300.6889376
300.7128059
301.0048317
300.1394542
300.0347377
300.0233974
300.7608273
299.8296648
300.8778364
300.7214835
300.764697
301.0761461
301.2264644
300.5193967
301.0949598
300.9936134
301.2530143
300.8440619
301.2837536
301.0531878
300.415954
301.4159322
301.200889
300.7491901
300.82299
300.7735976
299.883411
301.1423574
301.600962
301.7776224
301.0435531
300.5606501
301.0088614
300.7884273
300.3756611
299.9365924
300.5404933
300.2514163
300.7023702
300.9256696
301.3134291
301.1069323
300.9830348
301.6449153
301.7814829
301.9751215
301.8116444
300.6588255
300.7205341
300.786259
301.627464
301.2364182
300.5701184
301.0687583
301.5349826
301.2407322
301.0806892
301.2729712
301.5433553
301.720704
301.8444561
301.4264604
301.8562741
301.976698
301.8176688
301.0943679
300.2450176
301.9228628
302.3978581
302.0589198
301.5340163
301.1312185
300.7232682
300.8475424
300.8199858
300.8614529
300.6806741
300.2110554
300.4608007
300.2095056
300.5737474
300.6925878
300.6712228
300.8315837
300.7000708
301.2678786
301.6473703
301.3391792
301.7400731
302.0631804
301.6578558
301.2757713
301.1610728
300.6254018
300.6331438
301.2850372
301.6698712
301.4872855
300.6545077
299.8775254
300.1022358
300.2679382
300.184447
301.0441646
300.9590603
301.0417276
301.4933885
300.5958628
300.2963109
299.9759321
299.9932049
299.9511025
300.0367388
301.1239303
301.3251726
301.3061612
300.710447
300.7085412
300.2311247
300.2107183
300.1036224
300.1435973
300.7227853
300.5864925
300.6119128
300.8778234
300.5890271
301.48672
301.586226
302.1041931
301.7357004
301.8000716
301.7508601
301.0833562
301.9233314
301.9914073
301.918522
301.2692746
301.1674582
302.1050307
301.2504542
300.7062398
300.6245084
300.6129827
300.7247862
301.2696734
301.3407993
300.8023565
301.061455
301.8938282
301.6825614
301.655403
300.6583675
300.4601594
300.4078428
300.0655815
301.0420319
301.2425133
301.708506
301.7616633
302.0973447
302.2419858
301.7963969
301.4761543
301.0936961
300.8345561
300.2841511
300.7783871
300.1389498
300.1412961
301.3772883
301.7208796
301.6654744
301.7368736
301.4820804
300.6509325
300.7963333
301.1229217
300.9259995
300.8517274
300.6894527
299.8957509
300.4287432
301.0728249
301.9888449
300.9120621
300.5549359
301.0622131
300.9933327
300.6753836
299.8742279
300.370819
299.8829358
300.7377903
300.9997348
300.3578239
300.8154069
301.0804629
301.2861976
301.6326212
300.7736145
300.0846613
300.7185173
300.9385254
300.98648
301.7995894
301.6558549
301.7147382
302.1904569
301.8260063
300.9688796
300.7041298
300.7881205
300.4062359
300.7602339
300.2525458
300.1725254
300.0176582
300.1628166
300.0486827
300.1905454
300.850712
300.6671894
300.9326663
301.4981475
302.1034454
301.6488964
301.4173951
300.9322911
301.0121259
301.4074856
301.4636943
301.4713682
301.2328669
300.8553658
300.4903325
300.9454625
300.9210292
301.3801022
301.048774
301.1754339
300.8734113
301.1630112
301.6031188
301.2780539
301.319287
301.1472847
301.4172028
301.5378516
301.4854845
301.7003101
301.3533198
300.6917485
300.6128027
300.367623
300.5885166
300.8665
301.0001472
301.34067
301.5867078
301.4372318
301.3542565
301.5138209
301.2965463
301.9934048
301.8442282
301.5648385
300.1198808
300.8433971
301.9378747
301.9387166
300.948248
300.4146843
300.7086334
300.8981571
300.4486408
300.5815453
300.4856566
300.319542
300.3129581
300.3878479
300.2313425
300.8348225
301.0204281
301.0628573
300.5101833
300.430644
300.1446111
300.3113662
300.9171666
300.811414
300.651311
300.1255764
300.1843404
300.8194357
300.8273404
300.6361142
300.6149687
300.9820606
300.7870016
300.2282882
300.3135655
299.3993249
299.8730751
300.7191863
300.6786108
300.2346976
301.928349
301.206175
300.6449108
300.2811407
300.5868547
301.0695465
300.545135
299.9899834
300.1241975
300.1430369
300.8548778
300.9505457
301.0738507
301.1105206
301.1604909
300.6272202
300.7700719
301.1125371
302.432296
302.8321451
300.6108083
300.7372936
300.7413424
301.8204003
301.5512974
301.5590369
301.9377519
302.0798216
301.8273421
301.521249
300.4528974
300.1020737
300.4372742
300.7557936
300.7538425
301.0001883
302.0667782
301.707494
300.9089048
300.4716965
301.268219
300.59063
300.7358818
300.6684923
300.7160559
301.0526513
300.5781381
300.2962677
300.9108349
300.7015698
300.9455715
300.428325
300.1817396
300.1217249
300.7742092
300.2611993
300.1282869
300.0626056
300.7555325
300.9740036
301.1240901
301.2584742
300.2953032
300.2262916
300.2277331
300.2136237
300.3497193
301.0921497
300.793726
300.6296153
300.4971152
300.9054581
300.5061691
300.7669065
300.962487
300.818556
300.9222536
300.7559041
300.5784133
300.8713001
300.7337149
301.0778049
301.1282198
301.0832484
300.8708589
300.97144
300.5250427
300.3366649
300.5408801
300.3383316
300.2223886
300.5649026
299.9957546
299.7493853
300.8201188
301.1345002
300.3668805
300.2957077
300.7133334
301.5995762
301.0500884
300.5349739
300.7244383
301.2842391
301.885881
301.2081581
301.2825904
300.2478065
299.9521129
300.9974285
301.1478132
301.2166171
301.5377323
301.0016545
300.9998065
299.9229763
299.8637911
300.8994337
301.5432889
300.9966069
300.3377219
300.4497263
299.9191898
300.1451379
300.6209731
300.310847
300.8926084
300.4827734
300.8971376
299.8291854
300.1195987
300.4824989
300.2591276
300.2742579
299.9884616
300.7581399
300.7649018
300.6121404
300.4881647
300.5834551
300.6468121
300.5615448
300.5816891
301.3895519
301.5479084
302.0286909
301.6652565
301.9799674
302.4448339
302.9071002
302.6654607
302.3496546
302.0515044
301.3997091
300.5152191
300.1732512
300.0903553
300.2975888
301.3001844
300.6780716
300.544464
301.0401632
301.097071
300.6429281
300.9835719
301.3364167
301.6105749
300.9555767
300.93953
301.4271492
300.4352849
300.1760338
300.0119529
299.7516312
299.9199885
299.7104785
299.4400545
299.7210268
299.5462036
300.5678132
301.2224195
301.513499
301.218267
301.3376663
300.9809349
300.4551987
300.3057857
301.0037721
301.4367947
301.2920243
301.4894999
301.5358609
300.7067368
301.0439898
301.1188098
300.8856205
301.054159
301.1284392
301.5748789
300.8429264
300.5164605
300.2454468
300.0596059
300.1029531
300.9175633
301.4093761
300.8576
300.4286678
301.1747067
301.5032622
301.0113093
300.7992954
300.9325777
301.0293482
301.6045918
301.423854
301.0898443
300.6690456
300.032747
300.4515163
300.8100507
301.0404793
301.2263874
302.2824378
301.9886102
301.5918706
300.4653484
300.3045976
300.3046211
300.1928356
300.6378892
301.3695979
301.549815
301.7765862
301.3751557
301.0931969
300.7447555
301.1894237
301.585072
301.1593722
300.5172474
300.0153985
300.2452187
299.9784238
299.2857822
299.83557
300.740582
300.4380048
300.6062868
300.4427379
299.6711181
300.0974623
299.6031293
300.473187
300.8434183
300.8746102
301.0944246
301.4019906
301.1074088
300.6296942
301.0668684
301.4400267
300.8543698
300.6173841
300.9791322
301.0065265
300.5541317
300.7473093
301.2630936
301.8114947
301.8467262
301.8663368
301.2121358
300.7084074
301.0269603
301.3334967
301.4230748
300.6944701
300.688117
301.8768065
301.815726
301.2520816
301.1414511
301.2062528
301.1834179
300.9166233
300.9519851
300.4718659
300.8113324
301.0472189
300.9423735
300.6159326
300.84882
300.9639838
301.1673777
300.9669099
301.0311855
301.2310928
300.9449696
300.9634096
301.6787899
301.2824529
300.9149739
300.9291526
300.9236411
301.4001163
301.3678026
301.0075588
301.1519977
300.680353
301.1066872
300.6286254
300.7976065
301.3960918
301.0924983
301.1476046
300.9384044
300.4655312
299.9725609
301.1753355
301.7077014
302.0175371
301.5514415
301.9151977
301.8553336
301.1264146
300.5541125
300.4706332
300.4629333
300.0359418
299.8553938
299.8799499
299.9082385
300.3261781
300.4445697
300.7826503
301.2538766
301.5931614
301.3793835
301.2152018
301.3411291
301.2028041
301.5732076
300.5715781
300.6304237
300.4926249
300.1996533
300.272115
300.7907976
300.5520717
301.2280636
301.1049845
301.1173626
301.0794248
301.3725452
301.6528922
302.0925513
302.1887004
301.487482
301.6264403
300.0880376
299.9731896
299.9738724
300.567699
300.0783661
300.281544
301.1408848
301.5792248
300.7555579
300.6015437
300.7515033
300.3254591
300.5991523
300.4615512
300.1080748
300.1736534
300.2810119
300.2576269
300.5309842
300.7522601
300.2883441
300.6987483
301.1389793
301.3835966
301.2242855
301.0443669
300.7983106
300.4171089
301.0484702
300.7022219
300.7918608
301.3191817
301.8269085
301.1086214
300.9676394
301.6371268
300.7021092
300.7574716
300.5251217
300.4171132
301.0534846
300.6671185
300.1314355
299.9061366
299.4751519
299.4987982
300.2700471
300.3378689
300.7015232
300.928955
300.9560144
300.5217384
301.0264928
301.769007
300.3619407
300.3846822
300.9254359
300.7576764
301.3659239
300.6459171
300.5457439
300.2846503
300.7289606
299.7196126
299.7988986
300.1886846
299.9640174
299.9343178
300.649725
300.3273621
300.83675
301.3305283
300.7388518
300.0872403
299.9085881
300.3467295
300.974026
300.8240408
300.6126669
301.4504102
300.6032645
300.5226212
299.9967742
299.4946291
299.5374994
300.3122284
301.2382925
301.5032574
300.9007984
300.4716033
300.0695219
299.5991885
299.5458679
299.5291484
300.5045798
301.2119008
301.7775368
301.1373859
300.3668065
300.2294076
300.1615461
300.4107813
300.1601653
301.6226182
301.4710708
301.3105077
300.9934337
300.491711
299.9371565
300.244355
300.9813045
300.9489451
301.3844179
301.5456249
300.7965457
300.8622759
299.9257598
300.0763139
300.0214993
300.3831715
301.1448381
300.8449959
301.409156
300.5160787
300.4493183
301.1504098
300.7608577
300.7195447
300.6060732
300.2913903
300.2293488
300.4320248
300.3700775
300.8293088
300.8902696
301.2177177
300.9169593
300.569163
300.5006758
300.9001488
300.5406076
301.1294539
301.0235221
300.6586707
300.8846387
301.0493329
301.1444406
300.9178967
301.3296538
301.0278338
300.7036973
300.8978305
301.3408922
301.7568209
300.5703733
300.5913771
300.8287953
301.4178031
301.2751632
301.0713901
300.7255632
300.8404101
301.0470242
300.9854378
300.9492213
300.7938777
301.2385222
301.46353
301.3382659
300.6680363
300.8902307
300.692623
300.9666771
301.4920621
301.3570788
301.0449756
300.2980418
300.3332163
300.3574978
300.7260706
301.2876383
301.3261729
301.9286342
300.8173294
300.7789183
300.4832722
300.8206766
300.1126346
299.9593089
300.0644474
300.7159202
300.4923827
300.8837725
300.5124339
300.8159039
300.868673
300.9271704
301.1634806
301.0392112
301.2242964
300.3337336
300.6346839
300.0091963
300.3311481
301.2954493
301.2064042
300.8672181
301.6396085
301.6193522
301.5121475
301.8058181
301.2869481
301.1699925
300.9905302
299.8779093
300.0831125
300.5911169
300.6186895
300.6944855
300.7312537
301.3525762
301.9477943
301.419518
301.0478792
300.4878726
300.6721894
300.9139408
301.5192027
301.0916276
300.7014172
301.0129623
301.5231347
301.661922
301.2523264
301.3135071
300.233095
300.4624791
300.5432462
301.0164343
300.6617931
299.370693
299.9039007
300.1067243
300.1725466
300.4969497
301.2001164
301.1849714
300.8695088
301.1168286
300.9153528
301.2031296
300.2480248
300.2001965
300.8873443
300.6819479
300.6128995
300.3074846
299.9899553
299.7196449
299.1740977
300.4242765
300.8590172
301.1529698
300.6512406
300.3562582
300.1631993
299.8003147
300.2302898
300.5983138
299.9523933
300.7930817
301.0783197
300.5468821
300.4472525
300.4385599
301.0963685
301.4011396
300.8200562
300.8091398
300.4894929
300.8066589
299.4573082
299.7609075
300.1314536
301.2099764
300.7525574
301.0984142
301.2383586
300.9867967
301.2338934
301.2686617
301.2372771
301.2435487
301.3320702
301.2680729
300.6373288
300.2891433
300.4480957
300.6080045
301.122259
301.2894184
302.0723141
301.8946953
301.2029861
300.3479622
300.2918217
300.4238219
300.4984163
300.4350469
301.0297901
301.3158945
300.5224197
300.5927755
300.5202652
300.7071839
300.9182675
301.0949288
300.8926252
301.1593928
301.3702601
301.2022517
301.032482
300.7391752
301.1934166
300.8833023
300.9768308
300.8097134
300.4108192
300.533402
300.237371
299.9462926
300.762691
300.755122
301.5672355
300.8173378
300.2315953
300.2650371
300.6815785
301.4326382
301.6328983
300.4583049
301.4011377
301.2896146
301.6177471
301.850975
301.5666909
301.4432306
301.1555533
300.8590649
300.8581208
301.4664324
301.3505724
300.6933656
300.9555387
301.211873
301.4277085
301.0519074
299.9084848
299.8036186
299.8128793
300.5373725
300.8589701
301.6410978
301.5954664
301.8678884
301.0240035
301.1522294
300.5941935
300.853763
300.4523563
300.3874436
300.3276666
300.0495394
300.4737914
302.1869534
301.9094371
301.2778298
301.0728407
301.1304592
300.885558
300.7700667
300.6654709
300.1511365
300.5287941
300.8669868
300.9953165
300.9385382
301.3905409
301.3625895
301.2176258
300.872846
299.8630825
300.4363687
301.1189132
300.7240829
300.2578882
299.7881572
299.760319
300.1528203
300.047878
300.4955785
301.023263
301.231264
301.1568832
300.9530928
301.3160741
301.9245332
301.5417286
301.0299652
300.8416934
301.1688044
301.6224629
300.9851461
301.1603861
301.5404683
300.9005343
300.7303323
301.3517321
301.186578
301.0579727
302.0507206
301.11507
301.0109237
300.9380908
300.8418794
300.4934314
300.5339404
300.4320607
300.5214039
300.8887785
301.5366645
301.5897896
301.4484464
301.2536563
301.6556172
300.9515222
301.1823583
301.8749288
301.5056059
301.8831322
300.3348832
300.4593273
301.2904031
301.0629875
301.418061
300.3594998
300.3552146
301.0639189
301.335507
300.6346063
300.7695417
300.430232
300.2658343
300.3345735
300.1859856
300.2760566
300.060222
300.6386082
300.6895739
300.733716
301.0922962
301.4581349
301.125877
301.1603352
300.8934194
300.5517029
300.9069539
301.4125066
301.6259993
301.2958505
300.4867377
300.7381347
300.6264228
300.5485436
301.6520086
301.4248459
301.2948471
300.8220071
300.6429699
301.1478724
300.8305625
300.4094645
299.9700955
299.8389493
300.9271821
300.3504286
300.5631227
299.7240594
299.748547
299.8229874
300.24629
300.6095849
300.7500888
301.1604629
300.9913001
301.0114045
301.0626466
300.7274883
300.5384049
300.4103255
300.6175014
300.5991261
300.6361996
300.2052667
299.3097087
299.4033115
299.6763345
300.2979598
299.9826653
299.7350107
299.0058725
299.5600002
300.0390983
300.3202704
300.9495974
301.0139675
301.3745499
301.0426433
301.2305883
301.3625131
301.8476675
301.3948721
300.5156142
300.28638
300.736238
300.9593519
301.5530116
301.4159841
300.8788073
301.323048
301.3566597
301.5332428
300.3739281
300.4489048
300.9310518
301.9517853
302.0039654
301.9999586
301.6480678
302.2221781
300.7158712
300.5107724
300.6336386
301.2446039
301.7083594
301.7961276
301.8942563
301.4776611
301.1825141
301.1211833
301.443252
301.288509
302.0163928
301.5137877
301.6282029
300.7434342
299.7639764
299.7799238
299.8523575
300.1021411
299.6455481
300.1304955
300.2606316
301.1954578
301.0025261
299.6106419
300.0644605
300.431025
300.5977824
300.3143043
300.0886395
300.2744292
300.7780207
300.8252023
301.0896339
301.320422
301.0216007
301.148122
300.8282644
301.1649605
300.4902902
300.813527
300.4773603
300.6827097
299.9535155
300.8933894
300.6217381
300.7326104
300.1804176
299.8687225
300.0563239
300.6513728
300.9163319
301.6181247
301.1709587
300.7898137
300.3535389
300.5413484
300.1356336
300.2926942
300.9932849
300.795844
299.9846054
300.0360834
300.4639733
301.2036383
301.7351703
301.6420552
301.683406
302.216787
301.6179437
301.1196959
301.0055116
300.3350427
300.4453062
300.6774699
300.6454898
300.828244
301.2095808
301.6476855
300.3801017
300.6113894
300.7813563
301.2616821
301.1358682
300.4020409
300.7051403
300.9677265
301.2995921
301.0848879
301.0338524
301.1444842
300.4018151
300.0597884
300.9515661
301.6582743
301.9468712
301.7511633
301.0698537
300.4967565
300.2223989
300.68626
299.987281
300.0729404
301.0673099
300.8807117
300.6302014
300.6687132
300.4820608
300.1782919
300.1882225
300.0298271
300.3671039
300.1417935
300.166896
299.9632987
299.9829706
299.8160939
300.5962553
300.7433145
300.7163999
301.2184683
301.4014323
301.3635174
299.8269293
299.5084798
300.3618341
300.6864197
300.9828615
300.8545451
300.894658
301.177241
301.0248765
301.4850461
301.4538079
301.6104348
301.6916207
300.9241106
301.0788798
300.6778052
300.4019291
301.4132924
301.424676
302.457894
302.3077239
302.5470151
301.9155029
300.8117785
300.9359422
301.2610549
300.7303339
300.7555999
300.7747632
300.735059
300.7344249
300.9267524
300.3599159
301.4704289
301.1970691
300.9031829
300.3310666
300.5098048
300.0231737
300.3188914
300.2778689
300.2980094
300.3068515
300.2136334
300.3586917
300.7319339
301.0162355
301.5640178
301.0493807
299.8706843
300.0768029
300.5083439
300.9110658
300.5500806
300.0067059
299.5674705
301.0808885
300.4486022
300.552075
300.6405846
300.6833883
300.4895274
300.3162994
301.2182571
301.4477945
301.5852771
301.3525403
300.724012
300.9474384
300.5496348
300.6408124
300.6656265
300.5220522
300.9668582
300.7890487
301.2182377
301.6061038
302.4060647
302.6020692
302.3367523
301.8794856
300.8318499
300.9807123
300.921463
301.1715919
300.858251
301.1701992
300.5948886
301.0336985
301.2337077
301.5470269
301.2486818
301.6242718
301.0473685
301.2584619
301.1078602
301.6548221
301.5775823
301.3540657
301.0992917
300.6980472
300.4889248
300.7086312
300.489154
300.9727533
301.6389874
301.2447148
301.2730465
301.1841543
301.0614269
300.5515095
300.9080296
300.373362
301.2649015
300.7023883
300.6548568
301.6943273
302.2046541
301.999429
300.6265289
300.7448056
300.6176149
300.7964349
300.5730603
301.2487865
300.9071425
301.1858792
300.8913445
300.1312478
300.7438931
300.4337203
300.5257698
301.0054302
302.1299688
301.8098782
301.5578409
300.7227226
300.7603842
300.7122294
301.4674428
300.8971896
300.9574568
301.0345732
300.5046944
300.795094
301.3062484
301.8831333
301.6830982
301.8216331
301.0949951
301.1312009
301.4645895
300.9938299
300.7592105
300.7389101
300.8783298
300.5339885
300.6223413
300.9788592
300.9583493
300.394936
300.5184981
300.2750212
300.3714815
300.9588211
301.0184482
301.1703613
301.3331637
301.8317773
301.7390849
302.184047
302.4152497
302.4508059
301.9053057
301.6097434
301.030678
301.485216
301.1109796
300.7979109
300.5070798
300.7919317
301.3093793
300.9852314
301.0766908
300.865664
301.2175583
300.8850588
301.0723892
302.0593692
302.5976428
302.1391182
302.0498951
301.655535
301.7197701
301.5147239
301.5145433
300.0823033
299.4560988
300.065284
300.1763699
300.1731401
301.4269789
300.885358
301.1211122
301.2781022
300.8048003
300.6971175
301.3189022
301.3113972
301.4349167
300.9511452
301.1701248
301.2950211
301.0152579
300.8981607
300.3446907
300.7556756
301.3436865
301.5194015
300.4699954
300.7013759
300.2659151
300.0771819
300.0133835
300.1715005
300.6333479
301.0904669
300.0560216
299.4935464
299.5412342
299.8916167
300.0189231
300.5650916
299.8556547
299.9404586
300.4628533
300.4995737
300.0616981
299.9454112
300.2755015
300.3100655
299.9581293
299.8995084
299.789291
299.5513292
300.1694785
300.306669
300.3465229
300.7384645
300.3125715
300.1211103
300.4878953
300.7339601
301.2290212
301.3681412
300.7073946
300.4675841
300.6496009
300.521227
300.2522236
300.7240103
301.1686166
301.0390867
301.2362079
301.5466899
301.3485276
300.938449
301.0481698
301.3442986
301.5269209
300.6387777
300.322863
300.609587
299.7452145
300.1134035
300.5488866
300.7132688
300.6303289
300.9829813
300.8379681
300.2500794
299.8720144
300.4475571
300.3176325
300.1616335
300.4900033
300.2527771
299.9740051
299.8025148
300.7887766
300.7072296
299.9963654
300.3274095
300.7373516
300.4087944
300.3463573
300.4186906
300.296669
300.3917777
300.1314293
300.4705972
301.1329011
300.6732656
300.7829655
300.3757929
300.4800221
299.8272404
300.4791684
300.4541227
300.0410729
300.3492296
299.9410758
300.2712398
299.8756339
299.9539558
300.3516898
301.1224805
300.6447503
300.6412046
300.8795029
301.1804909
301.105507
301.2762049
301.0675327
301.2922223
301.0358173
301.1243243
301.168163
301.059672
300.6647836
300.3643734
300.5317665
300.1660692
300.0683583
300.3016704
300.66246
301.1373881
301.2647455
301.0921917
301.2986958
301.1357058
300.3970564
299.9140178
300.2474865
300.8265122
301.2764512
300.786171
300.6540377
300.3462941
300.2591525
300.8899883
300.0371614
300.6166625
301.2049962
300.8757222
301.1080834
300.6406436
300.4657475
300.4794294
300.8099049
301.5242767
301.2339328
300.9230349
301.8831208
301.8590239
300.8402163
300.5105542
300.6772998
300.4915965
300.8793336
300.4416136
300.0939892
300.6019974
301.0887845
301.2002379
300.6916137
299.9063153
300.0106327
300.1737619
300.5647925
300.985598
301.2275607
301.3726
301.5075723
300.8623783
301.0896622
301.5206873
301.8201605
301.0961865
300.6309105
300.8046738
300.9450842
300.8338146
300.2727221
300.483305
300.2256674
300.3600888
300.386406
300.8425299
301.2650903
300.9384298
301.7873834
301.2727933
300.4872383
300.0369661
300.7688426
300.7990848
300.3910569
300.2416364
301.4863376
300.6888715
300.9629617
300.5300446
300.8188466
300.9415027
301.1691426
301.5044505
301.0291925
300.321131
300.4586021
301.1683358
301.0215978
301.0775652
301.0339414
300.9799838
301.0777357
300.9119213
301.3331082
301.5964544
301.0698466
301.4595586
301.0890662
301.854873
301.5771071
302.088346
302.3320046
300.2897172
299.8847389
300.5936501
301.0795858
301.6279648
301.380721
300.9437603
300.7709379
300.9161482
300.7689935
299.9097901
300.1925955
301.0038187
301.114896
301.6515371
301.4328523
300.7678427
301.1232797
301.3553051
300.6110437
301.5917948
301.7634336
301.4565086
301.3449522
301.6229899
301.6054984
301.2793389
301.1801018
301.1474203
301.2759178
301.2695578
301.9599095
301.6078802
302.0154369
301.3132183
301.4226868
301.6879535
301.9548413
301.8276131
301.4942742
302.491652
301.6424857
301.7706328
302.2472787
301.7193107
301.2954279
301.4849935
300.8383579
301.5091248
301.6648195
301.9048413
302.0665707
302.2554709
301.7342695
302.3212993
301.9430728
302.1400705
302.4986361
302.6543237
302.8734641
301.3582822
301.3460071
301.6558725
301.451572
302.043681
301.3593212
300.8546136
300.4260086
301.233761
301.8357961
302.3208145
301.9139237
301.0932716
301.0978725
301.3195717
301.4528951
301.0236274
300.294431
300.0558521
300.6240745
300.7097586
300.1858791
300.2808813
300.2040199
300.4146079
301.0993749
301.0607638
301.2540683
300.9355179
301.4118241
301.2190309
300.5217732
300.4141051
300.5196437
299.9490861
300.1119809
300.631142
300.9269588
301.2379213
301.1789116
300.9901218
300.7253804
300.4479558
300.9763238
300.8302337
300.5222878
300.4503357
300.900306
301.1841851
301.1164052
299.9928928
300.7482463
300.3073422
300.6602704
300.7783505
300.4423505
300.2889592
300.9674447
300.6941695
300.4886602
301.114838
301.1718238
301.1497392
301.7390113
301.7761097
300.850936
300.6621354
300.3956927
300.6008529
300.3912693
299.6965845
300.2976101
300.4328736
299.6242697
300.7975151
300.917666
300.6413692
301.0538485
300.8885569
300.9421756
300.6021438
300.4015146
300.7858515
300.1455678
300.3531504
300.4441807
300.8474899
301.1104
300.3716994
300.3084146
300.734347
300.1812081
300.3305235
300.2551704
300.2250831
299.9869837
300.3868766
300.2851681
300.5345098
300.2365131
300.1731328
299.9360153
300.6997333
300.8713467
301.5082961
300.7012613
300.3668739
301.2377511
300.5360358
300.3324727
300.3663805
300.8092743
300.2764185
300.3363043
300.3530405
300.3694989
299.5673173
299.3725303
300.1707895
300.0671586
300.5168475
300.4824715
300.818294
299.8089732
300.4368506
300.6319051
300.9018858
300.7636599
301.1503352
300.9561679
301.0495851
301.4582219
301.1586929
301.468219
300.6316406
300.4602043
300.765482
300.8290992
301.1550744
300.9848386
299.2012481
298.811334
298.8852655
299.7492244
300.3796014
300.5382854
301.2625596
300.9309908
300.7561137
301.2831471
301.2695304
301.151049
300.712716
300.8545581
300.9920939
300.5676865
300.2261179
299.7638793
299.3528591
299.6310093
300.7019179
300.7713856
301.1034803
300.9931491
301.0684023
301.2583312
301.462225
301.1672635
301.1178207
301.172814
300.7866178
301.0894574
300.9438262
301.5025791
300.9483879
301.3090747
300.4816966
300.0018436
300.5730242
300.2670519
300.7953398
299.9827009
300.0194899
299.634533
299.5397906
300.2283279
300.7809425
300.4028941
300.6159426
300.8667031
300.7303504
300.6436142
299.7196818
299.7035622
299.7548238
300.1227361
300.4265537
300.4056336
299.8142156
300.6133067
301.482219
301.8175733
301.8367155
301.5162087
301.0158623
300.7805112
301.0343642
301.2174272
300.7960423
300.9052622
300.3084155
300.5823499
301.4906314
300.7383048
300.5906513
300.1124618
300.2974644
300.55429
300.3173298
300.5695825
300.161122
300.3256088
300.6191927
301.0845688
300.9998476
300.7509244
300.9768026
301.4800357
300.5314029
300.1996701
300.7608263
301.3577854
301.71389
301.2297599
301.497033
301.1968283
300.6013879
300.0472932
299.8389345
300.2191624
301.3614252
301.1345587
300.7496743
301.0254729
301.2821202
301.3593309
301.2095432
301.1729845
301.8798986
301.3625151
301.2004516
300.748108
300.3855897
300.9120965
300.7773868
301.1119339
301.1876981
301.3631191
301.3824621
301.6603383
300.5197016
300.6567184
301.6917903
301.4702068
300.6086883
300.9496839
301.7216356
301.6574695
300.6342574
300.6188823
301.1326173
301.2085059
300.7673688
301.3682092
301.0932144
301.0008781
300.891955
300.6596956
300.7946012
300.5895718
301.862371
301.5853607
300.9460187
300.9250337
302.1278267
302.1468704
302.2657935
301.5746481
301.7368013
302.033969
302.0522946
301.3793714
301.3438638
300.3679318
300.5565111
300.6740178
299.8333623
300.3058778
300.640514
301.3888958
300.9416374
301.0693877
302.0327277
301.8660287
301.1104414
300.5187588
300.8243579
301.9959676
301.9050285
301.9811681
301.703231
301.4354589
301.5594174
301.8226203
301.6630134
302.1561356
301.8860552
301.9547898
301.509555
301.1959018
301.4434697
301.4176005
301.0879945
300.6321155
300.3871568
300.9592223
301.8600304
301.9467605
301.127946
300.5084992
300.3047823
300.3665741
300.6103477
300.877613
300.807357
300.1820563
300.2354198
301.1103358
300.8266191
300.8039524
300.0655057
299.8001635
300.7641581
300.4988303
301.1399385
301.3600173
301.142754
300.9331834
300.7915653
300.1100145
300.1810529
301.142609
301.0561187
301.1155267
300.8745148
301.2175441
300.7519364
300.789773
300.8369208
301.0242558
301.5037796
302.1301952
301.3927141
301.0575526
300.4919477
300.6981398
300.6249534
300.9152257
300.3875748
300.5168747
300.2794809
300.3451361
300.3311869
300.1753518
299.7744147
299.8426229
300.3196172
300.2023891
300.6570991
300.6441809
301.7029521
301.6444028
301.5773165
301.6760667
301.1614915
301.2080296
300.8550108
300.7197996
300.7297827
300.9309046
301.0048616
301.0643736
300.3885893
300.7696273
301.0919124
300.8796454
300.5773217
300.6105942
301.716201
302.0830651
300.2948679
300.4023125
300.0604509
299.6556386
300.0121649
300.0381159
300.3637899
300.2964555
300.497682
300.6281597
300.5229035
300.7390364
301.274165
301.4476805
301.1357984
301.1770834
301.0986726
301.0286457
300.8178468
299.9500495
302.0027836
301.1784499
301.2010319
302.220265
301.9647685
301.5181409
301.4718172
301.7725326
301.7836976
301.7362382
301.4397561
301.2930545
301.1017704
300.7665003
300.936313
301.195569
301.803748
301.7794
301.2884545
301.3022084
300.5018107
301.0503943
301.1796002
300.9210996
300.3907086
300.4405508
300.6616791
300.982176
301.0643946
300.6095088
301.2311588
301.6277557
301.1323316
301.1340068
301.6791012
301.9924366
301.7330574
301.3914207
300.7558655
300.442613
300.4740035
300.4944988
300.6783038
299.8487245
299.735086
300.1014904
300.2092834
300.4237358
300.2260541
300.3720685
300.1054409
300.235495
300.8018188
300.4942537
300.1951402
300.8714273
300.5585749
300.1345748
299.9696544
300.0608076
299.763469
300.2180307
300.0585672
300.0986524
300.201696
300.1189163
300.3825715
300.9350557
300.6768768
301.0473265
300.7305912
300.5833743
300.3879286
300.6367966
300.8628125
300.0608793
300.5088701
300.5589202
300.3564553
299.6127859
301.7475264
301.8725952
300.7647241
300.9294463
300.7418833
301.1147337
301.0253159
301.6211294
300.6741762
301.3060107
301.342562
301.4974226
301.9437566
301.0819772
300.707232
301.164035
301.2594502
301.4002927
301.725341
301.6254823
299.7927167
300.0814068
301.2058668
301.5687672
300.977831
300.4296793
300.640788
300.6804316
300.487733
301.0147109
300.8876521
300.7386071
300.7038896
301.2797997
301.1192479
300.5180646
300.7363925
300.2928656
300.835225
300.5402427
300.9996485
300.7823278
299.5420207
299.3520373
300.026813
301.2313657
300.9384171
300.3996485
300.4149616
301.1081838
300.9863356
300.8286128
301.0608461
300.7369356
302.0393989
301.708835
301.431532
300.7517309
301.1546609
300.725042
301.0962879
300.9919192
301.2219447
301.2556651
300.8240087
301.001574
301.0328588
301.3905427
301.1950282
301.5938697
301.2904691
300.4931104
300.2361169
300.2275817
300.0264323
299.0879371
300.1692391
301.0995259
301.3121951
300.6316514
300.8682709
300.9453707
300.5319357
300.6837
301.5971938
301.1342066
300.8251369
300.8055191
301.1579809
300.2555285
299.8753753
299.7880014
299.8886037
299.9803951
300.3281971
301.5227159
301.2716985
301.5593819
301.0914122
301.234606
300.1724528
300.8919815
301.2763242
301.2214326
301.1211949
300.4097159
301.0667317
300.7869549
300.1321402
300.7292039
300.5568433
300.9943085
301.4432051
301.6484145
301.2141688
301.2394061
301.4028475
301.0493242
301.1718685
300.4739229
301.3838125
301.6320735
301.562069
301.5746594
301.5922122
301.2436055
301.3262089
301.6771647
302.1126894
302.2163065
301.9379277
301.9210186
301.4010605
301.195446
301.2251869
301.1870608
301.3619447
301.9087607
301.7504375
301.4603635
300.1154716
299.2572894
299.3470463
300.1239735
300.3130453
300.9323785
299.9904633
300.3297745
300.7524212
300.6373108
300.4995601
300.4868487
300.7986247
300.462331
300.3976293
301.1411924
300.8725852
300.5544127
300.6197158
300.1589059
301.1614132
301.4018922
300.695508
299.823862
299.8071337
300.4014095
300.4828872
300.3577765
300.7580529
301.0317775
301.5443925
300.8804372
300.9907953
301.3026369
301.4564387
301.6020817
301.0239801
300.7185595
301.0182728
301.065175
301.8258459
301.5804585
301.684489
302.1948302
301.4162529
301.267853
301.0547024
301.3338856
301.3001037
301.5266759
301.3740412
300.9131517
300.3588907
300.2090906
300.1064323
300.4283711
300.8090866
301.4847199
301.2257905
301.4887522
300.5740735
301.0569158
300.7581611
300.9911304
301.546379
301.2193611
301.2550511
301.4028786
301.0162414
300.5100066
300.599318
300.3795364
301.2808012
301.0014113
301.3090188
301.3585633
301.1865452
300.6718942
300.8402075
300.8321656
300.9956795
300.6848887
300.5356929
300.4752377
300.6355138
301.2344991
300.7930538
300.0394737
300.0744164
300.4675912
300.5675972
300.6831466
300.7612037
301.6199748
301.1039658
301.6461476
300.747545
301.2970705
301.3540708
301.6508245
300.8986437
301.1549205
301.5012213
301.6811228
301.318708
301.2940738
300.9922475
301.0472142
301.2932933
300.7603641
301.2467515
301.1447225
300.8762274
300.5456803
300.4600736
300.6294271
300.7412961
301.5236918
301.2858904
300.9863623
300.8553653
300.2522483
300.1470489
300.7435158
300.7503963
300.6055819
300.3678057
301.2370171
300.6563807
300.4841643
301.2993097
301.1243734
301.5969382
301.4193626
301.9970058
301.6130582
301.8470472
301.1117745
301.7077406
301.4753971
301.5063479
301.5319793
301.2737026
301.7223551
301.7445902
301.4197549
300.8862976
300.3888723
300.1931663
300.5941006
300.5180403
300.2532614
300.5888427
300.7628728
301.1054053
300.1638486
300.5569709
301.0009113
301.1454409
301.5023314
300.9890561
300.6661074
300.1893371
300.062479
300.531695
300.0975617
299.882079
300.0055916
301.1201505
300.6522343
300.2032943
300.1567118
300.280923
299.8087074
300.2513609
300.4586929
300.607085
300.5121049
300.1409163
300.6562288
301.3674104
301.0574328
301.6452906
300.9574903
300.7621248
300.9208671
299.7881258
299.347445
299.2388404
299.897787
300.5841869
300.6303546
300.22336
301.0171189
301.2052297
301.5930699
301.9955137
301.6153355
302.1594797
302.0675845
301.1920823
301.0865797
301.1816382
300.4517673
300.6331296
300.9837059
301.1918114
301.4710807
301.5200646
301.3086995
300.4011946
299.8554581
300.1677549
300.2770262
300.3738048
300.042469
300.3330999
300.9387027
301.0059482
301.5366415
300.9571632
300.7075535
300.0435529
300.0683779
300.3572995
300.3508293
301.0843771
301.1511888
301.5549091
300.48801
300.1391869
300.5816522
301.0028921
301.2378439
300.7314751
300.8193586
300.6637353
300.7630166
299.8601929
300.4377403
300.0536881
299.9007299
300.6912313
299.9198626
300.0514428
300.111414
300.0506775
300.5109872
300.6397984
301.4385021
300.9964427
301.2580018
300.4373148
300.4947105
300.4081392
300.3518749
300.3196036
300.2252239
300.5770043
300.2792307
300.5566951
301.138073
300.3086325
299.8524358
299.5702499
299.6622519
299.9305692
300.0568255
299.486763
299.4425557
299.4390401
300.412033
300.3571463
300.0217283
300.1115643
300.5400293
301.1373829
300.3977495
300.2806802
300.1070776
300.9195862
300.5778419
300.7592862
300.4439375
300.5968585
300.5427169
300.7637492
301.3105218
301.0116737
300.5908906
301.1496376
300.640271
300.5093389
300.2499437
300.0628261
300.2277103
300.2012907
299.6784282
299.7737486
300.6416415
300.6704409
300.7731164
300.1464147
300.0445199
300.6012228
300.8835871
300.7328499
300.6103368
300.4176723
301.0079005
301.5577629
300.6064617
300.2647778
300.2553184
300.7707373
301.0915956
301.3458775
301.6420858
301.5477686
301.7836443
)
;

boundaryField
{
    xPeriodic_half0
    {
        type            cyclic;
    }
    xPeriodic_half1
    {
        type            cyclic;
    }
    yPeriodic_half0
    {
        type            cyclic;
    }
    yPeriodic_half1
    {
        type            cyclic;
    }
    zPeriodic_half0
    {
        type            cyclic;
    }
    zPeriodic_half1
    {
        type            cyclic;
    }
}


// ************************************************************************* //
