/*--------------------------------*- C++ -*----------------------------------*\
| =========                 |                                                 |
| \\      /  F ield         | OpenFOAM: The Open Source CFD Toolbox           |
|  \\    /   O peration     | Version:  v1706                                 |
|   \\  /    A nd           | Web:      www.OpenFOAM.com                      |
|    \\/     M anipulation  |                                                 |
\*---------------------------------------------------------------------------*/
FoamFile
{
    version     2.0;
    format      ascii;
    class       volScalarField;
    location    "0.02";
    object      rotationalT_O2;
}
// * * * * * * * * * * * * * * * * * * * * * * * * * * * * * * * * * * * * * //

dimensions      [0 0 0 1 0 0 0];


internalField   nonuniform List<scalar> 
5120
(
300.0720867
299.1662241
300.7319722
300.6813198
301.5828138
299.6413992
299.694944
298.8730226
296.8622222
296.6694058
295.5659684
298.1317196
297.4991632
297.9824223
296.7695401
296.7483854
298.2499191
299.2477231
300.7091427
300.0687676
300.868128
299.7943827
299.4901184
300.5001639
300.8217812
301.8840902
302.1608815
302.393104
302.4679306
302.6091718
301.7711834
302.0363974
301.1822
301.1661376
302.1671757
301.8227286
302.9952627
300.5665664
300.4976224
299.8686467
298.8360295
299.2606398
301.3096229
301.8670622
300.7063752
300.4189599
301.6036099
302.3811917
302.5700693
303.5786751
304.1664795
300.7754251
299.7931518
298.421446
298.9008699
299.3008056
299.5247032
301.4213322
300.7733272
299.1170196
300.930378
300.575857
299.8662113
301.680895
301.8253447
301.7271268
303.0047725
301.0966997
300.0856048
297.8768859
298.4896378
299.8283524
299.062026
300.1010847
302.1839188
303.4615825
302.2996206
301.7176803
302.0644616
301.0596585
302.2473068
301.3551893
299.7354789
298.1755363
300.0251557
302.447284
303.3238249
302.644889
301.530263
301.3455228
300.4951085
301.354642
302.1737416
303.2469542
301.4738311
302.3199597
303.0063111
302.2784517
301.114971
301.4805993
300.9505786
302.6669562
302.9876129
304.5321128
302.9553209
303.3300273
302.1176495
302.2314151
304.074774
303.9051463
303.133838
303.5138509
301.3688364
302.1763003
301.1771201
302.6954133
300.0283664
301.4647103
300.3771594
302.0771591
298.4447363
298.9091693
297.6248168
297.896832
297.6492718
297.9228514
296.1632916
296.2785654
297.3499315
297.491739
299.2234106
299.837288
299.6357978
299.9310103
299.1729832
298.0497034
298.2343335
299.7964183
296.7563545
296.1622976
301.7170311
303.954199
302.9730643
301.1234393
299.8638345
299.1242595
299.4833401
297.7527867
296.8877156
297.4760436
299.2126748
300.3481405
300.6867086
300.2291694
300.8852414
299.3020509
298.7741543
297.8939456
300.096804
300.3275381
298.9080083
296.5956565
296.0008519
297.4382453
300.0011654
301.0689718
301.9095183
301.6587581
298.7080801
298.5352645
299.6195576
299.653166
299.0541256
299.7170998
299.9354101
300.5653165
299.6673012
299.4976952
298.0982136
298.4866018
298.6692684
300.2061805
301.2959521
299.0575326
298.927048
299.1118607
298.5048991
298.3917202
298.1466672
296.7338526
297.2193428
297.7044087
298.7455873
298.6596035
296.9124196
295.6730207
295.5657358
296.871736
298.6843541
299.5224405
296.3360399
296.1233185
298.0634639
300.9604357
300.152127
301.2108975
301.3629841
300.636337
301.9515149
302.0287814
300.6055374
298.9886254
297.2516775
298.4196215
300.2012529
301.2899701
300.1227514
298.7271528
297.9266827
298.1125928
300.3188773
299.4881244
298.9284888
299.5484104
298.5863458
300.258895
299.4736273
300.5928226
299.5120145
301.3710692
302.3378966
301.3830257
299.1754064
299.6246404
298.1799802
299.245818
301.7672913
300.9399948
299.9280797
300.820196
299.5540924
298.8802665
298.5989214
299.3108515
300.4058654
300.2409167
300.0977277
301.9199046
303.1752911
300.7256138
299.911878
301.4634069
300.0051724
299.7989521
299.3344493
297.9644378
298.7460343
300.6182695
301.1822675
301.7831499
301.6558984
302.9273016
302.0827184
300.5068359
299.5427868
297.6153776
299.8905816
298.295356
298.0887881
299.700544
299.1381409
298.9469393
299.090253
298.3560583
300.5746344
303.3713674
301.6375962
300.0204199
300.0396487
299.1116839
300.0678013
301.364688
300.7068065
300.1348562
301.5404895
302.4131383
301.4357806
300.6767946
299.4479288
300.8860059
300.8820766
301.1689985
301.8363095
302.4588359
302.2100785
301.1458528
301.1003372
301.3581579
301.5745049
301.4365716
301.1104165
301.0421667
302.0903283
301.2577786
298.3970279
298.507317
297.6787932
299.660224
300.4872091
302.0796379
302.2063722
298.7044337
300.2423629
299.2931066
300.1601873
298.1734863
300.5515586
300.8454302
300.1967495
299.8086079
303.6720334
302.1926348
301.0558821
300.3115005
300.4016165
300.0066267
301.5349588
300.8138984
300.7516818
302.7922175
301.8759121
302.4786724
302.4109348
303.9160751
305.8342237
305.8684605
304.5509329
303.1709998
302.3537143
303.174113
302.2840009
301.3608587
300.0295777
300.8855061
301.2045283
300.5321266
297.4730183
297.2050304
297.9697331
296.754438
298.5536745
297.6331856
298.427167
300.9120754
302.5453706
299.7565726
301.1992454
302.1898337
302.4688444
302.2331149
305.3083354
306.293039
306.2207519
305.6160302
304.659618
304.7646523
305.3909867
303.6560892
301.9971402
302.3840689
300.2498037
302.1945792
301.5243277
299.6710532
299.1034943
300.92666
302.0444098
303.4190114
303.5175927
302.6490549
304.118918
302.8865962
304.4149556
304.0596493
304.0627778
302.8824672
301.0690774
300.1826658
301.8346667
302.0264303
302.0564359
300.6510926
301.2464788
301.0102628
304.7019874
304.7788749
303.4535423
302.7428188
304.5824063
305.3468424
299.5134691
299.2033143
298.3608346
299.3886682
299.7846604
300.484639
302.2201802
302.7559075
302.851503
303.0683026
302.7842192
303.3543428
302.9542274
302.8042007
299.7771956
299.0522117
297.4641933
298.2791263
298.0746009
298.6725091
302.520104
301.1521922
301.558982
302.0387847
301.3533938
300.916533
301.0912407
302.2382206
303.333176
302.1049503
303.0790117
302.0954066
301.2524575
298.8704452
300.1992508
300.2541114
301.4987089
301.48695
302.0912528
302.2112428
298.2409204
298.3894372
299.4661561
298.9251957
298.5148645
298.9459115
299.5305322
300.0207856
299.3545644
299.7620223
298.3287696
298.587223
300.0061984
300.7533141
301.0853156
300.7830219
299.289314
297.1465005
298.7910678
298.1284102
299.5772686
299.4539512
299.1144738
298.7277753
300.0524552
298.4236992
298.2089061
299.2110349
299.8413572
301.8157403
302.2666538
302.3405349
302.5410016
297.6757198
298.313261
298.7475118
299.8829894
300.9476999
300.9904779
300.3133545
300.9138529
299.892396
300.2274079
299.3226757
298.2157182
297.6295115
297.2886607
296.8541969
297.9869348
298.2457044
298.4341084
299.6727917
297.7103999
299.746024
301.832006
302.5970197
302.3489353
302.2061004
302.8552712
302.1411427
303.3108535
303.5507187
301.8367574
300.938911
302.3286283
301.5869308
300.6042311
299.6736822
300.0265569
299.5967381
300.2498723
300.9911835
303.2468019
303.2188474
302.453606
302.7672331
302.314388
301.2692152
301.6352323
302.3825657
299.2796582
300.4890644
300.944567
298.1869183
297.8252183
298.7792903
299.1202862
301.0292993
301.2853608
300.9075316
300.1478336
301.3264239
301.1860789
300.6415031
302.0104396
302.2041151
300.2589539
299.1746239
299.2136731
298.7118714
301.2353624
299.8406186
301.7879195
301.2435051
302.1826889
301.6332871
302.2147212
301.5607627
299.5111317
301.1545149
299.4236269
299.7771433
300.1055527
300.7951754
298.8327519
296.6731905
295.8999099
296.9651512
297.9320446
299.3601037
301.1893523
301.6175193
301.9342638
301.3328414
299.8496883
298.9493573
297.362514
298.225295
298.8766739
299.8683745
300.3090271
300.0560936
299.5155486
299.2669364
300.371641
301.7857004
301.3590687
300.6073529
300.1320993
299.0292659
301.9013016
302.0959341
301.3047995
302.1717148
302.3578463
301.3413258
301.492523
301.5263192
302.0027504
301.8744706
301.4194906
303.1691015
301.8608046
302.2389286
302.33771
300.4537902
299.8256044
299.3122384
299.9913184
301.7044099
301.095712
299.0282196
298.860586
301.1655366
299.2951962
300.2435297
302.5621059
302.0865736
302.4480956
302.4475767
303.1866644
303.4112592
302.345755
302.6991156
301.3567494
300.338572
302.5843437
303.2097204
301.070158
302.0520494
300.4069665
300.4082355
300.0601023
300.2481427
300.7412168
301.6884239
300.6180606
300.5615406
300.0536647
299.1982127
300.0399844
300.4245946
300.8347984
299.3866126
299.6188283
300.3033369
300.5731714
300.9582999
301.5588446
301.0260805
300.3468884
301.5253265
301.7607795
301.3799372
301.4977511
301.712055
300.455417
301.977553
299.5889833
298.9527593
299.8719491
301.3024889
303.1359655
303.0788209
303.5948686
302.794922
304.4491048
302.5382903
301.9310374
300.2188773
300.70617
300.2750638
300.3797748
300.7507089
301.7293418
302.1215371
302.1626522
301.7670023
303.9357316
305.0928461
305.3901697
303.4542806
303.4254253
301.0733566
301.5287029
301.9919903
300.9965744
302.5131585
301.7044425
301.5016422
301.1859633
302.9940648
302.9978045
302.4156644
303.4185642
303.4588072
301.0274707
302.0826685
300.155734
299.142863
299.5689279
298.7241999
298.3562049
299.7297679
300.0483302
299.9301744
299.4181056
299.9429791
301.2416873
302.7623579
299.995689
299.7524651
301.3753542
300.9091033
299.7284474
301.0775802
302.5823915
303.1688834
302.7203641
302.3850923
304.1998427
304.6416868
304.9433493
303.4901531
302.0575524
300.3547665
301.5278208
301.5067035
300.2572016
299.66251
301.410836
301.347425
301.3730995
301.3487672
299.1946097
299.0310638
298.2443827
298.1773602
298.7771377
299.4929589
298.7494302
298.7850294
299.1103305
298.9317029
299.9756922
301.314567
302.8039993
303.8513735
303.4037317
300.8744678
300.4657965
302.6135093
300.2371038
300.0771614
301.224457
300.1928215
299.346456
299.6183126
298.1706821
298.3313286
298.5035633
299.4712226
300.5234006
301.6918022
301.667022
300.680736
298.8865385
298.4944885
299.0332659
299.629811
297.7101246
297.7265462
297.7415959
297.9898397
299.244291
299.1702771
299.0068105
296.4776784
295.1001598
296.2643655
299.5985157
298.8426238
298.9388759
299.6307242
300.1646389
298.9663684
299.5010122
298.9091778
298.1827399
297.4127701
302.27445
301.0885963
300.937207
302.476173
300.602761
300.9176437
301.1420664
301.9046986
302.2370906
299.1203355
298.7488519
299.4047504
298.8206738
298.6514224
299.7434593
299.9947849
299.6859855
301.1934011
300.7042846
302.3168454
302.995043
300.8473008
300.7192533
299.7056009
301.058167
300.7529019
299.5274523
300.4483171
300.1603763
300.9239667
300.392408
300.4765127
299.2390474
300.9934857
299.9498281
299.9268898
301.67211
302.780951
303.370587
303.0497999
303.2764437
302.3600208
302.3193461
303.50679
302.2034072
304.0706452
303.2975182
302.4702477
301.6572175
300.4640067
301.9485091
302.5228965
301.8695432
300.4180284
301.7297242
301.8957534
302.7818343
303.7341856
303.1059816
303.5584274
300.2870726
300.8820801
301.4766727
299.6163926
298.3964644
298.8024714
298.2899609
299.2839321
301.29069
301.7462303
301.2099603
302.2298562
301.4012353
302.5391803
300.7565835
301.0065287
300.3062719
299.8156671
299.7147837
299.1346111
298.2865067
297.1596309
296.394806
296.5766768
297.4359121
297.0404043
299.9288089
298.6175936
300.67645
299.8884624
300.8691965
299.9018584
299.1809413
299.8062881
300.1621473
300.2768026
300.5004935
301.7533956
300.6765106
299.7104597
299.2289276
299.6359524
297.5640884
298.9916452
300.428011
302.3247654
301.5554164
301.8536747
301.7266101
301.0809294
299.8230154
299.9115796
300.8004511
301.9712399
301.3065607
301.5748607
301.4283824
299.2475825
300.0449672
299.3013474
299.6213886
300.5791653
302.0470498
301.404134
300.8263058
301.490575
301.2335909
301.6007083
301.1762609
299.1845447
297.8219828
298.6366316
299.3764815
299.1206987
298.7891033
299.8657671
302.0038887
302.47224
302.9722499
302.4540734
299.4042023
299.6810387
300.8912712
300.4055598
300.5848676
302.0255869
302.4576977
301.6112584
300.3376581
300.20025
299.8980432
300.4963545
300.1960976
299.8204926
300.6131735
299.7774798
300.5730547
298.6056496
299.6986144
299.9477808
300.1250464
301.1712336
299.3365484
300.4095814
302.8482594
303.9292209
302.3641183
302.3915084
302.8894742
302.6164974
302.095132
301.2059979
302.2018148
301.3646085
301.2393201
301.5111144
299.4684749
300.5212697
299.8946695
300.1548106
300.8219007
299.6795564
300.4069731
301.303411
302.6465402
301.9927819
302.2723845
300.9992495
301.0640557
299.6099424
297.9612191
299.0005975
297.3728091
297.6292742
299.6993943
299.2794574
299.4426344
300.4254904
300.2350461
301.7031174
299.566675
301.1515022
302.0541145
300.6063154
299.9212288
299.6786244
299.9268437
301.1455044
299.7471958
300.3299835
299.4289716
300.1659937
301.4765931
302.1285587
300.3626072
299.9381596
301.5307723
299.9101676
300.5902949
299.2627538
300.3881063
300.0541968
299.7087766
300.2450859
299.3238378
299.6132654
301.1180531
299.3602313
299.430316
299.5705786
298.3153661
298.1620878
298.993269
299.6811412
302.1725028
302.9498835
301.9187666
300.9866128
300.3453379
299.9075269
300.5938677
298.3783815
298.5777486
298.718817
299.0754132
298.3379487
296.8672195
298.8387167
298.4697772
299.3508408
300.3895649
303.3782681
302.5988343
304.4479171
302.0834187
302.3037805
303.8700497
303.9634336
301.1756279
301.0988118
299.6555676
297.7910765
296.8352218
298.2004688
298.6012017
299.8023716
299.035019
301.555338
300.5626582
301.1637899
301.2862637
299.5746432
299.8076812
300.8731647
300.7537373
299.6124811
298.9248036
298.888554
300.9402168
300.4359589
299.0263853
299.7619358
300.7576684
303.073938
304.0304771
302.9152869
304.8793016
305.1852865
303.9611563
302.2743382
300.26417
299.7031067
300.6323943
300.7554983
299.1697071
298.3066282
296.6004088
299.3043101
298.6178707
299.8998602
304.4294449
303.5502928
300.9799168
300.9604475
299.1723065
298.1890042
299.089074
300.8421361
302.6430967
301.1455297
301.0165721
300.3181873
300.6622659
300.4189946
300.4545713
302.440087
303.9892033
303.245682
304.4839207
303.9633747
299.1062844
300.1020377
300.3233284
301.0106927
300.177141
299.7195216
300.5185797
300.6228541
300.4762669
302.4968385
302.1006098
300.9937085
301.6905815
301.1934894
301.5509676
298.3073046
298.321304
298.5801097
299.464401
299.2587832
302.0672699
300.8639794
301.1998618
299.4706998
300.5726671
299.3509798
299.2993568
297.965001
298.4492704
297.4436497
297.8842208
299.2467711
300.081283
300.4927836
300.6361458
302.7006403
301.3132351
300.2011849
300.8117597
300.4596109
298.755658
299.3161014
299.5592377
300.5653877
301.7931944
300.4472452
301.1085529
301.1932518
300.6830152
301.812838
300.1909993
300.510042
299.7332629
300.3910211
300.7867462
300.4889687
300.0167463
300.7969393
299.504519
298.9005727
298.8657359
299.3906194
299.5397207
300.6931061
301.4751609
302.4416691
302.9971277
301.763057
301.5908786
301.3054365
302.2938314
302.5101215
301.715687
303.9276182
302.1912532
300.3528564
299.5834436
298.6819277
300.0097449
299.5610107
300.6596126
300.6467992
301.5508356
301.8328584
300.7554413
298.9001743
298.0251603
297.7482536
298.5115817
300.194505
298.8540027
298.1873818
297.2256409
296.6214838
296.6196857
295.997832
297.9152798
298.1302289
299.2642401
300.431623
300.3080328
301.2828964
303.5170494
303.5206199
302.6971415
302.0967085
301.7985097
301.67465
299.0585361
297.7697746
298.7290525
299.7781584
299.6177431
299.9127963
298.1340229
299.2260298
298.8501287
298.8232688
300.0059473
300.43543
302.4637994
300.3061007
298.2915236
298.6478767
298.9379119
299.0842075
299.1812884
299.2142497
299.5759227
301.5295849
302.644307
300.8274662
300.3841939
298.5215536
299.2467334
300.7460311
300.1264468
299.4160977
298.5162673
299.9007835
301.3011804
301.5140947
300.9845173
299.3350081
300.6942409
299.7832877
297.5558597
298.6388562
299.154294
299.1947181
298.6649526
299.876901
298.2084763
299.8310319
298.7949577
298.0982916
298.3917758
299.1059493
299.3960657
298.7818584
301.6482034
299.7005421
300.2728506
299.7009849
298.4548516
299.1750172
300.1548991
301.7585669
302.6928895
302.7408584
302.3245301
302.4678729
302.8163891
302.1700987
300.3655783
301.1788494
301.4021636
300.5905301
299.3834833
300.6384944
301.4887554
301.6112752
303.053657
302.6968312
302.5022652
300.970814
300.2537665
299.8343094
298.3476262
298.428749
299.366828
299.5061177
297.5562483
298.3451294
296.2201964
297.41701
297.8510605
296.6018258
299.7877759
300.9674317
300.2528134
299.0388799
299.370243
299.8338217
299.3055197
300.8916295
299.2075781
301.3996975
300.9220323
300.5167278
301.1718609
302.4392402
302.374002
301.4100024
300.632007
300.8805065
300.3582548
300.3461707
300.2336622
300.373622
300.8173308
300.3713568
299.9376181
301.0655614
298.8897975
300.2082363
302.2710466
303.0221935
303.1078979
302.8676215
301.6921347
301.2780131
300.6866922
300.6091071
300.401456
300.4089107
301.873574
302.0670695
301.2876216
299.1253172
300.559833
300.2923343
298.8267904
297.8303456
296.2581939
298.1393578
298.1129454
296.5384675
298.1804164
297.6506412
296.9365326
299.3702567
300.3645682
299.8146956
301.4967318
301.741058
300.9870654
300.858799
299.9409563
298.9475136
301.8297936
301.0327074
300.4956618
301.0993793
301.0410481
300.8774938
299.5088698
299.4150835
300.8005344
301.1997554
299.8120276
297.3414241
297.9252874
299.2518018
297.638612
300.5371553
301.4622196
300.4751942
301.3397669
303.3541057
297.0259936
298.2361296
299.4764977
298.8472768
299.2573145
298.8965862
299.1271267
297.881255
296.0337636
296.6530971
297.6548253
298.053019
295.8719935
296.1525922
297.0263444
298.1270735
297.9814688
297.5456508
297.6896257
295.3270075
296.9616362
297.4311586
298.4358294
297.6593448
299.3074109
299.4047183
298.6977022
298.0458914
295.4980149
296.3704535
297.1204
298.0326328
299.5005475
301.1902709
301.5534128
299.5454932
298.9048234
298.0574437
296.2613357
296.6495099
300.844213
301.0921443
301.6067408
302.1010222
301.8704245
301.6252716
301.6162075
299.9811354
300.3918772
300.7134097
301.7088712
300.9219386
301.4319205
299.9184258
297.8176261
298.7433953
300.5330785
301.7559768
301.8622054
302.2530869
299.9185298
297.9188845
298.6602155
299.1498631
299.2647483
298.829501
301.6443867
301.2793382
302.0725316
303.1973103
301.8801101
301.5945406
299.6536234
298.3397975
300.8808437
300.6971442
300.4091604
299.3910418
299.5577002
299.7354818
299.700508
299.1743622
298.2991134
299.0983123
299.0967409
299.9316966
298.4774758
300.140247
299.6335747
298.1738806
299.3676313
300.6484282
299.8703766
300.905694
302.3854435
302.5097356
303.5090409
304.9493727
302.0995516
301.7713837
298.5946683
298.8119918
298.7300769
297.8901792
296.993689
297.5180058
299.6944781
301.2496296
300.6529783
300.6505756
299.8150758
299.361527
298.3985463
296.8560725
296.4832829
296.5885656
296.2745488
297.7110818
295.5557042
297.4099908
302.5160551
301.4430374
302.8373121
302.771017
302.099884
301.9982287
300.2086398
299.3275805
299.7174747
297.9719566
297.9286586
296.9288563
297.7726572
297.2085975
296.9408844
298.1840458
299.9429799
299.3196705
301.137982
301.0925169
299.5988244
299.1972337
298.9469982
299.9726964
300.6828084
301.50019
301.6181669
300.0181374
300.1944926
300.2009179
301.3351085
302.2202557
302.6806135
302.9527685
303.8894374
302.5772138
301.9768556
300.4501877
299.1020787
300.4578933
299.2110428
300.8715781
301.7300057
300.3711376
300.1242063
299.8794574
301.9432318
300.6882778
301.8471911
302.2875253
303.1896193
304.0287064
302.4571172
300.8773634
300.4982227
301.2430692
300.4547473
300.8593794
301.2106203
299.9855649
301.1558708
301.1292631
302.0590987
300.9115705
300.8877807
300.3970973
299.1709735
300.456807
303.0916914
302.4858738
302.2213903
300.3713965
300.179837
301.8929148
300.8485552
301.1514609
300.9381327
300.4109473
301.4093338
301.7712986
300.4560888
302.433474
302.4596808
301.3794541
301.2888358
301.951221
302.1884507
302.9760173
304.5356015
303.4224653
303.3003427
301.9790187
303.6281486
304.3580695
303.5461831
303.8491756
304.3670377
304.7960924
302.3906991
301.168978
303.4886314
302.7648159
303.6344206
302.663759
302.140912
302.5820784
301.9088389
301.904407
301.3160694
299.0264213
298.0693679
298.2345058
299.1624903
298.5583528
298.7202168
298.6595347
301.1270067
302.5902567
302.6110194
304.4363175
299.018931
300.8111598
300.8412773
302.1293654
302.7981249
302.1359911
301.3522465
300.6837125
301.5221247
302.4444537
302.3761456
301.5192224
302.4883326
302.4538865
300.3659202
300.6021837
300.7341591
301.0884191
301.1541753
299.4679206
300.2497737
301.1740464
301.1942653
302.7427804
302.8990999
302.723585
301.3584922
301.5882109
299.8364086
300.2397355
300.3742531
299.2574558
296.3953747
297.3266839
297.9042576
298.657646
297.9724804
297.9910474
298.7374616
300.006424
300.2967072
298.7500172
300.5188337
299.6310968
297.5952153
296.6949233
297.2333934
296.9074675
296.8737519
296.9644583
297.6204051
296.3223202
297.2755387
296.6687247
296.3308172
294.7375156
295.2827508
295.7883268
297.677615
299.8334232
299.16346
299.355697
299.800973
300.0103345
298.8043368
298.1611626
297.0924558
298.2976378
299.8599967
299.0473396
299.4744392
300.0439993
300.1882294
299.6298286
298.880181
299.3661334
299.6738997
299.5762607
299.0670727
299.2520995
299.0029683
297.1748692
296.3117014
299.1432279
300.2959672
301.5082234
300.4415979
299.0794988
300.4473755
299.039403
299.5259247
297.8702556
297.5174727
298.2779419
296.9916612
296.5045448
297.9670586
299.3300849
300.4222881
300.0488886
299.8162446
301.9963042
301.0891662
300.7492016
299.8702082
299.6578786
301.401368
301.0936306
301.1168458
300.9187644
300.3802654
300.6894472
299.8553886
299.0961506
299.2606386
297.0294723
296.8887847
296.760402
298.2086537
299.2144672
300.2246139
301.2505137
300.3859077
300.7162204
299.8544484
300.3344596
301.530857
302.6743436
301.6006418
300.7603762
300.0255239
299.6955681
300.4529407
299.5540746
298.9292417
299.6380001
297.9752802
297.9644769
298.2167586
298.1243406
300.7758032
300.6651923
300.7941369
301.4250277
300.9347393
299.9025769
298.5931941
299.3062817
299.8863821
300.1282621
300.176686
300.5100005
300.5037062
300.2458176
300.7531335
300.733731
302.6216082
302.1747721
301.0958706
300.0521812
298.2732557
298.9099736
299.0439551
299.6296641
301.3046966
301.0664367
300.5863497
300.7637242
300.1478846
301.0162021
298.4576107
296.9611881
297.2614189
299.1295429
301.6272157
301.5169924
300.4705775
300.316221
299.4190934
299.8073225
298.8282401
297.3581996
297.9406851
298.5307521
298.4025938
297.8550917
299.1296644
300.0441495
298.4536908
298.4539605
301.0622385
302.2825865
303.8913362
301.2225118
300.2089864
299.0986971
298.1029466
297.9353538
297.9871757
298.9531726
297.2204229
297.1087245
296.6386873
295.900668
297.3825706
298.0022395
299.4468575
300.9537143
301.3684307
300.3560859
299.8143015
300.0366524
299.9670257
300.6247084
301.8650905
300.5385944
297.9763319
297.4576814
296.4357282
297.4406776
298.2105491
298.4204798
297.9523711
297.4420566
297.8508986
298.5769966
299.3053236
300.4563781
300.1894429
299.9445533
299.1686266
298.5168432
298.2729375
297.1354364
296.4470049
297.9202004
297.8949385
299.0568922
300.3738099
298.6140363
301.0551309
300.5392787
300.9617173
300.0591525
301.2528457
302.8317791
301.0313275
300.8677933
300.9095363
300.947073
299.1806188
300.3604745
301.16784
304.8921049
304.6955646
302.58986
301.7612261
301.8595058
299.9340759
300.1455149
302.2213841
302.6745203
302.7535299
302.1530719
301.8516067
303.7176337
302.6937412
301.4562769
300.160405
300.1019527
301.1813946
302.1042728
304.4852212
302.0276556
301.9884883
301.035516
300.2084805
300.8611524
301.4026031
301.320363
300.795508
300.6706065
300.2103972
301.4845743
300.5541896
300.0244939
299.3041128
298.7353114
299.0569827
298.8109202
297.8682345
299.4005311
299.4189045
300.3761488
300.6230111
300.5593832
301.8425421
301.9960326
301.7823129
302.0922566
299.7531101
299.5995069
299.0144739
297.3086081
295.9190124
296.92151
296.7506646
298.0207853
297.3650255
297.522993
299.3782483
301.264864
299.6555211
300.0814941
299.8801709
300.7869115
300.9012656
299.593946
301.4898798
299.4608487
299.5909375
299.2929556
299.7925622
299.1799709
300.2999762
300.5538965
299.7964308
299.9798018
301.9675683
302.8340124
302.125096
300.1484033
300.1855604
299.919252
299.8434535
300.8272648
298.3150353
298.7369051
298.7606074
299.6309313
300.0413747
300.4216338
302.8535517
302.2311095
301.8280059
302.9448269
302.8377935
304.3994886
302.533608
302.1643547
301.845953
301.9060147
303.0450268
300.6465891
300.4227144
300.08671
299.7714177
299.0097266
298.0642036
298.4503623
298.1290534
297.4720166
297.6322653
298.1020055
298.9943093
299.690729
301.3926978
300.872458
300.6376935
301.0341876
299.7082149
300.3009314
299.7000896
298.8683913
298.9143504
298.6951648
298.9097178
298.8837666
297.4384844
298.3689218
299.5447451
300.1124643
300.8985111
301.8034125
302.9833435
302.1128758
300.8284417
299.2546413
299.6878892
299.3348906
300.3447583
299.487073
300.2918873
299.2871726
300.1318788
300.3829265
300.5951768
300.6015402
299.880951
298.9985647
297.4082303
298.6555846
297.7732969
296.3442644
296.229811
297.3128664
298.1101991
299.7676919
300.7999784
302.5197078
303.7329495
302.9054951
303.4238737
302.218026
302.3144015
301.9968245
299.4915942
299.2758709
298.480291
298.1976634
299.5548435
297.5494633
297.1681144
297.6455045
298.4819223
298.7492042
298.4929625
299.9987708
298.6997675
299.4409855
298.4216134
299.3661849
299.9751147
300.0277021
301.8620988
300.1260272
300.1476478
300.5370031
299.5632669
299.618942
301.2243653
301.7167228
299.8859136
299.6582894
297.7819166
298.2646276
298.6053876
299.3488724
300.0171142
300.222206
302.1175141
303.0964691
301.5051937
302.077135
302.0825807
301.2805433
302.0950617
301.1274876
301.9816415
300.78501
301.662285
300.8815382
301.2373136
301.2736925
303.0513475
302.5654845
302.8016799
302.4381511
302.4289994
302.9699201
302.174363
300.9502483
299.2778903
299.8961505
298.5060984
299.8732314
301.2681474
301.2966316
301.8803432
301.4649715
301.6252244
301.9109672
302.3143851
300.8208873
297.9903516
298.7072195
300.3229411
300.4448963
298.3053587
299.816965
300.457603
299.0538604
298.014123
298.283717
298.1603746
297.4000553
297.5200448
298.6413813
300.3588859
299.8083152
301.1429682
300.3575082
298.289777
298.6215085
299.6632138
300.0196524
299.9194585
298.2289399
298.2619734
299.1884137
298.0879376
299.6436021
301.338906
302.3840202
303.7412245
304.7510827
306.1074574
304.4660133
306.0641895
302.7869801
300.6793945
301.8526588
300.8050322
301.4036883
299.9517051
302.2264337
301.7697137
301.945379
300.0927465
299.9854782
300.3178135
300.7027154
299.2683562
298.705112
297.7202943
298.0454975
300.407658
301.5372545
299.9103602
300.2986851
301.6743988
300.9395704
302.4450355
302.4332975
301.1127387
300.3291187
299.9582081
299.3837311
299.6101624
300.2177126
301.9131057
301.9005368
300.5745177
301.0193067
301.5175273
301.2670896
300.4289832
299.495317
301.8884546
299.9108809
301.0314292
300.8228196
299.9415608
301.4389242
302.2477759
302.3286074
301.6066075
301.7187152
299.9966693
298.7817285
299.1798746
298.1359133
298.9376134
299.4636085
299.6898886
300.572727
300.0178533
298.9107054
297.8527966
299.2319196
299.4128078
298.5428106
299.5074947
298.3591201
299.2433392
298.7531454
300.426448
301.555438
301.4892244
302.6784399
302.6196134
302.3637978
300.6055175
300.4229651
302.2770463
300.0978184
300.7492958
301.3544209
302.0131345
301.0236919
300.3699967
300.9641023
299.3950949
298.8711683
299.5391448
298.4655174
298.273821
298.7911314
301.0019928
301.0959486
300.8801629
298.5333885
298.7100315
298.3796542
299.1886923
299.7818324
299.5172308
299.6204896
298.2535918
298.7711285
299.9753189
299.8663319
299.9536481
300.4134518
300.3181733
300.7341473
300.203666
299.2561222
299.2725761
299.1062466
297.2579286
296.7380665
299.0924151
300.3722693
300.5128548
300.2034293
298.7696662
297.3073802
298.8190911
298.4673575
301.5212483
300.720325
300.7585451
301.2657115
302.0618911
300.0636519
301.8113394
302.3014889
299.7383844
297.5194165
297.9702863
298.4335389
299.105402
299.9419412
300.3844618
299.4919792
300.3105931
301.5724071
302.94285
303.3325453
301.3052695
300.740614
301.2796403
300.6711144
302.4463321
301.1994081
299.4076176
299.3030466
299.3241871
301.7625643
302.8765137
301.0549555
299.9236077
299.7937392
299.0956698
300.2999694
299.5900746
299.7817802
299.8405254
299.1897892
300.066652
298.943478
298.2207352
297.6395569
297.20232
299.5209897
299.5009364
298.7226519
300.0651754
297.852621
298.9432597
299.0178167
299.6374838
298.7962012
299.3909147
298.2790531
299.4210701
299.9426802
300.359816
299.658205
299.5552081
300.5207533
300.1022097
300.7524412
301.7389245
300.0617492
300.3176527
299.5677403
300.0477631
298.2427761
298.3167454
297.383474
297.0320473
298.2444325
298.6380246
299.7331417
300.2054788
300.1497238
299.2097501
299.7744337
300.3296015
297.221932
299.5549327
299.2135391
297.6411351
297.8216289
298.1704093
300.3056022
299.9785475
301.7518795
300.9753276
300.6242753
300.2856866
297.7091566
298.7581264
299.9945348
299.674082
299.2743686
301.5345661
301.8206308
299.0958797
300.9149825
301.4723805
303.3003762
302.0879236
302.3473146
301.1784601
301.2043851
300.1056635
299.0899647
298.0387674
298.1936138
299.3896776
300.6166335
299.8630044
299.1591159
301.1942429
300.2302765
299.1265142
297.4541503
301.2606399
300.9348926
301.4997598
300.5242936
301.3313807
302.5534876
301.033098
300.0496658
301.2156369
300.588497
300.9258862
301.9640318
301.1283061
301.5610333
300.5613436
302.1531719
299.8635937
299.5376184
298.5725033
301.3058355
302.056386
301.185243
303.0765575
303.5355989
304.0365016
302.3729917
302.0744889
301.6651783
300.1385458
299.6254394
300.2439668
301.7323235
302.0271735
303.4005412
303.8250278
301.0924026
302.0655072
300.5405234
301.4024113
301.7025636
301.7585798
302.5856668
301.0408473
303.1025884
303.0167309
303.5283667
301.6904363
301.4020524
302.0108004
301.977757
302.4441297
302.4155663
301.744952
299.4462419
299.0064892
299.6585732
298.8559291
299.7539833
300.3330115
300.6820261
300.3308605
300.6413958
301.3684356
301.3010298
300.798401
299.6790064
300.2707652
301.0069105
299.5391504
300.1249337
299.2625748
298.6442222
299.9150721
301.4617408
301.4236042
299.6659013
299.978569
300.8177867
299.7871678
300.7058671
301.2524432
300.8496391
299.9659585
301.0214561
301.7222564
300.697642
300.2534264
301.8293166
303.2668909
303.3743101
302.1649283
302.287382
302.6580445
302.0168463
302.5000361
301.9366441
302.5490005
301.3846131
302.2077602
301.755209
302.5392638
302.839025
301.1244158
299.0568585
298.8532622
298.2967153
299.7052739
299.9421231
300.5360999
301.2148103
300.3979959
301.8675342
302.3082595
301.1743539
300.5193505
300.145333
300.4848091
301.265065
299.878025
301.0372161
301.1230377
299.7784773
300.2209317
301.0554794
300.9803271
300.2576355
300.9703813
300.9435893
300.7434863
300.0866936
299.688657
298.6997634
299.6293432
299.5642133
300.343315
299.4720314
300.0613232
302.1513064
303.2320635
302.7055654
298.1718163
299.021279
299.7119643
298.9063851
298.2577029
297.9861222
297.2054301
298.068908
300.2818119
300.7183316
300.63667
299.2614198
300.1983643
300.0918068
299.8934396
299.4362722
299.7844408
297.5420746
296.6760799
296.3745454
301.5421185
301.0554364
298.94681
300.2621851
301.6092093
302.8776527
303.0083203
302.4295971
303.0350033
304.863488
304.0312975
305.0544349
302.9145207
300.1764513
298.9170141
299.0173241
299.8174461
302.0766932
302.5583885
301.7986446
299.9067243
299.7275345
298.8700225
297.9478299
298.2467626
296.0251949
296.5554071
298.4691667
298.8286238
299.5923553
298.8061961
299.0297475
297.8860841
298.5934696
298.3423458
298.9592622
297.7962944
298.060088
299.1000781
299.765359
298.6210222
297.233441
297.7196735
298.3290849
299.5690191
299.9129429
299.5497208
296.3111554
296.0112732
297.5891698
297.5939719
296.9837866
297.956301
299.4160671
299.2203241
302.2585337
300.416429
299.6492532
300.1735195
299.2709932
297.1164384
298.8444157
299.5622404
300.4704868
299.725102
297.9472962
298.4852515
299.5087171
301.2062542
301.2528338
300.4716
298.5976477
298.6951291
299.1448957
298.9274028
296.7233817
298.0437683
298.8357719
298.0450698
297.5623186
299.6987294
298.5590322
298.8366068
299.3608239
300.8236907
300.8261156
299.6421312
300.4933731
300.4153985
299.1362162
299.3555848
299.8958645
299.0391009
298.8610812
298.9231247
298.4797125
298.4015083
298.7794462
299.0855721
298.9297667
302.2008792
303.152834
304.0263552
301.3753715
302.6297435
300.5754852
302.002178
300.4635804
301.6575496
303.390555
301.7527897
300.8896375
301.9677375
300.1024354
300.2635906
299.4636095
298.9716596
301.6366126
300.2521534
301.4167702
302.8078332
302.2738552
299.3176733
299.8049318
299.2815481
299.6432165
297.9308224
298.5833597
299.4276825
298.6667784
300.703952
301.9047082
303.7868139
302.8714521
302.118977
301.8248581
302.3256448
303.3660197
303.5847202
302.2355278
301.7135901
301.6174723
300.6275395
300.3841418
299.6024614
299.7076037
300.0199377
300.1531051
301.5603951
300.3608811
301.8078209
302.7303682
302.0056351
303.1299632
302.4497164
302.6208381
301.1011248
301.1488882
301.0524577
301.3614806
300.4262055
302.2909523
300.1021985
300.6448905
300.9815053
300.6821133
300.6703661
300.2402039
301.1670874
303.3146658
302.7374222
300.6740918
301.2184248
300.887152
301.7415482
300.8526281
303.1671134
304.1039872
303.3360702
300.8296146
303.8357035
303.6341172
303.3159302
302.0715505
303.0546023
303.534682
304.7839391
305.5931276
305.4808065
305.8524742
305.6845703
304.4633147
302.9861142
300.6619383
301.3083101
301.259498
301.3376948
302.9146299
303.0513336
302.6837773
301.9069336
302.16499
301.7091852
301.3101398
303.0143752
304.1204514
303.6243836
303.6559219
302.6964985
301.2152578
301.1300936
301.0076468
300.9035314
302.3310641
302.3027411
302.0499937
301.560608
302.1492321
302.6151307
301.636969
297.874193
300.1580157
301.4081391
301.952802
301.2747333
300.8575779
300.1121364
298.1351031
298.0259941
298.5730689
297.5300592
298.3372069
298.9061597
297.648393
300.699072
300.7089481
300.3940218
299.5363058
298.3264397
297.9034708
299.9670126
301.9549509
301.9723439
302.1299595
300.7589755
302.0474352
301.8030951
301.9187251
300.1994176
299.6848897
300.7557014
300.9937988
300.1247045
299.1026207
298.7913282
301.4490513
301.5573435
300.8291237
301.0157453
300.8750096
298.2241651
299.4474098
301.8353035
301.1101266
303.2859093
301.2070142
300.7572338
299.2660388
299.179542
298.7372757
297.7604184
299.3278959
300.3667765
299.7086844
300.2279071
296.9545631
298.5728539
299.1357928
298.3283184
299.3018558
297.481217
296.8840122
296.2105885
296.9178019
297.746881
298.5991742
298.9782396
299.7488005
299.7445961
300.5615444
300.8001629
301.1550056
300.7012468
301.2220642
300.0270555
301.1790237
299.8404451
299.1982011
297.7952322
298.1034039
297.6702375
298.675897
297.898746
299.3361504
300.129079
298.8359422
299.4154738
300.3509156
300.4042776
300.3229278
301.1821312
302.1997385
303.2072255
301.676636
301.6794617
301.1017495
300.9039978
300.1279323
300.9759627
299.1094674
302.1656523
300.5218168
301.3857829
301.3993911
300.1106475
300.6642109
300.5394345
299.8519191
298.5148558
297.7617423
298.9274509
299.9377427
300.1209289
300.6010638
301.9621115
302.4457947
302.6310204
300.6876591
302.1325123
301.7780719
298.3436183
297.6531535
297.9480644
297.1284212
298.3409558
299.0009193
298.0297316
297.9016932
298.1480147
298.5939549
300.2672359
299.6819772
301.6827211
300.936295
300.5562722
298.9076704
299.4519299
298.4793341
298.2995821
298.2917945
300.7148565
301.4397069
302.1153975
300.9270632
301.4819712
300.2811069
299.1293146
297.7573313
298.1971663
297.4615145
298.4041783
299.0166665
297.1347033
298.3038704
300.4347576
301.1754366
300.7537494
301.3183098
299.1619754
300.0037918
298.5855357
298.6629641
299.4683784
298.8585773
298.3288992
298.6318193
301.8398067
302.8958969
302.7945597
301.987224
301.7714972
301.7091694
302.1481782
301.1966116
301.6905198
301.563233
300.8260276
298.7492068
299.5544329
298.8935194
301.6503917
302.0488591
301.6902607
302.4816426
300.9847156
300.6525386
299.7815423
298.75649
298.5972091
299.5894484
299.312533
300.8514298
301.0971043
301.0123874
300.8064424
299.8136454
300.3845822
299.5436799
299.8775751
299.5160524
301.5034832
301.2272528
301.6070993
301.7669547
301.4529381
301.5880901
302.2024279
301.377616
301.351577
301.2193667
300.2716637
299.0729873
298.6791258
298.2689827
298.5885508
301.3631837
301.3176498
301.1117032
303.3605282
302.0719279
303.6514807
302.2961004
300.4473636
298.3907001
299.0973516
300.6698453
299.5376502
298.3052473
298.2110085
298.0250234
297.9070188
299.1335334
298.4215508
300.0232878
300.6615173
300.7100415
300.5260358
301.9155022
301.5543177
302.5544521
297.7320954
298.4230471
300.2255124
302.0620922
303.1918454
304.0113821
302.1212641
302.5330134
302.1502505
303.1050273
302.4815537
302.5774028
302.7186552
302.6715171
303.339683
302.0058805
303.2516079
301.8399652
302.3076758
301.8711444
301.1472495
300.4040407
302.2610891
302.4793858
301.556204
301.5571443
301.1926483
301.9453087
300.4677211
298.502552
297.8205951
299.0386647
298.7071338
300.7380747
300.3913598
300.3664355
299.8972062
299.5679515
300.302735
300.2207603
303.0767342
302.6876129
302.8015643
303.3206886
303.39943
301.4736442
301.722681
302.5006488
301.022354
301.304008
300.8035133
300.5606636
302.4200553
301.8618662
302.6947481
304.1372803
304.6268695
304.5517239
302.9493709
301.8686712
301.9093833
301.6344104
301.9300551
300.0271125
299.3931755
299.3465457
298.6517029
298.0857695
298.4910175
299.031585
299.4766223
299.8271948
301.7707628
302.7851645
302.5725814
302.1284619
302.6714833
302.6444397
301.358273
302.811533
302.0786087
300.8474802
300.5705543
300.7065467
302.1638083
300.1071244
299.9392361
300.6905102
301.9420731
301.315952
301.8418671
301.8778667
300.7125033
299.1713876
300.0415634
300.4338128
303.2730482
304.7731334
303.4330143
302.1230924
303.1452144
301.6560913
300.8355839
301.2191631
301.9862127
301.8311316
302.0051901
302.4550903
301.4323303
301.5321423
300.4397425
301.0356265
300.3085668
301.3214751
301.174192
298.8587709
299.653399
299.1960408
300.1537586
302.3380032
302.0000937
303.4891022
304.0410629
304.8275736
304.6147071
304.5874349
303.4219889
304.1507198
304.0624636
302.6080522
303.412462
300.963491
300.0779692
298.4244148
297.5792201
300.7011892
301.1547263
301.9471003
301.6641912
301.5118427
301.2071151
301.7692458
302.0807054
301.2824218
301.5950805
301.1425153
301.3279018
302.9245176
302.0792716
302.0134722
301.5111062
302.8062276
302.9122497
303.2497226
302.9979178
302.1927901
302.0673227
300.1871818
301.1116177
300.8597927
300.0938248
301.9637742
300.9839857
301.8826054
301.3269274
303.3059891
300.6867856
300.8984954
301.5886921
302.168443
301.9261874
300.5812633
301.5642472
302.1092621
301.5311708
300.9357792
302.3144491
303.5963828
301.7657998
301.41524
298.5934678
298.6330401
297.2923386
295.9929174
295.1946427
296.109915
298.2522836
300.0121493
298.6989612
298.3788828
298.8744544
299.1245305
298.6792102
297.8450662
298.8252435
298.3490734
299.8834719
297.6478671
299.0124213
298.6740488
299.4199488
300.991261
301.7229575
301.2967731
302.1360841
301.4171518
301.1044872
300.4102454
301.4840916
301.5723416
302.7917899
302.9835201
301.4876021
301.1383015
299.7765961
298.8216389
298.5967955
298.0592896
300.6410335
300.4281486
301.0730716
300.2799017
299.60393
301.1910769
301.8531966
300.9973735
302.1662831
302.5236115
301.890049
300.4659395
299.6270536
300.1157547
298.7084
299.0994979
298.8233207
296.4237978
297.2100679
298.7068614
299.9121671
301.8089741
297.9922485
299.2398847
299.4464296
298.4647895
299.2059407
300.6298988
298.7656432
299.2346971
297.9309243
299.3535816
300.9226678
300.6908636
299.713395
298.1874965
298.5639095
299.3282326
296.8191174
297.9127096
296.5835781
295.7230622
299.166504
299.2267984
299.8023572
301.4631167
298.9018945
297.7651998
298.9002136
298.4550891
299.0446298
297.8893527
296.986275
299.1895865
300.6553916
300.2887792
300.4217035
300.8338672
300.877978
299.037433
299.7919831
300.0398294
300.5675198
299.8525334
299.3398767
297.870609
298.9031159
299.7963826
299.6045518
299.7627118
299.4405852
302.1314047
304.0062688
301.8728331
301.4139274
302.0193345
302.3243747
300.8572544
299.936425
300.8225224
299.7489436
299.0626861
300.6425936
300.3073039
300.0122869
301.0303084
300.4206797
299.7141358
299.2178076
299.9362277
298.6340782
298.6461749
298.5160103
301.3717681
301.2817008
301.3829292
301.2677534
301.1317329
300.113589
301.5150145
299.5327967
298.8955689
300.5014921
300.4426665
301.0688757
299.9718786
300.1042544
300.1590468
300.5753949
301.2078038
300.8082223
302.7685122
302.2855827
302.1535282
301.9472978
302.2528246
302.8019942
303.0762415
302.3963072
301.5277986
301.5106538
300.1549233
299.3955394
299.719556
299.1279236
300.1835564
299.8020653
300.2114427
297.4100993
298.6378859
300.3889841
300.9059075
300.1383883
300.5696684
298.991425
297.8313246
298.0651802
298.9745351
298.0841272
298.4919431
299.7858054
299.7037087
303.7728498
302.1653542
301.0401318
301.0477524
300.7419213
302.8138916
304.1387683
303.8323505
303.5479227
303.0337908
302.1648183
303.7502777
302.7668384
302.0259017
301.6153951
298.6463963
300.3185699
301.2555478
302.9332339
304.7939682
301.4572255
301.6341724
301.2434656
302.0858314
301.9090262
300.4809547
299.6043418
298.5705736
300.1310413
300.8126022
301.612165
302.4337769
302.7709217
306.1258653
303.8456548
304.1630664
303.3837437
303.3517316
302.2755913
301.2867488
301.9188098
300.6690901
301.8429408
302.2824459
301.7811669
300.9670939
301.4486034
301.4920233
299.899778
299.9130531
301.6379186
303.4613316
303.8313129
302.4520723
302.1494949
300.6933746
301.5995031
300.5399256
299.2947441
299.622925
300.3962232
302.8804037
304.3328668
302.6084897
302.5351484
303.1256532
303.5298431
304.4237713
305.202004
306.607634
304.9400752
303.2526807
302.3799046
301.0004765
301.1906969
302.2576657
301.8851534
300.7490373
302.4128328
302.4712482
301.1287737
300.3798694
300.6637495
301.2497187
302.4731401
302.5196407
304.9357805
305.0694656
302.6184587
300.0550754
301.5448915
300.8929981
301.9875482
302.4693201
305.3437251
304.6913545
302.9842542
301.4935492
301.9848015
302.5692463
304.65837
304.6484638
306.2713852
304.3569108
302.6716388
301.2806019
300.270045
300.8785442
302.4798339
301.8175861
301.8186907
301.9367728
302.3187288
302.0198702
303.2737057
301.6390438
300.5909887
302.1181976
302.7475243
304.7417012
298.8416898
299.7439757
300.040614
300.0500738
301.3316128
304.0707737
302.8773884
301.3392994
297.9570411
299.5254936
298.8927026
297.2730511
296.4900241
296.9839774
300.9753593
302.0856357
301.4685961
299.4484302
299.4036521
298.8125922
299.3703304
297.9799867
298.0841354
300.4442128
300.5506547
302.0112625
300.993234
301.1813817
301.8120837
300.4688933
298.9481872
300.5499405
300.73397
301.7700599
299.8255476
298.1761301
299.611528
300.5906182
300.4885904
299.5750773
298.8498247
296.9676775
296.6353694
295.9478689
296.740321
297.5067609
297.1473234
298.6245599
298.9210389
299.040539
298.2674652
299.901931
298.601979
298.6041946
300.0053319
300.1174886
298.9607156
299.7565997
300.3330298
299.2930007
299.0514559
300.3202982
302.0174712
301.8946229
301.5993955
302.9036659
303.19888
301.969507
302.0702633
302.2951835
300.4544285
298.9587296
300.1534783
300.4750826
301.9800026
300.613549
302.189824
299.846168
297.1321152
298.5215068
299.1798618
297.8472031
300.9096796
300.9267548
300.9807106
300.5834022
299.9285026
301.4913764
301.7428137
301.790098
300.4073632
300.7749664
302.4832948
302.0253364
301.6793492
300.3862153
300.8128264
300.1121524
301.4392328
300.8588519
303.7050492
302.5160994
301.8330162
299.6908293
300.2256113
301.9045301
301.626808
301.9653513
300.4338423
298.4811462
298.4401859
297.6373698
296.4399658
298.3652969
299.7116627
302.0472251
302.5349111
303.4618707
302.57105
303.3578491
301.6459061
302.3326624
300.8936649
302.4081897
300.7361492
299.1288088
298.9062031
297.6370679
299.5735475
299.6751047
301.5390863
304.5271152
304.0350835
304.2470543
303.6650958
302.6311042
302.6921534
301.1456683
302.134761
301.1368468
303.1708288
302.1936365
302.5190304
302.3569928
303.0610911
304.728112
302.8944087
303.9705012
304.8231828
304.8114375
304.5007648
302.436869
302.1863312
303.7694207
302.2963019
303.1566927
302.70939
303.4383116
303.5744463
303.9799175
302.4006154
303.105577
302.8336586
301.8503494
300.0044993
299.4999206
300.9780715
301.2801432
302.6436479
302.8447773
302.6898683
303.1111493
303.0221005
302.2704
302.192792
301.5411975
301.583501
301.9611966
301.6571704
303.0310991
300.4726856
301.3746024
300.8904509
300.8533309
299.8846389
300.0835925
301.3839825
299.0891461
299.1214638
297.9812622
298.42098
298.8419524
297.6227564
296.9308131
296.3107766
295.7747708
298.4442875
297.7102628
299.2394519
301.0783792
302.3453659
303.0811807
301.7202584
302.9536199
302.8795422
302.7297189
303.7711352
302.2805077
302.2778454
300.1878769
299.6451393
298.8051157
299.618695
300.3713505
303.5875557
305.3462678
305.307597
303.5133628
303.0411117
302.773427
299.5780545
298.9542447
300.5908926
301.7518721
300.8533754
300.5093829
300.4719138
300.5132007
301.0684113
300.5488561
301.5927214
302.1453009
303.9646564
302.3662348
301.6979433
301.9352741
302.9485024
302.6495682
301.3681262
300.4170704
301.7712136
302.455438
302.4590104
300.9609646
299.9544261
300.8088273
299.0217569
297.6510486
299.6587876
301.5388052
302.7065953
301.2417287
300.0016122
299.675495
300.2487553
300.1655054
299.2455213
299.8595822
300.8326916
301.6625487
302.359846
300.7495881
299.0431058
298.7101917
298.6754293
297.9622867
300.8615635
300.6964204
301.1341061
300.5320404
303.0467355
303.0734158
304.736771
307.8684767
305.2155324
303.1530129
302.3876398
303.511972
304.4609614
303.9282424
299.2897091
300.5866846
300.4228278
300.2080258
301.7390644
299.4024306
297.7800862
298.3506193
299.9783931
300.7803545
301.513371
301.510947
302.118146
301.8529184
299.8717644
300.6393206
299.9624531
300.7382685
299.8367601
298.9013247
300.6158223
301.7528688
300.8733404
301.4202051
300.4175102
301.4973338
302.2405398
301.5209913
300.4599209
300.0415605
301.5590992
300.4171464
299.639444
300.9982806
303.0210264
301.1808554
301.4228985
300.9489164
301.8918892
301.1280801
300.7583724
299.5698029
300.2052143
298.8383303
299.8362291
297.882479
298.3634033
298.9746886
301.320051
300.941587
300.1627418
301.0439804
301.4258456
301.6279009
298.5667931
298.447134
298.7434356
299.0244418
299.3828135
300.9152476
300.4934475
301.2267237
301.9453363
302.2299123
300.887674
299.7924516
300.9298489
300.2159195
301.0952639
300.0979626
300.6805527
300.3681324
300.6543404
300.259754
300.2479519
301.6667897
299.2230098
298.9899938
297.8790021
299.3771558
302.0729663
300.9734327
300.0886915
301.6786476
300.9132509
299.9785681
298.8499065
299.8004521
299.3166126
300.2214993
300.5198349
301.2050959
300.5412237
303.1230652
301.0565197
302.2851513
301.3666782
300.5591764
300.8926752
301.7426017
302.7439849
303.6355586
304.4100607
303.6752179
303.3979421
302.4401219
303.9486376
303.1979668
302.78884
303.1718829
302.3836479
303.4164093
302.0206858
299.6471417
298.6020448
298.7765175
300.1650222
302.097162
302.2444101
303.293374
300.3585329
302.6343338
300.7123365
300.4123441
299.4492046
299.8606601
300.6335954
301.4132769
302.2257941
301.9350779
302.6983522
303.4371807
301.1764715
299.2278778
301.6534832
301.6073168
302.0771467
301.5476479
301.0333868
299.7552964
297.9390475
298.4941986
300.1254602
301.6234268
300.4411436
300.6797039
299.2132474
297.2413329
297.1748168
298.6750183
298.9584995
299.4837094
301.5137218
300.7781659
301.372552
298.91989
300.4907365
300.1915793
299.0260159
298.4833936
301.1652894
300.8108642
299.8625836
296.7098278
297.6623536
299.6502341
302.3381711
303.3479668
303.102513
302.686508
303.0743582
301.4998849
300.8588342
299.1734998
298.9472724
299.2978755
299.2733589
300.7777157
300.6573446
302.0168115
299.9089003
300.8698108
301.7465982
302.0963429
302.3245516
302.2272388
300.3707343
300.1899025
299.7220699
299.1550787
300.566271
302.359371
302.4966018
300.4383406
301.1386013
301.0557307
299.4986106
300.1332003
299.9192534
299.7400751
297.4338497
296.1804735
296.9375029
298.6424296
301.1817951
300.1547392
298.9773243
300.5528798
300.3440386
299.7695372
298.3074673
299.1896754
298.163653
299.8460375
298.5867437
298.9913354
299.0328812
299.1743737
299.4141066
298.5560779
301.1270276
301.3256931
301.9242883
302.2404523
301.3333456
303.0686201
302.5544229
301.9655207
300.0324258
300.0217258
301.3555323
300.9579941
301.9767007
302.0149649
300.4202913
299.4306866
298.5156876
298.5348472
299.5454588
300.3092984
300.175661
301.0885728
300.1805561
299.1435489
299.1262811
298.9722761
298.2518354
299.7980214
298.3178352
298.1861334
300.7058004
300.552453
301.2670993
299.6063234
299.7747474
299.7231635
301.2363302
301.2704084
300.6939581
299.7145506
303.707244
303.1297109
302.7562267
301.0860278
300.8305025
301.618928
301.1240631
302.463722
302.2004731
302.4237307
298.883633
297.0849412
296.2609867
295.5311187
299.5433454
301.3395919
303.0217712
304.2359088
304.014732
303.8215226
303.1446535
301.7690264
302.6476105
301.8122776
300.6236275
300.9863701
304.1462935
304.9527135
302.9970639
300.6346582
299.2180676
299.1406734
298.8567711
301.4122073
300.3067048
302.269869
302.0979243
301.0286541
301.9520572
300.9167748
298.7261355
297.7739549
299.3701055
301.3913398
302.0688763
302.6893534
303.0927386
302.3310286
300.191427
299.9686714
299.9549962
298.981945
297.6022145
298.7688241
299.8642075
298.3911756
299.1953712
299.4770262
299.2715494
297.846177
297.8135794
300.5849217
301.1423149
299.7749353
299.6294425
301.6677002
301.1311713
302.2655312
300.8052649
301.5216222
300.5821219
299.654338
300.0888571
299.5715386
300.2315041
299.1043429
296.0622079
296.8665703
297.9482621
297.8886641
303.9495228
301.6048293
300.9243203
302.0150274
301.1593939
300.2568985
301.7133376
301.4221195
301.6813416
301.9006078
302.6166774
302.4061712
302.2589572
300.0959001
298.7551978
301.5045657
303.6335399
302.8055458
302.756593
303.7268027
301.4786427
302.588937
301.8717271
301.7147431
300.0863513
299.8784571
299.0539505
298.84859
296.953136
298.5581459
299.92146
302.4009731
302.5428663
302.3661604
303.5926836
301.2155515
302.4138383
302.7919119
301.9361231
301.4258209
301.0621574
299.7222632
301.1283592
301.0809985
302.8055246
302.6765055
302.4950879
302.560972
302.4307254
301.6674367
303.0544197
302.4849541
301.9390971
302.1387818
302.8987969
301.4997353
301.6502599
301.1268879
302.050692
299.9155642
301.192981
300.9565236
300.6639894
300.5439307
300.24545
299.4410739
297.9220739
297.8831923
298.0230867
295.1662731
296.1075593
296.732327
300.348975
299.895451
302.4957238
302.7475239
301.351223
302.7333963
302.3973665
301.6877496
300.157137
300.5584468
300.7300601
302.1595648
300.9486666
300.308839
301.4563929
302.1015206
302.4529643
302.5605923
301.4113353
299.6677785
299.5985328
300.9181784
301.7030938
301.5340241
300.1676097
302.0907093
301.6123746
301.3703324
302.654769
301.6760199
301.1747665
302.309633
302.4418252
302.7118102
302.1936521
300.4273257
298.3064536
298.6503908
299.1896065
299.8463607
298.2750799
299.0244616
297.1955364
298.2437125
298.6785029
298.8374073
300.0430454
301.8990016
299.9519615
299.0606062
300.7900599
300.9166294
300.5154612
298.8997943
299.3086284
301.311989
301.8770043
300.2991915
300.1139092
300.6685518
300.8056413
298.2055432
299.5024232
299.6504611
298.5854865
299.407708
300.485379
298.9681034
296.4805244
299.018684
299.189901
299.7007899
299.6618377
301.3334816
299.8809514
299.6474045
298.5004336
299.2079453
297.055943
298.2946933
297.7056265
300.2913936
300.110809
298.5214774
298.6054142
296.6154818
295.9171972
297.4503306
300.6622938
299.4579966
299.3708981
299.5486565
299.7811675
299.1301225
298.9970444
299.9048984
298.9325299
299.6101968
300.5928694
299.6388559
300.0743381
299.8510479
300.9789041
302.121967
301.2944847
301.4782432
300.3922099
300.6390342
300.6541553
300.9405524
300.3226994
300.0627075
299.9018058
300.4875852
300.2268837
301.5670704
301.4647875
299.5189213
299.8198821
299.8330737
301.0589909
300.9246183
301.785739
301.1022545
301.1034568
300.4886448
300.2797164
299.4780863
299.715074
301.4560178
301.3608029
302.9051038
303.6789738
303.6781262
304.0184802
301.8838457
302.3371941
303.4426301
302.8118496
300.4323958
300.8461463
300.4628644
300.3528424
301.0644703
300.261113
299.8174925
300.5967614
299.5108583
301.2243948
301.1986442
300.2523282
300.0300711
299.4340176
300.1332141
300.2805534
300.9770207
301.5089049
303.4036665
300.2472757
300.4330781
300.957754
301.282643
301.9185549
301.2832696
300.4425074
300.4141236
301.749533
301.0105699
303.1575827
302.8348948
303.2714759
302.91512
302.4284799
301.6465774
300.6532384
299.6256052
301.7313588
301.1725616
302.3942804
302.6812396
302.9038175
302.1852925
301.6378768
300.8975232
299.2277269
300.3030238
301.2608936
302.8532196
297.0819209
298.1770739
299.1676959
299.4911226
301.6827449
301.852391
301.3381316
301.4364337
300.2698058
301.42204
301.618394
303.4851534
302.6359097
302.1957457
302.1510192
300.3798103
298.9215024
298.2482167
298.5227089
298.0605231
301.5402121
301.3823003
302.4893132
300.8760998
299.457137
299.0860444
298.909931
299.554808
299.7155228
300.0990812
299.1129042
302.1656629
301.6657342
302.2438043
302.520455
301.9168053
302.7212299
302.0682885
300.628252
301.9213029
300.6991585
301.9305194
300.9697382
301.1322716
300.8219333
299.7543617
302.749547
303.9363852
303.4492781
304.2494339
304.1660742
302.6535749
300.549241
299.8329021
299.0704848
298.3478557
299.8625123
300.4697302
300.102264
300.2144314
304.2734091
301.5914323
300.7534788
300.5935558
301.0267693
302.9325915
302.7645094
302.3072527
302.3467725
301.3250758
300.0520318
299.2116862
299.6507015
298.6791682
301.0589978
302.5237424
303.0582866
302.7065814
303.9558137
303.6897153
303.370606
303.4040922
305.2656277
305.5245924
303.9122892
303.415924
302.9238412
302.0139095
302.5708053
301.3352143
300.8908545
300.948284
300.4432254
301.7203823
300.9726573
300.6100766
299.6871222
302.0223133
302.4840337
303.0253247
300.9586555
300.5472011
301.2239694
299.810265
300.8049909
301.1453998
300.8364693
301.3326507
299.6125867
300.6407248
301.9766518
300.5111205
300.8586934
301.402951
300.9405024
301.2011957
301.5151334
301.380463
301.2382011
300.7672202
301.7243559
301.9083499
302.6835037
303.1159945
302.3887146
300.6735014
299.8476251
300.7879622
301.6788373
300.977807
300.4465436
300.8094034
299.80146
300.2679027
300.9242648
300.9479781
303.1212706
301.8843671
301.9581915
302.1308459
302.0911206
301.0817584
301.5554865
300.6199956
300.4532565
302.728318
302.4914619
303.0908073
302.3710774
301.0360335
300.2428312
302.0227602
302.1020105
301.8397679
301.0112364
301.6284382
301.8387566
301.4016711
298.249426
301.3536635
300.8057996
303.0398606
303.3767464
302.9168087
301.1605163
300.5591096
300.0350582
299.5520022
300.2568783
300.4014298
300.2586184
299.001413
298.9287803
297.7970002
299.3036183
299.7990995
298.6538259
300.3402498
299.9273793
299.6969078
299.7425494
299.4812957
298.194838
298.8482331
298.7488608
299.179839
299.3066965
298.4963771
300.4565766
300.0934959
302.0424955
301.6969034
303.3381643
303.2753232
301.5297434
299.3051804
299.7926983
298.2008193
298.3278238
298.4782326
300.5002466
300.1251639
299.0008099
298.0865907
297.1765453
298.4486741
300.0052613
302.6181327
302.5716728
301.9050541
299.3594194
298.3557714
297.7349454
297.8989205
297.2347826
299.2379793
300.1877689
299.8937821
299.9047677
299.9326801
300.1714274
302.1917834
301.1490965
300.3901654
300.4778772
300.1150215
298.4826747
298.9741312
297.5976698
299.3913796
298.0893922
298.7214211
300.0809056
301.8370915
301.2823735
300.6616054
301.7872615
302.5177031
303.3293283
302.2192193
302.1460416
302.240787
301.4932329
301.8414313
301.1641038
299.8954894
299.6033483
298.5636667
298.7737097
298.6486896
299.7212584
300.2529788
302.1068307
302.2006037
300.1493443
300.6209123
298.5758089
299.9538631
300.4752207
301.972493
301.4354226
300.9029092
300.2111586
300.867133
301.6791328
302.8224268
301.5617622
303.5994256
304.3232796
305.6001692
305.2455636
304.2560489
302.1838746
302.1140784
301.744336
302.1242536
303.7213382
304.090859
303.0697529
301.8936509
301.1258896
300.7372959
299.7924504
298.6901931
299.7028288
301.4418864
302.0236411
300.9338271
298.7075392
299.0047769
299.4754687
302.5100542
302.4018074
302.7312217
303.4717432
304.1015141
303.254726
302.6812999
302.5930477
301.0072245
302.2748493
302.0924454
299.6569259
299.7897108
298.2581169
296.4100716
296.8531514
297.4319781
299.1783188
300.3882203
302.5253432
302.0974868
302.9784855
301.0923949
300.9709656
300.833651
301.64481
300.0804523
300.1898176
301.9182139
299.0529929
298.8215499
299.6201561
299.1277528
300.0933932
299.1042155
298.8862225
300.1816695
301.7361167
301.5263846
301.5689477
299.9956855
301.7232149
301.7257681
301.9505488
302.2427122
304.815924
302.7876091
300.6627838
300.6817412
299.4431497
300.133032
303.392745
303.2418529
302.3741253
300.7508506
300.6494069
299.7249101
297.6116498
297.8720007
298.6241168
299.4358075
300.3845824
299.6804453
299.2505659
297.8482519
296.2733139
297.211431
297.68787
298.3830992
302.063947
299.9346595
299.5451804
300.6948131
300.364119
300.7360374
301.4933197
301.0442665
302.0553187
300.877489
299.7718614
299.9453402
300.1490913
299.6875409
299.3501234
299.3303376
300.4476613
300.7089231
302.4024399
302.1985902
296.92303
299.8146094
300.886802
300.0782061
300.9835314
299.7602897
298.1346684
297.8231239
296.2774517
296.6163541
297.9805557
299.2120011
299.7483728
298.4923806
298.5166734
299.2372073
298.5435721
298.6788033
295.8881805
297.3180982
301.1165433
299.1110385
298.9116642
299.4506907
300.1821618
300.537081
300.657053
301.4171369
304.0336673
304.1279801
303.2826174
302.2519422
302.1160362
300.5169825
300.1251949
300.1659905
300.3457451
301.7333103
300.7203046
302.087585
300.4530878
301.2673864
301.0025898
299.9739382
300.7383761
299.0990937
299.8833519
301.1981171
301.7773177
301.2813449
301.1359398
301.0678405
300.9319667
300.2124336
299.5104627
300.5351763
300.6740089
301.0648409
300.9566259
300.8195215
297.2833312
297.5980978
296.9907077
297.2782466
297.0672105
299.0796
299.8028912
300.8621166
299.9980408
298.4453768
299.9750961
299.1150183
297.2435447
297.8964475
298.7575414
299.2575756
297.0708198
295.5693354
295.7749679
296.2668687
300.6035456
300.2736679
300.1525998
298.9106932
300.1399279
299.714013
299.4345555
298.4939413
299.0732799
301.5120909
300.9968256
302.0289321
302.2583414
302.5130663
300.8569141
299.0325929
298.676834
298.9020989
300.0827885
300.2795548
297.9335363
296.6187412
296.4372417
296.550495
297.8750482
299.0745628
299.3579093
299.9743192
299.5789306
299.756954
298.7596679
300.2735329
301.458154
302.5728441
302.9548403
303.9561968
303.0298667
302.5426793
301.1227503
299.8782858
300.9648379
301.1383905
301.8278229
302.4649029
303.5596211
302.7050902
299.9257504
299.7423056
297.6453192
298.962776
299.5784403
297.957541
299.6665411
299.0939931
299.5796595
298.3421842
299.0045535
298.3128996
298.1263899
299.1696021
300.900398
301.6836418
303.4252498
303.6217153
302.7114724
299.7477707
302.0565929
301.8510312
302.5893128
302.5605002
302.1300469
301.9500776
299.5147936
299.2727173
299.6710041
297.7553402
298.9211622
299.7091391
300.5507544
301.2998402
302.1462498
299.3946454
300.1766728
300.0025332
301.37159
301.7177094
301.5379222
301.4025103
301.413599
301.8118752
301.5158685
299.2833056
299.3075855
299.7075972
299.9824512
300.0242362
300.3353855
301.1639789
301.5568607
301.9974356
298.5745035
299.0973572
300.0945227
298.511363
298.0621984
297.0995232
298.4027389
299.1220192
297.9272909
298.3717293
299.0639889
299.310377
299.7799823
300.2199748
301.5947377
301.0436136
302.2405361
302.415823
301.8489885
301.7816861
299.5203308
299.9657535
302.4448593
303.3737748
303.2254364
302.2542248
304.4329639
305.8133123
304.6949332
303.1299216
301.1478649
300.1133401
300.1757018
299.6351218
299.6064905
302.4755153
300.1397472
298.7567369
299.7195381
300.4796015
297.1699918
296.7127688
296.9360716
297.508918
298.9444322
300.1317637
299.8088195
299.6129094
300.0692619
301.4798517
301.3450991
298.9986166
297.8692195
297.8066087
297.5048467
295.9831706
295.9895494
297.0136684
297.6332945
298.3237013
299.5326959
298.7979424
299.3892856
298.8702371
299.5473614
298.5425619
297.0565646
296.8609985
297.1289867
297.2581623
297.7463294
300.3475563
301.3774647
301.6297689
302.12349
301.4964622
301.9964355
301.4098131
299.0884929
299.06648
299.150688
301.309218
299.9685025
300.0231975
300.1352013
299.8500744
300.3431117
298.2413466
297.8150097
296.6532975
298.9122207
298.6997963
298.1360826
297.3384035
295.0464927
296.2003141
296.9087947
296.6189484
299.4540099
299.337076
301.2025305
300.6851169
298.7273004
299.5307115
298.4104592
301.5653292
298.8908533
298.2578085
298.7024151
298.5451225
296.5494217
297.67847
298.658442
298.2202651
295.9337405
296.8653723
298.9862267
298.9082729
301.8386354
302.1200813
300.8410463
299.7906498
300.4006492
299.818876
299.5261346
298.9118404
297.6185731
298.4414132
298.0605741
299.6005701
301.0588163
299.0021807
297.4226654
299.6199964
300.9069257
301.7194998
300.7585653
302.2842251
301.7277574
301.0842352
299.6653482
297.8834677
298.530364
298.0362417
297.6371078
298.2845061
299.2965491
300.5567349
302.7201838
299.3337887
300.5799147
301.5581371
301.6234091
303.0320528
302.12932
300.5090403
299.8542423
300.5633678
299.4102297
300.0118427
301.8506754
301.2969666
302.8405318
302.625829
303.8013214
303.3933158
304.2476555
303.4467568
301.3983019
301.8369629
302.7866008
302.7966701
302.8392499
304.4722721
303.9681168
302.3402794
301.8559644
301.1210319
300.6240308
299.3629365
300.5226326
299.414308
299.6588344
299.8583414
300.8768065
301.0255611
299.7483494
300.9933917
299.4483368
299.5361275
299.7864496
299.781803
300.3379629
300.0068485
300.5209023
301.4650333
299.7391755
298.4382125
299.6392758
300.3767742
)
;

boundaryField
{
    xPeriodic_half0
    {
        type            cyclic;
    }
    xPeriodic_half1
    {
        type            cyclic;
    }
    yPeriodic_half0
    {
        type            cyclic;
    }
    yPeriodic_half1
    {
        type            cyclic;
    }
    zPeriodic_half0
    {
        type            cyclic;
    }
    zPeriodic_half1
    {
        type            cyclic;
    }
}


// ************************************************************************* //
