/*--------------------------------*- C++ -*----------------------------------*\
| =========                 |                                                 |
| \\      /  F ield         | OpenFOAM: The Open Source CFD Toolbox           |
|  \\    /   O peration     | Version:  v1706                                 |
|   \\  /    A nd           | Web:      www.OpenFOAM.com                      |
|    \\/     M anipulation  |                                                 |
\*---------------------------------------------------------------------------*/
FoamFile
{
    version     2.0;
    format      ascii;
    class       volScalarField;
    location    "0.55";
    object      dsmcRhoN_Ar1;
}
// * * * * * * * * * * * * * * * * * * * * * * * * * * * * * * * * * * * * * //

dimensions      [0 -3 0 0 0 0 0];


internalField   nonuniform List<scalar> 
1000
(
101
83
96
72
83
81
93
94
91
84
104
94
77
92
87
86
99
100
82
74
92
86
81
78
89
97
81
90
83
87
77
79
85
59
92
68
88
89
77
86
88
74
69
75
71
82
93
84
79
89
70
66
67
86
73
79
63
61
79
68
73
74
63
62
75
70
62
56
61
67
61
74
63
48
59
55
59
55
71
56
63
63
58
45
65
66
51
62
53
64
50
48
47
64
56
45
51
47
61
41
52
41
44
48
53
50
53
42
48
45
45
41
40
37
30
37
41
41
45
28
51
49
49
41
38
39
37
34
33
29
34
33
29
34
24
39
20
30
32
22
25
28
24
33
27
32
19
34
17
27
30
20
25
25
34
19
20
20
24
21
21
15
17
29
16
14
24
14
14
14
14
18
15
25
10
15
11
13
12
14
12
12
5
11
9
6
11
8
5
9
9
9
2
4
2
6
0.001
2
3
1
94
108
86
96
98
96
103
71
96
97
107
81
95
89
104
77
82
83
73
85
99
80
83
82
79
83
81
86
69
69
69
73
81
79
87
74
81
79
74
75
73
66
74
76
75
79
75
79
67
66
83
79
79
71
73
80
60
74
67
60
68
63
87
67
78
62
49
71
57
63
63
56
68
60
63
66
58
61
67
51
49
60
61
49
50
55
52
53
40
46
51
51
58
48
46
47
51
52
47
59
46
60
43
46
58
58
48
53
50
44
42
40
32
48
39
36
43
38
53
33
33
25
47
31
28
24
38
37
35
30
31
35
39
43
31
34
42
37
20
33
36
25
32
30
34
23
19
26
21
20
20
28
18
16
19
21
20
18
27
18
28
14
22
23
25
18
29
12
14
15
13
20
18
13
13
6
10
7
9
10
9
12
13
8
9
10
7
8
7
6
4
5
6
3
4
4
3
3
2
1
101
84
96
81
88
95
104
87
105
94
91
83
71
101
85
96
93
97
78
83
99
86
93
80
77
82
76
81
92
89
94
85
81
65
74
88
74
68
64
87
73
76
58
61
70
73
64
58
80
72
65
81
75
69
75
76
80
62
58
73
73
64
72
72
65
46
66
72
59
61
64
54
68
64
55
60
51
52
74
57
62
56
60
53
51
53
58
64
51
46
58
34
50
51
49
54
44
66
47
46
48
50
46
50
40
35
42
37
36
44
44
30
46
39
23
48
44
35
32
41
34
44
36
35
46
31
34
38
28
43
28
27
45
35
34
46
31
26
26
25
26
16
34
29
25
26
27
27
26
28
19
20
23
35
27
12
25
15
17
22
14
25
16
22
15
22
20
19
18
19
13
12
10
16
16
9
11
12
11
11
7
9
8
11
6
3
7
5
10
9
3
3
7
3
3
4
5
3
1
3
94
112
93
109
96
93
86
80
106
83
99
100
94
101
95
102
87
85
95
88
74
91
84
70
98
89
97
90
99
74
90
63
94
80
76
79
60
96
88
74
76
80
72
74
82
84
68
68
79
76
75
76
66
69
74
67
66
64
61
64
72
63
67
61
62
67
70
63
80
59
53
52
78
85
64
71
56
65
48
64
61
63
51
65
56
49
57
59
63
64
42
50
46
60
43
57
48
42
48
47
45
60
51
27
50
55
42
31
41
56
47
44
45
40
31
51
35
48
48
37
32
47
36
28
43
35
34
36
29
32
41
25
40
38
40
26
37
25
24
30
20
22
34
24
23
28
22
25
25
16
22
19
26
20
26
22
17
25
23
19
16
31
20
16
17
16
24
21
16
17
14
17
13
12
15
13
14
16
12
10
18
8
5
6
11
9
4
11
8
2
1
10
5
3
2
3
3
0.001
1
0.001
96
94
105
90
101
114
100
107
86
106
94
76
96
83
85
88
92
89
85
83
85
94
88
81
89
61
70
76
97
77
81
91
74
93
80
91
77
90
69
79
80
72
67
84
78
70
89
79
77
65
63
76
82
57
64
77
57
81
62
50
82
74
60
66
59
60
60
61
72
65
52
55
79
63
70
63
54
65
62
64
50
53
55
56
59
70
60
56
59
56
56
64
52
53
41
50
51
52
62
42
46
44
46
40
55
37
40
54
40
40
31
38
43
41
37
45
48
49
42
34
43
37
36
37
37
45
33
44
29
33
24
42
29
27
40
35
34
27
23
24
32
31
34
33
26
25
28
33
37
23
30
27
26
23
19
22
27
17
21
19
18
23
23
10
19
16
20
14
21
16
8
12
17
13
11
8
10
12
16
14
11
15
8
14
10
10
8
4
4
7
10
8
2
3
7
5
6
0.001
1
0.001
)
;

boundaryField
{
    bottom
    {
        type            calculated;
        value           uniform 0;
    }
    top
    {
        type            calculated;
        value           uniform 0;
    }
    inlet
    {
        type            calculated;
        value           uniform 0;
    }
    outlet
    {
        type            calculated;
        value           uniform 0;
    }
    back
    {
        type            symmetry;
    }
    front
    {
        type            symmetry;
    }
}


// ************************************************************************* //
