/*--------------------------------*- C++ -*----------------------------------*\
| =========                 |                                                 |
| \\      /  F ield         | OpenFOAM: The Open Source CFD Toolbox           |
|  \\    /   O peration     | Version:  v1706                                 |
|   \\  /    A nd           | Web:      www.OpenFOAM.com                      |
|    \\/     M anipulation  |                                                 |
\*---------------------------------------------------------------------------*/
FoamFile
{
    version     2.0;
    format      ascii;
    class       volScalarField;
    location    "0.55";
    object      overallT_Ar2;
}
// * * * * * * * * * * * * * * * * * * * * * * * * * * * * * * * * * * * * * //

dimensions      [0 0 0 1 0 0 0];


internalField   nonuniform List<scalar> 
1000
(
252.8973488
268.950265
261.0255438
266.6978973
269.0320422
277.0106396
271.4515468
267.3012044
262.5364857
267.1969186
268.1807153
270.3574468
272.0131739
276.2447977
272.0280315
264.1391342
267.6443698
271.0887729
270.2243727
271.1562244
277.0755203
274.7574479
275.0092855
271.7919767
267.679084
270.9600002
270.9739357
272.732855
271.0904009
269.8948933
270.6919827
271.8238802
278.9274221
272.4330953
273.0883493
272.3790272
269.9129152
272.5131798
269.7887091
271.700555
270.461038
271.9667733
270.8060761
269.9618737
268.4084019
270.488703
271.3996622
268.5564136
270.1831242
273.3436904
270.5666179
267.0372798
270.04984
272.1645342
274.3459228
272.5791623
270.7230373
274.9766416
273.6186246
274.5762978
271.2749793
273.9668089
271.9929087
273.0432391
274.5118305
273.5172091
271.7368894
269.4897204
271.0244236
269.7762492
271.4865966
271.3064869
269.1257668
269.7992727
269.5163798
269.5828451
271.7748149
271.0243932
272.977282
274.262907
273.0317222
274.107686
271.3640139
274.0153075
272.9643741
273.5082355
273.0946444
270.944814
272.1869117
270.6799459
270.6624636
274.5175159
272.9192953
272.2614596
268.3352573
270.9983934
270.0853615
270.3107543
268.3466215
268.7535583
270.5621168
273.7778979
272.3478106
273.2272179
271.5812453
272.5444145
270.6171262
270.5741083
272.4286969
271.1865556
272.9824115
271.3585877
272.2979706
272.5900648
274.0670028
275.0286149
270.9877944
272.6681197
273.1451824
272.0802325
272.8909217
273.0487465
272.8547822
274.1400079
274.1833659
273.4959831
273.1909351
277.386224
277.5344699
276.2748082
276.5052346
275.9700412
276.003486
272.1856314
272.0744901
274.0153655
274.6196658
277.3778182
275.5633887
276.6114141
275.8641017
276.555633
275.3412076
273.3579664
275.4277851
277.9071632
275.739393
275.9927392
274.5548799
271.9817683
273.8213449
276.7253498
277.0201163
276.5452566
275.2842009
275.1142582
274.8858753
274.732387
274.2460265
271.5066374
274.1738072
273.8712973
274.0106259
272.9391665
273.4878689
275.5495552
273.0920136
273.2706239
273.0369832
274.562332
272.9368159
272.0764202
272.6977122
272.811066
272.741788
275.0394473
272.2320196
273.1975204
274.9737397
273.5032469
272.9297291
272.6980181
276.2691548
277.0571651
272.2194074
272.9260433
272.6677238
275.1754869
274.3277909
274.2796875
272.9505468
272.3985379
274.2516921
273.8044441
273.7676598
272.3600204
272.6067607
275.2723922
274.2209303
273.5284282
249.0155561
265.0800452
266.6595871
258.0911454
270.2145216
263.5259766
273.084144
268.0617257
267.3527688
264.1057794
271.913647
273.5520001
272.7581021
273.7723963
267.9493529
275.6290104
279.9661209
273.6161393
269.2251793
275.1692626
280.1732592
270.5319164
274.260869
278.4743417
272.8726586
269.232872
267.3095878
269.5802423
270.3068435
267.9633423
274.4253399
275.8597435
274.5703419
271.098727
274.1281627
272.036235
270.9292946
267.623276
271.3311563
268.4256956
271.0819031
274.5512107
272.2747718
269.0122149
273.1719029
272.3552248
269.2553785
268.362958
267.7518072
269.9350825
274.4080061
271.606283
274.068268
277.4362607
274.3032379
274.640485
272.1968531
274.8201328
270.079632
273.5554145
270.778497
272.0275147
271.743904
270.6644643
271.0735947
272.1543193
271.4439849
270.3332318
269.0584331
270.1432968
270.0410477
272.6437506
272.623286
271.2440987
271.2700827
271.5467548
272.8319384
273.6979872
271.0190484
273.2127939
271.6253638
272.0520858
273.2531434
271.0826185
273.0025287
270.9267243
271.1163033
272.668159
270.5722351
270.2570866
271.9177026
273.9197826
271.798826
270.1147456
270.1090852
269.8911704
271.2602153
271.6703051
271.9535742
268.5975486
272.7206104
275.3500106
273.976648
273.9975451
272.6096541
270.2817464
272.8528428
273.3923604
269.3346763
270.9879269
272.455584
271.68917
272.3290132
271.9202772
271.9381812
274.1065209
274.1037603
275.1499892
272.7214243
272.3008023
272.1322634
274.997655
275.5504055
274.5118629
273.660331
273.8701003
274.933148
273.8836825
274.5601959
275.4301972
274.5651787
274.8399333
274.9932326
273.3329864
273.5983101
273.5175198
273.4571535
274.281434
275.6862166
274.4814801
275.2440304
276.524003
274.2922163
272.62924
273.7827581
276.9694937
276.3034184
277.4646102
274.4061315
275.2713357
273.3610195
274.8814246
277.5091922
276.3410045
275.6341417
274.0383854
274.3399994
274.8348231
274.2669074
273.3663219
273.0252125
273.6859639
273.7544457
273.6618734
274.8352407
275.5476652
275.5980213
274.2638805
273.8542976
271.6447298
273.3361591
273.705066
274.3104124
273.3916441
273.7067257
273.4906842
273.2809791
272.750777
274.1548208
274.5884651
274.2956556
274.0914843
275.3587549
275.075568
272.3069055
274.4659717
273.6575747
273.794371
274.3409698
275.2163302
274.4964401
272.4164828
274.1974333
274.9230583
275.8902819
275.1530713
274.2078026
272.5735267
272.6328263
273.4522379
257.4474583
258.6077658
266.8255953
265.9628112
271.0657986
265.4440827
268.1028647
273.067526
267.4774797
264.4880405
267.9088899
279.3524411
275.5093979
271.5844517
269.1556068
271.7150332
267.3339231
272.2195453
271.847923
271.6007962
265.5075506
265.4846038
272.0624768
272.4351408
266.8306563
270.3279019
267.3080443
274.9793375
269.2687448
274.9840806
269.4865156
270.3800398
272.2185294
274.2590972
274.3227134
274.7352828
274.6937787
271.6004115
273.0735951
273.2397275
277.2598938
273.5665509
276.360351
272.4101715
273.1724661
272.489989
268.1571482
268.3967111
266.6996876
273.0669472
272.6599397
269.7333356
274.8452
274.6399725
272.0349924
273.2811945
273.7778925
273.6422337
271.3575318
272.0487394
268.2959688
273.6456174
271.3168605
267.7506105
271.3837799
270.8058976
274.018211
270.8948256
270.031326
270.0759098
271.5973916
269.7910541
267.2329737
269.4922689
273.3006736
272.233553
271.6943014
271.1866698
268.9580535
271.5295736
271.5330077
272.5231565
270.4846798
272.594473
271.8987283
272.4056291
273.3942038
272.5096058
272.3160153
273.1977456
272.9107571
272.8095347
273.5572211
273.261972
273.2655632
273.3237108
273.3204934
271.3393521
272.2521133
270.1177894
270.6417003
272.5201486
272.653227
272.5817324
271.9187709
272.2784568
271.5683849
272.5572973
271.5444624
272.7163581
270.6015318
271.19769
270.2146063
271.0375832
273.1300835
274.0764882
273.4475915
274.0986699
273.4759037
272.0090115
272.9129999
272.0538461
274.8896185
274.4456577
274.154656
274.6614521
273.252937
275.6703207
275.0544336
273.2188179
274.4840245
275.2095484
275.3786597
275.2697052
274.2274023
275.1440098
273.062363
275.3108109
274.5558728
273.8895736
276.1029671
276.9533196
273.9342263
273.0714711
273.8126516
275.442513
276.2168974
274.6947505
275.1341835
275.8854776
275.2626223
276.8017891
277.2018715
274.0577525
275.0818972
274.1765396
274.0015126
274.3662257
274.907719
273.4636926
273.429205
274.2420087
274.5952326
272.3134888
273.7968767
271.725996
275.1159782
273.0153357
272.1719147
273.4136307
273.630394
273.9111382
272.7153988
273.0227201
272.3076154
272.9815807
272.8137946
272.0523812
275.2019812
274.5398551
274.8654575
274.9802483
273.830477
273.605086
272.693048
273.0031293
273.3402617
272.0987689
273.7772611
275.2346151
274.0855027
274.2380394
275.651054
274.5440041
273.665532
273.7920066
274.2910076
274.5976703
274.8264252
274.8203083
247.7818148
260.1875541
269.7824828
262.92633
276.3204391
267.268191
269.5797916
272.5367363
267.7787817
266.6053674
262.959487
270.5553882
272.4171032
272.287763
271.815316
275.2734274
270.4574133
272.6581544
268.1364551
268.2132242
272.8014894
271.3079964
270.2801826
269.193175
270.1486605
267.5180091
269.1464874
272.5637744
271.4492127
276.7467242
273.2431151
272.2290015
272.7847111
271.7982835
269.3811547
271.4646227
273.2615409
274.9702144
271.9090144
267.9417142
273.9725221
271.3086928
270.9226852
272.0658088
271.884536
270.1187843
270.2217592
268.3430072
268.6090908
268.4432845
271.9912917
273.4001277
273.0253883
273.8180313
273.2283689
272.49502
271.7062389
271.9157243
272.1957751
270.6719186
269.8084501
270.9046331
272.5077519
269.1843593
272.6589094
269.9557653
271.6506006
267.60875
268.7607233
269.7167262
272.4232778
270.9608481
268.5992532
271.0124281
272.2756181
271.7892393
270.5828348
272.4506991
272.4981229
272.9369961
271.9756174
272.34458
271.0399773
271.815305
270.7139427
271.2530961
273.3495803
268.923425
271.4892011
272.4272379
272.0950704
272.5558366
270.8736098
271.5984407
271.6603463
272.5048124
271.4168291
271.3183438
270.9771021
271.2266986
270.5245916
271.473701
272.3955633
271.5909452
272.4896863
270.6424841
270.4458245
272.7144007
275.1773283
271.8503318
275.286368
272.6850588
275.6989489
273.7729508
275.4514194
274.1029936
274.7287933
273.5063856
272.402426
272.6569656
272.1377427
273.1736109
272.9108365
274.4067525
273.7884686
273.9679152
274.9934589
274.2258716
274.7336488
275.0435539
275.0236906
275.4078765
274.8204668
276.2551716
275.490522
274.2197992
275.0815702
273.886662
273.7128123
274.4693521
277.128429
275.4036421
275.0548397
275.3664931
275.131931
273.6568791
276.2971623
276.4670847
273.7749585
275.0188261
274.6796661
274.0884638
273.9785511
275.2211851
272.7630854
274.2045899
270.39759
272.7338724
274.0643631
274.0118469
272.1759315
272.1231423
275.0522613
274.3846932
272.3565675
273.9716839
272.7396008
272.8651834
274.1457439
273.8757548
273.8615508
273.4050526
273.6420675
273.0155367
272.3334536
274.1852305
272.727103
274.4089341
274.9612658
274.1734942
273.6140866
274.2400154
274.7021514
273.602108
272.6677471
273.9870303
274.6579459
273.5250075
274.845512
273.5291631
273.4612464
275.0026839
276.3081295
272.9559199
273.0013606
272.9942454
272.8572365
274.0879359
273.1938499
276.1747616
256.8818545
266.7411815
272.1114852
260.8709925
266.6955015
265.3792799
261.793488
258.6262844
263.578424
274.8985738
269.6560378
270.7753206
272.9718537
279.1815057
274.7762497
273.9572701
272.6077424
273.833098
269.8307393
272.1766964
264.9702742
271.6611204
269.0027232
269.0331663
266.4288898
269.1963329
269.355727
271.293144
271.955858
272.4090012
275.4111523
274.9048364
279.549183
272.7274046
271.1608502
273.9595216
271.3530487
276.3321499
269.8020455
272.1539185
270.6691141
270.877218
276.0960785
269.1434524
271.5045701
270.5756079
267.7584988
271.1862304
273.0180899
271.7321787
271.6482592
271.8477063
272.1562883
272.4121535
272.7732619
273.6422554
272.9224546
272.0088542
272.611297
271.4662454
273.6596432
273.0373629
270.6441544
271.8578612
269.7014085
269.519453
270.72634
268.7798272
271.6383522
272.9785413
271.6024982
270.4947709
272.1232648
269.9219415
272.70913
271.6116826
271.6730429
269.5628749
272.412941
271.3936706
274.2840361
273.7277019
272.2860544
273.2774854
271.0603054
270.1613426
270.9599332
272.7515251
271.9906106
271.660854
273.001296
269.2569172
271.6336251
272.1554158
269.6594972
270.0868398
273.0820302
271.1206622
270.7918969
268.7036642
269.6774366
270.2402807
273.1203518
270.0863956
271.0217786
271.9912899
270.6953169
269.5587681
270.6937532
271.2844957
272.8689701
274.1722327
272.0522818
271.5596931
273.0013237
277.0969123
272.4414129
272.7760031
271.0238874
272.7314985
275.1747725
272.4028486
271.5884978
272.051991
272.823496
272.4258511
274.2676293
276.8738993
274.127342
273.087526
274.7507456
274.3956255
274.7833975
275.2028258
275.4884396
275.4569035
275.4548466
275.0092387
274.5050701
277.0865043
277.0390623
277.5368582
275.5035787
275.7357748
275.2242679
276.3023183
274.7823627
275.7681035
275.5708029
273.4210706
273.530187
273.2697301
274.8383333
274.7988226
274.0500574
274.0912112
272.7096535
272.7983074
273.4404385
273.8428917
274.8032299
272.6405937
273.7077838
274.5857789
273.2060542
273.8960693
273.073128
271.6877796
272.5305962
271.5331293
272.1247216
271.8717401
271.7212893
274.1325189
275.2147826
274.3078995
273.744797
274.715165
273.3479924
275.2216065
274.6032176
276.1634882
274.5578175
273.9463158
273.2025038
274.6866637
275.0465893
273.7637819
274.2885284
274.5948678
274.7734422
275.3564677
276.8212604
273.7753278
272.158471
272.847869
273.6558205
273.8670752
271.2021664
272.0637025
)
;

boundaryField
{
    bottom
    {
        type            calculated;
        value           nonuniform List<scalar> 
200
(
252.8973488
268.950265
261.0255438
266.6978973
269.0320422
277.0106396
271.4515468
267.3012044
262.5364857
267.1969186
268.1807153
270.3574468
272.0131739
276.2447977
272.0280315
264.1391342
267.6443698
271.0887729
270.2243727
271.1562244
277.0755203
274.7574479
275.0092855
271.7919767
267.679084
270.9600002
270.9739357
272.732855
271.0904009
269.8948933
270.6919827
271.8238802
278.9274221
272.4330953
273.0883493
272.3790272
269.9129152
272.5131798
269.7887091
271.700555
270.461038
271.9667733
270.8060761
269.9618737
268.4084019
270.488703
271.3996622
268.5564136
270.1831242
273.3436904
270.5666179
267.0372798
270.04984
272.1645342
274.3459228
272.5791623
270.7230373
274.9766416
273.6186246
274.5762978
271.2749793
273.9668089
271.9929087
273.0432391
274.5118305
273.5172091
271.7368894
269.4897204
271.0244236
269.7762492
271.4865966
271.3064869
269.1257668
269.7992727
269.5163798
269.5828451
271.7748149
271.0243932
272.977282
274.262907
273.0317222
274.107686
271.3640139
274.0153075
272.9643741
273.5082355
273.0946444
270.944814
272.1869117
270.6799459
270.6624636
274.5175159
272.9192953
272.2614596
268.3352573
270.9983934
270.0853615
270.3107543
268.3466215
268.7535583
270.5621168
273.7778979
272.3478106
273.2272179
271.5812453
272.5444145
270.6171262
270.5741083
272.4286969
271.1865556
272.9824115
271.3585877
272.2979706
272.5900648
274.0670028
275.0286149
270.9877944
272.6681197
273.1451824
272.0802325
272.8909217
273.0487465
272.8547822
274.1400079
274.1833659
273.4959831
273.1909351
277.386224
277.5344699
276.2748082
276.5052346
275.9700412
276.003486
272.1856314
272.0744901
274.0153655
274.6196658
277.3778182
275.5633887
276.6114141
275.8641017
276.555633
275.3412076
273.3579664
275.4277851
277.9071632
275.739393
275.9927392
274.5548799
271.9817683
273.8213449
276.7253498
277.0201163
276.5452566
275.2842009
275.1142582
274.8858753
274.732387
274.2460265
271.5066374
274.1738072
273.8712973
274.0106259
272.9391665
273.4878689
275.5495552
273.0920136
273.2706239
273.0369832
274.562332
272.9368159
272.0764202
272.6977122
272.811066
272.741788
275.0394473
272.2320196
273.1975204
274.9737397
273.5032469
272.9297291
272.6980181
276.2691548
277.0571651
272.2194074
272.9260433
272.6677238
275.1754869
274.3277909
274.2796875
272.9505468
272.3985379
274.2516921
273.8044441
273.7676598
272.3600204
272.6067607
275.2723922
274.2209303
273.5284282
)
;
    }
    top
    {
        type            calculated;
        value           nonuniform List<scalar> 
200
(
256.8818545
266.7411815
272.1114852
260.8709925
266.6955015
265.3792799
261.793488
258.6262844
263.578424
274.8985738
269.6560378
270.7753206
272.9718537
279.1815057
274.7762497
273.9572701
272.6077424
273.833098
269.8307393
272.1766964
264.9702742
271.6611204
269.0027232
269.0331663
266.4288898
269.1963329
269.355727
271.293144
271.955858
272.4090012
275.4111523
274.9048364
279.549183
272.7274046
271.1608502
273.9595216
271.3530487
276.3321499
269.8020455
272.1539185
270.6691141
270.877218
276.0960785
269.1434524
271.5045701
270.5756079
267.7584988
271.1862304
273.0180899
271.7321787
271.6482592
271.8477063
272.1562883
272.4121535
272.7732619
273.6422554
272.9224546
272.0088542
272.611297
271.4662454
273.6596432
273.0373629
270.6441544
271.8578612
269.7014085
269.519453
270.72634
268.7798272
271.6383522
272.9785413
271.6024982
270.4947709
272.1232648
269.9219415
272.70913
271.6116826
271.6730429
269.5628749
272.412941
271.3936706
274.2840361
273.7277019
272.2860544
273.2774854
271.0603054
270.1613426
270.9599332
272.7515251
271.9906106
271.660854
273.001296
269.2569172
271.6336251
272.1554158
269.6594972
270.0868398
273.0820302
271.1206622
270.7918969
268.7036642
269.6774366
270.2402807
273.1203518
270.0863956
271.0217786
271.9912899
270.6953169
269.5587681
270.6937532
271.2844957
272.8689701
274.1722327
272.0522818
271.5596931
273.0013237
277.0969123
272.4414129
272.7760031
271.0238874
272.7314985
275.1747725
272.4028486
271.5884978
272.051991
272.823496
272.4258511
274.2676293
276.8738993
274.127342
273.087526
274.7507456
274.3956255
274.7833975
275.2028258
275.4884396
275.4569035
275.4548466
275.0092387
274.5050701
277.0865043
277.0390623
277.5368582
275.5035787
275.7357748
275.2242679
276.3023183
274.7823627
275.7681035
275.5708029
273.4210706
273.530187
273.2697301
274.8383333
274.7988226
274.0500574
274.0912112
272.7096535
272.7983074
273.4404385
273.8428917
274.8032299
272.6405937
273.7077838
274.5857789
273.2060542
273.8960693
273.073128
271.6877796
272.5305962
271.5331293
272.1247216
271.8717401
271.7212893
274.1325189
275.2147826
274.3078995
273.744797
274.715165
273.3479924
275.2216065
274.6032176
276.1634882
274.5578175
273.9463158
273.2025038
274.6866637
275.0465893
273.7637819
274.2885284
274.5948678
274.7734422
275.3564677
276.8212604
273.7753278
272.158471
272.847869
273.6558205
273.8670752
271.2021664
272.0637025
)
;
    }
    inlet
    {
        type            calculated;
        value           nonuniform List<scalar> 5(252.8973488 249.0155561 257.4474583 247.7818148 256.8818545);
    }
    outlet
    {
        type            calculated;
        value           nonuniform List<scalar> 5(273.5284282 273.4522379 274.8203083 276.1747616 272.0637025);
    }
    back
    {
        type            symmetry;
    }
    front
    {
        type            symmetry;
    }
}


// ************************************************************************* //
