/*--------------------------------*- C++ -*----------------------------------*\
| =========                 |                                                 |
| \\      /  F ield         | OpenFOAM: The Open Source CFD Toolbox           |
|  \\    /   O peration     | Version:  v1706                                 |
|   \\  /    A nd           | Web:      www.OpenFOAM.com                      |
|    \\/     M anipulation  |                                                 |
\*---------------------------------------------------------------------------*/
FoamFile
{
    version     2.0;
    format      ascii;
    class       volScalarField;
    location    "0.55";
    object      overallT_Ar1;
}
// * * * * * * * * * * * * * * * * * * * * * * * * * * * * * * * * * * * * * //

dimensions      [0 0 0 1 0 0 0];


internalField   nonuniform List<scalar> 
1000
(
272.3016845
272.310297
274.3565048
272.7819144
271.5197936
273.8040014
271.7135887
273.0871564
269.5752713
270.3252149
271.1770203
272.4996698
273.2678122
272.7144128
274.3273995
273.4908179
270.4603754
269.5948425
270.3355433
271.5613342
269.104216
272.9546093
272.2885671
270.2680733
271.3358196
272.4395951
271.6710156
272.8407169
274.6978209
273.2614735
272.1823474
271.9870999
273.5585776
274.3327416
274.9687526
272.4003861
272.9391481
271.8827576
269.7765453
271.5084189
272.0018373
271.7560593
271.7943669
269.80993
269.6925793
271.554412
270.7869521
271.0042294
270.1921281
270.1065494
270.8834775
272.3488979
270.4440662
272.8971061
271.40235
271.0616636
270.3954606
271.7808339
272.6655288
274.797887
270.1663234
272.6218762
273.5567484
271.3220493
270.6926744
271.00712
272.9296729
270.5114222
269.3479791
270.8920752
273.4532933
273.5040454
272.543531
272.2971605
270.8813971
270.3524714
269.2192674
271.908095
271.4462061
274.2392399
271.1438293
272.3467547
272.3293924
272.2199439
273.7675205
273.3793967
273.3282267
272.7195939
270.7410191
271.2312738
272.2130107
272.2612526
273.6920242
272.8675414
274.0380662
272.1192859
273.34482
272.1802744
269.6035081
270.9456109
269.7637911
273.1175751
272.3931672
271.3031118
273.1978547
272.998161
273.6105411
272.8012546
274.2326767
273.0679257
273.9651146
272.187218
272.1628564
273.8379338
271.7821392
273.1520898
270.8168066
274.0182837
270.5047473
272.9348548
274.524498
273.6578483
276.7431885
271.4976041
271.1096737
276.2393132
275.3017167
273.2896001
273.4023316
273.4324302
275.8147688
274.1048334
273.5685514
274.4207398
275.1983295
272.433092
275.5448294
277.2248883
276.6637676
275.2443432
278.0275004
274.0033579
275.2389259
273.8310011
274.8818097
274.2097335
272.6619383
276.0569549
274.132561
273.3535713
272.6367243
276.3845747
274.6547365
279.5412344
274.0459959
274.5403713
271.0718564
272.2665911
272.2210727
273.0916705
269.7177998
269.9115788
272.4307759
273.3104895
275.8646706
271.3052955
275.8201021
270.2360417
272.4117972
274.6179614
269.2981998
273.8001209
270.5094679
274.7208542
270.9529173
271.092946
273.5163992
278.2776067
275.0913751
274.0327686
274.6425501
278.6711189
276.6003115
275.5356404
265.7867358
277.4857173
277.5931695
275.7171588
280.5668558
277.8095201
272.8969656
275.6415565
268.4214019
270.2704143
273.0238505
267.5309747
267.1195651
257.8301811
257.5125104
249.855541
273.7106094
273.4161875
272.6930594
272.1486848
271.4003609
273.1991007
273.8249448
271.6940291
270.2072069
272.1718104
273.0926013
272.115057
272.1910067
273.558951
272.6278443
272.4269389
272.0329415
271.3863553
270.5047677
272.5784511
273.2721671
270.9092757
271.6371003
271.5639633
271.9515328
272.3271859
271.4106325
273.3615674
273.4212129
273.3452099
272.1522366
273.8298828
272.5276652
272.636978
274.3476703
272.9102162
273.6222144
270.5509896
270.8622295
270.0005067
272.5876313
272.0856706
271.4893297
272.9477994
272.2604132
274.1849244
270.9386107
270.5961249
272.3268164
269.4546417
270.4471782
271.1773216
272.420831
273.0494585
275.0051422
270.5828007
269.6911766
271.9471469
273.9016468
273.8553507
270.4271962
272.1722504
272.1670688
270.935554
270.0436365
269.7440379
269.638881
268.3554386
268.9065687
271.2287366
269.7709544
269.3729392
271.0810592
274.5575172
268.7716837
271.6148659
269.69805
273.1758884
271.2055913
271.272693
270.1384346
270.936117
272.7658633
271.2256692
272.4932519
272.0271697
273.0486813
271.6433526
270.9992358
271.6692765
271.3913909
272.864938
271.3992024
272.8785943
274.3121653
273.5760994
271.8302951
270.0611472
269.0335351
271.8547572
273.2853916
272.1904002
272.0279862
270.5981524
273.8383168
274.3034994
273.4536876
273.7544501
271.6364406
272.797153
274.2524895
272.3052677
272.9754372
271.3305673
273.5695663
274.4355989
272.8158725
276.9665921
271.9662978
273.0796966
270.8009304
273.3241481
275.835954
276.0010272
275.344699
274.5578343
278.2294223
274.8109875
275.6114432
275.939332
274.9359749
275.2656712
276.0297483
274.9854535
272.5095188
274.0947162
273.7609181
272.7758534
274.1653159
275.5073682
271.7449338
273.8499083
276.4871352
275.9679997
276.0846453
273.4766715
276.0567376
274.4100468
278.875363
275.310952
277.4018153
277.3784546
278.1317547
279.6078867
275.3388156
272.9227021
272.9222235
272.5919212
274.3837832
273.0205147
272.9669166
273.4882594
278.5660375
274.7260668
271.5716998
274.6051802
274.7023265
274.1981007
274.4448276
277.4350883
272.8182821
272.36692
270.8963428
272.4646458
275.5240289
278.1911926
274.8519536
275.5045898
277.4536919
273.106963
270.6374023
274.0026198
274.8712136
275.0173297
271.573178
272.7859315
271.8586925
283.609017
271.7210344
276.9482048
274.4823523
268.0629789
272.7763266
268.082678
260.7754527
266.8147626
259.6994074
261.5746286
252.6507611
253.01461
273.3098875
272.0064071
273.8588867
272.293133
273.1710356
272.7128969
271.4958613
271.394338
270.7152382
272.0464994
272.4996386
271.1100331
274.1447958
271.9457839
272.8128202
273.711521
271.3420325
269.3331212
270.5506889
271.0616253
269.7666479
270.835931
271.2454845
271.1319774
272.6182947
272.8777951
271.0118266
273.8671493
272.2826722
272.3634241
272.0468992
273.8462781
272.7111233
271.9671493
273.5802688
272.0997284
274.1973678
272.7243944
270.6535819
271.1500087
271.7350664
272.6842468
272.7711034
272.8895982
271.2216566
272.2462347
271.4671573
271.5849511
270.295614
270.923245
272.1067957
271.1223333
271.971025
271.9100064
271.9714499
270.733693
270.5293132
271.2652624
272.9031731
274.5462515
270.3114601
271.3462226
272.7848876
270.8748639
272.5743887
271.5868947
271.0956077
270.1683753
268.8658072
269.6628892
270.6525954
272.5232563
270.3546627
272.8126352
271.1387461
270.9238563
271.3292142
272.1148675
269.1157125
272.3858707
271.8457126
270.6156476
271.6363638
271.6977575
272.5671089
271.5269234
271.8207338
273.870092
270.6350682
272.0090918
272.7500727
273.2271759
273.4165716
272.1508483
272.5594715
273.9823247
273.3201175
272.1470254
274.4215983
272.499019
272.0947918
276.1294031
272.2439651
271.8809179
273.3373183
272.8791365
273.1689023
273.4585789
272.1809234
271.6465993
271.8719758
274.743991
273.9037222
272.874899
271.546892
271.8357361
274.182405
276.7902939
273.5489095
272.7039465
273.3723009
272.6136652
275.227489
274.2856421
271.3832171
272.7476195
276.3562028
274.7490574
274.2775916
276.6298491
274.0051349
273.5380275
275.7531826
272.8529374
270.5955451
272.919831
275.9747041
274.7353908
276.3701856
276.0872735
277.7968378
275.1361523
275.8766769
275.5866068
275.2127929
273.2035754
273.7482286
275.927698
273.7015904
271.8685047
276.3975552
279.6798723
276.7058886
278.263977
273.6694903
274.1660838
269.1956175
272.493703
275.7320984
272.538061
270.4719884
275.4385334
273.7285749
274.0244956
269.058311
272.8147248
272.0986288
275.581723
276.603879
277.4384924
275.7950965
268.839078
270.7309608
272.1250699
275.6207053
272.9573932
277.7252659
276.1413036
273.1912645
271.2541098
277.8557898
275.2427781
270.6072954
276.3556992
273.4884617
278.7597029
267.5918767
274.6035844
271.631808
276.9871039
268.5143382
273.6564397
271.7127083
271.4444377
271.6699403
275.2112127
270.600428
278.6620407
253.2540181
247.1091296
273.8645926
272.7127795
274.2488052
274.262567
272.7645005
271.7050991
270.355073
270.4394082
271.0941587
272.532685
272.6678421
272.9843537
270.9457773
271.1801834
273.2894399
273.4365181
272.1645455
270.7437239
271.767641
270.6055178
269.8399659
270.7610269
270.4154563
270.8562834
272.6475667
271.9398475
272.2570997
274.0202601
273.9615722
273.4962763
272.5715501
272.5855409
272.2348037
274.5455486
273.511667
271.2107369
271.896022
272.278711
272.0108728
274.0653261
273.1530447
273.3418246
271.8119765
272.0384099
270.8464645
269.769061
269.2555083
271.481134
272.3017885
271.3832393
272.8722298
273.5891153
272.7943454
270.4913347
272.5675288
269.4502263
269.9052704
272.6050957
272.4102436
270.8481713
269.5705509
270.4693828
271.6725423
270.2131016
271.9247818
272.8307649
270.7408431
270.6103824
269.1099579
270.5093185
271.2813347
271.2142613
272.2585122
273.1354328
271.182372
274.140656
269.6634971
270.0102301
271.8104408
272.3017139
273.1062438
270.485689
271.8167164
272.8851443
274.6119537
274.3063721
271.506734
273.4593885
270.377528
271.2189246
272.6006286
270.7714524
270.455393
269.5482091
274.2809299
273.0460642
272.5919894
271.2844203
272.2263656
270.7232029
269.5218738
272.4074889
271.2043744
272.9262785
274.5274651
272.3448065
271.6498747
271.4769951
273.4760251
272.0243352
272.3391687
271.3391847
273.4820187
272.5055171
273.1566244
272.3257686
273.9739697
276.2156986
275.0870862
273.5740264
272.1362577
270.5052679
271.3462558
274.3527037
272.646064
273.4156778
275.455208
275.0296403
276.1062402
273.5831087
273.7355229
271.9752763
271.8118222
275.2299877
273.3581412
270.9843937
272.4327487
276.5485653
274.831984
274.5917649
275.3238359
276.8188189
274.3505264
275.2450404
273.1342649
272.9453155
275.6774929
273.2298613
273.2968341
275.7341129
278.8007569
276.8394613
274.2842811
273.8729871
274.7524921
275.3211018
273.0661949
275.3185476
274.8082784
271.673453
276.2069059
273.7084262
272.2031849
273.7923819
271.3137444
270.2945991
275.8795698
273.1298808
275.3633317
269.455941
275.2098643
270.48626
271.6869816
273.7026765
272.628159
271.930716
272.7501025
275.4024536
275.9571552
271.5063188
274.3047103
274.4656659
280.0632964
276.6929669
275.7638265
274.2456546
268.5022943
269.0752925
271.6475374
271.3530666
272.8639889
278.2961136
267.3299646
267.2596649
270.4168948
270.0253517
274.3536277
271.5504121
270.0873618
260.72308
271.2437534
273.5035623
272.6587764
273.0329932
273.593285
271.8025235
270.2261235
271.611314
270.5031068
272.4873427
272.3778254
273.5048338
271.4653369
272.3029551
271.437807
273.1476547
271.7271881
270.9869711
271.1120094
271.7035977
271.4418293
272.2372302
272.526614
272.4684996
271.5815825
272.5930448
272.9158627
272.5928522
273.6852426
274.227796
274.900284
273.4513792
275.3951875
274.1640699
272.9320016
271.8184977
273.3315515
274.6417121
273.0733546
273.1021042
273.1386711
272.0174205
270.7824057
271.3307498
271.5528228
269.9508516
271.7308643
272.1303473
272.8807147
272.5060218
273.3194259
273.4400529
275.7890202
269.6207933
271.3236402
270.4835376
270.5787419
272.1619499
271.3192617
273.1968626
269.2849359
271.9081785
271.5211002
268.2270537
271.6840434
271.6546563
271.9930644
268.2932926
270.2260798
270.7511108
270.2594303
272.4423076
271.2743357
273.398789
271.2594009
270.9745519
271.6169621
270.9532289
268.8097689
268.2543103
269.9651886
272.5996139
272.8192198
274.1677642
274.1658368
271.2168971
272.3189867
272.8365291
272.3561798
273.7687903
271.3340476
269.3369877
271.9961191
274.5983082
270.5512288
275.3799294
273.9745108
272.8009374
271.0307588
271.7235479
272.2002562
271.6312444
269.2648616
270.6155889
271.5123625
271.4582552
273.1978708
274.0015522
269.8523068
272.3494503
269.6748802
271.3909859
273.2972395
275.3426638
275.3912962
273.4872951
273.9775367
270.9517132
271.7392586
274.2978781
275.3256306
273.0274166
273.4944563
271.951803
270.1456674
274.5916227
275.6277693
275.9030792
273.4788159
273.3332302
270.4969316
269.0433261
272.998727
274.0236586
274.0606481
274.6915114
277.6917371
278.429815
275.9185425
273.5356775
277.9424425
273.7028681
276.1957079
274.1794874
276.3928506
274.3376292
271.318602
273.1031377
272.3355007
271.9535676
274.1708937
274.2258875
269.8027718
275.119549
275.4036669
275.4844403
271.0008236
270.0265612
272.3303154
271.4582375
275.3392019
273.5643683
274.8704257
269.168153
275.0244133
271.4984632
272.0045304
273.6717411
273.4135523
273.7182294
277.2310402
274.9543018
271.7439904
272.9729193
277.5158787
273.2271291
271.2637586
272.1654915
272.6266728
270.3444486
273.9646119
273.347362
274.8864543
281.3804197
277.2427237
273.9682829
270.1962124
270.342784
268.6213136
269.3223358
272.1881758
272.7662792
280.6469801
273.8505433
265.662491
267.911007
276.138903
279.4849568
270.0454212
270.7979849
)
;

boundaryField
{
    bottom
    {
        type            calculated;
        value           nonuniform List<scalar> 
200
(
272.3016845
272.310297
274.3565048
272.7819144
271.5197936
273.8040014
271.7135887
273.0871564
269.5752713
270.3252149
271.1770203
272.4996698
273.2678122
272.7144128
274.3273995
273.4908179
270.4603754
269.5948425
270.3355433
271.5613342
269.104216
272.9546093
272.2885671
270.2680733
271.3358196
272.4395951
271.6710156
272.8407169
274.6978209
273.2614735
272.1823474
271.9870999
273.5585776
274.3327416
274.9687526
272.4003861
272.9391481
271.8827576
269.7765453
271.5084189
272.0018373
271.7560593
271.7943669
269.80993
269.6925793
271.554412
270.7869521
271.0042294
270.1921281
270.1065494
270.8834775
272.3488979
270.4440662
272.8971061
271.40235
271.0616636
270.3954606
271.7808339
272.6655288
274.797887
270.1663234
272.6218762
273.5567484
271.3220493
270.6926744
271.00712
272.9296729
270.5114222
269.3479791
270.8920752
273.4532933
273.5040454
272.543531
272.2971605
270.8813971
270.3524714
269.2192674
271.908095
271.4462061
274.2392399
271.1438293
272.3467547
272.3293924
272.2199439
273.7675205
273.3793967
273.3282267
272.7195939
270.7410191
271.2312738
272.2130107
272.2612526
273.6920242
272.8675414
274.0380662
272.1192859
273.34482
272.1802744
269.6035081
270.9456109
269.7637911
273.1175751
272.3931672
271.3031118
273.1978547
272.998161
273.6105411
272.8012546
274.2326767
273.0679257
273.9651146
272.187218
272.1628564
273.8379338
271.7821392
273.1520898
270.8168066
274.0182837
270.5047473
272.9348548
274.524498
273.6578483
276.7431885
271.4976041
271.1096737
276.2393132
275.3017167
273.2896001
273.4023316
273.4324302
275.8147688
274.1048334
273.5685514
274.4207398
275.1983295
272.433092
275.5448294
277.2248883
276.6637676
275.2443432
278.0275004
274.0033579
275.2389259
273.8310011
274.8818097
274.2097335
272.6619383
276.0569549
274.132561
273.3535713
272.6367243
276.3845747
274.6547365
279.5412344
274.0459959
274.5403713
271.0718564
272.2665911
272.2210727
273.0916705
269.7177998
269.9115788
272.4307759
273.3104895
275.8646706
271.3052955
275.8201021
270.2360417
272.4117972
274.6179614
269.2981998
273.8001209
270.5094679
274.7208542
270.9529173
271.092946
273.5163992
278.2776067
275.0913751
274.0327686
274.6425501
278.6711189
276.6003115
275.5356404
265.7867358
277.4857173
277.5931695
275.7171588
280.5668558
277.8095201
272.8969656
275.6415565
268.4214019
270.2704143
273.0238505
267.5309747
267.1195651
257.8301811
257.5125104
249.855541
)
;
    }
    top
    {
        type            calculated;
        value           nonuniform List<scalar> 
200
(
271.2437534
273.5035623
272.6587764
273.0329932
273.593285
271.8025235
270.2261235
271.611314
270.5031068
272.4873427
272.3778254
273.5048338
271.4653369
272.3029551
271.437807
273.1476547
271.7271881
270.9869711
271.1120094
271.7035977
271.4418293
272.2372302
272.526614
272.4684996
271.5815825
272.5930448
272.9158627
272.5928522
273.6852426
274.227796
274.900284
273.4513792
275.3951875
274.1640699
272.9320016
271.8184977
273.3315515
274.6417121
273.0733546
273.1021042
273.1386711
272.0174205
270.7824057
271.3307498
271.5528228
269.9508516
271.7308643
272.1303473
272.8807147
272.5060218
273.3194259
273.4400529
275.7890202
269.6207933
271.3236402
270.4835376
270.5787419
272.1619499
271.3192617
273.1968626
269.2849359
271.9081785
271.5211002
268.2270537
271.6840434
271.6546563
271.9930644
268.2932926
270.2260798
270.7511108
270.2594303
272.4423076
271.2743357
273.398789
271.2594009
270.9745519
271.6169621
270.9532289
268.8097689
268.2543103
269.9651886
272.5996139
272.8192198
274.1677642
274.1658368
271.2168971
272.3189867
272.8365291
272.3561798
273.7687903
271.3340476
269.3369877
271.9961191
274.5983082
270.5512288
275.3799294
273.9745108
272.8009374
271.0307588
271.7235479
272.2002562
271.6312444
269.2648616
270.6155889
271.5123625
271.4582552
273.1978708
274.0015522
269.8523068
272.3494503
269.6748802
271.3909859
273.2972395
275.3426638
275.3912962
273.4872951
273.9775367
270.9517132
271.7392586
274.2978781
275.3256306
273.0274166
273.4944563
271.951803
270.1456674
274.5916227
275.6277693
275.9030792
273.4788159
273.3332302
270.4969316
269.0433261
272.998727
274.0236586
274.0606481
274.6915114
277.6917371
278.429815
275.9185425
273.5356775
277.9424425
273.7028681
276.1957079
274.1794874
276.3928506
274.3376292
271.318602
273.1031377
272.3355007
271.9535676
274.1708937
274.2258875
269.8027718
275.119549
275.4036669
275.4844403
271.0008236
270.0265612
272.3303154
271.4582375
275.3392019
273.5643683
274.8704257
269.168153
275.0244133
271.4984632
272.0045304
273.6717411
273.4135523
273.7182294
277.2310402
274.9543018
271.7439904
272.9729193
277.5158787
273.2271291
271.2637586
272.1654915
272.6266728
270.3444486
273.9646119
273.347362
274.8864543
281.3804197
277.2427237
273.9682829
270.1962124
270.342784
268.6213136
269.3223358
272.1881758
272.7662792
280.6469801
273.8505433
265.662491
267.911007
276.138903
279.4849568
270.0454212
270.7979849
)
;
    }
    inlet
    {
        type            calculated;
        value           nonuniform List<scalar> 5(272.3016845 273.7106094 273.3098875 273.8645926 271.2437534);
    }
    outlet
    {
        type            calculated;
        value           nonuniform List<scalar> 5(249.855541 253.01461 247.1091296 260.72308 270.7979849);
    }
    back
    {
        type            symmetry;
    }
    front
    {
        type            symmetry;
    }
}


// ************************************************************************* //
