/*--------------------------------*- C++ -*----------------------------------*\
| =========                 |                                                 |
| \\      /  F ield         | OpenFOAM: The Open Source CFD Toolbox           |
|  \\    /   O peration     | Version:  v1706                                 |
|   \\  /    A nd           | Web:      www.OpenFOAM.com                      |
|    \\/     M anipulation  |                                                 |
\*---------------------------------------------------------------------------*/
FoamFile
{
    version     2.0;
    format      ascii;
    class       volScalarField;
    location    "0.55";
    object      variableHardSphereMeanFreePath_Ar2;
}
// * * * * * * * * * * * * * * * * * * * * * * * * * * * * * * * * * * * * * //

dimensions      [0 1 0 0 0 0 0];


internalField   nonuniform List<scalar> 
1000
(
0.5979663938
0.4446931536
0.3374440439
0.2735723642
0.2489031855
0.2205546244
0.1963873764
0.1644903971
0.1505685041
0.145686139
0.1379944761
0.130087272
0.1173838438
0.1150147912
0.1092981405
0.09954464658
0.09851936639
0.09435325167
0.08833147178
0.08516008611
0.0851741358
0.08062549461
0.07731255773
0.07232054594
0.06727481427
0.06587746355
0.06349505868
0.06266420982
0.05980687339
0.05683708526
0.05567031989
0.05545313063
0.05465919079
0.05161744988
0.05044146029
0.04909774308
0.04815149807
0.04696676766
0.04525906461
0.0433138213
0.04291284356
0.04243012943
0.04100951126
0.03984894923
0.03830213843
0.03810177138
0.03753360184
0.03670344936
0.03618415504
0.03520586448
0.03464829728
0.03330019523
0.03327718149
0.03352837037
0.03291707173
0.03239751037
0.03142249804
0.03106517525
0.03067796037
0.03019324285
0.02914975793
0.02928193546
0.02853029184
0.02817936266
0.02769323148
0.02755192713
0.02717652332
0.02670958477
0.02659084453
0.02598049224
0.02552640847
0.02530305872
0.02434118255
0.02431837843
0.02421447575
0.02342317966
0.02345383165
0.02316200442
0.02340949417
0.023320929
0.02276067034
0.02283527203
0.02227308019
0.02211087316
0.02138061778
0.02144073524
0.02129715309
0.02092236316
0.02062862959
0.02029939483
0.01995113996
0.0197682388
0.01969055674
0.01956865525
0.01887216896
0.01889971552
0.0186846486
0.01859485462
0.01815135845
0.01809889352
0.01823099325
0.01809037965
0.01768654712
0.01780767266
0.01750564332
0.01747203911
0.01699537347
0.01683495082
0.01694734429
0.01690007706
0.01672888247
0.01649171286
0.01655930855
0.01632344793
0.01622816173
0.01615461475
0.01582611444
0.01575443846
0.01538558174
0.01529237429
0.01537666698
0.01532384319
0.01514337948
0.01513739908
0.01503899082
0.01474084984
0.01476939872
0.01479026093
0.01470650794
0.01454561642
0.01433695459
0.01417855304
0.01408585905
0.01402319568
0.01399257867
0.01398530773
0.01378998457
0.01381690309
0.01366363377
0.0135588826
0.0133495739
0.01335558935
0.01342519483
0.01319814996
0.01321043559
0.01314622487
0.01291541718
0.01277978794
0.01265653023
0.01235702722
0.01243851379
0.0125062312
0.01228801502
0.01222127561
0.01219323948
0.01199166635
0.0118729127
0.01199880008
0.01192311332
0.0116626858
0.01167380707
0.01156451976
0.01157824831
0.01142571682
0.01134901258
0.01136958349
0.01134005405
0.01120552415
0.01108868433
0.01102934821
0.01100555951
0.01094627316
0.01089821679
0.01086496416
0.01081807109
0.01080397003
0.01060823169
0.01051763621
0.01066037695
0.01054719403
0.01041852098
0.01034240907
0.01041994688
0.01032894448
0.01013577107
0.01009844548
0.01000866867
0.01016896116
0.009979166062
0.009861869778
0.009834747263
0.009814723839
0.009843440764
0.00968301999
0.009673142925
0.009644631044
0.009496226314
0.009606139229
0.009472174797
0.009423697591
0.6087912673
0.4223382424
0.3407229138
0.2838573742
0.2381776511
0.2125990611
0.1899352237
0.1705409736
0.158037828
0.1458755895
0.1384161528
0.1301462267
0.1209625192
0.112444089
0.1069901919
0.1031524153
0.1032629853
0.09434717257
0.08879028172
0.08570341142
0.08308581514
0.07796385647
0.07529589835
0.07298474748
0.06823684899
0.06550640177
0.06269496266
0.0611383944
0.0575801076
0.05671067559
0.05641517471
0.05442281229
0.05255499122
0.05161902738
0.05075437988
0.04886490438
0.04803719767
0.04610847933
0.04550007797
0.04418764977
0.04307742011
0.042356544
0.04130503194
0.03983202047
0.03937170837
0.03811341603
0.03741168536
0.03672992187
0.03646876613
0.03523194505
0.03524002441
0.03488096904
0.03374578922
0.03377375832
0.03228742051
0.03241248653
0.03195022515
0.03077213267
0.03020619844
0.03026596853
0.02924438651
0.02883932984
0.02835729298
0.02806080435
0.027701107
0.0279572063
0.02761305351
0.02669485652
0.02657028807
0.02583704187
0.02556710982
0.02537887662
0.02461759111
0.02440771864
0.02444835478
0.02384269813
0.02361039195
0.02347020134
0.02331177194
0.02321622325
0.02262002209
0.02204160435
0.0222988899
0.02187172498
0.02153212566
0.02138187336
0.02113952973
0.02090159537
0.02042174028
0.02020127772
0.01985780398
0.01969650803
0.01947390452
0.01921424349
0.01891674427
0.01874969744
0.01883828173
0.0186567033
0.01868720404
0.01815588124
0.01815631339
0.01806910948
0.01777457042
0.01770226131
0.01753505948
0.01720609488
0.01728255269
0.01728117572
0.01715345739
0.01689719384
0.01677130607
0.01676386525
0.01640383667
0.01636571364
0.01613022651
0.01602174299
0.01603453795
0.01585881414
0.01567349985
0.01552545733
0.01545196356
0.01535269378
0.01520010114
0.01506849237
0.01493997737
0.01484784693
0.01486102983
0.01480434547
0.01460445536
0.0144686015
0.01431297141
0.01409538077
0.01412721978
0.01395216872
0.0139459793
0.0138579
0.01366036645
0.01364286303
0.01370748933
0.01341478369
0.01351147836
0.01351491719
0.01331451499
0.01313422098
0.0130877151
0.01299897859
0.01293508862
0.01284108855
0.01270010209
0.01252573802
0.01234481718
0.01238595522
0.01237794872
0.01236397462
0.01228480559
0.0120470139
0.01201958622
0.0119255143
0.01195141476
0.01180398611
0.01174269459
0.01157727081
0.01147406315
0.01144235968
0.01142803696
0.01136511578
0.01142582806
0.01118440347
0.0110625279
0.01100825267
0.01102012929
0.01092671638
0.01102512976
0.01096131314
0.01084049227
0.01077731926
0.01068309707
0.01051377747
0.01062061395
0.01060492085
0.01050344621
0.01038901621
0.01032285313
0.01025986475
0.01003216245
0.01008468874
0.01009877259
0.01007793556
0.009925512196
0.01007483392
0.009898770668
0.009739158001
0.009782078098
0.009743503949
0.009680821704
0.009648145266
0.009545766094
0.009464955799
0.009460710392
0.009406916803
0.5818593195
0.4388837741
0.3448707455
0.2787214228
0.2371492453
0.2141014832
0.1876254751
0.1800413489
0.1615191478
0.1483985022
0.1382284972
0.1345985898
0.1217985147
0.1134264522
0.1071649305
0.1023331241
0.09620297857
0.09113863782
0.08720612899
0.08298167657
0.0793973999
0.07555812616
0.07477677113
0.06975466462
0.06667643338
0.06609683257
0.06261572358
0.06209627932
0.0586726276
0.05876313597
0.05640595209
0.05441044455
0.0531879833
0.05187050029
0.05132413821
0.05026761598
0.04751267185
0.04666422826
0.04587429315
0.04384250797
0.0441167597
0.04256971005
0.04213762636
0.04036284195
0.03975826008
0.03826702296
0.03682860345
0.03691484387
0.03548572089
0.03593627281
0.0355740869
0.03415574137
0.03361784592
0.03304642049
0.03268863211
0.03291592968
0.03157625843
0.03083124951
0.03032814699
0.03013509909
0.02883465436
0.02906322845
0.02851553886
0.02773932109
0.027700663
0.02757763882
0.02713040379
0.02692700248
0.0263171552
0.02592925854
0.02563391444
0.02516193587
0.02486211424
0.02429001022
0.02424461602
0.02379814677
0.02352112479
0.02300411364
0.02292770237
0.02293900486
0.0225008121
0.02207022374
0.02187703044
0.02188598367
0.02164770314
0.02149898052
0.021544794
0.02094557551
0.02055376066
0.02036834974
0.02010572973
0.01985820531
0.01952982074
0.01962298605
0.01935275838
0.01900711946
0.01877920208
0.01858821817
0.01843267063
0.01827970446
0.01824972931
0.01811812955
0.01816116077
0.01779885066
0.01754969918
0.01741797344
0.01733261803
0.01734713397
0.01700856928
0.0168996449
0.0168427551
0.01661819795
0.01634067204
0.01623205081
0.01636796161
0.01618950927
0.01597509835
0.01579192152
0.01547211329
0.01533186643
0.01528578251
0.01527318655
0.0151969918
0.01527804444
0.01500615853
0.01496609563
0.01481888138
0.01476981791
0.0146549079
0.0143523158
0.01420463902
0.01414286147
0.01420194728
0.01401862983
0.01404650935
0.01391018466
0.01374948281
0.01373385554
0.01354812393
0.01334892825
0.01344871787
0.01354311974
0.01333634665
0.01307545317
0.01295585166
0.01292091401
0.01287660431
0.01275353578
0.01267567076
0.01257424222
0.01248933464
0.01234245549
0.01232540188
0.01221405158
0.01207010288
0.01207232927
0.01197995784
0.01192931542
0.01194594839
0.01180528934
0.01161036162
0.01169032422
0.01161399253
0.01143445199
0.01154588624
0.01135165116
0.0113904679
0.01123532222
0.01116357447
0.01109862653
0.01111726901
0.0110029038
0.01087509003
0.01077999576
0.01072813509
0.01069573336
0.01066298966
0.01057010334
0.0106116357
0.01049789241
0.01044294543
0.01039524769
0.01025981617
0.01016481539
0.01012306913
0.01006743197
0.01005585469
0.01001367856
0.01000901266
0.01000835189
0.009926805019
0.009788803731
0.00985434977
0.009771042719
0.009686396575
0.009595515543
0.009582333207
0.009507422216
0.009505461045
0.009443112372
0.5719812418
0.4290611917
0.338978033
0.2834912634
0.2569788082
0.2163236854
0.1944768293
0.177130206
0.1621325846
0.1484687289
0.1422732347
0.1304007224
0.1207855497
0.1115575579
0.1102107441
0.1033950661
0.0966437273
0.09050447854
0.08511545216
0.08371212727
0.07845262903
0.07546024032
0.0728589165
0.07136377132
0.06957265225
0.0661171607
0.06267859189
0.06165468255
0.06003556341
0.05930126542
0.05643165814
0.05492904024
0.05383440549
0.05234105384
0.05028744167
0.05004781759
0.04781157101
0.0471740878
0.04528892828
0.04386165274
0.04387036739
0.04229035123
0.04141274703
0.04009121207
0.04042405305
0.03849140308
0.03741416189
0.0367925551
0.03564365629
0.03537461207
0.03534272672
0.03474292004
0.03359382053
0.03283020042
0.03278434153
0.03290823007
0.03159625534
0.03101745761
0.0306838809
0.02987915715
0.02929691478
0.02894928656
0.02867367095
0.02793096468
0.02794977088
0.02705482637
0.02699728808
0.02621985721
0.02616035287
0.02585495692
0.02536391588
0.02505072156
0.02472384777
0.02456836781
0.024013087
0.0237401765
0.02340416056
0.02319014053
0.02291747306
0.02310692641
0.02278700006
0.02242100777
0.02231857557
0.02189537294
0.02159446437
0.021482567
0.02126653574
0.02084515609
0.02061032904
0.02031187095
0.02004851222
0.01989203859
0.01940953841
0.01932564751
0.0191358114
0.01915872514
0.01874521258
0.01879650962
0.01844599649
0.01838546177
0.01820281334
0.0180111727
0.01809476077
0.01778757936
0.01772955046
0.01741721407
0.01733783459
0.01724733051
0.01731307963
0.01693586306
0.01698335084
0.01672198655
0.0164842588
0.01653979705
0.01625411589
0.01615744139
0.01600650969
0.01582186781
0.01556492055
0.01550147071
0.01521434809
0.01528250868
0.01512802998
0.0153970357
0.01502825525
0.0147811936
0.01490063284
0.01478672101
0.01447932888
0.01437232656
0.01440302251
0.01439452892
0.01420174437
0.0142181855
0.01408389702
0.01390985575
0.01367093493
0.0136033736
0.01355377115
0.0136348078
0.01356449229
0.01334285987
0.01314535513
0.01319270219
0.01296602203
0.01283252913
0.01285666087
0.01279094269
0.01258505415
0.01255445673
0.01240753267
0.01235431324
0.01233821146
0.01219517915
0.01198964183
0.01204911715
0.01182868919
0.01186607255
0.01185924437
0.01183125627
0.01152213921
0.01160947823
0.01164837521
0.0115979186
0.01136714269
0.01129848857
0.01137382332
0.01121238467
0.0111292575
0.01112077068
0.01110042402
0.01095320224
0.01087600191
0.01080180005
0.01078642765
0.01070472626
0.01061257891
0.0106025212
0.01057948006
0.01049807614
0.0104714014
0.01030664613
0.01027192085
0.01019150051
0.01007917466
0.01008521706
0.0102013647
0.01002701322
0.01001831679
0.009855115869
0.009878928989
0.009802799997
0.009790038252
0.009748831784
0.00973444797
0.009642579979
0.009572279941
0.009537998616
0.009470331083
0.009467043524
0.5972098666
0.4309212687
0.3325813358
0.2789747436
0.2437559593
0.2142912289
0.195822813
0.1661213197
0.1580981727
0.15517843
0.1430202554
0.1301684648
0.1245287901
0.1167016957
0.1050485778
0.1022212253
0.09522808262
0.09235547003
0.08723381904
0.08361604396
0.07823921585
0.07497357106
0.07288235894
0.0710221534
0.06790332754
0.0652172492
0.06422763536
0.06155698997
0.06020724036
0.05835599631
0.05563085707
0.05481757122
0.0540924564
0.05189715287
0.05003324022
0.04950790815
0.04791417769
0.04712794199
0.04438277884
0.04417616163
0.04277765671
0.04279601813
0.04170058844
0.03946037333
0.03873222776
0.03824049024
0.03719472535
0.03710382017
0.03677067826
0.03558159789
0.03480958177
0.03442495954
0.03329312414
0.03330776349
0.03255727984
0.03210896155
0.03169358504
0.0312148728
0.03080680923
0.02976840342
0.02990426769
0.02908923925
0.02836557788
0.02797912
0.02753509999
0.02683137111
0.02676908231
0.02631716681
0.02645810265
0.02585741998
0.0253173261
0.02503036396
0.0244654985
0.024363483
0.02394809807
0.0236821296
0.02363451823
0.02304939899
0.02318315943
0.02298951039
0.02292474688
0.02242713391
0.02202315119
0.02199135833
0.02151286396
0.02143006659
0.02114322392
0.02068321951
0.02076712616
0.02059402828
0.02032512967
0.01980919253
0.01970665448
0.0195953248
0.01918239498
0.01906398798
0.01913905166
0.01865042141
0.01848162181
0.01831088106
0.01801862983
0.01793213396
0.01800016742
0.01760137909
0.01758846249
0.01751793315
0.01733708988
0.017126701
0.01695700112
0.01676582829
0.01678389056
0.0167511403
0.01640975615
0.01607359221
0.01639033748
0.016174777
0.01581025348
0.01588280024
0.01535027991
0.01551429332
0.01535994649
0.01508501792
0.01510552312
0.01494496994
0.01495013289
0.01472801474
0.01471225534
0.01484205357
0.0146134307
0.01429200103
0.01444199521
0.01420635841
0.01421325184
0.01433397604
0.01413532302
0.01396380474
0.01379304473
0.01367936817
0.0136803132
0.01376649925
0.01354441939
0.0134653117
0.01320788443
0.01323654709
0.01308277442
0.01304881554
0.01288968785
0.01276516729
0.01265431056
0.01257895314
0.01238595266
0.0123828069
0.01233126506
0.01223357839
0.0120652623
0.01200963193
0.01188442098
0.01185660817
0.0119166646
0.0116659574
0.01169667196
0.01156399082
0.01154724063
0.01158711849
0.01136532086
0.01133281011
0.01129876288
0.0112329594
0.0111645246
0.0110082007
0.01102766974
0.01086333493
0.01082231378
0.01093346435
0.01097522562
0.01086187304
0.01063815719
0.0106497071
0.01056764455
0.0104470171
0.01045998585
0.01045251315
0.01030185436
0.01021456957
0.01003890331
0.01011507231
0.0101279381
0.0100045191
0.00995477735
0.009958002363
0.00994000412
0.009872125126
0.009835478422
0.009673330922
0.009644281958
0.009665654557
0.009611462437
0.009543403182
0.009426433841
0.009347498665
)
;

boundaryField
{
    bottom
    {
        type            calculated;
        value           nonuniform List<scalar> 
200
(
0.5979663938
0.4446931536
0.3374440439
0.2735723642
0.2489031855
0.2205546244
0.1963873764
0.1644903971
0.1505685041
0.145686139
0.1379944761
0.130087272
0.1173838438
0.1150147912
0.1092981405
0.09954464658
0.09851936639
0.09435325167
0.08833147178
0.08516008611
0.0851741358
0.08062549461
0.07731255773
0.07232054594
0.06727481427
0.06587746355
0.06349505868
0.06266420982
0.05980687339
0.05683708526
0.05567031989
0.05545313063
0.05465919079
0.05161744988
0.05044146029
0.04909774308
0.04815149807
0.04696676766
0.04525906461
0.0433138213
0.04291284356
0.04243012943
0.04100951126
0.03984894923
0.03830213843
0.03810177138
0.03753360184
0.03670344936
0.03618415504
0.03520586448
0.03464829728
0.03330019523
0.03327718149
0.03352837037
0.03291707173
0.03239751037
0.03142249804
0.03106517525
0.03067796037
0.03019324285
0.02914975793
0.02928193546
0.02853029184
0.02817936266
0.02769323148
0.02755192713
0.02717652332
0.02670958477
0.02659084453
0.02598049224
0.02552640847
0.02530305872
0.02434118255
0.02431837843
0.02421447575
0.02342317966
0.02345383165
0.02316200442
0.02340949417
0.023320929
0.02276067034
0.02283527203
0.02227308019
0.02211087316
0.02138061778
0.02144073524
0.02129715309
0.02092236316
0.02062862959
0.02029939483
0.01995113996
0.0197682388
0.01969055674
0.01956865525
0.01887216896
0.01889971552
0.0186846486
0.01859485462
0.01815135845
0.01809889352
0.01823099325
0.01809037965
0.01768654712
0.01780767266
0.01750564332
0.01747203911
0.01699537347
0.01683495082
0.01694734429
0.01690007706
0.01672888247
0.01649171286
0.01655930855
0.01632344793
0.01622816173
0.01615461475
0.01582611444
0.01575443846
0.01538558174
0.01529237429
0.01537666698
0.01532384319
0.01514337948
0.01513739908
0.01503899082
0.01474084984
0.01476939872
0.01479026093
0.01470650794
0.01454561642
0.01433695459
0.01417855304
0.01408585905
0.01402319568
0.01399257867
0.01398530773
0.01378998457
0.01381690309
0.01366363377
0.0135588826
0.0133495739
0.01335558935
0.01342519483
0.01319814996
0.01321043559
0.01314622487
0.01291541718
0.01277978794
0.01265653023
0.01235702722
0.01243851379
0.0125062312
0.01228801502
0.01222127561
0.01219323948
0.01199166635
0.0118729127
0.01199880008
0.01192311332
0.0116626858
0.01167380707
0.01156451976
0.01157824831
0.01142571682
0.01134901258
0.01136958349
0.01134005405
0.01120552415
0.01108868433
0.01102934821
0.01100555951
0.01094627316
0.01089821679
0.01086496416
0.01081807109
0.01080397003
0.01060823169
0.01051763621
0.01066037695
0.01054719403
0.01041852098
0.01034240907
0.01041994688
0.01032894448
0.01013577107
0.01009844548
0.01000866867
0.01016896116
0.009979166062
0.009861869778
0.009834747263
0.009814723839
0.009843440764
0.00968301999
0.009673142925
0.009644631044
0.009496226314
0.009606139229
0.009472174797
0.009423697591
)
;
    }
    top
    {
        type            calculated;
        value           nonuniform List<scalar> 
200
(
0.5972098666
0.4309212687
0.3325813358
0.2789747436
0.2437559593
0.2142912289
0.195822813
0.1661213197
0.1580981727
0.15517843
0.1430202554
0.1301684648
0.1245287901
0.1167016957
0.1050485778
0.1022212253
0.09522808262
0.09235547003
0.08723381904
0.08361604396
0.07823921585
0.07497357106
0.07288235894
0.0710221534
0.06790332754
0.0652172492
0.06422763536
0.06155698997
0.06020724036
0.05835599631
0.05563085707
0.05481757122
0.0540924564
0.05189715287
0.05003324022
0.04950790815
0.04791417769
0.04712794199
0.04438277884
0.04417616163
0.04277765671
0.04279601813
0.04170058844
0.03946037333
0.03873222776
0.03824049024
0.03719472535
0.03710382017
0.03677067826
0.03558159789
0.03480958177
0.03442495954
0.03329312414
0.03330776349
0.03255727984
0.03210896155
0.03169358504
0.0312148728
0.03080680923
0.02976840342
0.02990426769
0.02908923925
0.02836557788
0.02797912
0.02753509999
0.02683137111
0.02676908231
0.02631716681
0.02645810265
0.02585741998
0.0253173261
0.02503036396
0.0244654985
0.024363483
0.02394809807
0.0236821296
0.02363451823
0.02304939899
0.02318315943
0.02298951039
0.02292474688
0.02242713391
0.02202315119
0.02199135833
0.02151286396
0.02143006659
0.02114322392
0.02068321951
0.02076712616
0.02059402828
0.02032512967
0.01980919253
0.01970665448
0.0195953248
0.01918239498
0.01906398798
0.01913905166
0.01865042141
0.01848162181
0.01831088106
0.01801862983
0.01793213396
0.01800016742
0.01760137909
0.01758846249
0.01751793315
0.01733708988
0.017126701
0.01695700112
0.01676582829
0.01678389056
0.0167511403
0.01640975615
0.01607359221
0.01639033748
0.016174777
0.01581025348
0.01588280024
0.01535027991
0.01551429332
0.01535994649
0.01508501792
0.01510552312
0.01494496994
0.01495013289
0.01472801474
0.01471225534
0.01484205357
0.0146134307
0.01429200103
0.01444199521
0.01420635841
0.01421325184
0.01433397604
0.01413532302
0.01396380474
0.01379304473
0.01367936817
0.0136803132
0.01376649925
0.01354441939
0.0134653117
0.01320788443
0.01323654709
0.01308277442
0.01304881554
0.01288968785
0.01276516729
0.01265431056
0.01257895314
0.01238595266
0.0123828069
0.01233126506
0.01223357839
0.0120652623
0.01200963193
0.01188442098
0.01185660817
0.0119166646
0.0116659574
0.01169667196
0.01156399082
0.01154724063
0.01158711849
0.01136532086
0.01133281011
0.01129876288
0.0112329594
0.0111645246
0.0110082007
0.01102766974
0.01086333493
0.01082231378
0.01093346435
0.01097522562
0.01086187304
0.01063815719
0.0106497071
0.01056764455
0.0104470171
0.01045998585
0.01045251315
0.01030185436
0.01021456957
0.01003890331
0.01011507231
0.0101279381
0.0100045191
0.00995477735
0.009958002363
0.00994000412
0.009872125126
0.009835478422
0.009673330922
0.009644281958
0.009665654557
0.009611462437
0.009543403182
0.009426433841
0.009347498665
)
;
    }
    inlet
    {
        type            calculated;
        value           nonuniform List<scalar> 5(0.5979663938 0.6087912673 0.5818593195 0.5719812418 0.5972098666);
    }
    outlet
    {
        type            calculated;
        value           nonuniform List<scalar> 5(0.009423697591 0.009406916803 0.009443112372 0.009467043524 0.009347498665);
    }
    back
    {
        type            symmetry;
    }
    front
    {
        type            symmetry;
    }
}


// ************************************************************************* //
